  0.0000000000000000e+000  0.0000000000000000e+000  1.0000000000000000e+000  8.0762970569110873e-002
  5.1376233546349948e-001  0.0000000000000000e+000  8.5793255134601965e-001  9.9813668263923946e-002
 -5.7321542219141197e-001 -8.0447994080467777e-001  1.5567949320582763e-001  1.1922265617384503e-001
 -2.7821260880542709e-001 -8.9757725383269482e-001  3.4198365122303220e-001  1.1294841312781569e-001
 -5.1418759705528760e-001  4.5343043807559419e-001 -7.2801919814046379e-001  9.2382864131292805e-002
 -2.2700982223524951e-001  6.2640207459825148e-001 -7.4571239868177530e-001  1.0484341510937770e-001
 -6.2394270490107961e-001 -2.0588499739104660e-001 -7.5386130611009150e-001  1.0217831872842628e-001
 -6.2912124052060892e-001  1.3347359650095938e-001 -7.6576188450647587e-001  1.2046522528815909e-001
  5.7462816926917770e-001 -8.1593986107365069e-001  6.3597249889162835e-002  9.9576833572486007e-002
 -8.9061901629685081e-001 -3.1403427555779739e-001  3.2890764902221303e-001  1.0157270882810786e-001
  2.5873387428544886e-001  1.8003646748247940e-001  9.4902247216473845e-001  1.0604933643357875e-001
 -2.9124191284056655e-001 -5.2593652625302256e-001  7.9910507354031457e-001  1.1169759194486514e-001
  7.9370423071456753e-001  6.3354114346194118e-002 -6.0499574406867185e-001  1.0645037829590066e-001
  9.6994701626870838e-001  2.3153340650437038e-001  7.4800182512557697e-002  9.8436289176548883e-002
  7.5380902557305018e-001  2.3292051321321694e-001  6.1442655174487726e-001  9.8912392670220034e-002
  5.1865317132176902e-001 -5.7535463399291421e-003 -8.5496537039951859e-001  1.0600974329872341e-001
 -7.0424475621872940e-001  6.8171572896442190e-001 -1.9824981266303679e-001  9.6754837835857935e-002
  8.9841178309531544e-001 -1.5724498354909117e-001 -4.1003692900047661e-001  9.8006476676404039e-002
 -9.8493073885284471e-002 -1.2961979294974699e-001 -9.8665993314428890e-001  9.6137864385114985e-002
  3.4849559412455905e-001 -7.9293446588085237e-001 -4.9980571594772494e-001  8.6924183358020060e-002
  8.4431505949597183e-002 -4.1163690480618303e-001 -9.0742844313183646e-001  1.0348612215382255e-001
 -9.1250876049098939e-001 -3.5971454152890020e-001 -1.9476450046107274e-001  1.1385238693987421e-001
 -3.1069231784159523e-001 -9.4988859502181200e-001  3.4379364184131615e-002  8.1843291315771824e-002
  2.3662266655507810e-001 -6.2969031362844807e-001 -7.3993230946815070e-001  1.0530446178412008e-001
 -3.1511444555567364e-001  7.2361382246514519e-002  9.4629103163958717e-001  1.1313779861778490e-001
 -4.6362966199279843e-001 -5.3458734579593936e-001 -7.0658609258553629e-001  1.1363358440579820e-001
 -2.1413875478019537e-001  8.5312437518804041e-001 -4.7573458373467353e-001  1.0570670564797796e-001
  9.9799384976724204e-001 -6.3287748428930882e-002 -1.7136877066433974e-003  1.0365256091217888e-001
  3.3281993027298068e-001 -5.0390408461111191e-001  7.9706434340354593e-001  8.4590935949658497e-002
 -7.4431907282630028e-001 -4.2227205658300920e-001 -5.1737358654665844e-001  1.0582264814973093e-001
  4.9716475042628955e-001  3.2215075667588522e-001  8.0563397452361696e-001  9.7029471329406855e-002
 -7.1986740900021096e-001 -5.8073045380429800e-001  3.8018818167267798e-001  1.0748352994202402e-001
  9.2917378169354758e-001 -3.3518486391279173e-001 -1.5584348050872993e-001  9.3007024844952504e-002
  4.1540809717215421e-001  7.6621908740924660e-001  4.9024934767274436e-001  1.0764673433424791e-001
 -8.5181552778067793e-001  5.1994965539283300e-001  6.3739018572609357e-002  1.0767602859740701e-001
  4.4800162954310285e-001 -8.1270299161010218e-001  3.7256997645370538e-001  1.0274063873409484e-001
 -4.6126063356374003e-001 -7.0635098536504137e-001  5.3694218813407857e-001  9.5306996717257494e-002
 -9.7227295355340171e-001 -5.2925323491299246e-003 -2.3378899223418967e-001  1.0454317572093742e-001
  2.2179082511903542e-001 -7.5391561700457344e-001  6.1840122277501286e-001  1.1447042329443183e-001
  4.0497876338413991e-001  8.9079453829089261e-001 -2.0610019834771690e-001  1.0876198501708305e-001
 -7.4141201225286779e-001 -6.4567189134902170e-001 -1.8280053831685134e-001  1.0713826812396658e-001
  2.4335337584810708e-003 -9.9807853878909403e-001  6.1913716752213223e-002  1.0377218900946159e-001
  5.4664634059968154e-001 -5.6575306388284430e-001 -6.1733398498393988e-001  1.0527433715504794e-001
  6.6730205087325944e-001  7.4262008105553678e-001 -5.6774889814158333e-002  1.0709499676823961e-001
 -6.4245137398166441e-001  4.3219050419201399e-001  6.3282509444184043e-001  1.1239820487733687e-001
  6.5715615380627856e-001  6.9243435142147858e-001  2.9779264343844203e-001  9.9487268495748002e-002
 -4.8669490843991342e-001 -8.4776191612775698e-001 -2.1077903041350762e-001  1.0926306113452525e-001
 -3.5774711707551848e-003  1.7311473868885979e-001 -9.8489516647646835e-001  1.0133275928129930e-001
 -2.8521423457529815e-001 -3.5710400343358151e-001 -8.8945464815657427e-001  1.0265158777483999e-001
  9.2712439223780785e-001 -3.4165569160850268e-001  1.5398619973618113e-001  1.0388474834700792e-001
  8.2504616701857914e-001 -3.3098760929187204e-001  4.5798037598045827e-001  9.8787019106386917e-002
 -8.4975890890483474e-001 -1.3476833080799858e-001 -5.0965409225090186e-001  1.0221600332748328e-001
 -4.4177293299088605e-001  8.7613464735736013e-001 -1.9293717987112916e-001  1.1001439758228922e-001
 -3.4935513561202519e-001  4.1550316408203125e-001  8.3982623789646160e-001  1.0120921940589439e-001
 -9.8793188039092283e-001 -1.4286729170506496e-001  5.9829229212111167e-002  1.0399440013586926e-001
 -2.8420030797058771e-001 -8.0947953437554199e-001 -5.1378309467768501e-001  1.0455894963776570e-001
  6.0495298457861169e-001  2.9125438926055791e-001 -7.4108215953825884e-001  8.9247742827675530e-002
 -5.7744124137170982e-001 -6.7857827078742861e-001 -4.5397482659090471e-001  7.9354768914029206e-002
  9.2775220488734800e-001 -3.8505428010611694e-003  3.7317692807407232e-001  1.2496567991199381e-001
 -5.9753117971528968e-001 -4.4946769347604659e-001  6.6402957900185200e-001  9.7415564726870088e-002
  6.1682435960442539e-001  6.6181835894125918e-001 -4.2605653282972811e-001  1.1473531703343862e-001
 -9.7757212438800034e-001  2.0817426783376117e-001  3.1878140338000897e-002  1.0418052154063238e-001
  6.9399170622261375e-001 -2.6078208881627640e-001 -6.7109478752769725e-001  1.0534274354272737e-001
 -7.2808494539201474e-001  4.6530754307637251e-001 -5.0336984678239971e-001  9.9496432765684359e-002
  2.8381602771308821e-002 -5.6199241284844825e-001  8.2665531663741865e-001  9.8426245713529745e-002
  9.5205658380926939e-001  1.5706402958415094e-001 -2.6252457377588956e-001  1.2070599576652181e-001
 -1.3799473243510382e-001  9.7397243541208312e-001 -1.7981976776099942e-001  8.4525424260487148e-002
  1.2077583732138540e-001  7.7407226435538301e-001  6.2147029428207445e-001  9.1214384960555575e-002
 -6.8260574902716509e-001  6.3564350229873101e-001  3.6056445939729825e-001  1.0407640389745160e-001
 -4.0032274420202180e-001  6.7051672306756838e-001  6.2461910358336981e-001  1.0994150579836817e-001
 -4.2017264379463314e-002  3.1151357163086274e-001  9.4931230065971950e-001  1.0574657199841336e-001
  4.9234028120104162e-002  4.6824626093609256e-001 -8.8222528279030721e-001  1.0219531501762665e-001
 -8.4866392935578971e-001  1.7409695423775445e-001 -4.9945949338813089e-001  9.7969766248085524e-002
 -4.2797223175723537e-001  8.3877653613816572e-001  3.3659128222339885e-001  8.6977509407430653e-002
  3.2726924741545843e-001  2.8000181179707628e-001 -9.0249311636514662e-001  1.0812750955039420e-001
 -1.3678044338817419e-001 -7.8231559430308206e-001  6.0767871545476215e-001  1.0091152667467197e-001
 -5.8328213734271794e-001  1.3349139420821401e-001  8.0122530909180467e-001  9.8039582986201759e-002
  7.1928109938005039e-002  7.2619231895107539e-001 -6.8371855532609760e-001  1.0856859891674268e-001
 -1.1542772673686330e-001 -6.4213010304569784e-001 -7.5785577167616902e-001  1.0795957959995529e-001
  8.6235730654332865e-001  3.6458377705121986e-001  3.5130975699858086e-001  1.0297571709278071e-001
  7.8342190241196574e-001 -6.1890274010744895e-001 -5.6652635496578015e-002  9.7463486796951215e-002
  7.5021126040434594e-001 -8.6658293259434999e-002  6.5549477875257278e-001  9.8107172381025370e-002
  7.4227222923136960e-001 -6.0325985096388068e-001  2.9173530798813091e-001  1.0946345698934684e-001
  5.7667136767509175e-001 -5.7026231812856809e-001  5.8502224079634002e-001  1.1208340126645634e-001
 -1.5827957507259988e-001  8.6244172003503050e-001  4.8077214525995082e-001  1.0402179536693625e-001
  2.4830785373338829e-001 -9.4012610311890621e-001 -2.3346545784928877e-001  1.1756312067857483e-001
 -3.9004919418521922e-001 -2.7696599298468013e-002 -9.2037738156843096e-001  1.0276677885265829e-001
  5.7500916524760426e-001 -7.7116962536405542e-001 -2.7324324108221887e-001  1.1608380999258369e-001
  5.5769283567915440e-001 -3.0152540752371898e-001  7.7334412110637973e-001  9.9999360703316151e-002
  2.8065861213514065e-002 -8.5930262179819172e-001 -5.1069688818818715e-001  1.0482700758797994e-001
  6.1471567605856126e-001  5.3058407313921896e-001  5.8361389542989972e-001  1.0902771431472161e-001
 -5.9515059114857771e-001  7.9928410756242674e-001  8.3310799141728925e-002  1.0592544285658366e-001
  8.4867949629549200e-001  5.2213194389828010e-001  8.4388066269071249e-002  9.5733053336034976e-002
 -2.9394837867594442e-001  3.1144171060437870e-001 -9.0365834891821917e-001  1.1271458943052884e-001
  4.1395143362622833e-001 -3.2006601354536279e-001 -8.5217483979050324e-001  1.0712935823248852e-001
  8.6976176535954575e-002 -9.2454960138832964e-001  3.7100293703401777e-001  1.0344747540565113e-001
  8.3940714365743496e-001  4.9367058515828055e-001 -2.2734335382048687e-001  9.6011213432034559e-002
  1.0296868193036336e-001  9.2277526223990602e-001 -3.7132636041573475e-001  1.0830162331709557e-001
  2.1046829283323096e-001 -7.4797941773405818e-002 -9.7473502328495798e-001  9.8892416723287524e-002
 -8.9039456815285634e-001  3.8255794039165208e-001 -2.4667171553947073e-001  1.0515251343663483e-001
  4.1687978502360817e-001  8.9889218687430650e-001  1.3492250077358131e-001  1.0795036785443059e-001
 -2.0388716189737202e-001  9.7017056272385771e-001  1.3114535614160394e-001  1.2425732077188111e-001
  3.3900462623480143e-001  7.8898868924770238e-001 -5.1241849267039052e-001  7.9278142758999526e-002
 -9.4017974907361090e-001  7.8776533859780291e-003  3.4058770090684776e-001  1.0194772061387775e-001
 -8.7263106070284280e-001  3.4766327483042242e-001  3.4299457609533357e-001  1.0385596205001862e-001
 -7.5644501971251599e-001 -1.7711855410473137e-001  6.2961889261995674e-001  1.1669687825104322e-001
  7.7983980142556131e-001  3.7627673628735231e-001 -5.0026563128150170e-001  9.9267136638484577e-002
 -8.6421386965004426e-002  6.0648016438510999e-001  7.9038797693440088e-001  1.0450152308875225e-001
  3.0204346091917633e-001 -9.4801750893209424e-001  1.0016262014420677e-001  9.8111397149355420e-002
 -1.3632700431219810e-001 -9.6304946651902823e-001 -2.3227284157360470e-001  1.0657231258610649e-001
  7.7885615983179257e-001 -4.8635293939552154e-001 -3.9603522650568501e-001  1.1091166879617720e-001
  2.5329504296651689e-001  5.4286732588212194e-001  8.0071011464710773e-001  1.1852565410041042e-001
  4.1586348644524140e-001  5.6283202607730920e-001 -7.1433722502983121e-001  1.2061928024110929e-001
  2.1520571982113415e-001 -2.3017775864235288e-001  9.4905463361318154e-001  1.2830181555383607e-001
  1.4027417750316204e-001  9.2917814564986567e-001  3.4198118189819798e-001  1.0326105543383900e-001
 -4.8532214338592489e-001 -2.0115923085230944e-001  8.5088035644395921e-001  1.0422163796327340e-001
 -7.9936454937527868e-001  1.4542696557067625e-001  5.8298140183625324e-001  8.9635599052252948e-002
  1.2568845423224212e-001  9.9202780785367639e-001  9.1236460770359375e-003  1.0465535711798088e-001
 -1.4421723486070231e-001 -2.7526821662989120e-001  9.5048871538936863e-001  1.0732604851008939e-001
 -5.0926422659857840e-001  6.9914725682778178e-001 -5.0183967636800053e-001  1.0889041378044918e-001
 -8.3967855712063144e-001 -5.3563581631874158e-001  8.9633659907256677e-002  9.7848039354111155e-002
