  0.0000000000000000e+000  0.0000000000000000e+000  1.0000000000000000e+000  3.7346755972354442e-002
  7.4680670819648687e-001  0.0000000000000000e+000  6.6504115706678435e-001  4.9205081216685015e-002
 -1.6000037463599720e-001  3.3500231200335018e-001 -9.2853289175384124e-001  4.9926799146295789e-002
 -9.5108195075499835e-001 -3.0529226159449502e-001 -4.7326081166577938e-002  4.7627131253930186e-002
 -6.1382663690058181e-001 -7.5308869782429111e-001  2.3680006976484413e-001  5.6297945680352138e-002
  5.9764764508444568e-001 -3.9771814811881412e-001 -6.9615915348572233e-001  5.2304823294221266e-002
 -2.4642866163457888e-001 -9.1984794117786128e-001  3.0520923943393358e-001  5.1242595267161815e-002
 -2.9241595599439740e-001  2.5166648209286813e-001  9.2258164433879930e-001  4.7253231965805401e-002
  5.2722260916543107e-001 -8.4945234836973538e-001 -2.1610836030491017e-002  5.3885226839323022e-002
  5.7900666265890399e-001 -1.9949170817583678e-001 -7.9054053847078898e-001  4.6420764700509327e-002
  2.9811316765275958e-001 -5.5987692463337513e-001 -7.7308884905624631e-001  5.2063308974668994e-002
  2.7387400775130349e-001  4.8751144014382186e-002 -9.6052920509244688e-001  4.7817885091045655e-002
  3.8161286327755156e-001 -7.3002294877818785e-001  5.6695512771145140e-001  4.9883508942409144e-002
  5.1125190446222357e-001  6.1272747975715395e-003 -8.5940906830641739e-001  5.2431956789168982e-002
 -8.4044187731074271e-001 -5.4066958298663992e-001 -3.6521950871325204e-002  5.1091439377030173e-002
 -4.0302851946802482e-001 -3.1863610118256891e-001 -8.5792718077852259e-001  5.7380109115103661e-002
 -2.3940782227877816e-001 -8.2288081094350884e-001  5.1531647131901992e-001  4.5779626907649418e-002
  1.5455718641195021e-001 -9.8649317153758043e-001  5.4252176344801832e-002  5.0758175228421139e-002
 -3.9049462845032017e-002 -9.1762928993968107e-001  3.9551438114980236e-001  4.9509853076025317e-002
  4.3567101588697131e-003  9.9074851876542647e-001  1.3564067104192931e-001  4.7316847604786071e-002
 -5.7809041168241218e-002 -5.8111649491472839e-001  8.1176458046482236e-001  5.5492117572768403e-002
 -9.2329977453222078e-001 -1.0573878611761067e-001  3.6923818255852764e-001  4.8874503326388180e-002
  3.7179467935604055e-001  9.2521749715000079e-001  7.5771362466483638e-002  4.9155874812966974e-002
 -5.2980093861057731e-001 -4.9629306472930007e-001  6.8775297843698946e-001  4.9935524059433044e-002
  1.1424216126901066e-001  6.1816893696372543e-001 -7.7769910245654972e-001  4.7015961167141282e-002
  5.6058950558242016e-001 -8.0456424171454166e-001  1.9599945710425365e-001  4.8489560032692322e-002
  2.2102627819995177e-001  9.5001352279848228e-001  2.2050326719823288e-001  4.5046649368626568e-002
  1.7848501554103302e-001 -9.4204828773117066e-001  2.8405654861327639e-001  5.2812451314495551e-002
  8.7732053426897327e-001 -3.3320322602809468e-002  4.7874673497753251e-001  4.3270436434649971e-002
 -7.4379711567281082e-001 -5.6623758750256725e-001  3.5516312479771844e-001  5.2586832110593854e-002
  2.5754818715567540e-001  4.3912782627997610e-001 -8.6071812080346510e-001  5.0143497511874670e-002
  1.6226415437627953e-001 -8.5136829125239233e-001  4.9884103365153576e-001  4.6819497309554030e-002
 -9.1379828381255979e-001  1.2725267670774168e-001  3.8571939641653391e-001  5.1340613121317484e-002
 -1.6153619753947976e-001 -4.7449584127203592e-001 -8.6530905085988152e-001  5.0053141264834726e-002
 -2.1159276850694334e-001  2.7741815795308367e-002  9.7696412010469769e-001  4.9614452826965680e-002
  7.4552437309991915e-001  3.9729256183429584e-001  5.3511870591964417e-001  5.0124356479852847e-002
 -7.4693705780680283e-002 -9.9693283509294683e-001 -2.3361777121796178e-002  4.5664255104808052e-002
 -5.3620445244964055e-001 -1.3965633681471207e-001  8.3245473916644674e-001  4.8077736207591829e-002
 -5.6075824210446690e-001 -9.1908877648589030e-002 -8.2286265690046045e-001  5.1277872841920501e-002
  9.4836972910148942e-001  8.7311219725928882e-002  3.0491245929600558e-001  5.7208085858777111e-002
  2.8869653544081209e-001 -8.8878680941477206e-001 -3.5596673697802378e-001  5.7610073941692722e-002
  8.4659879398053772e-001  2.9599244144571223e-002 -5.3140790996819876e-001  5.2130192487245923e-002
 -5.0592902878911750e-001 -4.7231833929504136e-001 -7.2176949519502043e-001  4.4629564192527497e-002
  8.8845679856130111e-001  3.9032167638291698e-001 -2.4144048135271992e-001  4.8451254873944978e-002
 -6.2727700985130153e-001 -6.5962468746003899e-001 -4.1402756503070648e-001  5.1053093649255248e-002
  3.0381564042579731e-002  7.3248548850276163e-001  6.8010438147331276e-001  4.9895040627795102e-002
  6.5098812836805731e-001 -7.2969444078999024e-001 -2.0919005665670951e-001  4.9997128372366410e-002
  8.1657556664523367e-001 -2.4146237821566990e-001  5.2430932078730796e-001  5.4643620871023250e-002
  3.2806835648929111e-001  6.1733879887601484e-001 -7.1502724484647062e-001  4.9662139219525385e-002
 -4.4908407783777460e-001  8.8414143970980852e-001 -1.2890851647762683e-001  5.0678761106662425e-002
 -7.2003158086381625e-001 -4.3773298363232394e-001  5.3846481556281578e-001  5.1218334846282985e-002
  5.6119923637145630e-001  8.1818218161219325e-001  1.2503333470881361e-001  4.9405027051167151e-002
  4.1196565586144085e-001  7.4346856558466101e-001  5.2681950455363702e-001  4.7986577753391164e-002
 -1.4291597697139533e-003  1.2499929855434419e-001 -9.9215580070031062e-001  5.6523362218897165e-002
 -4.9092539535380059e-001  2.7778068199691541e-001  8.2573007024453404e-001  4.7027071364340652e-002
 -9.3816792382010628e-001  2.8319849185187268e-001  1.9909686317944833e-001  5.2772200801470284e-002
 -8.3290981496214944e-001 -2.9624161541820343e-001 -4.6744213057247125e-001  4.9679947866120171e-002
 -5.6700844415123464e-001  7.6803327515047570e-001 -2.9770171736627593e-001  4.7638337443483184e-002
  1.2421239525870750e-001  9.5248673809725870e-001 -2.7810123087275046e-001  4.8706063906106302e-002
  5.8429200287824179e-001  7.3493796197499195e-001  3.4419332855326817e-001  5.1672802897612190e-002
 -1.1104880803865977e-001 -6.6013053297279845e-001 -7.4289692533368445e-001  5.2186070429494795e-002
  1.7434138444279443e-001  9.8422860096331999e-001 -2.9985708535161679e-002  5.2244784946311247e-002
 -6.2276823101203205e-001  6.3200462699814264e-001 -4.6122649739047178e-001  5.0696786147394375e-002
 -3.2334476272190532e-001 -1.6719764382956695e-001  9.3139310300117428e-001  4.7278127053451961e-002
 -8.1732297439093560e-001 -2.0383267998234639e-001  5.3892058237180773e-001  5.1008860695274397e-002
  4.7232090378660073e-002  3.8980736700460877e-001 -9.1968437317777463e-001  4.7353727163652888e-002
  8.8081537375941232e-001 -3.9611768330702291e-001 -2.5933580223436914e-001  4.5848567789287122e-002
 -9.5835882748156753e-001 -2.3217726177141548e-001  1.6625906563096893e-001  5.0554869624313548e-002
 -8.6681333757623369e-001 -3.3936188210959950e-001  3.6533293140775125e-001  4.8421548622710642e-002
  6.5913560040214259e-001  4.0442184773649442e-001 -6.3402147389178132e-001  4.9821696992483233e-002
  1.3001177952899515e-001 -6.9715734074555991e-001 -7.0503090671848079e-001  4.7632214385070863e-002
  1.0840582713317540e-001 -1.0954930928355643e-001 -9.8805218762931135e-001  5.3020876150233674e-002
  9.5970906119422450e-001 -2.0753124795425631e-001 -1.8944471220978779e-001  5.0186045285134470e-002
  6.8132360472080311e-001  7.2727197261801479e-001 -8.2907318703190208e-002  5.2531872917015096e-002
  2.1484736958511971e-001 -3.4066950005968444e-001 -9.1530590488177210e-001  4.7585838241968555e-002
  6.7963115826652587e-001 -3.8324625012717517e-001  6.2547885693823346e-001  4.5432472922924197e-002
 -3.4329946149488749e-001 -1.0112290441031642e-001 -9.3376637224786707e-001  4.7939342940398054e-002
 -9.9658554391876808e-001 -8.0695811114843308e-002 -1.7476833827971341e-002  5.0973327444820526e-002
 -9.7967106359139883e-002  5.4266919544072656e-001 -8.3421375581521751e-001  5.2989569292115270e-002
 -2.1943929645642385e-001 -8.8822350795131455e-001 -4.0361540492574211e-001  4.9778147714418422e-002
 -2.5447075863406260e-001  1.2291065048535918e-001 -9.5923803354405757e-001  5.0905165620014806e-002
  1.7167298011750190e-001  1.1391358103213216e-001  9.7854590283441056e-001  4.8620621424660719e-002
 -2.5488758187353777e-001  9.6479461192048799e-001  6.4835772655652282e-002  5.9595673855448797e-002
 -4.7863529349530248e-001  1.0177677618774454e-001 -8.7209503131797250e-001  4.7887311780873222e-002
 -6.6696775822258447e-001 -7.4474566119009200e-001 -2.2536850491426567e-002  5.4788233250254691e-002
  7.5544988843408212e-001 -2.1076356493225165e-001 -6.2038229001316691e-001  4.8562915830229265e-002
  6.4317336361835820e-001 -5.4657098525855952e-001 -5.3627248895065893e-001  4.2760645340408958e-002
  1.9533165165664340e-001  8.4564189435269221e-001  4.9672460415876102e-001  5.9195719967434599e-002
 -1.8767810709182542e-001  7.5534406142712418e-001  6.2787918980103663e-001  4.3891728139975481e-002
 -5.9915268533601830e-002 -9.8104842371227197e-001  1.8426652145252168e-001  4.5979837369708579e-002
  5.4116202466051821e-001 -5.5389669063202362e-001  6.3272594317936814e-001  4.7463662392597673e-002
 -7.4666382433595846e-001 -1.4343267053528677e-001 -6.4955384876938171e-001  5.7810667737337708e-002
  1.6089870030776582e-001 -5.4366649762038066e-001  8.2373439141780436e-001  4.5572236420089590e-002
 -4.2816431039195108e-002  9.9560624687720112e-001 -8.3276373673206519e-002  4.9510340642824578e-002
  8.8471465485994749e-001  2.2740193193964850e-001 -4.0690089804049284e-001  4.8377668869755468e-002
  8.4031407352542409e-001 -5.3059962596991628e-001  1.1106887392826617e-001  5.0546567076996875e-002
 -5.5008099476053542e-002 -8.1776229470600947e-001 -5.7292140678211190e-001  5.2485299048482488e-002
  8.6047693062523201e-001  4.8268925648109395e-001  1.6306604042383691e-001  5.1019045013821512e-002
  4.8641373100308904e-001 -3.6737052653002311e-001  7.9274244148317685e-001  5.5167120094801132e-002
 -8.7823341487044893e-001 -4.4826222348895162e-001  1.6663447421746502e-001  5.0468811336146391e-002
 -1.5863134435583692e-001  6.0172899376978184e-001  7.8278880590148048e-001  4.7496663906773290e-002
 -7.0709250924799461e-001 -9.5860422362661249e-002  7.0059329342338617e-001  4.3415202705914167e-002
  1.7290922421157129e-001 -1.4200068024396478e-001  9.7464773482156297e-001  5.8622984355176093e-002
 -6.3783037565522860e-001  7.6596909867794638e-001 -8.0397461166410042e-002  4.8954462695232584e-002
 -2.0200261209193821e-001 -2.7208663976302466e-001 -9.4083144354900261e-001  4.3690004974459108e-002
  3.2094499805304705e-001 -9.3945391719863047e-001 -1.2008599287543283e-001  5.1608075650576762e-002
  7.0756172241129511e-001 -7.0546986811116197e-001  4.0849408387161730e-002  4.7954396677073581e-002
  9.6231576424051710e-002  5.6247632124610436e-001  8.2119417419779051e-001  5.3551383270275671e-002
  5.3101876086626165e-001  5.7376011851940589e-001 -6.2355304666456191e-001  4.0009016258760029e-002
 -7.0567695253555018e-001  4.6687112893225180e-001  5.3296471518259403e-001  4.8181880989039444e-002
 -9.7232330311856507e-001  3.4860977112361177e-002 -2.3102403876517782e-001  4.9027018294635898e-002
 -5.5412806035547202e-001  3.4469026149658039e-001 -7.5771413894429962e-001  5.8149673878021238e-002
  7.0157030328617875e-001 -1.1584103196602221e-002 -7.1250608285127615e-001  5.1756341001528497e-002
 -9.4782795790387453e-002  9.4172363928722835e-001 -3.2275812744186005e-001  4.9184184072733089e-002
 -1.1543072430088007e-001 -6.6217835886473175e-002 -9.9110592072587600e-001  4.7683994629627455e-002
 -8.0665262774120494e-001  6.3258854245006310e-002 -5.8763071355896490e-001  4.1010058741353897e-002
 -1.2173331188602088e-001 -9.6601001626517002e-001 -2.2804747148922072e-001  4.6064013861325581e-002
 -2.7704306263189721e-001  6.6569988630021315e-001 -6.9288585122473234e-001  4.8650292677691762e-002
  8.3833970581858125e-002 -5.2967260015121276e-001 -8.4404905190725354e-001  4.8283440224441407e-002
  7.1589528220204846e-001 -6.4027384578346969e-001  2.7846606135487167e-001  4.9433533806739156e-002
  5.3707579720527221e-001 -7.2660037268058864e-001 -4.2848744027888502e-001  6.0013595773477944e-002
  5.0108021548405679e-001  8.6122309081552240e-001 -8.4931769654291098e-002  4.1226568291469430e-002
 -2.7383228357158296e-001 -7.6432843345108004e-001 -5.8379613418743204e-001  4.5310353817937334e-002
  9.4724266396330670e-001 -6.6078980047150487e-003 -3.2044917108904691e-001  4.9286137649431218e-002
  5.5054133216427259e-001 -7.2205427490175578e-001  4.1897716605429447e-001  4.9517663236025217e-002
  3.3187213886497074e-001  4.5242527798692772e-001  8.2775132212738922e-001  5.4290349077167357e-002
  4.3543889682542852e-001  7.3656190730852666e-001 -5.1756113052805597e-001  5.1276513800940400e-002
  1.6652220933499334e-001 -8.2899521366083584e-001 -5.3388883629985906e-001  3.9422558755074208e-002
  8.3321859303822510e-001  1.8072002449766494e-001  5.2257731385983841e-001  5.0955145721819403e-002
 -8.0909281696092439e-001  2.5883699889760037e-001  5.2760991418274150e-001  4.5506009735529047e-002
  3.9273364021798407e-001  8.5850037731680240e-001  3.2975352915175754e-001  5.2018523168552135e-002
 -8.0696957736990160e-001  5.8909914611013703e-001 -4.1979724293398191e-002  5.0810481554299847e-002
 -6.8344606048916912e-001 -4.2625275446189981e-001 -5.9262979313858177e-001  5.4513274746379077e-002
 -5.9316995837403498e-002  8.6315224291884418e-001  5.0144760399167754e-001  4.5294417776631797e-002
  7.4834518292740793e-001 -5.6463437603236111e-001 -3.4809123601706848e-001  4.6378459504410094e-002
 -9.2991283653301593e-001  3.6717212514111347e-001 -2.1136389721964847e-002  4.5721751764141408e-002
 -6.0486748470732532e-001 -2.8703936389751405e-001 -7.4279454058113825e-001  3.7767980599005109e-002
  8.3314595544452719e-001 -4.2720584313576493e-001  3.5123067137863434e-001  5.5484374736600818e-002
 -4.2251928074890310e-001  4.6918920972564955e-002  9.0513870332131963e-001  5.0389906993608374e-002
 -4.1090921517981155e-001 -6.7821842412750033e-001  6.0924000693841618e-001  5.1241777660793464e-002
 -6.4062003138702706e-001 -3.0338710887923043e-001  7.0538091663411651e-001  4.7602319990586991e-002
  2.9052413435904336e-002  8.7063839823496236e-001 -4.9106490079459797e-001  5.0922669416555155e-002
 -5.6066073671060190e-001 -7.9842172061729122e-001 -2.1950465680173889e-001  4.6653339362785297e-002
 -7.0393865187706761e-001  6.9837665627299406e-001  1.2938477640916157e-001  4.8187067801727698e-002
 -1.7211116356549636e-001  9.3813188816704685e-001  3.0047680073553523e-001  5.0133164753028481e-002
 -3.2811865808397961e-001  8.8190587664015119e-001 -3.3849692903294526e-001  5.0249079109784864e-002
 -2.8012275896915495e-001 -9.5882014566783036e-001  4.6852621794614718e-002  5.4573403201873108e-002
 -5.6921027426423201e-002  7.3161792330938580e-001 -6.7933438815445080e-001  5.0383065193415420e-002
 -4.8588576283108592e-001 -6.4345325616309701e-001 -5.9150903003349120e-001  4.9411280419395867e-002
  7.4427212200476256e-001  5.6307569512124123e-001  3.5917234020767630e-001  4.9461998882811803e-002
  2.7956792798981289e-001  8.6161748463257681e-001 -4.2362375265666363e-001  4.6695987957461424e-002
 -4.1760082766400097e-001 -3.5344294498983347e-001  8.3707086520273466e-001  5.1990982362421688e-002
 -8.8253244451760404e-001 -4.1164056608861399e-001 -2.2735111331160762e-001  4.7935070079261302e-002
  9.9743832424980583e-002 -9.8001380518446046e-001 -1.7211655800954190e-001  4.7246817270453177e-002
 -8.6607233812546613e-001  4.4908346043185049e-001 -2.1964232447422988e-001  4.4295541986914759e-002
  8.2788482225799598e-001  5.5719638417223927e-001 -6.4334365157579426e-002  4.9889317726416652e-002
  3.1900463541807211e-001  2.4427209653902682e-001  9.1573314095003200e-001  4.2222102842266004e-002
  4.7312690983549281e-002 -9.2124914736473562e-001 -3.8608485822632665e-001  4.7498779130779392e-002
  9.8582369114826707e-001 -1.3651896883672310e-001  9.7540868965597993e-002  5.8039303720929761e-002
  6.9252603516392730e-001 -5.3961097768889654e-001  4.7877727951289006e-001  4.4303335758004159e-002
 -3.4027321349909884e-001 -9.1727110966502112e-001 -2.0694891048009262e-001  5.2522577236938983e-002
  8.8276929476933641e-001 -1.8920026025932182e-001 -4.3002515476452469e-001  4.7422214309369215e-002
 -3.2387503734530254e-001 -5.8181450946063706e-001 -7.4605417817049802e-001  4.9466026687998182e-002
 -8.9229356747359811e-001 -7.9576614268912160e-002 -4.4438693939711615e-001  4.8225138153088098e-002
 -2.6836891454602864e-002 -7.9078566730967637e-001  6.1150454588223935e-001  5.1148015190785524e-002
  2.4119597565565851e-001  6.8396672248724544e-001  6.8848676374899931e-001  4.6501996778314167e-002
  6.3192559393036030e-001  6.3837423537366234e-001 -4.3948649506765647e-001  4.8795490902703097e-002
  1.7228497117212935e-001 -7.1237971972191072e-001  6.8031832522514823e-001  5.0757893091583052e-002
  9.6690785065506890e-001  1.7936349131958207e-001 -1.8143303536910046e-001  5.0423942213765761e-002
 -1.8956227033209572e-001 -3.6938637840060345e-001  9.0973614258125834e-001  4.8093920721721348e-002
  7.3085343201320141e-001  6.6580239738688551e-001  1.5020129343118341e-001  4.7973249061000825e-002
  3.4523462539341521e-001 -1.5247265242322708e-001 -9.2604813249230955e-001  4.8653548191797784e-002
 -4.3817141485977590e-001 -8.7913222565288873e-001  1.8743623187201708e-001  4.0347584375539501e-002
  3.6109525615595611e-001 -9.2234692335710788e-001  1.3742768627660878e-001  4.9211015868608467e-002
  4.1284212399843861e-001  2.2329383054438609e-001 -8.8300693422717402e-001  4.9370280547903295e-002
 -3.3820338509927705e-001  4.5437775029540145e-001  8.2411123663245844e-001  5.3785881937863066e-002
 -8.4652731565784112e-001  5.0557772274819934e-001  1.6668134300477314e-001  5.0506410721627676e-002
  9.3768393060705657e-001  3.4622860897678603e-001 -2.9573579548315635e-002  4.8540310097337426e-002
 -2.9799852669835342e-001 -5.3620060204593756e-001  7.8973779981154812e-001  4.6539548462736634e-002
  6.0304935525219194e-001  5.8874943580711825e-001  5.3824304637098241e-001  4.8153460961790108e-002
  5.2102371856521092e-002  9.3769728297480803e-001  3.4352459642445921e-001  4.3856510267305603e-002
  9.9542455471604707e-001 -2.3146119665135644e-002 -9.2704978360424614e-002  4.0504766415155095e-002
 -9.4318331292132818e-001  2.5032583233450317e-001 -2.1849992195144169e-001  4.7510248664291536e-002
 -3.4216309753154744e-001  4.8704840583424996e-001 -8.0355974579488010e-001  4.8754723202042036e-002
 -5.3188315788820539e-001  5.0545716144849562e-001  6.7942134518669628e-001  4.9496843459467532e-002
 -5.0832196429425769e-001  8.5603525033841510e-001  9.3874548169747385e-002  5.0727475437720451e-002
  4.7384572959163845e-001 -8.4399824481430985e-001 -2.5127114298727615e-001  3.8530528970606923e-002
 -8.3816346908217210e-001  4.0813340346184634e-001  3.6181365932588644e-001  4.6997128537242673e-002
 -8.0095028681064195e-001  4.1650796629896486e-001 -4.3011597513630073e-001  5.5724803505822623e-002
  7.8875856921668419e-001 -3.8044639312772432e-001 -4.8282549792171714e-001  5.1623524409560348e-002
 -3.7490205458212900e-001  2.9266840283645529e-001 -8.7965541858801544e-001  4.1594376360283722e-002
  7.4425745774701102e-001  6.1386957125369190e-001 -2.6314442056932280e-001  4.6528354061695691e-002
  8.6559685937937836e-001  3.4527183074248802e-001  3.6266987733789996e-001  4.5185734629598351e-002
  4.3498224402067957e-002 -3.8485379509710171e-001  9.2195198403887901e-001  4.8157526351555228e-002
  7.6739583949221746e-001  2.2616558792634073e-001 -5.9996062568135877e-001  4.6745114250286872e-002
  3.8007285302903288e-001  2.9024184783822817e-002  9.2450106711025792e-001  4.7459578634281845e-002
  2.7431881485759835e-001 -3.5093686179296174e-001  8.9531698679854743e-001  5.0009296641889862e-002
 -9.4683815362530166e-001 -1.9307544115101108e-001 -2.5733127455436139e-001  5.3537672539635414e-002
 -4.4352895541630966e-001 -7.9248189381795497e-001 -4.1863410477172625e-001  5.0872748702892337e-002
 -6.5541796464270230e-001  4.6518447271453311e-001 -5.9500478818990965e-001  3.8760705922350605e-002
  9.4356475959001229e-001  2.7720842281043512e-001  1.8122095569440425e-001  4.1495277719176632e-002
 -6.2818188003901609e-001  9.9938816327321281e-002  7.7162151251876143e-001  5.3070472287252354e-002
  4.3419181071818419e-001  5.8302981525610542e-001  6.8669768168219125e-001  4.7044884208057337e-002
  5.7383688621954931e-001  4.1486408441000378e-001  7.0611544345135335e-001  4.6337049826040082e-002
 -4.8179533365039723e-001  5.8740603779534994e-001 -6.5025179987007364e-001  4.8982760411459915e-002
 -7.4296351441448505e-001  6.1366201288637723e-001 -2.6725297040279417e-001  4.8318575765911483e-002
 -7.6892457101759015e-001 -4.9178116769140107e-001 -4.0854165906244738e-001  4.2350503893209948e-002
  4.9294941002582318e-003 -3.2495618049588376e-001 -9.4571622638370867e-001  4.9872408252168765e-002
 -7.5017600049560484e-001 -6.2088536281705564e-001 -2.2745842371728411e-001  4.9314416947381375e-002
 -3.6819384427331509e-001  6.4789315533124703e-001  6.6683412653684604e-001  4.6501349033802181e-002
  5.7752617887922031e-001 -1.2608378251801942e-002  8.1627479533979630e-001  5.4795827213087303e-002
  4.1773839184496542e-001 -1.7924128860031885e-001  8.9071162361320921e-001  4.7843038016522656e-002
  6.8045984168217211e-001  2.1967965350957719e-001  6.9908172175489280e-001  4.7021004959451197e-002
 -3.2620777953478874e-001  8.2391208263102433e-001  4.6341921050555390e-001  5.7617217733144349e-002
  7.7884423733923924e-001  4.5106881748747119e-001 -4.3581943033085752e-001  5.5046133024650765e-002
  9.2640016932228553e-001 -3.3513177380199421e-001  1.7166659683226007e-001  4.0510381807070443e-002
 -7.0342508000561910e-001  6.1798030934710890e-001  3.5113173322606461e-001  5.0692296755732100e-002
  9.3009151964529613e-001 -1.7644663066607774e-001  3.2217441178729966e-001  4.9170930289596126e-002
  6.6320908022933478e-001 -1.9937542415654963e-001  7.2138973942228735e-001  4.7694739133636178e-002
 -9.8928532244430700e-001  1.4582018842589259e-001  7.1430696273226593e-003  5.1623740862321715e-002
  3.3012398201280813e-001  9.2009975152456003e-001 -2.1079517011651408e-001  5.0539920160923069e-002
  1.8999675952719888e-001  7.6825534616706781e-001 -6.1129776251421242e-001  5.0506989151516760e-002
 -7.6087169748763051e-001 -6.3295477340001527e-001  1.4297732265092636e-001  3.7133328571600829e-002
  3.7484697257698918e-001 -8.4946468830510047e-001  3.7134820650244760e-001  4.9308434655769680e-002
 -2.0850070911204466e-001  8.2213147988462054e-001 -5.2974265835639323e-001  4.9334677951372564e-002
 -1.9895292675046994e-001 -6.9623088194802962e-001  6.8969579668089254e-001  4.2283519410095241e-002
 -4.2463735436867694e-001  7.5896093575193357e-001 -4.9362072006482877e-001  4.7589846530754126e-002
  8.0395575838075406e-001 -5.8118524476791389e-001 -1.2601130834368324e-001  5.0514329115916509e-002
  3.5752026913582963e-001 -5.6916520775830237e-001  7.4042570419623632e-001  4.7095780110439266e-002
 -6.5959737247986405e-001  9.9717376220562634e-002 -7.4497500031702157e-001  4.7933809339415032e-002
 -8.9294202390623245e-001  1.7135958165071730e-001 -4.1628167833659513e-001  5.2858017662436939e-002
 -4.4961961740811224e-001 -8.0041677100461883e-001  3.9645326627021560e-001  5.2814014086229558e-002
 -4.8273667428892525e-001 -8.7535508108372462e-001 -2.6810171901238210e-002  4.8484398016190138e-002
 -5.4959109225585334e-001  7.7580248634200555e-001  3.0996795559957557e-001  4.9237240214509141e-002
  6.1003975517066089e-001  2.0420811228901001e-001 -7.6560469172196111e-001  4.8157039074652852e-002
 -9.8035293609157403e-001  2.1370674329928813e-002  1.9609032351269681e-001  4.6522763839459393e-002
 -1.0231912987332793e-001  4.2229469557808541e-001  9.0066530173454407e-001  4.9614212305900587e-002
 -7.4697223236291271e-002 -1.9744907172426679e-001  9.7746313941550400e-001  5.0657349922185652e-002
 -5.9051129377826894e-001 -6.3578914163282296e-001  4.9705993532180126e-001  4.4366044260243293e-002
  3.4800853546659982e-001 -7.3685113027095894e-001 -5.7960371898462026e-001  5.2101464272760759e-002
 -5.3434864944600213e-001  6.7245417474006663e-001  5.1212977233303802e-001  5.1804944762226642e-002
 -2.4354674580992264e-001  9.5768095279981658e-001 -1.5340200536444204e-001  4.0000036247776982e-002
 -3.7200983378356678e-001  8.9338593417153767e-001  2.5193303910517961e-001  3.9487729085949906e-002
 -7.4527177904393094e-001  2.7179267123842998e-001 -6.0885032579589937e-001  4.9983645666528957e-002
  1.2327855972284571e-001  3.6087657084514413e-001  9.2442982282470232e-001  4.8738067638624413e-002
  4.7237428701572870e-001  4.2007390073321982e-001 -7.7485511606309920e-001  5.0864495068003945e-002
  5.0846500036744069e-001  2.4022208719864857e-001  8.2689581703093862e-001  5.1048073905473175e-002
  1.9350950410454093e-001  2.4067466882435701e-001 -9.5112027399667010e-001  4.3579973775540091e-002
  4.7772470182825838e-001 -5.8243946929044910e-001 -6.5768029761865421e-001  4.2849859118348224e-002
  5.2445430978179974e-001  7.9887708748135122e-001 -2.9452177516884809e-001  5.6007317611613920e-002
  9.9171292330610761e-001  1.0667244181311011e-001  7.1599356877579096e-002  4.8475581398201975e-002
  4.1641227481420806e-001 -3.5743686103345657e-001 -8.3596633171354806e-001  5.0537936189655623e-002
 -8.1131885972069895e-001  4.9521413146500430e-002  5.8250265020983250e-001  5.2222311384686484e-002
 -6.5861728904463934e-001  3.0309959675486708e-001  6.8873354863729930e-001  4.8292859828318276e-002
 -6.0934387353101374e-002  2.1399265848664972e-001  9.7493289130673932e-001  5.1176559638209301e-002
  9.2755205112335359e-001 -3.7098470737824024e-001 -4.4917027376497484e-002  4.9060677138771672e-002
