  2.662225364468847E-307  0.000000000000000E+000
  1.018557979702856E-312  0.000000000000000E+000
  1.018557979702856E-312  0.000000000000000E+000
  1.018557979702856E-312  0.000000000000000E+000
  1.018557979702856E-312  0.000000000000000E+000
  1.018557979702856E-312  0.000000000000000E+000
  1.018557979702856E-312  0.000000000000000E+000
  1.018557979702856E-312  0.000000000000000E+000
  1.018557979702856E-312  0.000000000000000E+000
  1.018557979702856E-312  0.000000000000000E+000
  1.018557979702856E-312  0.000000000000000E+000
  1.018557979702856E-312  0.000000000000000E+000
  1.018557979702856E-312  0.000000000000000E+000
  1.018557979702856E-312  0.000000000000000E+000
  1.018557979702856E-312  0.000000000000000E+000
  1.018557979702856E-312  0.000000000000000E+000
  1.018557979702856E-312  0.000000000000000E+000
  1.018557979702856E-312  0.000000000000000E+000
  1.018557979702856E-312  0.000000000000000E+000
  1.018557979702856E-312  0.000000000000000E+000
  1.018557979702856E-312  0.000000000000000E+000
  1.018557979702856E-312  0.000000000000000E+000
  1.018557979702856E-312  0.000000000000000E+000
  1.018557979702856E-312  0.000000000000000E+000
  1.018557979702856E-312  0.000000000000000E+000
  1.018557979702856E-312  0.000000000000000E+000
  1.018557979702856E-312  0.000000000000000E+000
  1.018557979702856E-312  0.000000000000000E+000
  1.018557979702856E-312  0.000000000000000E+000
  1.018557979702856E-312  0.000000000000000E+000
  1.018557979702856E-312  0.000000000000000E+000
  1.018557979702856E-312  0.000000000000000E+000
  1.018557979702856E-312  0.000000000000000E+000
  1.018557979702856E-312  0.000000000000000E+000
  1.018557979702856E-312  0.000000000000000E+000
  1.018557979702856E-312  0.000000000000000E+000
  1.018557979702856E-312  0.000000000000000E+000
  1.018557979702856E-312  0.000000000000000E+000
  1.018557979702856E-312  0.000000000000000E+000
  1.018557979702856E-312  0.000000000000000E+000
   3.00000000000000       0.000000000000000E+000
  1.018557979702856E-312  0.000000000000000E+000
  1.718581293029291E-004 -1.724841217024991E-004
 -1.426782472205942E-004  5.358656052283289E-005
 -5.638844898039922E-004  7.402277115985741E-004
 -1.019176190532950E-003  2.381733023155254E-003
 -1.459096001689262E-003  4.807143423910749E-003
 -1.862491911640214E-003  8.073137275725650E-003
 -2.254625577568191E-003  1.208844340638309E-002
 -2.609286539731354E-003  1.683309099968320E-002
 -2.951598377556287E-003  2.224071190832125E-002
 -3.258208557776913E-003  2.828019183567695E-002
 -3.553228433706036E-003  3.489674571307786E-002
 -3.813663222964370E-003  4.205214319066028E-002
 -4.061477353433675E-003  4.969799354491028E-002
 -4.273835787183729E-003  5.778710560581689E-002
 -4.471461697449499E-003  6.627589465466568E-002
 -4.633158860467074E-003  7.510570497092638E-002
 -4.778853539179182E-003  8.424035859793194E-002
 -4.892393941163510E-003  9.361445256324870E-002
 -4.992128395164427E-003  0.103203953595798     
 -5.072996484887556E-003  0.112954130917187     
 -5.150049113855085E-003  0.122859101975086     
 -5.237751405988886E-003  0.132911897332324     
 -5.343425615276387E-003  0.143128254668711     
 -5.517548878852306E-003  0.153624195960384     
 -5.762940263994032E-003  0.164435559605883     
 -6.184290070500952E-003  0.175911216153994     
 -6.795478576157709E-003  0.188144909230071     
 -7.718082269981026E-003  0.201925848119001     
 -8.819850888361822E-003  0.217178592716941     
 -1.070028801591721E-002  0.236029716577114     
 -1.413808150782594E-002  0.258529204509537     
 -1.886026731319601E-002  0.286025539986515     
 -2.535856551620146E-002  0.321662988668537     
 -2.908932010422660E-002  0.372972769413611     
 -1.730772628809547E-002  0.417383763068212     
 -2.190204050734295E-002  0.493816718709743     
 -0.154024537726947       0.674892604829503     
 -0.145445124442628       0.578227663734353     
  0.401051625076257       0.401051625076215     
   3.00000000000000       0.000000000000000E+000
  1.018557979702856E-312  0.000000000000000E+000
 -5.296056818589271E-005  1.364373956535790E-004
 -1.063468501176073E-003  1.050042159842911E-003
 -2.563475440989460E-003  3.036204320716714E-003
 -4.108591565314106E-003  6.413956591193057E-003
 -5.696987092324765E-003  1.123784629251587E-002
 -7.166609657891604E-003  1.739989317764852E-002
 -8.602548303892595E-003  2.493545212851116E-002
 -9.913582112714106E-003  3.369412578112026E-002
 -1.117457230334446E-002  4.368433479341578E-002
 -1.231876191189430E-002  5.475063043059938E-002
 -1.340674123292745E-002  6.689458123222732E-002
 -1.438336267354018E-002  7.996100901451524E-002
 -1.529417801392192E-002  9.394631515966656E-002
 -1.609405444121785E-002  0.108690261487240     
 -1.681588984960868E-002  0.124184701841537     
 -1.742891159421315E-002  0.140260776450344     
 -1.795657857802866E-002  0.156911680803458     
 -1.838956717564864E-002  0.173964336292208     
 -1.874750353513749E-002  0.191428575441212     
 -1.904996433185030E-002  0.209141024846420     
 -1.932474431563301E-002  0.227159127349830     
 -1.962498084808591E-002  0.245354150205519     
 -2.001247378057001E-002  0.263886563994960     
 -2.057021220109535E-002  0.282697716501071     
 -2.145286149382621E-002  0.302144194263277     
 -2.274248852821889E-002  0.322263841717976     
 -2.479698260805136E-002  0.343795898812315     
 -2.764254114201335E-002  0.366947120078756     
 -3.208605794051086E-002  0.393090601584681     
 -3.784380813204942E-002  0.422449566666747     
 -4.698792677397771E-002  0.457338853917554     
 -5.775324937277443E-002  0.496443161318190     
 -7.286383193567141E-002  0.545982038219597     
 -8.973479067321653E-002  0.608716985077257     
 -0.115719791683121       0.684169923389971     
 -0.124110048166094       0.741593686120185     
 -0.126783441756185       0.770394546540230     
  1.235296692096019E-002  0.620182360507665     
  0.895931805023583       0.278374264541305     
   3.00000000000000       0.000000000000000E+000
  1.018557979702856E-312  0.000000000000000E+000
 -7.293574168655807E-004  5.464396234341988E-004
 -3.027321118519628E-003  2.492077774090076E-003
 -5.977312971873799E-003  5.866290505666834E-003
 -9.165146045020502E-003  1.111503743397310E-002
 -1.235434262529698E-002  1.811287620901406E-002
 -1.543693083336606E-002  2.693155655907681E-002
 -1.837840386040195E-002  3.744953633838657E-002
 -2.114533281165382E-002  4.965006018660491E-002
 -2.375174100778250E-002  6.340696204256625E-002
 -2.617453748821523E-002  7.865697889162419E-002
 -2.843526276274711E-002  9.528035127149967E-002
 -3.050635346978709E-002  0.113195702985043     
 -3.240523034380351E-002  0.132280934775702     
 -3.410147179164378E-002  0.152439777383935     
 -3.561101528790451E-002  0.173545330793504     
 -3.690769838461713E-002  0.195485611733849     
 -3.801345975129730E-002  0.218134701367398     
 -3.891796776224999E-002  0.241370505704832     
 -3.966026534290701E-002  0.265084463573986     
 -4.026190492220071E-002  0.289162160112187     
 -4.079423312042391E-002  0.313541565705083     
 -4.133201037353559E-002  0.338151141062465     
 -4.200182679951549E-002  0.363019807010398     
 -4.295804299195870E-002  0.388170826144981     
 -4.442250991151361E-002  0.413791145031765     
 -4.664868155155134E-002  0.440054370536874     
 -5.001124521609990E-002  0.467394738766332     
 -5.488620165695605E-002  0.496179609986252     
 -6.199288000567769E-002  0.527241981570393     
 -7.160745955973061E-002  0.560688297590195     
 -8.502865501572569E-002  0.598080058376156     
 -0.101049855207909       0.638089764233416     
 -0.120405489299148       0.682329607638076     
 -0.139387702368677       0.725117319933624     
 -0.165509831210004       0.771819200813026     
 -0.155278419579066       0.762660343998212     
 -7.750148375895272E-002  0.707998682166602     
  0.270618407330625       0.514691283640294     
   1.23124374526412       0.190096107318291     
   3.00000000000000       0.000000000000000E+000
  1.018557979702856E-312  0.000000000000000E+000
 -2.290653089138235E-003  9.524735167800128E-004
 -6.275527920252258E-003  3.858761694610547E-003
 -1.113522788801264E-002  8.702584001366507E-003
 -1.624596213260984E-002  1.566586984962031E-002
 -2.139434778367814E-002  2.470987826508602E-002
 -2.637434299216035E-002  3.580516851920947E-002
 -3.116073812563775E-002  4.891027917199519E-002
 -3.567860291212683E-002  6.393171945114608E-002
 -3.995034250743950E-002  8.080733016633836E-002
 -4.393415060008379E-002  9.940164704893337E-002
 -4.765307495015331E-002  0.119642696819538     
 -5.107057532287590E-002  0.141381970178354     
 -5.419759391273139E-002  0.164530070962482     
 -5.700057420697548E-002  0.188926676652076     
 -5.948300050232642E-002  0.214463224887911     
 -6.162274194349851E-002  0.240966882215478     
 -6.342873565460368E-002  0.268315683073506     
 -6.490409323240361E-002  0.296327021247740     
 -6.608458263476975E-002  0.324884547778032     
 -6.701447702557012E-002  0.353805190626872     
 -6.778911658342950E-002  0.383015129924756     
 -6.850797279293810E-002  0.412346375144587     
 -6.937634512591799E-002  0.441825268228650     
 -7.055369279129037E-002  0.471312531518055     
 -7.243117517034676E-002  0.501013828868668     
 -7.520864721393541E-002  0.530811781870298     
 -7.956861396445665E-002  0.561169924807682     
 -8.565250753761533E-002  0.591888984679193     
 -9.455769220588250E-002  0.623681468322405     
 -0.106005441061251       0.655804797280261     
 -0.121214451486124       0.689013553864123     
 -0.138429933644460       0.721260297866033     
 -0.157252313216008       0.751117107894392     
 -0.169561798749214       0.770327535461760     
 -0.165086557920686       0.768635945346616     
 -0.112032372357391       0.716142551525474     
  8.835570067068954E-002  0.591139254921339     
  0.553161029736115       0.382969021612536     
   1.48993746629250       0.129273450230644     
   3.00000000000000       0.000000000000000E+000
  1.018557979702856E-312  0.000000000000000E+000
 -4.536860857319408E-003  1.316768833434673E-003
 -1.075262335822804E-002  5.143773928833033E-003
 -1.777063191978405E-002  1.125587114001487E-002
 -2.509893298059375E-002  1.978172336177340E-002
 -3.240947026297311E-002  3.055866618618825E-002
 -3.953537874263884E-002  4.361889688505034E-002
 -4.637536316826947E-002  5.882131873417245E-002
 -5.287965479170185E-002  7.615632223580510E-002
 -5.902775253746038E-002  9.547494039785934E-002
 -6.479328346403311E-002  0.116721079635576     
 -7.017187213752486E-002  0.139739067233532     
 -7.513146963085758E-002  0.164449696925587     
 -7.966608819394043E-002  0.190681129978838     
 -8.373520561195878E-002  0.218329502881478     
 -8.733548174423943E-002  0.247204957686674     
 -9.042817662151620E-002  0.277174909241289     
 -9.302863478090879E-002  0.308037976447449     
 -9.511871035321867E-002  0.339628727819223     
 -9.675722795300028E-002  0.371754736066150     
 -9.797172430516157E-002  0.404216385377039     
 -9.889662357476278E-002  0.436867548549467     
 -9.963355750734725E-002  0.469472758791144     
 -0.100432318248775       0.501987887994836     
 -0.101490720860901       0.534123144437286     
 -0.103220613353933       0.566008582620107     
 -0.105902781770327       0.597218827916516     
 -0.110161886660485       0.628138547064535     
 -0.116201588790120       0.657917303978576     
 -0.124852389694541       0.687245755347345     
 -0.135558528878100       0.714059464958580     
 -0.148930618729982       0.739168134715947     
 -0.161490895402163       0.757325845833627     
 -0.172238674426329       0.768969312944487     
 -0.166135519792114       0.759222689025387     
 -0.130556563531728       0.725425077970953     
 -1.325155908281835E-002  0.640476450535477     
  0.255438975564648       0.497127825039047     
  0.783253171342042       0.308381310770117     
   1.69826395353569       9.769157812066753E-002
   3.00000000000000       0.000000000000000E+000
  1.018557979702856E-312  0.000000000000000E+000
 -7.395079067953938E-003  1.588786011394133E-003
 -1.620753613880465E-002  6.142584539487939E-003
 -2.573530986433349E-002  1.336764416277046E-002
 -3.546461072015840E-002  2.316856724834682E-002
 -4.513067734004366E-002  3.540885873297871E-002
 -5.452629133271764E-002  5.002293881591526E-002
 -6.356845363721385E-002  6.691645328590087E-002
 -7.217896229524490E-002  8.601439227995868E-002
 -8.033894827184668E-002  0.107219812543522     
 -8.800720629146988E-002  0.130428257405009     
 -9.517097725599036E-002  0.155529123283737     
 -0.101788976499073       0.182399695914826     
 -0.107839485233159       0.210902070248670     
 -0.113274825083265       0.240891070757250     
 -0.118070804991628       0.272194586959565     
 -0.122183962296742       0.304640654810339     
 -0.125607985675829       0.338022854029709     
 -0.128324080685730       0.372137193394926     
 -0.130375605499669       0.406754982633851     
 -0.131793559118300       0.441636184006854     
 -0.132712152382782       0.476554964001984     
 -0.133235294180707       0.511228817942571     
 -0.133634220641762       0.545468096821903     
 -0.134093990892964       0.578926018985733     
 -0.135057875683841       0.611471370716477     
 -0.136752554402336       0.642621068160172     
 -0.139761125474523       0.672260127078956     
 -0.144169666601119       0.699561713000039     
 -0.150390073995576       0.724197838959198     
 -0.157760986470294       0.744514722366118     
 -0.165278900917721       0.759186464976045     
 -0.169550368332053       0.764486018849645     
 -0.163964704659869       0.756273827570723     
 -0.136509691524217       0.726321988790202     
 -5.958687466074139E-002  0.665516745974536     
  0.103855941820419       0.563047117706415     
  0.427438287043516       0.416613599494971     
  0.990406031146442       0.241988026866034     
   1.84698893052371       7.835420194495361E-002
   3.00000000000000       0.000000000000000E+000
  1.018557979702856E-312  0.000000000000000E+000
 -1.075660244491260E-002  1.818675508946066E-003
 -2.253235039444455E-002  6.955571094061712E-003
 -3.475467489330682E-002  1.500818155180208E-002
 -4.705648632822544E-002  2.581178509144871E-002
 -5.916683540364199E-002  3.914335070607138E-002
 -7.093183434481852E-002  5.494672373935340E-002
 -8.224139232039045E-002  7.305727399627619E-002
 -9.303866695301452E-002  9.344569409522829E-002
 -0.103280714433980       0.115957004018675     
 -0.112930646871220       0.140546851517609     
 -0.121956613095486       0.167049858731111     
 -0.130309332120705       0.195401568517290     
 -0.137951835795059       0.225410692533707     
 -0.144816745592318       0.256979205504169     
 -0.150868761005710       0.289882779442232     
 -0.156034067009222       0.323975095613765     
 -0.160302484314462       0.359001653826439     
 -0.163616537737335       0.394747440365970     
 -0.166026217393571       0.430946089364753     
 -0.167518966651942       0.467287657989259     
 -0.168246378912000       0.503529266712331     
 -0.168265457276704       0.539226426208697     
 -0.167869114274774       0.574209153161470     
 -0.167180783950559       0.607824469925328     
 -0.166654806084032       0.640026075278968     
 -0.166386024850550       0.669794247603791     
 -0.166937871224549       0.697223962892298     
 -0.168013271386834       0.720587568875354     
 -0.169986874946055       0.740017937782963     
 -0.171071274310776       0.752391019843397     
 -0.170406268843179       0.757479384556742     
 -0.161584813176563       0.749461701783838     
 -0.138924110624416       0.726750865559855     
 -8.369016934096445E-002  0.680140297708220     
  2.550384338020857E-002  0.605504194327671     
  0.231739794849016       0.496750672581304     
  0.588254636374024       0.354347370484232     
   1.15346927908246       0.200113597149674     
   1.96652253652352       6.252875443836814E-002
   3.00000000000000       0.000000000000000E+000
  1.018557979702856E-312  0.000000000000000E+000
 -1.444392493961090E-002  1.957606566611051E-003
 -2.943087843379149E-002  7.484757371414381E-003
 -4.455395783038683E-002  1.613965314943257E-002
 -5.953050780674183E-002  2.762584521069693E-002
 -7.416736197591173E-002  4.172311126712166E-002
 -8.833196425867959E-002  5.830033673462125E-002
 -0.101943727406975       7.721894352315989E-002
 -0.114943246535853       9.839750561023171E-002
 -0.127292870363421       0.121721729696543     
 -0.138946858560328       0.147112643817929     
 -0.149865019250684       0.174447246992680     
 -0.159984732276424       0.203632186582598     
 -0.169250414143278       0.234511544379231     
 -0.177577551714188       0.266961585911275     
 -0.184903450951501       0.300776368322113     
 -0.191134941919418       0.335786779285580     
 -0.196227450013386       0.371727319941692     
 -0.200104774187939       0.408365838590959     
 -0.202777350302563       0.445378587183605     
 -0.204217234046684       0.482450549961891     
 -0.204530278390981       0.519210651282538     
 -0.203762498261691       0.555234589846867     
 -0.202141742605525       0.590115317652925     
 -0.199784972458259       0.623273682154391     
 -0.197013213089094       0.654253029087687     
 -0.193928273580858       0.682225961484819     
 -0.190752131039903       0.706593337060262     
 -0.187262190964580       0.726086024362362     
 -0.182942261440583       0.739687979116796     
 -0.176337798770829       0.745309957425507     
 -0.164384813994529       0.740934706366372     
 -0.141972225001661       0.723062125438838     
 -9.874369458862242E-002  0.687992504378220     
 -2.013655026321756E-002  0.630889703615199     
  0.120657696500268       0.547658018775858     
  0.357223323486072       0.436411894686456     
  0.735723511854602       0.302866754079862     
   1.30270932665303       0.163978375727490     
   2.06638227985217       4.852197900724624E-002
   3.00000000000000       0.000000000000000E+000
  1.018557979702856E-312  0.000000000000000E+000
 -1.839247946803682E-002  2.056863032946935E-003
 -3.676132620411302E-002  7.822332398660368E-003
 -5.487729765298546E-002  1.680954538419298E-002
 -7.258748838526205E-002  2.868571841439582E-002
 -8.976161748915813E-002  4.317873717041430E-002
 -0.106327739396384       6.015551753383683E-002
 -0.122223332584813       7.943480616283766E-002
 -0.137413427636685       0.100961873462204     
 -0.151857540591968       0.124587344940925     
 -0.165513111151935       0.150278342023296     
 -0.178327029967316       0.177878442147945     
 -0.190224913706807       0.207345389969175     
 -0.201131746154046       0.238489691171704     
 -0.210937026567537       0.271231467097947     
 -0.219555352089064       0.305331836470080     
 -0.226852696791498       0.340642965233340     
 -0.232763217107033       0.376872602484173     
 -0.237153868188436       0.413766772470831     
 -0.240020928802594       0.450992530903844     
 -0.241261057403271       0.488142182922583     
 -0.240978269520103       0.524871998816183     
 -0.239115444552350       0.560558049545923     
 -0.235914711602779       0.594885917849344     
 -0.231332567109995       0.626925293244757     
 -0.225726489623100       0.656420144679743     
 -0.218899246177270       0.681990985860941     
 -0.211158177107333       0.703413165283744     
 -0.201649262714921       0.718627513568844     
 -0.190094307308023       0.727280019222531     
 -0.173682492972204       0.726304997206711     
 -0.150055029056139       0.714823494156713     
 -0.111467390495058       0.688587135642221     
 -4.972610163748281E-002  0.645704045670706     
  5.323275912333770E-002  0.581986174743711     
  0.218473313404323       0.495350834016330     
  0.478659708002983       0.387139741749152     
  0.869828721216996       0.262195264354121     
   1.42329610979515       0.139607501168667     
   2.14682951111298       4.001401431537987E-002
   3.00000000000000       0.000000000000000E+000
  1.018557979702856E-312  0.000000000000000E+000
 -2.242113199027394E-002  2.077319937672436E-003
 -4.425765232320470E-002  7.915134627913706E-003
 -6.541389922616489E-002  1.701307583350933E-002
 -8.586763098560288E-002  2.897726780685693E-002
 -0.105566595343289       4.354241997088319E-002
 -0.124499035716866       6.052685380158302E-002
 -0.142641461689028       7.977526256003428E-002
 -0.159978025895902       0.101195522953264     
 -0.176482588868126       0.124679194747083     
 -0.192109102721373       0.150167005507534     
 -0.206802117447826       0.177549575845093     
 -0.220468542795268       0.206762834798301     
 -0.233016353473452       0.237660950809837     
 -0.244305429169096       0.270145273653116     
 -0.254218473863605       0.304004895400623     
 -0.262585067830573       0.339077565704109     
 -0.269291461597528       0.375066992780429     
 -0.274167278059710       0.411715894114499     
 -0.277142434506990       0.448633271634862     
 -0.278082970866963       0.485433105524559     
 -0.277000607772700       0.521630706798748     
 -0.273824211476309       0.556673650539073     
 -0.268655304251247       0.589986138688559     
 -0.261468794785982       0.620801683472690     
 -0.252375152089608       0.648434967325245     
 -0.241263459831752       0.671834085955973     
 -0.227956191108271       0.690125003227649     
 -0.211845675801227       0.701855670226322     
 -0.191672452826273       0.705779760516806     
 -0.165274383185965       0.699892448859714     
 -0.128437962262364       0.682317184763546     
 -7.503143163304840E-002  0.650473007526208     
  5.840774768497967E-003  0.601990618331433     
  0.128723562974560       0.534635530126150     
  0.315860041650822       0.447589893721459     
  0.594014244784414       0.342802815458114     
  0.991912348123638       0.227961008022820     
   1.53534344786862       0.118298895339426     
   2.21549632701339       3.353544675295098E-002
   3.00000000000000       0.000000000000000E+000
  1.018557979702856E-312  0.000000000000000E+000
 -2.649048742917544E-002  2.064711028790835E-003
 -5.177575458771334E-002  7.836205071739094E-003
 -7.594727422184799E-002  1.681165306226889E-002
 -9.908876550095916E-002  2.858889106187227E-002
 -0.121247483647461       4.288430440794965E-002
 -0.142471899636022       5.952182852668284E-002
 -0.162784598574631       7.832714854912592E-002
 -0.182199506859078       9.923490943357209E-002
 -0.200702367751733       0.122118018015911     
 -0.218255596340315       0.146962351566187     
 -0.234793387353625       0.173638107484778     
 -0.250213535664715       0.202135468785682     
 -0.264397437955467       0.232285371540863     
 -0.277177628906117       0.264040787321765     
 -0.288399489664460       0.297166619650024     
 -0.297844381054533       0.331532819899499     
 -0.305357568420091       0.366825282230014     
 -0.310695752341913       0.402776638340640     
 -0.313753849233528       0.438999253697932     
 -0.314294304684168       0.475025552996078     
 -0.312311765329840       0.510419247156504     
 -0.307587851734176       0.544442265957505     
 -0.300239646015014       0.576645159302130     
 -0.290019458118766       0.605942695488608     
 -0.277109133878910       0.631894295464329     
 -0.261027418789954       0.652984992707748     
 -0.241775293481316       0.668749859394039     
 -0.218084516092795       0.677165986466619     
 -0.189109100289327       0.677608042398386     
 -0.151525845323267       0.667542871055472     
 -0.102081570869458       0.645956205891502     
 -3.292871099201346E-002  0.610155802768341     
  6.468946482076754E-002  0.558768536727730     
  0.206568917185029       0.490467948945956     
  0.410854306689213       0.404983602492427     
  0.701477398744580       0.306299005725026     
   1.10206000981547       0.200352854004805     
   1.62806164303739       0.102765877402330     
   2.27321082259761       2.880294965588998E-002
   3.00000000000000       0.000000000000000E+000
  1.018557979702856E-312  0.000000000000000E+000
 -3.043554303796427E-002  1.986061468909955E-003
 -5.909811073521252E-002  7.552092253101239E-003
 -8.618600544350567E-002  1.620482903294928E-002
 -0.111928226148641       2.752537380017848E-002
 -0.136445111876132       4.125155990445645E-002
 -0.159864734516315       5.718474125201983E-002
 -0.182254254032572       7.518596979161614E-002
 -0.203660244486752       9.516732045307372E-002
 -0.224091673671596       0.117051118766967     
 -0.243510995324835       0.140802789066742     
 -0.261857778672815       0.166351261527629     
 -0.279005903461167       0.193667058316305     
 -0.294823591663995       0.222640867547570     
 -0.309101618873576       0.253207132269626     
 -0.321650892775080       0.285178819661200     
 -0.332199590113606       0.318411957753085     
 -0.340533521201112       0.352610542274803     
 -0.346353916937399       0.387507461713449     
 -0.349466562361353       0.422678862408384     
 -0.349589243482354       0.457689496498936     
 -0.346589067877690       0.491983362058473     
 -0.340232031611555       0.524915458649962     
 -0.330448721396836       0.555802727860782     
 -0.317031745080270       0.583754758666981     
 -0.299870790942256       0.607959546800678     
 -0.278627770511278       0.627251449830842     
 -0.252813488966172       0.640656300971278     
 -0.221501547372076       0.646712453225759     
 -0.183013940465058       0.644213283127888     
 -0.134767509099848       0.631431232675557     
 -7.223663365134637E-002  0.606915236741959     
  1.092706888588422E-002  0.568936771283000     
  0.124793505286170       0.516286384634785     
  0.282480952327969       0.448346654856944     
  0.501516195656245       0.366082839299958     
  0.802176714345919       0.272978491224456     
   1.20188599047091       0.176539235198060     
   1.71422076601731       8.911139812836615E-002
   2.32404421908697       2.468395231477402E-002
   3.00000000000000       0.000000000000000E+000
  1.018557979702856E-312  0.000000000000000E+000
 -3.422990251731613E-002  1.878926345298302E-003
 -6.608271950389982E-002  7.115469223936186E-003
 -9.594120223405525E-002  1.524502455641060E-002
 -0.124120018688918       2.586184042746895E-002
 -0.150853194140167       3.871293267257316E-002
 -0.176325826138095       5.361995397502801E-002
 -0.200665051224501       7.044385976561081E-002
 -0.223951749390380       8.913254158830655E-002
 -0.246215023749397       0.109601641396015     
 -0.267432602585131       0.131869424554886     
 -0.287533879935019       0.155851558965292     
 -0.306389254348958       0.181584260749285     
 -0.323832699437822       0.208938520332754     
 -0.339629730529015       0.237918015044112     
 -0.353539191422355       0.268312339021032     
 -0.365237384936012       0.300034368655831     
 -0.374449120865217       0.332769151268131     
 -0.380791613196816       0.366270802047841     
 -0.384014116807355       0.400116932769725     
 -0.383711829402669       0.433828701453310     
 -0.379718157578529       0.466896984452656     
 -0.371627348876485       0.498539054387928     
 -0.359382701577300       0.528195966325879     
 -0.342533144137991       0.554727530063261     
 -0.321060085079285       0.577555250442778     
 -0.294262258098337       0.595163024718893     
 -0.261877162656913       0.606941872387275     
 -0.222416117761235       0.611044939714002     
 -0.174676600742864       0.606761214056162     
 -0.115245729641862       0.592097105084195     
 -4.054818730641576E-002  0.566177052400957     
  5.669332625442212E-002  0.527392429705109     
  0.184768522296699       0.475012844180418     
  0.356834889063396       0.409206702539281     
  0.587605936732543       0.330843261050518     
  0.894268532590616       0.244584660583575     
   1.29166130177266       0.156349666642912     
   1.78651044340264       7.826704986325492E-002
   2.36706319108965       2.146352887785982E-002
   3.00000000000000       0.000000000000000E+000
  1.018557979702856E-312  0.000000000000000E+000
 -3.772735748569493E-002  1.715273312359973E-003
 -7.255688299795351E-002  6.504643724839020E-003
 -0.104957473111025       1.393325382067207E-002
 -0.135390416017233       2.360989479288125E-002
 -0.164155681520434       3.531870255546155E-002
 -0.191524046183239       4.888080571206683E-002
 -0.217669837439572       6.420442590229371E-002
 -0.242712046236438       8.122725961296083E-002
 -0.266710200539375       9.992560168251328E-002
 -0.289643410512111       0.120301772584878     
 -0.311454103687091       0.142344497717961     
 -0.331984642874306       0.166069978510364     
 -0.351061047984524       0.191429271477289     
 -0.368397026269962       0.218404081340589     
 -0.383717131270983       0.246859841516430     
 -0.396629034862159       0.276690549241137     
 -0.406791226347647       0.307634380283222     
 -0.413746681500231       0.339440491358769     
 -0.417141072112272       0.371691374261103     
 -0.416507216099444       0.403935931789789     
 -0.411531542795543       0.435592531769851     
 -0.401782380163149       0.465966231554226     
 -0.387000633456557       0.494323255937656     
 -0.366778920511245       0.519704304896092     
 -0.340813977341107       0.541245951710607     
 -0.308565828767415       0.557736764975598     
 -0.269355257550428       0.568201707910262     
 -0.222052729263835       0.571234249677331     
 -0.164848717756833       0.565771188205453     
 -9.502962545589516E-002  0.550357518562933     
 -8.261378760707721E-003  0.523973911240769     
  0.101479109363252       0.485507264946080     
  0.242918038195132       0.434573872854765     
  0.427255254621450       0.371464850762982     
  0.667872337675322       0.297998683766430     
  0.979755934568736       0.218020200089604     
   1.37299275181314       0.138203710372903     
   1.85383982956931       6.841029500941165E-002
   2.40566610162642       1.853246348936269E-002
   3.00000000000000       0.000000000000000E+000
  1.018557979702856E-312  0.000000000000000E+000
 -4.090759342376658E-002  1.525599911273139E-003
 -7.838002924364347E-002  5.755720141052119E-003
 -0.113064880404065       1.231182765508937E-002
 -0.145490493842149       2.083209839017260E-002
 -0.176072513332730       3.113265089414976E-002
 -0.205132956704661       4.306867982707785E-002
 -0.232910209131357       5.656267160897838E-002
 -0.259559912863937       7.159837206491164E-002
 -0.285164739925958       8.815313657736090E-002
 -0.309725429757792       0.106292010147038     
 -0.333173664595331       0.125993682966011     
 -0.355355399888557       0.147353964990023     
 -0.376056555777842       0.170304369918960     
 -0.394970798871764       0.194917640661734     
 -0.411758039019393       0.221033303351004     
 -0.425975420132129       0.248634678090292     
 -0.437200841690573       0.277435262224040     
 -0.444889778358294       0.307249665844321     
 -0.448606756038456       0.337651934885955     
 -0.447754946728584       0.368203034466569     
 -0.441962387971772       0.398352682145342     
 -0.430620530626661       0.427335036418958     
 -0.413465042253759       0.454516248326515     
 -0.389854750688560       0.478767575290498     
 -0.359571797997187       0.499418874758770     
 -0.321764431306584       0.515007904257153     
 -0.275981286977234       0.524853480662453     
 -0.220673474726653       0.527285690377745     
 -0.154488676417140       0.521610212686474     
 -7.419931134571252E-002  0.506229014787151     
  2.369259107056994E-002  0.480488910998098     
  0.145582896719703       0.443438182884964     
  0.298797257981077       0.394880195652991     
  0.493970554909741       0.335689105941823     
  0.742581991484092       0.267341370283348     
   1.05682165749867       0.194374677105403     
   1.44560759237652       0.122077694573435     
   1.91059988512336       6.004940270340846E-002
   2.43835794137929       1.612112710924395E-002
   3.00000000000000       0.000000000000000E+000
  1.018557979702856E-312  0.000000000000000E+000
 -4.364045960159205E-002  1.287683659277165E-003
 -8.341919464917774E-002  4.861154248053536E-003
 -0.120049804551953       1.039017698496187E-002
 -0.154200521113473       1.755402002344698E-002
 -0.186342847649102       2.621817715535719E-002
 -0.216881456242185       3.625548483677352E-002
 -0.246100729849690       4.764381133368473E-002
 -0.274194544913657       6.036675084654323E-002
 -0.301280239956438       7.446950542935868E-002
 -0.327360735696659       9.000483820100415E-002
 -0.352387515475535       0.107035139097265     
 -0.376177168901668       0.125635325372098     
 -0.398514498595907       0.145835541410017     
 -0.419035222775454       0.167682438690067     
 -0.437369518249934       0.191121362122435     
 -0.452992934517419       0.216109952837021     
 -0.465417539056523       0.242457890691762     
 -0.474004414158273       0.269965050696341     
 -0.478210920719867       0.298265939454247     
 -0.477352665817289       0.326935166913917     
 -0.470906944086186       0.355416201326658     
 -0.458213492840946       0.383009040071001     
 -0.438812112164885       0.408981501986833     
 -0.412083022351022       0.432347838058182     
 -0.377560905322873       0.452244130103012     
 -0.334534331690458       0.467443170276193     
 -0.282237908520343       0.477012191806756     
 -0.219444518419212       0.479596371937561     
 -0.144416308935075       0.474287362226250     
 -5.452391554935160E-002  0.459821907216097     
  5.409054304093044E-002  0.435526343158940     
  0.186829519223717       0.400667266780564     
  0.350920880972444       0.355387795223390     
  0.555604227657125       0.300421131360741     
  0.810830625316319       0.237902933648994     
   1.12747810494956       0.171550889241133     
   1.51090254788474       0.106999620376824     
   1.96302207244440       5.215536738480278E-002
   2.46769162836925       1.386970873608635E-002
   3.00000000000000       0.000000000000000E+000
  1.018557979702856E-312  0.000000000000000E+000
 -4.591125206817095E-002  1.025987484996652E-003
 -8.753840005555966E-002  3.843815223287451E-003
 -0.125762371231436       8.206791403122119E-003
 -0.161296244905715       1.383621249027312E-002
 -0.194720002519847       2.064797841238121E-002
 -0.226479540614412       2.855810221329224E-002
 -0.256920481764236       3.756851121268238E-002
 -0.286272084070518       4.771408864805269E-002
 -0.314675389829391       5.904559270035582E-002
 -0.342159400734977       7.168302425304875E-002
 -0.368666293675362       8.568048660001899E-002
 -0.394023904194975       0.101201026452460     
 -0.417975837417472       0.118255693081089     
 -0.440146482226758       0.137000115954534     
 -0.460093800276933       0.157352831748208     
 -0.477250800333597       0.179393003485131     
 -0.491031543371079       0.202901842155512     
 -0.500715962102341       0.227793879338861     
 -0.505651872727121       0.253685813358644     
 -0.505031217468971       0.280229859871375     
 -0.498236020634075       0.306882557700315     
 -0.484440363321103       0.332950583955089     
 -0.463139068769654       0.357770797124276     
 -0.433507488717963       0.380270935149122     
 -0.395128081788108       0.399732754371246     
 -0.347046488700823       0.414759313516867     
 -0.288686069084177       0.424641419360105     
 -0.218543907063075       0.427831126895155     
 -0.135275782312483       0.423687779239848     
 -3.599777868912635E-002  0.410844499762697     
  8.245645580619988E-002  0.388855126927778     
  0.225488958779548       0.357109752156694     
  0.399258333048271       0.315775971186100     
  0.612161561129796       0.265995586681859     
  0.872890489263986       0.209449157612642     
   1.18994827808700       0.150297221845419     
   1.56829553556371       9.292804979380249E-002
   2.00677427861300       4.505011936039278E-002
   2.49208683259200       1.184447067071981E-002
   3.00000000000000       0.000000000000000E+000
  1.018557979702856E-312  0.000000000000000E+000
 -4.760757089529020E-002  7.265543704247493E-004
 -9.064703390944316E-002  2.717069309377480E-003
 -0.130038947061802       5.789393764730382E-003
 -0.166620243525366       9.731885923987542E-003
 -0.201010312627799       1.451505209485764E-002
 -0.233727712154846       2.008768749430362E-002
 -0.265157023824983       2.650661280365035E-002
 -0.295563089823169       3.381451709478065E-002
 -0.325121645087080       4.212759380489275E-002
 -0.353866391011638       5.155680849126712E-002
 -0.381764603026268       6.224069128853540E-002
 -0.408618644453535       7.432152793244595E-002
 -0.434179909879575       8.791886112770365E-002
 -0.458015388782861       0.103160016764364     
 -0.479663934757692       0.120094289767736     
 -0.498469225083847       0.138770264886698     
 -0.513789868437843       0.159109701012053     
 -0.524791549213782       0.181003281850969     
 -0.530724131830290       0.204192809184994     
 -0.530659003108392       0.228328114951247     
 -0.523837912698692       0.252940566182910     
 -0.509339818372496       0.277375577371805     
 -0.486484146379081       0.300961974829356     
 -0.454418014322133       0.322725998176397     
 -0.412524397399871       0.341847796220348     
 -0.359933585579315       0.357095140449514     
 -0.295857336497161       0.367594941103540     
 -0.219041199446414       0.372009694803242     
 -0.127945497020904       0.369557449743915     
 -2.015981247239802E-002  0.359064835865928     
  0.107545725397330       0.340093317399931     
  0.259819465894883       0.312090788806250     
  0.442401859583102       0.275487452840939     
  0.662720878633047       0.231165102870692     
  0.927959001123400       0.181241404839458     
   1.24589294108204       0.129090442177803     
   1.61884751949459       7.925321818141863E-002
   2.04629055610970       3.804981183866468E-002
   2.51369157454970       9.880127109774924E-003
   3.00000000000000       0.000000000000000E+000
  1.018557979702856E-312  0.000000000000000E+000
 -4.872377934181124E-002  4.074475852159354E-004
 -9.262339728748599E-002  1.492276380321137E-003
 -0.132762099532089       3.180416837746933E-003
 -0.169991002486196       5.311541785871763E-003
 -0.205021088640455       7.919540957300327E-003
 -0.238395491319415       1.099817064220695E-002
 -0.270552233260123       1.463375951874493E-002
 -0.301784987920388       1.891584819608524E-002
 -0.332293705833590       2.396849761677234E-002
 -0.362139520485518       2.996293383289209E-002
 -0.391286414224383       3.703142058122953E-002
 -0.419555653662953       4.540024157584160E-002
 -0.446664349208481       5.517307693649414E-002
 -0.472180710206430       6.659185217010302E-002
 -0.495572997017903       7.968345912621995E-002
 -0.516158264378517       9.464070013556883E-002
 -0.533186490929011       0.111360605800990     
 -0.545760044951724       0.129893817910779     
 -0.552990732643075       0.149963725825332     
 -0.553845776503778       0.171366341867258     
 -0.547423762315732       0.193636226357187     
 -0.532662180678486       0.216210302913644     
 -0.508772705866205       0.238463202157246     
 -0.474735441455908       0.259421228896087     
 -0.429911052945236       0.278371250153708     
 -0.373256214494553       0.293982213455176     
 -0.304096334952479       0.305548464693605     
 -0.221026825123893       0.311578617435035     
 -0.122808656813801       0.311484842465618     
 -6.978200460850895E-003  0.303983484509204     
  0.129153295424217       0.288771604037071     
  0.289986428766173       0.265352846550269     
  0.480470410681957       0.234076565811670     
  0.707080380393134       0.196101335100099     
  0.976198130887576       0.153006300636911     
   1.29364230056722       0.108490255108671     
   1.66180209979501       6.588593393663039E-002
   2.07817114106222       3.143883169226083E-002
   2.53073522398231       7.993493320104983E-003
   3.00000000000000       0.000000000000000E+000
  1.018557979702856E-312  0.000000000000000E+000
 -4.917386381305418E-002  6.633627774491031E-005
 -9.342941611270661E-002  2.102870704979431E-004
 -0.133832118318054       4.335378006591806E-004
 -0.171327838843888       6.673926279767877E-004
 -0.206641494448149       9.960201546458398E-004
 -0.240372138097545       1.457613228865568E-003
 -0.272982259876049       2.181513580219563E-003
 -0.304797237653681       3.271121841262462E-003
 -0.336046329571673       4.900216014768189E-003
 -0.366801515222352       7.234387594063585E-003
 -0.397054777020628       1.047597382388564E-002
 -0.426613600916560       1.483279596109868E-002
 -0.455213506361212       2.051104721629504E-002
 -0.482376390574564       2.772604339874713E-002
 -0.507568674587131       3.664626456808991E-002
 -0.530020898110400       4.743434750924997E-002
 -0.548949364417765       6.016362979848863E-002
 -0.563328796372835       7.485801704085307E-002
 -0.572196536659864       9.143112040701626E-002
 -0.574364083302740       0.109666902874509     
 -0.568813682369372       0.129266280010352     
 -0.554330081567998       0.149683629863710     
 -0.529977846856671       0.170391590561894     
 -0.494633297642776       0.190477206383405     
 -0.447502833234734       0.209226828577209     
 -0.387541175958793       0.225416508533759     
 -0.313946107450051       0.238252772700164     
 -0.225461952992283       0.246375854818675     
 -0.120801527937763       0.249091926965430     
  2.160395675341677E-003  0.245214584446286     
  0.145963212429703       0.234425569351803     
  0.314467713981663       0.216186804599203     
  0.512015002143138       0.191009304902520     
  0.744444030687177       0.159719521056398     
   1.01673508494633       0.124170308889439     
   1.33438356441213       8.727728981574101E-002
   1.69788452896022       5.244120757119576E-002
   2.10553636803521       2.464563374882374E-002
   2.54520605848001       6.122726528698878E-003
   3.00000000000000       0.000000000000000E+000
  1.018557979702856E-312  0.000000000000000E+000
 -4.896640766189538E-002 -2.867479952232591E-004
 -9.297382575229754E-002 -1.128446468894432E-003
 -0.133184869518008      -2.399445783788031E-003
 -0.170518738474470      -4.112445034992068E-003
 -0.205763710533891      -6.114676170962985E-003
 -0.239519183918707      -8.330028330451817E-003
 -0.272288831777839      -1.059870862860362E-002
 -0.304414239193587      -1.278661690672828E-002
 -0.336150373962340      -1.471140088145245E-002
 -0.367593987941163      -1.616888512558825E-002
 -0.398745794966437      -1.696001983787789E-002
 -0.429438838244078      -1.681487032117517E-002
 -0.459392032431850      -1.553638630281393E-002
 -0.488144096125937      -1.280905283090859E-002
 -0.515106911311098      -8.475820771090353E-003
 -0.539508009890335      -2.226919916819607E-003
 -0.560459517368442       6.000493131880563E-003
 -0.576902313600572       1.642025869569016E-002
 -0.587717517159830       2.894182919977735E-002
 -0.591644822742617       4.355724768373351E-002
 -0.587474638276865       5.997982220029045E-002
 -0.573883938851840       7.784343544845643E-002
 -0.549750289878950       9.666528810718253E-002
 -0.513822604505873       0.115628098732483     
 -0.465183362314681       0.134107993665409     
 -0.402672598278068       0.150857268414264     
 -0.325490126413107       0.165217854380161     
 -0.232326598079787       0.175703236175476     
 -0.122075318627567       0.181769148412137     
  7.295484958641137E-003  0.182087206234251     
  0.157939898546717       0.176411162420126     
  0.333308297376975       0.164177048272347     
  0.537190972291090       0.145725966610348     
  0.774447536536296       0.122061334688974     
   1.04960481248006       9.439139110537928E-002
   1.36657416393359       6.592047348953067E-002
   1.72621318763708       3.876683962700529E-002
   2.12569647920804       1.798979864362145E-002
   2.55511503940364       4.216521281825546E-003
   3.00000000000000       0.000000000000000E+000
  1.018557979702856E-312  0.000000000000000E+000
 -4.805616116954942E-002 -6.394795977728979E-004
 -9.128495457777683E-002 -2.453090823953561E-003
 -0.130802522488664      -5.236980534270915E-003
 -0.167577551045180      -8.893878934288399E-003
 -0.202377999886421      -1.323553331194417E-002
 -0.235835272426293      -1.813485652340515E-002
 -0.268455685680988      -2.341241204513975E-002
 -0.300607671259562      -2.891613647542903E-002
 -0.332564184377059      -3.444365433814611E-002
 -0.364443047825832      -3.979242323852251E-002
 -0.396272028821436      -4.472540403000032E-002
 -0.427891339906378      -4.898594127901166E-002
 -0.459048461147533      -5.230247861696713E-002
 -0.489261374418166      -5.437923652531142E-002
 -0.517961834683286      -5.493166174188687E-002
 -0.544312063739017      -5.367179709593504E-002
 -0.567422410448606      -5.034819295955104E-002
 -0.586110951418715      -4.476542947703370E-002
 -0.599222236498623      -3.677384307691006E-002
 -0.605316392420475      -2.638863647643864E-002
 -0.603105049044461      -1.363886759525310E-002
 -0.591052416891513       1.123190743196282E-003
 -0.567921788005883       1.763330707001281E-002
 -0.532266060650412       3.511837389601880E-002
 -0.483046238524657       5.307553614121274E-002
 -0.418988066109709       7.033002853061261E-002
 -0.339214719038897       8.622583875745267E-002
 -0.242438818728776       9.935516749707377E-002
 -0.127599112171896       0.109095575547414     
  7.145179337730428E-003  0.114150239603568     
  0.163661161734414       0.114208447272852     
  0.345055302826545       0.108592526808455     
  0.554405727633506       9.769140409848465E-002
  0.796211490802738       8.210568436175564E-002
   1.07373559225391       6.318855212298226E-002
   1.39086820087957       4.330590546348140E-002
   1.74717182462242       2.461706124295959E-002
   2.14072229389760       1.089555110286566E-002
   2.56244841256604       2.293046752937815E-003
   3.00000000000000       0.000000000000000E+000
  1.018557979702856E-312  0.000000000000000E+000
 -4.647024806430471E-002 -9.921820580837224E-004
 -8.832154612764040E-002 -3.773798085269696E-003
 -0.126697150162624      -8.017345120513962E-003
 -0.162491192757615      -1.357130837351833E-002
 -0.196494630944118      -2.018405110547440E-002
 -0.229309423822229      -2.770605127288637E-002
 -0.261466051629472      -3.593131810904191E-002
 -0.293331369173653      -4.470353456544148E-002
 -0.325205762782004      -5.381249112600561E-002
 -0.357224690669398      -6.305252604427194E-002
 -0.389441810812896      -7.218624526978686E-002
 -0.421726652315592      -8.093587555405703E-002
 -0.453839091406873      -8.902989191848661E-002
 -0.485329666109115      -9.611225574339516E-002
 -0.515610455108087      -0.101893963441957     
 -0.543868738858948      -0.105967805362655     
 -0.569140904702742      -0.108068985774473     
 -0.590249360521372      -0.107813468733818     
 -0.605892417511139      -0.105024567510741     
 -0.614601271408371      -9.947095054978519E-002
 -0.614868305199336      -9.113387717368464E-002
 -0.605090486965775      -8.010472910912418E-002
 -0.583768331683440      -6.657100792797896E-002
 -0.549362041969212      -5.110308131755465E-002
 -0.500589150742274      -3.409089211323157E-002
 -0.436094151035952      -1.664121791385703E-002
 -0.354858397221624       7.401557160614203E-004
 -0.255593531877144       1.655405007114422E-002
 -0.137260162229319       3.032029071214169E-002
  1.795795437691237E-003  4.056163108162792E-002
  0.163236822305592       4.699818887135524E-002
  0.349658379833279       4.882970908492820E-002
  0.563817478337996       4.618776375320652E-002
  0.809245845075572       3.975883774526061E-002
   1.08904738951346       3.009419706871782E-002
   1.40583973832244       1.985985395261317E-002
   1.75977483594138       9.734665135993666E-003
   2.14849185640336       3.741937841297211E-003
   2.56490012093412       2.350221852158379E-004
   3.00000000000000       0.000000000000000E+000
  1.018557979702856E-312  0.000000000000000E+000
 -4.422063343300040E-002 -1.316491209370112E-003
 -8.418980006141465E-002 -4.994136993593324E-003
 -0.120949843853304      -1.063684321428693E-002
 -0.155383136038539      -1.797796708805377E-002
 -0.188221702701733      -2.675408835846683E-002
 -0.220068543715573      -3.676541937998304E-002
 -0.251430436658228      -4.781782008851233E-002
 -0.282694300680566      -5.973507579601091E-002
 -0.314161960029745      -7.232715386519439E-002
 -0.346002466937968      -8.538510912938016E-002
 -0.378289873680938      -9.868178883188947E-002
 -0.410929820077548      -0.111944354937923     
 -0.443715978709679      -0.124879715327491     
 -0.476219945025448      -0.137139262452699     
 -0.507893532788025      -0.148355659544777     
 -0.537905986709218      -0.158126436279334     
 -0.565327559961953      -0.166028327960754     
 -0.588896614719727      -0.171673414042416     
 -0.607322959834018      -0.174636353979452     
 -0.618969358117716      -0.174666680576278     
 -0.622299729329969      -0.171423960604600     
 -0.615463514134780      -0.164959072945289     
 -0.596886136415303      -0.155120356036938     
 -0.564744183573461      -0.142415469904841     
 -0.517653398419700      -0.126958040147140     
 -0.454007978855780      -0.109780690697902     
 -0.372720100440440      -9.125089931857508E-002
 -0.272365180161342      -7.280333071179521E-002
 -0.151967969957982      -5.494492272141886E-002
 -9.905711990546762E-003 -3.915371345007457E-002
  0.155148341173358      -2.582203592103785E-002
  0.345646248272012      -1.592661535155472E-002
  0.563594920188743      -9.409899982018292E-003
  0.812433381971120      -6.085651046598479E-003
   1.09412771012104      -5.381334834574028E-003
   1.41154951686224      -5.605627609805456E-003
   1.76402178568136      -6.047813137312925E-003
   2.15016219551349      -4.130774523431744E-003
   2.56459423564164      -1.871328932174387E-003
   3.00000000000000       0.000000000000000E+000
  1.018557979702856E-312  0.000000000000000E+000
 -4.135393425736560E-002 -1.625192784959835E-003
 -7.891635396533060E-002 -6.133956840448478E-003
 -0.113665447588363      -1.302939665235014E-002
 -0.146362637890822      -2.200013663685337E-002
 -0.177712229375586      -3.273677200180799E-002
 -0.208257964935567      -4.503818324313563E-002
 -0.238508697014981      -5.869241783400148E-002
 -0.268829835372205      -7.355052193791839E-002
 -0.299550185199957      -8.941661967791893E-002
 -0.330845021872984      -0.106122169018684     
 -0.362832723862415      -0.123435857817661     
 -0.395446363000776      -0.141119904192768     
 -0.428528699867511      -0.158871659436393     
 -0.461694323137979      -0.176348625268635     
 -0.494428840964108      -0.193161909395985     
 -0.525951858838269      -0.208857588879514     
 -0.555323470282352      -0.222970717191934     
 -0.581326197816276      -0.234976396146542     
 -0.602581869580507      -0.244379996970930     
 -0.617472672236534      -0.250695882219057     
 -0.624271357950824      -0.253477094785222     
 -0.621103229968839      -0.252464786874472     
 -0.606102123868699      -0.247358678634631     
 -0.577374781174918      -0.238358226053068     
 -0.533193724715415      -0.225377726742159     
 -0.471871043446729      -0.209256382021870     
 -0.392008754502381      -0.190131832990776     
 -0.292180811114840      -0.169445708792881     
 -0.171220402811083      -0.147510325864407     
 -2.770547375180626E-002 -0.126014250328816     
  0.139708708736883      -0.105284002980351     
  0.332937341854544      -8.655308657589166E-002
  0.553934582403888      -7.008749083657818E-002
  0.805183998916663      -5.573197209914856E-002
   1.08881646793784      -4.395041198428538E-002
   1.40664133552794      -3.272082119508210E-002
   1.75881218081442      -2.317845150231709E-002
   2.14404643003157      -1.228041098073202E-002
   2.55876006927381      -4.228530746917830E-003
   3.00000000000000       0.000000000000000E+000
  1.018557979702856E-312  0.000000000000000E+000
 -3.795263313773732E-002 -1.875262670183008E-003
 -7.268781816383886E-002 -7.083655562386150E-003
 -0.105033723474349      -1.508270453526496E-002
 -0.135667981529231      -2.546046596799965E-002
 -0.165201466696130      -3.792405388210018E-002
 -0.194142878738743      -5.223163988473949E-002
 -0.222951949909257      -6.821600069427552E-002
 -0.252004114855424      -8.570854729133830E-002
 -0.281610036064418      -0.104576344136078     
 -0.311989413172707      -0.124641387515150     
 -0.343267111283769      -0.145739572588881     
 -0.375443878027650      -0.167626563508655     
 -0.408390819125351      -0.190051955780823     
 -0.441797481468773      -0.212663846362240     
 -0.475197153133696      -0.235082873166023     
 -0.507866297793990      -0.256835818047753     
 -0.538925146616177      -0.277389010832005     
 -0.567158639652029      -0.296178672440615     
 -0.591246055085539      -0.312529295227290     
 -0.609477712548082      -0.325887299032103     
 -0.620155692318499      -0.335493973496369     
 -0.621190202519496      -0.340987495419149     
 -0.610690401980558      -0.341651189827364     
 -0.586437675393953      -0.337551785613530     
 -0.546614396750043      -0.328160467287981     
 -0.489161597257355      -0.314169097144945     
 -0.412567984340483      -0.295385703455491     
 -0.315114982050405      -0.273130717854500     
 -0.195617753984349      -0.247588523072527     
 -5.247493195685627E-002 -0.220454043697847     
  0.115389352081662      -0.192118839238837     
  0.310017980128408      -0.164055031669229     
  0.532661274826209      -0.136726690329900     
  0.786002057617770      -0.110603105523164     
   1.07113510536658      -8.629046089023305E-002
   1.39046429790010      -6.298240943322243E-002
   1.74359915174061      -4.182231726089135E-002
   2.13039907410992      -2.155109004756711E-002
   2.54977209302927      -6.678764350862733E-003
   3.00000000000000       0.000000000000000E+000
  1.018557979702856E-312  0.000000000000000E+000
 -3.407850596443902E-002 -2.092789105212366E-003
 -6.560892831761589E-002 -7.870479085237473E-003
 -9.525418950193891E-002 -1.673761495347651E-002
 -0.123538631360703      -2.825472050794183E-002
 -0.150989838043494      -4.211217346456320E-002
 -0.178035647499694      -5.808854787365193E-002
 -0.205111664273402      -7.601143158199258E-002
 -0.232554435855614      -9.576791670144635E-002
 -0.260696154277832      -0.117221478883492     
 -0.289748126839459      -0.140276063284681     
 -0.319893033462247      -0.164758987287912     
 -0.351148765153012      -0.190522104382592     
 -0.383471085246237      -0.217296211128086     
 -0.416590852779221      -0.244820963885692     
 -0.450138214825135      -0.272680268216780     
 -0.483452181441148      -0.300457653446696     
 -0.515736151282308      -0.327552878764164     
 -0.545848899098693      -0.353382128622263     
 -0.572498437761898      -0.377160783884112     
 -0.594038017843181      -0.398196281185486     
 -0.608696813730669      -0.415556495012795     
 -0.614403039244646      -0.428601777597281     
 -0.609051956418450      -0.436370644701358     
 -0.590371704104096      -0.438551640547000     
 -0.556194331322203      -0.434278513502035     
 -0.504339146171096      -0.423884993415422     
 -0.432865057302628      -0.406797720735305     
 -0.339945310964263      -0.384187051197333     
 -0.223999191336138      -0.355812148038951     
 -8.348062821980771E-002 -0.323566757716497     
  8.300835129963714E-002 -0.287579314314622     
  0.277024355419409      -0.249700063035181     
  0.500209646117598      -0.210751268929855     
  0.754277539512333      -0.171422129466249     
   1.04094648173454      -0.133606131306939     
   1.36162741860934      -9.620869821955998E-002
   1.71715126406520      -6.282743374438479E-002
   2.10778039176007      -3.145451601955712E-002
   2.53414429035980      -9.571451097044463E-003
   3.00000000000000       0.000000000000000E+000
  1.018557979702856E-312  0.000000000000000E+000
 -2.988907511489576E-002 -2.224792157186643E-003
 -5.793495602345580E-002 -8.391142814303794E-003
 -8.462114973541167E-002 -1.789286967383014E-002
 -0.110316226396100      -3.022760809746966E-002
 -0.135434609837517      -4.512893128361132E-002
 -0.160332931197454      -6.235303151646180E-002
 -0.185380031852189      -8.179778113368490E-002
 -0.210909057948868      -0.103332463186920     
 -0.237214964203193      -0.126917650123932     
 -0.264557766348998      -0.152439726002132     
 -0.293105655009971      -0.179845583432710     
 -0.322968983200894      -0.208965796861074     
 -0.354111695719523      -0.239663847947164     
 -0.386392694232563      -0.271649872048716     
 -0.419475941740212      -0.304632924567890     
 -0.452847678759316      -0.338149733641734     
 -0.485771693742047      -0.371681994777558     
 -0.517240893580532      -0.404566722902759     
 -0.546043103165408      -0.436006782450683     
 -0.570598999068865      -0.465181291691538     
 -0.589212733927031      -0.490990697934397     
 -0.599748121739446      -0.512598808561233     
 -0.600130598305734      -0.528691603063826     
 -0.587857047960620      -0.538692605030374     
 -0.560693582293481      -0.541206039278137     
 -0.516070479444982      -0.536257824817799     
 -0.451889871586664      -0.522692677140416     
 -0.365865947635409      -0.501432860264327     
 -0.256238186358736      -0.471722742248165     
 -0.120956118102516      -0.435365494078714     
  4.137191358510204E-002 -0.392372306926127     
  0.232660161253468      -0.344750572115917     
  0.454123577843653      -0.293575606283800     
  0.708091323074283      -0.240324652715051     
  0.995287370949290      -0.187144630590247     
   1.31848982158680      -0.134620453883839     
   1.67789821487758      -8.650041094129704E-002
   2.07537688351343      -4.321776992071044E-002
   2.51461556371964      -1.264578422764993E-002
   3.00000000000000       0.000000000000000E+000
  1.018557979702856E-312  0.000000000000000E+000
 -2.545129606782855E-002 -2.309187165005006E-003
 -4.984615319710393E-002 -8.675998597528907E-003
 -7.341055360287349E-002 -1.851074707064605E-002
 -9.635495278816367E-002 -3.130657571789372E-002
 -0.118959759482313      -4.681827860022423E-002
 -0.141496077032532      -6.483896456103315E-002
 -0.164282069488979      -8.527522900786362E-002
 -0.187602243892354      -0.108068618668260     
 -0.211761520838132      -0.133176273770322     
 -0.236995707139476      -0.160594169845742     
 -0.263533184874805      -0.190253391412672     
 -0.291481708076257      -0.222131234793742     
 -0.320912124744302      -0.256061511777085     
 -0.351705889894963      -0.291932024487724     
 -0.383677515380125      -0.329401471619952     
 -0.416365018333882      -0.368195171746943     
 -0.449214705784905      -0.407711283533780     
 -0.481298167867494      -0.447445509653771     
 -0.511588436177530      -0.486465180701617     
 -0.538593207984763      -0.524015567643997     
 -0.560753704230713      -0.558777198067368     
 -0.575989302548642      -0.589808985219128     
 -0.582242244401885      -0.615483982710868     
 -0.576972993197851      -0.634906997086132     
 -0.557797413646349      -0.646202321449535     
 -0.521955067750731      -0.648922554954495     
 -0.467000033795940      -0.641311603178294     
 -0.390345732168837      -0.623874989182114     
 -0.289725327385913      -0.595003012773942     
 -0.162851656703453      -0.556405456436673     
 -7.582066305536104E-003 -0.507564889432968     
  0.177774185534056      -0.450858982431611     
  0.395404922127050      -0.387225381274458     
  0.646887294496394      -0.318882838320283     
  0.934380241932594      -0.249150978140313     
   1.25941708370065      -0.178577917668778     
   1.62449788111005      -0.114562392091241     
   2.03163569882192      -5.633220669140754E-002
   2.48645426349460      -1.652902060296863E-002
   3.00000000000000       0.000000000000000E+000
  1.018557979702856E-312  0.000000000000000E+000
 -2.098872582937094E-002 -2.291049371923378E-003
 -4.163770861872342E-002 -8.651580623624694E-003
 -6.199750680221185E-002 -1.852370112723847E-002
 -8.206678938381889E-002 -3.139645126470773E-002
 -0.102017411655736      -4.708646334161825E-002
 -0.122022127434556      -6.538881004125500E-002
 -0.142328313292572      -8.629055748834584E-002
 -0.163203195425111      -0.109717003456323     
 -0.184899744361206      -0.135736900097812     
 -0.207697162257981      -0.164317507159538     
 -0.231784344102755      -0.195541174241053     
 -0.257369158815205      -0.229345358332438     
 -0.284497371210822      -0.265760402279591     
 -0.313211046315843      -0.304621202104243     
 -0.343320473926160      -0.345825015700509     
 -0.374587310310324      -0.389021761456324     
 -0.406481785944174      -0.433871902070662     
 -0.438351415047926      -0.479755289410103     
 -0.469223554783914      -0.525980490412747     
 -0.497893534987194      -0.571608986063714     
 -0.522875287048076      -0.615468407881512     
 -0.542318985681906      -0.656325160382667     
 -0.554227598736048      -0.692507014840123     
 -0.556134659498776      -0.722705440543349     
 -0.545636936687208      -0.744678886937823     
 -0.519780325014696      -0.757436598900677     
 -0.475953232283960      -0.758557678803939     
 -0.411143453091264      -0.747961479149221     
 -0.322655852009032      -0.723139191892045     
 -0.207640095218669      -0.685245648287194     
 -6.348763861364912E-002 -0.633143565281414     
  0.112101009387026      -0.569275790852843     
  0.321432704086252      -0.493813153052745     
  0.568055213857325      -0.410230854538828     
  0.853312175391666      -0.321971928003181     
   1.18110998901807      -0.231756351004465     
   1.55327137673576      -0.147844180387779     
   1.97430797885891      -7.294688853971495E-002
   2.45286429982497      -2.081903065098952E-002
   3.00000000000000       0.000000000000000E+000
  1.018557979702856E-312  0.000000000000000E+000
 -1.655930624852794E-002 -2.215930289133882E-003
 -3.354750514847715E-002 -8.344915518461305E-003
 -5.069564690755221E-002 -1.792906315856577E-002
 -6.787808720920405E-002 -3.047802907327269E-002
 -8.510044069011111E-002 -4.586978364257478E-002
 -0.102468279256285      -6.394278186188189E-002
 -0.120158957941768      -8.470315903093767E-002
 -0.138392141869659      -0.108147344390445     
 -0.157415787753308      -0.134335032482359     
 -0.177470276987624      -0.163347467116603     
 -0.198793545166172      -0.195237807078719     
 -0.221563997263197      -0.230113687558043     
 -0.245933261891100      -0.267959158704644     
 -0.271931120922292      -0.308846382018039     
 -0.299540725424593      -0.352605013076624     
 -0.328538426289200      -0.399191164343637     
 -0.358643816945480      -0.448166080414007     
 -0.389252113169487      -0.499267825075714     
 -0.419715837896017      -0.551653494096013     
 -0.448904230921404      -0.604741875608928     
 -0.475707030884445      -0.657132525919435     
 -0.498343954008499      -0.707844393447690     
 -0.515187552583246      -0.754878411911084     
 -0.523759560931930      -0.796942732643574     
 -0.521949247745874      -0.831248028235794     
 -0.506604137221931      -0.856443225878756     
 -0.475197016388715      -0.869441398828633     
 -0.424234583652261      -0.869435245947632     
 -0.350870955972069      -0.852727672379442     
 -0.251415743028568      -0.819787440196330     
 -0.122600493385020      -0.768376569804609     
  3.863547947608888E-002 -0.701053374009429     
  0.235946770948952      -0.615711109758910     
  0.472879175469952      -0.516858358844650     
  0.754374457559344      -0.409274895714115     
   1.08228244355459      -0.295880386319622     
   1.46309469738653      -0.189828319139770     
   1.90068735333044      -9.282337534523608E-002
   2.40670545705171      -2.700078174129386E-002
   3.00000000000000       0.000000000000000E+000
  1.018557979702856E-312  0.000000000000000E+000
 -1.242858393221877E-002 -2.036999851615252E-003
 -2.586531507671566E-002 -7.736096898101277E-003
 -3.991294026156780E-002 -1.671596304913855E-002
 -5.421429876603478E-002 -2.855366310124565E-002
 -6.869990488303519E-002 -4.319461092057068E-002
 -8.337187972744098E-002 -6.050286227896104E-002
 -9.834807190512097E-002 -8.055559540564651E-002
 -0.113823080920408      -0.103330860715871     
 -0.129985131332025      -0.128988780449339     
 -0.147104222679186      -0.157566671499487     
 -0.165355584897758      -0.189267725264445     
 -0.185002585055017      -0.224137189375607     
 -0.206134918830651      -0.262378649148346     
 -0.228937704668651      -0.303983880855059     
 -0.253339376112687      -0.349089614668413     
 -0.279364954126718      -0.397545652815047     
 -0.306693656659727      -0.449320005317703     
 -0.335083767607044      -0.504001965507541     
 -0.363866183124695      -0.561248912638151     
 -0.392393303307706      -0.620255791939876     
 -0.419552601228418      -0.680181417680085     
 -0.444140424956785      -0.739700045793540     
 -0.464535466536944      -0.797315868602790     
 -0.478816085569516      -0.851222875196708     
 -0.484839454146908      -0.898919258737170     
 -0.479885003563892      -0.938245454981555     
 -0.461295108264385      -0.965999023664641     
 -0.425749795492475      -0.980375566060071     
 -0.370026839367067      -0.976680921494617     
 -0.289963856988151      -0.954352071698747     
 -0.181761822716868      -0.909317564216306     
 -4.086847060549181E-002 -0.843939733924725     
  0.137638964826983      -0.753338739355630     
  0.360080510009846      -0.641978063845177     
  0.632336038838892      -0.515249389908956     
  0.958959435010835      -0.378223240501496     
   1.34527223120223      -0.243679932238867     
   1.80565229601390      -0.120938388899896     
   2.35055952443323      -3.438901303387788E-002
   3.00000000000000       0.000000000000000E+000
  1.018557979702856E-312  0.000000000000000E+000
 -8.630089106941283E-003 -1.799364692276900E-003
 -1.885339762197885E-002 -6.840814889261965E-003
 -2.994669846193632E-002 -1.492641049070562E-002
 -4.150606839028367E-002 -2.567641997418620E-002
 -5.329873722304204E-002 -3.912803460036539E-002
 -6.530039705496954E-002 -5.518347227279432E-002
 -7.755727743512524E-002 -7.393779133869506E-002
 -9.022656842389867E-002 -9.542210611665129E-002
 -0.103479816576447      -0.119772002851845     
 -0.117536315512993      -0.147118506910546     
 -0.132599463884311      -0.177614310412765     
 -0.148875470860406      -0.211461266416706     
 -0.166534487631059      -0.248792266300321     
 -0.185708354999105      -0.289843518575540     
 -0.206477519361592      -0.334657804586579     
 -0.228828451936136      -0.383444269452160     
 -0.252690877006280      -0.436044390782013     
 -0.277808697589098      -0.492544805534988     
 -0.303890977542010      -0.552427150134749     
 -0.330304367609144      -0.615520837352096     
 -0.356461216523130      -0.680749362450671     
 -0.381190415205548      -0.747509115638828     
 -0.403546882606545      -0.813969496358668     
 -0.421613815259918      -0.878983822327911     
 -0.434041049327508      -0.939590482625241     
 -0.437992361399475      -0.993924708140194     
 -0.431646037803032       -1.03831837228781     
 -0.411197449519017       -1.07063414453772     
 -0.374301582268263       -1.08487553084497     
 -0.315662948934919       -1.07941111264761     
 -0.231787311218828       -1.04875407141905     
 -0.116427682683171      -0.993577051642268     
  3.634488601249496E-002 -0.904850828605865     
  0.234897647630995      -0.786149001469133     
  0.491097555252478      -0.643587914515189     
  0.808599223608142      -0.484571945008246     
   1.20161651981712      -0.318838134557701     
   1.68213460098437      -0.157341773854499     
   2.27322618159995      -4.718186768922265E-002
   3.00000000000000       0.000000000000000E+000
  1.018557979702856E-312  0.000000000000000E+000
 -5.427691499883218E-003 -1.478172753779212E-003
 -1.273391955163339E-002 -5.716366731816367E-003
 -2.116083713262296E-002 -1.263199056866193E-002
 -3.011243359594882E-002 -2.198072441195370E-002
 -3.933935478424670E-002 -3.385651184377637E-002
 -4.874454854733700E-002 -4.819816063766689E-002
 -5.833623932485352E-002 -6.514465297159544E-002
 -6.825138524619147E-002 -8.469843962309635E-002
 -7.860075292010187E-002 -0.107062089066986     
 -8.961573453797514E-002 -0.132304303718865     
 -0.101422319315069      -0.160692786025040     
 -0.114277780584878      -0.192343130355905     
 -0.128263958501544      -0.227577716581622     
 -0.143624041937454      -0.266522043085748     
 -0.160342571627243      -0.309515703898467     
 -0.178611411884400      -0.356624773528156     
 -0.198257095941711      -0.408135841286616     
 -0.219367718405072      -0.463945874010726     
 -0.241538263638283      -0.524175322915736     
 -0.264672164291225      -0.588391672473747     
 -0.288051791184302      -0.656389212240827     
 -0.311276273877046      -0.727198804435854     
 -0.333239568027630      -0.800076762120598     
 -0.353040072649075      -0.873321285566854     
 -0.369135338216964      -0.945258133962768     
 -0.379957995287368       -1.01316436574691     
 -0.383484599710587       -1.07446804396806     
 -0.377026063657912       -1.12593154402806     
 -0.357903367995981       -1.16199832592060     
 -0.321644771015314       -1.17900234556247     
 -0.263960122730155       -1.17106122293281     
 -0.179456259530674       -1.13626418340109     
 -5.986029292128275E-002  -1.06227712442857     
  0.103895008686546      -0.950251363206289     
  0.325321722364982      -0.798977306031268     
  0.619603733643611      -0.624174924135276     
   1.00282647197339      -0.419961832920474     
   1.51351987376453      -0.210505582049952     
   2.17715720017420      -6.220261144463092E-002
   3.00000000000000       0.000000000000000E+000
  1.018557979702856E-312  0.000000000000000E+000
 -2.820092140506017E-003 -1.109247151991935E-003
 -7.748617224721460E-003 -4.364722754830333E-003
 -1.377568245110724E-002 -9.930702306485266E-003
 -2.038107405391083E-002 -1.761732472135971E-002
 -2.720533985690592E-002 -2.761235840287091E-002
 -3.417680203033729E-002 -3.987774175032195E-002
 -4.125665594150826E-002 -5.454699309478764E-002
 -4.855457264083578E-002 -7.165056167543155E-002
 -5.616301625491679E-002 -9.134015636430728E-002
 -6.425373732088802E-002 -0.113742641214075     
 -7.295884223922983E-002 -0.139050117199356     
 -8.245895620724696E-002 -0.167486969213308     
 -9.287743518151266E-002 -0.199278166559390     
 -0.104373408882018      -0.234737800603257     
 -0.117029925951243      -0.274079383508918     
 -0.130953089065065      -0.317680266741471     
 -0.146157130931832      -0.365659250170850     
 -0.162646646194343      -0.418405352154193     
 -0.180336182722414      -0.475812757569122     
 -0.199051521390690      -0.538189632646932     
 -0.218576855345715      -0.605028663102453     
 -0.238440928296662      -0.676411670380281     
 -0.258278599666769      -0.751182472796685     
 -0.277124881654202      -0.828986292884480     
 -0.294450410791765      -0.907716748004378     
 -0.308613612398666      -0.986174605034506     
 -0.318975001747462       -1.06124283295592     
 -0.322636841673201       -1.13098875854738     
 -0.318792659659147       -1.18901302403249     
 -0.302385233224996       -1.23162054494133     
 -0.271531663838178       -1.25339506432179     
 -0.218622548625774       -1.25011933523973     
 -0.138966182369846       -1.20544110663040     
 -1.767164212023691E-002  -1.11759370047198     
  0.159268438208221      -0.978943792834981     
  0.413950577562814      -0.803590363300482     
  0.780818138298446      -0.561269058466989     
   1.29845043901278      -0.273507276539480     
   2.03860584956181      -7.909379186417748E-002
   3.00000000000000       0.000000000000000E+000
  1.018557979702856E-312  0.000000000000000E+000
 -1.008008359659554E-003 -7.120733376987041E-004
 -3.977390624575583E-003 -2.949581774286908E-003
 -8.002749898243460E-003 -7.017299775130244E-003
 -1.250736742784854E-002 -1.289210501776828E-002
 -1.717751509274973E-002 -2.079079347588507E-002
 -2.194089163999509E-002 -3.068956138794033E-002
 -2.673745242311265E-002 -4.273346589306433E-002
 -3.167254627873152E-002 -5.690303877310116E-002
 -3.678103852568418E-002 -7.337688963075235E-002
 -4.223029731026035E-002 -9.220420676172669E-002
 -4.807488497259430E-002 -0.113635853434681     
 -5.450709098814834E-002 -0.137793852495617     
 -6.155847022828986E-002 -0.165016217064973     
 -6.943777565216529E-002 -0.195482656867453     
 -7.812062188388867E-002 -0.229608807477224     
 -8.783117719862095E-002 -0.267593473265465     
 -9.845340173112152E-002 -0.309899034815910     
 -0.110222848810148      -0.356676387927976     
 -0.122887421455036      -0.408379183056951     
 -0.136680508205227      -0.464999480550939     
 -0.151160593054757      -0.526901110553520     
 -0.166522862434924      -0.593748384457760     
 -0.182080051854004      -0.665686444745021     
 -0.197923186111928      -0.741778573001306     
 -0.213087001415520      -0.821802547316615     
 -0.227456563583444      -0.903831290882707     
 -0.239779054283606      -0.987136514446496     
 -0.249223709905075       -1.06863628618883     
 -0.254285914575821       -1.14550931727465     
 -0.253463259183777       -1.21178887989180     
 -0.244741462214730       -1.26506493561830     
 -0.223389240539176       -1.29977529346704     
 -0.186001933307269       -1.29779039767511     
 -0.116218348543436       -1.25455499974682     
 -6.915069830400857E-004  -1.15206420037301     
  0.191172860852107      -0.999326513660834     
  0.519649975331908      -0.740722803604474     
   1.05478033374699      -0.380873681401722     
   1.87230257278681      -0.103713115366145     
   3.00000000000000       0.000000000000000E+000
  1.018557979702856E-312  0.000000000000000E+000
  7.757305810919024E-005 -3.125835544494449E-004
 -1.551907164977966E-003 -1.482436397498862E-003
 -3.909243749389272E-003 -4.081727461692235E-003
 -6.647337191212303E-003 -8.123136005034875E-003
 -9.459724063995749E-003 -1.384433220375023E-002
 -1.231909039302029E-002 -2.123914416894939E-002
 -1.516934654710301E-002 -3.039032070401844E-002
 -1.808116537719948E-002 -4.130017179045659E-002
 -2.108241879901570E-002 -5.406589750792520E-002
 -2.427542244964992E-002 -6.876350938636634E-002
 -2.770735851440694E-002 -8.555097186671376E-002
 -3.149252358558999E-002 -0.104591853236991     
 -3.566911966550982E-002 -0.126111920622580     
 -4.035866520334578E-002 -0.150371542887597     
 -4.557647872419080E-002 -0.177639945813719     
 -5.144691290498803E-002 -0.208278013922205     
 -5.795265512597098E-002 -0.242548277458244     
 -6.521048756284677E-002 -0.280911424191841     
 -7.316193322476189E-002 -0.323543069955317     
 -8.189487686192015E-002 -0.370992268899971     
 -9.130474034093725E-002 -0.423229070883622     
 -0.101407211534039      -0.480859971835870     
 -0.112054178018735      -0.543480562971074     
 -0.123125815152257      -0.611658465720969     
 -0.134463475307999      -0.684454545202393     
 -0.145719373383481      -0.762253420773559     
 -0.156833879079621      -0.843196717761922     
 -0.166794917802578      -0.927371575481501     
 -0.175705580355469       -1.01137381208434     
 -0.182177459403252       -1.09332044023555     
 -0.186987802571882       -1.17037617691351     
 -0.185581343286565       -1.24178778349335     
 -0.179455903890215       -1.28525762958338     
 -0.152912373069473       -1.29651171549534     
 -0.104237610528626       -1.26307781323550     
  7.873327778924844E-003  -1.17333980443497     
  0.237195032415442      -0.936621458180548     
  0.696544189522857      -0.537005617110847     
   1.60923541244659      -0.174197765366669     
   3.00000000000000       0.000000000000000E+000
  1.018557979702856E-312  0.000000000000000E+000
  4.227402210661022E-004 -8.529112191418784E-006
 -2.751561160273680E-004 -3.026760196046834E-004
 -1.373482759320979E-003 -1.553483221092417E-003
 -2.715579949747623E-003 -3.869088122237016E-003
 -4.055272176716891E-003 -7.470150222606524E-003
 -5.428277822997267E-003 -1.229654006906761E-002
 -6.760227899534742E-003 -1.843201708827528E-002
 -8.123786326105976E-003 -2.581568290884062E-002
 -9.502801735196227E-003 -3.454492039545227E-002
 -1.098139354727371E-002 -4.462389853519898E-002
 -1.254992409924675E-002 -5.620933679597261E-002
 -1.430839456986980E-002 -6.936734786732072E-002
 -1.622482602860098E-002 -8.433633795899437E-002
 -1.842904683987014E-002 -0.101236220875937     
 -2.084563486781723E-002 -0.120390710804967     
 -2.364993961011374E-002 -0.141958994318076     
 -2.670109743583292E-002 -0.166344322337455     
 -3.023823824262454E-002 -0.193724493912741     
 -3.402763173385706E-002 -0.224568271148056     
 -3.839367705066811E-002 -0.259038569158742     
 -4.297334391455929E-002 -0.297646515426957     
 -4.820082154455098E-002 -0.340479318577549     
 -5.353871837845930E-002 -0.388064924804472     
 -5.957326829326738E-002 -0.440291165745352     
 -6.554596758581756E-002 -0.497729620217732     
 -7.221251161935642E-002 -0.559913634755159     
 -7.850126863827696E-002 -0.627384450982653     
 -8.535650805483413E-002 -0.698837513931525     
 -9.144760039335022E-002 -0.775176320478340     
 -9.854344601038735E-002 -0.853180468359394     
 -0.104810632390829      -0.935605982375853     
 -0.109980396009337       -1.01913822346181     
 -0.109756002854557       -1.09753510363615     
 -0.106168268398243       -1.15182688876573     
 -9.589970501696841E-002  -1.20256566349946     
 -8.911055431000384E-002  -1.22734691763792     
 -5.220454858805643E-002  -1.09856383335621     
  0.185731967036884      -0.839478977952339     
  0.946578071641146      -0.306440585535486     
   3.00000000000000       0.000000000000000E+000
  1.018557979702856E-312  0.000000000000000E+000
  1.991009300837879E-004  1.991009300820413E-004
  3.938711571958391E-006  4.317531978512420E-004
 -2.690465880073379E-004  1.280197185288854E-004
 -6.233480637156852E-004 -8.333251945778929E-004
 -9.815433617630426E-004 -2.477670725586050E-003
 -1.345307478682614E-003 -4.841891832115965E-003
 -1.694526337613439E-003 -7.891060921502571E-003
 -2.047718378641820E-003 -1.162580879666889E-002
 -2.400272289581141E-003 -1.605760724096907E-002
 -2.781651909283138E-003 -2.120073841226686E-002
 -3.179621918217888E-003 -2.712867738693345E-002
 -3.637292839975213E-003 -3.387800858668173E-002
 -4.126318023312961E-003 -4.158185693324060E-002
 -4.707041877905764E-003 -5.031232073945360E-002
 -5.332133866218790E-003 -6.024490645443238E-002
 -6.080789191970941E-003 -7.150248290312561E-002
 -6.884326077270524E-003 -8.427841748600755E-002
 -7.842114363087046E-003 -9.876795191205961E-002
 -8.862568867206766E-003 -0.115145169583556     
 -1.006507063974896E-002 -0.133709475261537     
 -1.133404990450221E-002 -0.154558038019134     
 -1.280564275131028E-002 -0.178136073505803     
 -1.433929205645751E-002 -0.204389411153008     
 -1.609343358224708E-002 -0.233963368076376     
 -1.792046932240539E-002 -0.266547463504240     
 -1.996751023338914E-002 -0.303113404931420     
 -2.206265846248881E-002 -0.342861542486686     
 -2.432065421399193E-002 -0.387012792177918     
 -2.654942687632720E-002 -0.434716817645270     
 -2.939468665569814E-002 -0.487879816309714     
 -3.341343553675924E-002 -0.544049629631303     
 -3.681844823301194E-002 -0.608681463528113     
 -3.826489136882212E-002 -0.673373838175337     
 -3.876404896944299E-002 -0.734128218877857     
 -4.103105334323663E-002 -0.814507128331101     
 -5.941659723122799E-002 -0.955229546717835     
 -0.124072412913189      -0.973242166226973     
 -4.230436660604195E-002 -0.978482047614376     
  0.621389668008552      -0.589485692035209     
   3.00000000000000       0.000000000000000E+000
  1.018557979702856E-312  0.000000000000000E+000
  1.018557979702856E-312  0.000000000000000E+000
  1.018557979702856E-312  0.000000000000000E+000
  1.018557979702856E-312  0.000000000000000E+000
  1.018557979702856E-312  0.000000000000000E+000
  1.018557979702856E-312  0.000000000000000E+000
  1.018557979702856E-312  0.000000000000000E+000
  1.018557979702856E-312  0.000000000000000E+000
  1.018557979702856E-312  0.000000000000000E+000
  1.018557979702856E-312  0.000000000000000E+000
  1.018557979702856E-312  0.000000000000000E+000
  1.018557979702856E-312  0.000000000000000E+000
  1.018557979702856E-312  0.000000000000000E+000
  1.018557979702856E-312  0.000000000000000E+000
  1.018557979702856E-312  0.000000000000000E+000
  1.018557979702856E-312  0.000000000000000E+000
  1.018557979702856E-312  0.000000000000000E+000
  1.018557979702856E-312  0.000000000000000E+000
  1.018557979702856E-312  0.000000000000000E+000
  1.018557979702856E-312  0.000000000000000E+000
  1.018557979702856E-312  0.000000000000000E+000
  1.018557979702856E-312  0.000000000000000E+000
  1.018557979702856E-312  0.000000000000000E+000
  1.018557979702856E-312  0.000000000000000E+000
  1.018557979702856E-312  0.000000000000000E+000
  1.018557979702856E-312  0.000000000000000E+000
  1.018557979702856E-312  0.000000000000000E+000
  1.018557979702856E-312  0.000000000000000E+000
  1.018557979702856E-312  0.000000000000000E+000
  1.018557979702856E-312  0.000000000000000E+000
  1.018557979702856E-312  0.000000000000000E+000
  1.018557979702856E-312  0.000000000000000E+000
  1.018557979702856E-312  0.000000000000000E+000
  1.018557979702856E-312  0.000000000000000E+000
  1.018557979702856E-312  0.000000000000000E+000
  1.018557979702856E-312  0.000000000000000E+000
  1.018557979702856E-312  0.000000000000000E+000
  1.018557979702856E-312  0.000000000000000E+000
  1.018557979702856E-312  0.000000000000000E+000
  1.018557979702856E-312  0.000000000000000E+000
   3.00000000000000       0.000000000000000E+000
