  5.432309224871097E-312  0.000000000000000E+000
  2.122610839453942E-314  0.000000000000000E+000
  2.122610839453942E-314  0.000000000000000E+000
  2.122610839453942E-314  0.000000000000000E+000
  2.122610839453942E-314  0.000000000000000E+000
  2.122610839453942E-314  0.000000000000000E+000
  2.122610839453942E-314  0.000000000000000E+000
  2.122610839453942E-314  0.000000000000000E+000
  2.122610839453942E-314  0.000000000000000E+000
  2.122610839453942E-314  0.000000000000000E+000
  2.122610839453942E-314  0.000000000000000E+000
  2.122610839453942E-314  0.000000000000000E+000
  2.122610839453942E-314  0.000000000000000E+000
  2.122610839453942E-314  0.000000000000000E+000
  2.122610839453942E-314  0.000000000000000E+000
  2.122610839453942E-314  0.000000000000000E+000
  2.122610839453942E-314  0.000000000000000E+000
  2.122610839453942E-314  0.000000000000000E+000
  2.122610839453942E-314  0.000000000000000E+000
  2.122610839453942E-314  0.000000000000000E+000
  2.122610839453942E-314  0.000000000000000E+000
  2.122610839453942E-314  0.000000000000000E+000
  2.122610839453942E-314  0.000000000000000E+000
  2.122610839453942E-314  0.000000000000000E+000
  2.122610839453942E-314  0.000000000000000E+000
  2.122610839453942E-314  0.000000000000000E+000
  2.122610839453942E-314  0.000000000000000E+000
  2.122610839453942E-314  0.000000000000000E+000
  2.122610839453942E-314  0.000000000000000E+000
  2.122610839453942E-314  0.000000000000000E+000
  2.122610839453942E-314  0.000000000000000E+000
  2.122610839453942E-314  0.000000000000000E+000
  2.122610839453942E-314  0.000000000000000E+000
  2.122610839453942E-314  0.000000000000000E+000
  2.122610839453942E-314  0.000000000000000E+000
  2.122610839453942E-314  0.000000000000000E+000
  2.122610839453942E-314  0.000000000000000E+000
  2.122610839453942E-314  0.000000000000000E+000
  2.122610839453942E-314  0.000000000000000E+000
  2.122610839453942E-314  0.000000000000000E+000
   5.00000000000000       0.000000000000000E+000
  2.122610839453942E-314  0.000000000000000E+000
 -3.512680108372044E-004  3.493488502414122E-004
 -6.314043046730108E-004  1.345667458335250E-003
 -8.230980800346207E-004  2.634561477780229E-003
 -9.795316778233208E-004  4.313673121807561E-003
 -1.140650951013047E-003  6.270355757218534E-003
 -1.286360989293419E-003  8.555518755249375E-003
 -1.441918726192706E-003  1.108131644772463E-002
 -1.583897203603262E-003  1.394486487558938E-002
 -1.738417299745297E-003  1.702685474360378E-002
 -1.881632713335146E-003  2.046474409670894E-002
 -2.042389848309734E-003  2.410657862697414E-002
 -2.193962337998881E-003  2.813926043415123E-002
 -2.368042555092841E-003  3.236965458273248E-002
 -2.534042613529064E-003  3.704174869791090E-002
 -2.728404255302369E-003  4.191298370292280E-002
 -2.915413297229918E-003  4.729367578943786E-002
 -3.138474853097963E-003  5.288257710017361E-002
 -3.355586583833937E-003  5.907110561406180E-002
 -3.619929603417306E-003  6.548768314076825E-002
 -3.882178020800439E-003  7.262845677875678E-002
 -4.209456097858356E-003  8.003663758270788E-002
 -4.543430402153483E-003  8.835127135081459E-002
 -4.969895343441221E-003  9.700804259387553E-002
 -5.423180934424932E-003  0.106857920300411     
 -6.024835913781131E-003  0.117197024257586     
 -6.697868775782161E-003  0.129183593672880     
 -7.631916611689880E-003  0.141967264660555     
 -8.681235790689900E-003  0.157220706916498     
 -9.967258431511061E-003  0.173646160997813     
 -1.170689848049785E-002  0.194327762066875     
 -1.518508982560881E-002  0.217872654112435     
 -1.963938665314585E-002  0.246542914924160     
 -2.636627604829586E-002  0.282039303441065     
 -3.041292031515874E-002  0.335737980516997     
 -1.498207236958486E-002  0.377446143629153     
 -2.242363574886041E-002  0.467426641122523     
 -0.198504576065788       0.698319170838883     
 -0.229078522915488       0.617236857670481     
  0.481736858800523       0.481736858800500     
   5.00000000000000       0.000000000000000E+000
  2.122610839453942E-314  0.000000000000000E+000
 -1.343748297737498E-003  6.243903223037650E-004
 -2.155170992618762E-003  2.138130399561536E-003
 -2.816043590808650E-003  4.225237516756568E-003
 -3.361105912459997E-003  6.908007089180801E-003
 -3.954827526190072E-003  9.987649701151527E-003
 -4.467799649535241E-003  1.371917520470656E-002
 -5.045015155063665E-003  1.773318073333992E-002
 -5.541493227670174E-003  2.248572732639903E-002
 -6.117287083852827E-003  2.741476799694226E-002
 -6.612970693768833E-003  3.317888510513486E-002
 -7.210167646090272E-003  3.901732430579995E-002
 -7.725079778922230E-003  4.581518665503053E-002
 -8.367207140101612E-003  5.259066754553920E-002
 -8.920022679936907E-003  6.047911122483144E-002
 -9.630724174259959E-003  6.824979358839502E-002
 -1.024126319219278E-002  7.732039243033960E-002
 -1.104931751901149E-002  8.617658582917546E-002
 -1.174445640505159E-002  9.656185180531474E-002
 -1.269287958109732E-002  0.106636877410371     
 -1.351668554583880E-002  0.118528858501625     
 -1.467802727112716E-002  0.130025890639425     
 -1.570882249155888E-002  0.143716266599103     
 -1.721184171516181E-002  0.156962500658324     
 -1.859167561628329E-002  0.172917019376373     
 -2.067356191010314E-002  0.188459910120458     
 -2.266500870193691E-002  0.207433056987244     
 -2.575486356956288E-002  0.226209195691985     
 -2.885727248751142E-002  0.249557086414672     
 -3.382430486306010E-002  0.273298210712422     
 -3.898310133439446E-002  0.303277604586561     
 -4.787550075379578E-002  0.334711133484005     
 -5.733646056852002E-002  0.373631564992737     
 -7.253157574127155E-002  0.417747774250016     
 -9.099266902798588E-002  0.482245859594115     
 -0.124921311745414       0.557464476851913     
 -0.148399192387917       0.633297966115110     
 -0.212349323824594       0.693608262388791     
 -0.211099617227171       0.599448577598102     
   1.00874393280508       0.285489929986554     
   5.00000000000000       0.000000000000000E+000
  2.122610839453942E-314  0.000000000000000E+000
 -2.613941731648324E-003  8.015798251715611E-004
 -4.220548067733230E-003  2.742623534003167E-003
 -5.482228944751693E-003  5.390266741602500E-003
 -6.652012439115643E-003  8.737805911844334E-003
 -7.800770910608876E-003  1.269383762006629E-002
 -8.914054272921397E-003  1.732225266258480E-002
 -1.002529091014630E-002  2.253620251859026E-002
 -1.110563905128432E-002  2.842338517126789E-002
 -1.220326731660701E-002  3.487532880408257E-002
 -1.328406952269489E-002  4.200896988829454E-002
 -1.440534873901147E-002  4.969110571412731E-002
 -1.552500595647137E-002  5.808385985147183E-002
 -1.670845815898940E-002  6.702193849142819E-002
 -1.790355204885627E-002  7.671772860608621E-002
 -1.918729004185097E-002  8.696875441482246E-002
 -2.049611733482060E-002  9.804270661744749E-002
 -2.192499013949968E-002  0.109695682325606     
 -2.339792475494172E-002  0.122257819157411     
 -2.503812304191151E-002  0.135442143248642     
 -2.675582166086714E-002  0.149651915242706     
 -2.871894688662873E-002  0.164560127412554     
 -3.082178301951390E-002  0.180658452237599     
 -3.330531836400961E-002  0.197591366595780     
 -3.604293342148872E-002  0.215955381947115     
 -3.940085045923415E-002  0.235396748162324     
 -4.321401557818298E-002  0.256624410175598     
 -4.805915611519901E-002  0.279342180342069     
 -5.372836945690466E-002  0.304371461557069     
 -6.127365028141366E-002  0.331629721819149     
 -7.029271696237512E-002  0.361634788727696     
 -8.278662413139798E-002  0.395030016963310     
 -9.741028447437401E-002  0.431326107230991     
 -0.116628803369069       0.471616820725839     
 -0.140115369582430       0.513735501788220     
 -0.182047845141116       0.566636268171009     
 -0.212596064013659       0.575532401280595     
 -0.212615544845001       0.567880507646223     
  6.529356386486890E-002  0.431939479957071     
   1.31485518293956       0.171908680500064     
   5.00000000000000       0.000000000000000E+000
  2.122610839453942E-314  0.000000000000000E+000
 -4.223407430957429E-003  9.278164725168639E-004
 -6.823819219953607E-003  3.186103441656457E-003
 -8.788646950488053E-003  6.368498685173602E-003
 -1.065341934403365E-002  1.030407433177688E-002
 -1.249121352943763E-002  1.496896181993076E-002
 -1.428483683929730E-002  2.037057053720884E-002
 -1.607867471357505E-002  2.648913295207891E-002
 -1.782866489987148E-002  3.333800688190344E-002
 -1.960333597848680E-002  4.089144799531801E-002
 -2.135040653208446E-002  4.917568990789813E-002
 -2.315558063142887E-002  5.815716191065444E-002
 -2.495142160200311E-002  6.788421235750999E-002
 -2.684055806711916E-002  7.831319353504181E-002
 -2.873548877647729E-002  8.951483996838397E-002
 -3.076106017750785E-002  0.101434706662987     
 -3.280665191005447E-002  0.114165375103595     
 -3.502892961766786E-002  0.127642074423428     
 -3.729140815676931E-002  0.141978079448336     
 -3.979785303095852E-002  0.157102642402154     
 -4.238212068905688E-002  0.173148139861097     
 -4.531902940613876E-002  0.190048654697302     
 -4.840609857100392E-002  0.207951382477392     
 -5.202780391373932E-002  0.226815799440674     
 -5.593213333565843E-002  0.246789296002399     
 -6.067563698741174E-002  0.267893236718566     
 -6.593218680738737E-002  0.290237649005658     
 -7.253272248537090E-002  0.313955491977193     
 -8.001971483447884E-002  0.339002600961992     
 -8.968645087709311E-002  0.365668717372888     
 -0.100806735170318       0.393367673517810     
 -0.115222640226947       0.422707008236513     
 -0.131813693305733       0.452209475463127     
 -0.152701499756146       0.481688078703841     
 -0.174277028244653       0.504863087391342     
 -0.196508195299554       0.517628250501462     
 -0.206278746419854       0.494857096001731     
 -0.108406991039575       0.423629153011041     
  0.212033198833338       0.286417222719225     
   1.52426179510731       0.102721164372580     
   5.00000000000000       0.000000000000000E+000
  2.122610839453942E-314  0.000000000000000E+000
 -6.054969940405739E-003  1.040673496648185E-003
 -9.706844216326352E-003  3.598915351067768E-003
 -1.256252169944103E-002  7.183463591294434E-003
 -1.522116559708166E-002  1.161689974590861E-002
 -1.782376707170365E-002  1.685594967315825E-002
 -2.038211320756923E-002  2.289448055266102E-002
 -2.292440833116951E-002  2.971924715927713E-002
 -2.543063120548516E-002  3.732740313171784E-002
 -2.794608748790004E-002  4.571453707463616E-002
 -3.044812839410073E-002  5.488000876432641E-002
 -3.299429465747585E-002  6.482188456416464E-002
 -3.555398904060994E-002  7.554727217753898E-002
 -3.819394827721927E-002  8.705492906079833E-002
 -4.087165205374919E-002  9.935812326091846E-002
 -4.366569945871009E-002  0.112455995958565     
 -4.652055488808248E-002  0.126364228500818     
 -4.953465802057448E-002  0.141084217526110     
 -5.263938582214828E-002  0.156626625939330     
 -5.596672096489765E-002  0.173002042174176     
 -5.943449135680121E-002  0.190203391333727     
 -6.322975911704122E-002  0.208265498022648     
 -6.725368366465453E-002  0.227139170919051     
 -7.178210013783656E-002  0.246911672158390     
 -7.668793932194000E-002  0.267439930550856     
 -8.238785847509356E-002  0.288912557887709     
 -8.869470641380754E-002  0.310977993779597     
 -9.625246946704638E-002  0.334011798483855     
 -0.104715887706640       0.357166264467300     
 -0.115080480150495       0.381159941635546     
 -0.126544169031580       0.403991017902301     
 -0.140480384578337       0.426908879115480     
 -0.154973220385209       0.445286294431755     
 -0.171955383296770       0.461612194041618     
 -0.184274943748587       0.462958328249117     
 -0.188332133164874       0.453390211115464     
 -0.152039069844422       0.407379299333489     
 -6.613913326128828E-003  0.328367846088991     
  0.424636228113835       0.213090862076049     
   1.68077034715245       7.214253731284612E-002
   5.00000000000000       0.000000000000000E+000
  2.122610839453942E-314  0.000000000000000E+000
 -8.079180840111003E-003  1.115635454425755E-003
 -1.306336568594957E-002  3.875970139842427E-003
 -1.678852392190224E-002  7.821219357752630E-003
 -2.030135996434666E-002  1.265509160206422E-002
 -2.372676135248414E-002  1.835910888311652E-002
 -2.709629692898772E-002  2.489120908413698E-002
 -3.044743123764153E-002  3.226350351739366E-002
 -3.375240839780525E-002  4.043740664718379E-002
 -3.707053894787225E-002  4.944292272357988E-002
 -4.036652252619344E-002  5.924097099505281E-002
 -4.371704826467797E-002  6.987051519327972E-002
 -4.707250047111132E-002  8.128968507740482E-002
 -5.052442444606136E-002  9.354503686497842E-002
 -5.400332787905010E-002  0.106588229953612     
 -5.761849277719356E-002  0.120472559061628     
 -6.127866502629293E-002  0.135137051728507     
 -6.511890165906019E-002  0.150642168569050     
 -6.902624601734320E-002  0.166904327539255     
 -7.317435245672461E-002  0.183994234465936     
 -7.742914127693737E-002  0.201790415943063     
 -8.202064668432484E-002  0.220380062242466     
 -8.679294064786705E-002  0.239578016987214     
 -9.205440591656737E-002  0.259496663798021     
 -9.762169355557569E-002  0.279839791740633     
 -0.103902007988160       0.300750568837074     
 -0.110665227298297       0.321727788584320     
 -0.118415426578475       0.342929881423760     
 -0.126820949625163       0.363454121015761     
 -0.136367352477543       0.383401485163762     
 -0.146486576873719       0.401104365732205     
 -0.157141417809867       0.416288758743589     
 -0.167046035718425       0.425653922952990     
 -0.173823760030606       0.427852633979235     
 -0.173990585857288       0.416371157215495     
 -0.151916428756747       0.387726347303144     
 -9.221330195126815E-002  0.333812988259915     
  8.661641897808808E-002  0.253916799079481     
  0.496118361832622       0.154210291436438     
   1.78041423469148       5.350773794540229E-002
   5.00000000000000       0.000000000000000E+000
  2.122610839453942E-314  0.000000000000000E+000
 -1.022227567096153E-002  1.176271773116976E-003
 -1.646098341800091E-002  4.101959610895297E-003
 -2.129918051109757E-002  8.271914478499242E-003
 -2.572980902435617E-002  1.339166219777362E-002
 -3.002453022066723E-002  1.942357434023176E-002
 -3.423572671222527E-002  2.630729811315603E-002
 -3.841486593985934E-002  3.404981100901130E-002
 -4.254366569704588E-002  4.260817553935612E-002
 -4.667795876820937E-002  5.200888161259250E-002
 -5.079277554629901E-002  6.221493081686156E-002
 -5.495499575940557E-002  7.325888377326602E-002
 -5.912874573859712E-002  8.510197840026271E-002
 -6.338887963478590E-002  9.778065126896807E-002
 -6.768325716120945E-002  0.111247546931765     
 -7.209661389729155E-002  0.125541888185030     
 -7.655829751271302E-002  0.140597247817652     
 -8.117067908947936E-002  0.156457240946726     
 -8.584331563133681E-002  0.173019071296944     
 -9.070929126050249E-002  0.190336876163932     
 -9.565551831402898E-002  0.208243226752930     
 -0.100864331572695       0.226815783307129     
 -0.106190812166642       0.245773731725380     
 -0.111889840372285       0.265241117636998     
 -0.117758814788376       0.284735667054642     
 -0.124148942577288       0.304463862123920     
 -0.130732651716591       0.323576182388575     
 -0.137963469809031       0.342413376712234     
 -0.145221221273813       0.359447105391614     
 -0.152982410692878       0.375213742219785     
 -0.159941000488433       0.386946796416528     
 -0.166261350759235       0.395456411490310     
 -0.168894778505329       0.395724680991302     
 -0.166159155050739       0.388873380504830     
 -0.150286470637863       0.367093732067278     
 -0.110389742971165       0.331593909938735     
 -2.098118037283331E-002  0.275734449959988     
  0.180222800323784       0.202640237351376     
  0.644437023314693       0.120087633714509     
   1.85711246861731       4.024568576928082E-002
   5.00000000000000       0.000000000000000E+000
  2.122610839453942E-314  0.000000000000000E+000
 -1.246205089904483E-002  1.198954068464380E-003
 -2.025656216968858E-002  4.198082374715425E-003
 -2.605872611180764E-002  8.526522067906467E-003
 -3.143563805212649E-002  1.382320795766410E-002
 -3.660572087046996E-002  2.005420879943863E-002
 -4.167396169036302E-002  2.713998646919633E-002
 -4.669021730401956E-002  3.509210535498197E-002
 -5.164868322345994E-002  4.384895292088057E-002
 -5.660626133957923E-002  5.345003859166317E-002
 -6.154037889648615E-002  6.383907641905344E-002
 -6.652016641427282E-002  7.506688646668594E-002
 -7.150555229932393E-002  8.706957630919397E-002
 -7.657449823778671E-002  9.990454812983729E-002
 -8.166471693021236E-002  0.113492728259505     
 -8.686347056353569E-002  0.127893529478181     
 -9.208478122630202E-002  0.143002262458007     
 -9.742977036594469E-002  0.158876514574558     
 -0.102789655608838       0.175370923494052     
 -0.108286073985994       0.192537640900023     
 -0.113789032570155       0.210168183475891     
 -0.119446239504404       0.228304828395523     
 -0.125105972550839       0.246640720732005     
 -0.130938645435610       0.265199714761663     
 -0.136762048111281       0.283518718500827     
 -0.142737545975895       0.301582238942255     
 -0.148621613220369       0.318673480942135     
 -0.154457447117535       0.334687494367072     
 -0.159856637637512       0.348494738318048     
 -0.164440728217592       0.359789317462077     
 -0.167463116231319       0.366784126631688     
 -0.167352748492340       0.368782076100270     
 -0.162489422266195       0.363077398736799     
 -0.147989490289948       0.348464552738859     
 -0.119783016493230       0.321740281204886     
 -6.306845800907999E-002  0.281902431389567     
  3.742955387619445E-002  0.227833178931754     
  0.247950748870719       0.162038429134020     
  0.671175381518779       9.165842304532415E-002
   1.91642445275568       2.890702194200199E-002
   5.00000000000000       0.000000000000000E+000
  2.122610839453942E-314  0.000000000000000E+000
 -1.471819392001395E-002  1.205374902552157E-003
 -2.384887264455057E-002  4.228836714678601E-003
 -3.089173124590624E-002  8.591415655780497E-003
 -3.723735427953168E-002  1.393600412636182E-002
 -4.331058531796730E-002  2.022977104000273E-002
 -4.922453395514628E-002  2.736280172868026E-002
 -5.507010223900127E-002  3.535622993515185E-002
 -6.083924377130576E-002  4.412984485260248E-002
 -6.660346130853084E-002  5.373167373989582E-002
 -7.233593684433276E-002  6.409420105506522E-002
 -7.811082186531462E-002  7.527368823246001E-002
 -8.388369342144035E-002  8.719747695876214E-002
 -8.973028478896548E-002  9.992540713953944E-002
 -9.558322821765532E-002  0.113367438157580     
 -0.101521055954939       0.127583556568441     
 -0.107449741890615       0.142449977682398     
 -0.113456165664128       0.158025995839733     
 -0.119416073066071       0.174130222992995     
 -0.125433435637726       0.190823601494058     
 -0.131347027556311       0.207830694187905     
 -0.137287585099232       0.225221053341459     
 -0.143040515315347       0.242567940665858     
 -0.148767996936187       0.259962345207703     
 -0.154162756066409       0.276735193405560     
 -0.159403140014196       0.293017625941491     
 -0.163999923189379       0.307755454513582     
 -0.168075834198413       0.321141394268130     
 -0.170768688542514       0.331526735186701     
 -0.171934361830693       0.339185245742570     
 -0.169945608555620       0.341619522013751     
 -0.163834266016164       0.339196179484235     
 -0.150445787846830       0.328506545729055     
 -0.126518954592505       0.310061165354224     
 -8.556933923454423E-002  0.280477137412981     
 -1.694923589861752E-002  0.240744145036860     
  9.998213470366676E-002  0.190346725198737     
  0.320629050834564       0.132375790021766     
  0.784694836933259       7.410677079869328E-002
   1.96174544903945       2.249583511857217E-002
   5.00000000000000       0.000000000000000E+000
  2.122610839453942E-314  0.000000000000000E+000
 -1.697452417728838E-002  1.177956801656053E-003
 -2.774478251930287E-002  4.148923253679788E-003
 -3.575755509592331E-002  8.471160976432005E-003
 -4.306690069471261E-002  1.376193282796291E-002
 -5.000371123632615E-002  1.998229962654800E-002
 -5.675663687849583E-002  2.702244839199369E-002
 -6.340351961803586E-002  3.489452659514608E-002
 -6.996660478160985E-002  4.351675276841056E-002
 -7.650719479556257E-002  5.293373531996579E-002
 -8.301525577113560E-002  6.307581046733321E-002
 -8.955253636471150E-002  7.399935161194096E-002
 -9.608419135880741E-002  8.562715435590965E-002
 -0.102670071973771       9.801923665952642E-002
 -0.109247552153367       0.111079442954608     
 -0.115873064545022       0.124863114128462     
 -0.122454709050333       0.139241225233010     
 -0.129045683613752       0.154256149898217     
 -0.135525005077409       0.169727943656294     
 -0.141941847654408       0.185676325842531     
 -0.148146277164633       0.201845299065708     
 -0.154176237502314       0.218219559768515     
 -0.159849157748636       0.234431294445706     
 -0.165166392868256       0.250412482468060     
 -0.169897192402863       0.265632641231796     
 -0.173938339919167       0.279943426072526     
 -0.176967000306016       0.292582464137138     
 -0.178616394129551       0.303277975870588     
 -0.178367009878911       0.310954021223693     
 -0.175251030615988       0.315162006856563     
 -0.168330311462843       0.314464825603207     
 -0.155371125252014       0.308225627472677     
 -0.134565984900487       0.294804306606816     
 -0.101138810546123       0.273613317528552     
 -5.120838051951817E-002  0.243586305092067     
  2.706439663320066E-002  0.204948756165794     
  0.147199271181377       0.158878303038083     
  0.367978659007602       0.108065123613524     
  0.786375753563202       5.861487544483999E-002
   1.99782617260658       1.765964154963614E-002
   5.00000000000000       0.000000000000000E+000
  2.122610839453942E-314  0.000000000000000E+000
 -1.914901863842122E-002  1.135485670897732E-003
 -3.120474318878079E-002  4.000448441092365E-003
 -4.048178725467394E-002  8.177250946115497E-003
 -4.873659308622126E-002  1.328673064221284E-002
 -5.654670210394300E-002  1.931159397588155E-002
 -6.409397976290983E-002  2.610599914656482E-002
 -7.151637066830788E-002  3.370707535998817E-002
 -7.882367404050016E-002  4.200393728363304E-002
 -8.610655513013933E-002  5.106408299799686E-002
 -9.333904507389866E-002  6.079340506077206E-002
 -0.100600822311497       7.126933561999182E-002
 -0.107838003997297       8.239172552462370E-002
 -0.115120896657234       9.424094741132204E-002
 -0.122363358500836       0.106694954776597     
 -0.129626704575088       0.119831005928751     
 -0.136787623831557       0.133485376952235     
 -0.143900711415486       0.147728151354009     
 -0.150799558889239       0.162327529675175     
 -0.157534897440820       0.177344213765606     
 -0.163887055340844       0.192441093573594     
 -0.169902542041816       0.207670095564991     
 -0.175287469734720       0.222536349957524     
 -0.180071763936593       0.237087175515801     
 -0.183843143710741       0.250598602717685     
 -0.186572013180972       0.263121033422545     
 -0.187638481843942       0.273613246396445     
 -0.186843740941003       0.282139032977549     
 -0.183192610013037       0.287257579015815     
 -0.176075964673956       0.289061065257542     
 -0.163840476319438       0.285717218632439     
 -0.144991521330831       0.277384539201463     
 -0.116780398660360       0.262149338307521     
 -7.587025836876217E-002  0.240381552789288     
 -1.723155596322235E-002  0.211034762176429     
  6.826422539194038E-002  0.175058301048289     
  0.198164556714548       0.133846948385705     
  0.424088382993695       8.971097273822454E-002
  0.879522490277878       4.844686630020460E-002
   2.02662478665352       1.435916844851394E-002
   5.00000000000000       0.000000000000000E+000
  2.122610839453942E-314  0.000000000000000E+000
 -2.124092207674940E-002  1.065507160537980E-003
 -3.488192733016314E-002  3.766517488632256E-003
 -4.504179329587708E-002  7.723788789855092E-003
 -5.420098900550589E-002  1.256700794737109E-002
 -6.280164347434625E-002  1.826591935036029E-002
 -7.111586858102860E-002  2.469445561829555E-002
 -7.925538237716730E-002  3.187093634910382E-002
 -8.727469564920644E-002  3.969993120427402E-002
 -9.524304948567622E-002  4.823289205326337E-002
 -0.103164608023500       5.739006303962511E-002
 -0.111093468546643       6.723457754931508E-002
 -0.118998566499486       7.768048101739390E-002
 -0.126918074506441       8.879235618431067E-002
 -0.134784649769221       0.100464551584967     
 -0.142617316012938       0.112752147488419     
 -0.150310608462769       0.125514122780241     
 -0.157860479862640       0.138784541892702     
 -0.165121950141043       0.152368141967373     
 -0.172060784369358       0.166264421805576     
 -0.178490150843867       0.180199683123822     
 -0.184329518596776       0.194122759878999     
 -0.189343126580587       0.207651137061873     
 -0.193367478542944       0.220664012462659     
 -0.196098015257851       0.232634646790121     
 -0.197210099298559       0.243351632138276     
 -0.196282737153749       0.252110698369315     
 -0.192677164172918       0.258592525822416     
 -0.185756825251133       0.261906904975965     
 -0.174299597093214       0.261634874462346     
 -0.157273114407546       0.256777138201073     
 -0.132458784587990       0.246906976216270     
 -9.812455616690616E-002  0.231199107437401     
 -5.035248022219829E-002  0.209508513519052     
  1.414906000396530E-002  0.181837341180463     
  0.104862609723073       0.148834215296571     
  0.233770807139742       0.112256217529412     
  0.455821609623391       7.423340935341735E-002
  0.865204939842618       3.919837762673830E-002
   2.05053383002813       1.158096311669994E-002
   5.00000000000000       0.000000000000000E+000
  2.122610839453942E-314  0.000000000000000E+000
 -2.316469918740943E-002  9.816491130254642E-004
 -3.792014358448773E-002  3.464739102884948E-003
 -4.926642283134822E-002  7.120681109957889E-003
 -5.927376760678380E-002  1.158085674067740E-002
 -6.865672029326741E-002  1.685446154456467E-002
 -7.766424470335866E-002  2.277686793366128E-002
 -8.648144948981606E-002  2.940552249432693E-002
 -9.513974394403085E-002  3.660896096384168E-002
 -0.103749861967825       4.447494512604265E-002
 -0.112289266680826       5.288960880422042E-002
 -0.120841813292139       6.195144434304923E-002
 -0.129344867333453       7.154081635562351E-002
 -0.137859268054674       8.175886848221897E-002
 -0.146279100575348       9.246334964304397E-002
 -0.154641443200866       0.103750119913540     
 -0.162791265978391       0.115433999832844     
 -0.170740632640588       0.127598660273740     
 -0.178277624577218       0.139990618938428     
 -0.185386564553635       0.152675096766769     
 -0.191786666948969       0.165297387260465     
 -0.197426444906856       0.177899625608963     
 -0.201935004139405       0.189984999927211     
 -0.205203091804206       0.201570878631694     
 -0.206730082284191       0.211973187773158     
 -0.206297030572305       0.221187492171643     
 -0.203201870259110       0.228306781975472     
 -0.197008163315930       0.233315159581589     
 -0.186694376270698       0.235091937627144     
 -0.171410832468310       0.233636012832345     
 -0.149651259990811       0.227742335266489     
 -0.119842675267569       0.217489440893343     
 -7.977600577163731E-002  0.201952141527522     
 -2.656523084977723E-002  0.181444947449059     
  4.363531271655110E-002  0.156010583888907     
  0.138576913916541       0.126442567157979     
  0.273921937084791       9.452728313038297E-002
  0.499165267998921       6.190519776858479E-002
  0.944679011730906       3.268175747480982E-002
   2.06939467821188       9.509587997765218E-003
   5.00000000000000       0.000000000000000E+000
  2.122610839453942E-314  0.000000000000000E+000
 -2.493812973564327E-002  8.768982025976366E-004
 -4.110150909683766E-002  3.103792912862773E-003
 -5.315820508896140E-002  6.389056058047218E-003
 -6.393862518091251E-002  1.040218078909381E-002
 -7.398308044684944E-002  1.513375307763038E-002
 -8.363825676556486E-002  2.045603615561531E-002
 -9.304976111328789E-002  2.640044417923420E-002
 -0.102303970212885       3.286646072176050E-002
 -0.111479588915796       3.991610089324103E-002
 -0.120595504946366       4.746495470580805E-002
 -0.129698670983961       5.558605402380859E-002
 -0.138761410390087       6.419036126628214E-002
 -0.147799500225890       7.335157365327324E-002
 -0.156738874035802       8.296256659764975E-002
 -0.165559491306747       9.308590902762405E-002
 -0.174138132228352       0.103580872516574     
 -0.182411800125435       0.114485962411192     
 -0.190204624717136       0.125608996078699     
 -0.197399448181919       0.136949236604210     
 -0.203762937011267       0.148241874493742     
 -0.209104052041286       0.159430047116055     
 -0.213123041237970       0.170153219803449     
 -0.215518180277185       0.180281804404236     
 -0.215903976114185       0.189339502222698     
 -0.213800348978415       0.197112599293213     
 -0.208695775638053       0.203004348995470     
 -0.199816441860623       0.206721448518459     
 -0.186450225745752       0.207582950205267     
 -0.167358317434592       0.205259186330449     
 -0.141511406194532       0.199109121880748     
 -0.106993180427356       0.188885193683791     
 -6.228596366180569E-002  0.174259803044325     
 -4.373637031486769E-003  0.155304080185188     
  6.942895451606654E-002  0.132462575299414     
  0.166996931362638       0.106402329802462     
  0.299279895878408       7.877879246609973E-002
  0.519238711295313       5.111567174807447E-002
  0.919621927826775       2.652036048542677E-002
   2.08566520603696       7.688096551202360E-003
   5.00000000000000       0.000000000000000E+000
  2.122610839453942E-314  0.000000000000000E+000
 -2.647227431835231E-002  7.595425678037873E-004
 -4.347726793029309E-002  2.677480086786518E-003
 -5.655249399614067E-002  5.535143270993530E-003
 -6.801720880768876E-002  9.000019918071877E-003
 -7.869855394765640E-002  1.311693549207032E-002
 -8.890356073268814E-002  1.771821777324314E-002
 -9.885924579321542E-002  2.288616202607296E-002
 -0.108618450686017       2.847964232332172E-002
 -0.118310491939129       3.460822901206462E-002
 -0.127917951285533       4.114658516169344E-002
 -0.137527959194518       4.821510774490266E-002
 -0.147071007975234       5.568337826383592E-002
 -0.156597212074694       6.367516130535592E-002
 -0.165982488988577       7.203964456011525E-002
 -0.175237706159866       8.089548298851537E-002
 -0.184177442345680       9.005313554301367E-002
 -0.192768686902857       9.961747866784949E-002
 -0.200755540205355       0.109338341543700     
 -0.208053948069934       0.119297544687033     
 -0.214325251473510       0.129157923503722     
 -0.219422009664279       0.138969567569875     
 -0.222904700328089       0.148279769414802     
 -0.224538847960859       0.157100949296484     
 -0.223755222193912       0.164841701352345     
 -0.220186600457342       0.171476949790724     
 -0.213088187585778       0.176276167919582     
 -0.201878145701566       0.179188351769527     
 -0.185570797650203       0.179398506718152     
 -0.163242377810127       0.176862480308280     
 -0.133592975961154       0.170840351002084     
 -9.518627869303216E-002  0.161363435450344     
 -4.631168265017829E-002  0.148077446590004     
  1.537434152443489E-002  0.131214557519421     
  9.286075772893959E-002  0.111253608277821     
  0.192890254316825       8.875703867952529E-002
  0.330032975821267       6.536371122976381E-002
  0.552726473990298       4.211858919026495E-002
  0.989579344040619       2.192922473095953E-002
   2.09810093592185       6.270095143796982E-003
   5.00000000000000       0.000000000000000E+000
  2.122610839453942E-314  0.000000000000000E+000
 -2.780302277750083E-002  6.279956452997742E-004
 -4.593632368445408E-002  2.218480569190077E-003
 -5.947932978790284E-002  4.586244639633166E-003
 -7.152479076223785E-002  7.461736692709474E-003
 -8.269116362055758E-002  1.086576880384326E-002
 -9.338504282311261E-002  1.468160085854643E-002
 -0.103781167554395       1.895936554755832E-002
 -0.113994078720776       2.360214271173552E-002
 -0.124111209335344       2.868567370221412E-002
 -0.134165863481625       3.412705403449852E-002
 -0.144198711624241       4.001219689239648E-002
 -0.154186315911588       4.625495166992796E-002
 -0.164123917388890       5.294295514547781E-002
 -0.173931643568815       5.997532299660657E-002
 -0.183553349915301       6.743072960406293E-002
 -0.192848305069156       7.517987160321782E-002
 -0.201699453872915       8.327998755391675E-002
 -0.209899136373300       9.155779606805038E-002
 -0.217256110848145       0.100034072405985     
 -0.223488613648696       0.108473985006952     
 -0.228312057887771       0.116845485445051     
 -0.231361212582180       0.124835332029519     
 -0.232228627471250       0.132344175914011     
 -0.230450789430581       0.138970929030411     
 -0.225450899608357       0.144543011675471     
 -0.216641148065313       0.148582652083975     
 -0.203206706096911       0.150858086447233     
 -0.184393016831793       0.150868538461428     
 -0.159062126609557       0.148374455370186     
 -0.126236757106312       0.142978911111617     
 -8.436977051503151E-002  0.134539963320274     
 -3.217945173558952E-002  0.122987006796551     
  3.260577403977508E-002  0.108440628306323     
  0.112187012693367       9.145556833365967E-002
  0.213409139955799       7.254029650169119E-002
  0.346581782232660       5.305132073527593E-002
  0.563674688035911       3.396422312062012E-002
  0.956701122772808       1.743750610220992E-002
   2.10905398064181       4.995986670468298E-003
   5.00000000000000       0.000000000000000E+000
  2.122610839453942E-314  0.000000000000000E+000
 -2.883951513267070E-002  4.852735089346544E-004
 -4.746313060820652E-002  1.698073671610602E-003
 -6.178386952403529E-002  3.544749800172632E-003
 -7.429632979449707E-002  5.748662549525554E-003
 -8.591010251380045E-002  8.396305503449221E-003
 -9.697627197101480E-002  1.132993686115516E-002
 -0.107754651518176       1.465941522709479E-002
 -0.118316368150984       1.824359957218526E-002
 -0.128806071441127       2.221451770550459E-002
 -0.139212269060197       2.644284269247456E-002
 -0.149625012708427       3.107141358646986E-002
 -0.159970799156149       3.596647096185977E-002
 -0.170290530005085       4.127655090374503E-002
 -0.180446086561054       4.685165590798194E-002
 -0.190425133648767       5.283865574437537E-002
 -0.200016859219937       5.905677543630738E-002
 -0.209147852961381       6.564231076885579E-002
 -0.217524072746312       7.236661646914186E-002
 -0.225000434472656       7.934446758667836E-002
 -0.231187568323794       8.627974092519194E-002
 -0.235854643901484       9.325385499310974E-002
 -0.238503308285561       9.988453875837297E-002
 -0.238796686312235       0.106209484623318     
 -0.236111356446880       0.111750985823118     
 -0.229972911633940       0.116498503555768     
 -0.219613363726515       0.119895227630913     
 -0.204372738526009       0.121889839158276     
 -0.183318617520030       0.121913655724442     
 -0.155541761687370       0.119902193242491     
 -0.119935987426422       0.115422790042697     
 -7.526662721681054E-002  0.108451971921351     
 -2.021696420888676E-002  9.893113693057977E-002
  4.708572178991140E-002  8.696274732077959E-002
  0.129050308585532       7.314371874134866E-002
  0.231758592734506       5.775133553998062E-002
  0.369147734525379       4.214385951812827E-002
  0.589184025178744       2.683797412328526E-002
   1.01943332581592       1.389218376972004E-002
   2.11682740532297       3.923950790413325E-003
   5.00000000000000       0.000000000000000E+000
  2.122610839453942E-314  0.000000000000000E+000
 -2.963466300213164E-002  3.352820012776820E-004
 -4.902882034312004E-002  1.171879737461680E-003
 -6.352373899584156E-002  2.444210462567923E-003
 -7.637864720721456E-002  3.959681114959149E-003
 -8.826508324966383E-002  5.774956135783165E-003
 -9.963101538867972E-002  7.794030080586327E-003
 -0.110672097924190       1.008860980065450E-002
 -0.121524961740015       1.257229642546561E-002
 -0.132283436181439       1.533572741086300E-002
 -0.142994303863054       1.830249629367238E-002
 -0.153693214741376       2.157271792306220E-002
 -0.164363036198589       2.506784671776240E-002
 -0.174982608374632       2.889273875905563E-002
 -0.185470153572796       3.295867504047284E-002
 -0.195740353453632       3.736760049270157E-002
 -0.205639848415074       4.201006172935640E-002
 -0.215007666587650       4.697497259419425E-002
 -0.223609530776195       5.211966638548444E-002
 -0.231194462555369       5.750671386437790E-002
 -0.237437304381919       6.294606644506007E-002
 -0.241980257041677       6.845850111077172E-002
 -0.244397780587261       7.379375993392066E-002
 -0.244205618391820       7.891635329073503E-002
 -0.240868612952801       8.351086435865886E-002
 -0.233752899075304       8.747872418974020E-002
 -0.222203269385998       9.045433319779796E-002
 -0.205410680970077       9.228644246242679E-002
 -0.182588658607974       9.261184210206018E-002
 -0.152732939517640       9.126641983820330E-002
 -0.114918482011139       8.799863846284732E-002
 -6.793214690140525E-002  8.270652252133019E-002
 -1.068144443545039E-002  7.541833654049440E-002
  5.854899066384852E-002  6.619761096726959E-002
  0.141628483906786       5.554528447358429E-002
  0.244764200253521       4.372709737025604E-002
  0.377908735216988       3.176064575553915E-002
  0.592552602892850       2.013566931915441E-002
  0.980348170803877       1.030471871984534E-002
   2.12375168030919       2.924187849808464E-003
   5.00000000000000       0.000000000000000E+000
  2.122610839453942E-314  0.000000000000000E+000
 -3.009793168177802E-002  1.758744712179678E-004
 -4.957886715221019E-002  5.903083618770892E-004
 -6.455830491059424E-002  1.283983457891403E-003
 -7.762580194806756E-002  2.051069423454591E-003
 -8.973887617717168E-002  3.021763490217842E-003
 -0.101275150482106       4.057751951188696E-003
 -0.112515375885105       5.296197844346008E-003
 -0.123543681529325       6.602864674295265E-003
 -0.134515574919112       8.130749438576170E-003
 -0.145425681606744       9.751622214191688E-003
 -0.156367165854507       1.162965534873943E-002
 -0.167266347275637       1.363239831528908E-002
 -0.178158872793825       1.593404232926672E-002
 -0.188899062964769       1.839091179656272E-002
 -0.199458791656808       2.118276991213700E-002
 -0.209610292037712       2.414513333910421E-002
 -0.219250662188675       2.745609656736810E-002
 -0.228057427890854       3.091872605591658E-002
 -0.235839210819013       3.469858279444639E-002
 -0.242166101472681       3.855290221461613E-002
 -0.246743146061278       4.262059662729538E-002
 -0.249022704231629       4.660113240100006E-002
 -0.248590578813877       5.059133306144029E-002
 -0.244775981754322       5.422964226144724E-002
 -0.237029251857607       5.755801919691219E-002
 -0.224559002989410       6.017324252738893E-002
 -0.206663271119430       6.205681456285802E-002
 -0.182446145022077       6.282488186890157E-002
 -0.151039889938479       6.240788023377884E-002
 -0.111478326760807       6.056191864417394E-002
 -6.271057465122841E-002  5.719340708290304E-002
 -3.691632325266389E-003  5.237364492429582E-002
  6.710349826200873E-002  4.602968809534774E-002
  0.151716359205672       3.872915263541635E-002
  0.255834297394608       3.041841303942957E-002
  0.393039567741791       2.215935501268867E-002
  0.611156891496926       1.397239542599811E-002
   1.03712453079016       7.295834061609991E-003
   2.12781953184909       2.025315933848825E-003
   5.00000000000000       0.000000000000000E+000
  2.122610839453942E-314  0.000000000000000E+000
 -3.029826679761458E-002  1.657742962057856E-005
 -5.014078402446914E-002  3.077945567730333E-005
 -6.497205068120729E-002  1.040148395794082E-004
 -7.811542297164950E-002  1.317743951039404E-004
 -9.026661917241642E-002  2.078412137626926E-004
 -0.101893578073382       2.630796291712416E-004
 -0.113202161684806       3.900517554103581E-004
 -0.124343396291053       5.169796404491192E-004
 -0.135413960754057       7.475442551805910E-004
 -0.146472898582171       1.014488260624349E-003
 -0.157552308214997       1.430531024547850E-003
 -0.168644670460790       1.927020219873682E-003
 -0.179718220804146       2.626150940313757E-003
 -0.190696074360155       3.454295895852571E-003
 -0.201473671243130       4.540264435144626E-003
 -0.211894514796763       5.798973667809598E-003
 -0.221767768306242       7.360045074892957E-003
 -0.230843860635988       9.118195066283957E-003
 -0.238830096754655       1.119405299201438E-002
 -0.245369979979051       1.345122379277723E-002
 -0.250053890905029       1.598759303049093E-002
 -0.252407054838707       1.862472020327175E-002
 -0.251891610802241       2.142203007964165E-002
 -0.247908227835696       2.415342779415783E-002
 -0.239786919011134       2.682625856628254E-002
 -0.226806134787080       2.917719032364546E-002
 -0.208171978823408       3.115608068346871E-002
 -0.183054860594756       3.250198422914135E-002
 -0.150564088171305       3.312142620644860E-002
 -0.109788958141836       3.283785287732317E-002
 -5.977095113163973E-002  3.154921917710928E-002
  4.797719785134401E-004  2.928469315500756E-002
  7.229378634254689E-002  2.598453079035094E-002
  0.157363324478108       2.201235454448141E-002
  0.261516331099744       1.733657188655654E-002
  0.394553162107079       1.263485188577376E-002
  0.607770920490655       7.934680372491334E-003
  0.992660651596142       4.136723505346510E-003
   2.13135793823329       1.158643529006890E-003
   5.00000000000000       0.000000000000000E+000
  2.122610839453942E-314  0.000000000000000E+000
 -3.014816592987117E-002 -1.498350517229860E-004
 -4.965072500002111E-002 -5.751996483648181E-004
 -6.464400323030974E-002 -1.098368650069984E-003
 -7.772714872445838E-002 -1.844158127597567E-003
 -8.986753698389252E-002 -2.641332943646463E-003
 -0.101449358934488      -3.603148161975912E-003
 -0.112760363423848      -4.569069606377443E-003
 -0.123891016153712      -5.662829164922987E-003
 -0.135002244024440      -6.714933096978906E-003
 -0.146094664459009      -7.850548221561265E-003
 -0.157265034861668      -8.888010658500228E-003
 -0.168444150162222      -9.957401873162250E-003
 -0.179668093922729      -1.086078918174144E-002
 -0.190792144489332      -1.173474580749535E-002
 -0.201783166969912      -1.236484169013731E-002
 -0.212408058635082      -1.289814871655580E-002
 -0.222550345089479      -1.310709303068706E-002
 -0.231872765702307      -1.315502989612832E-002
 -0.240158488599508      -1.280961522260811E-002
 -0.246950861128307      -1.225803877138155E-002
 -0.251915699798275      -1.127739567452404E-002
 -0.254466583202843      -1.008622048383863E-002
 -0.254138649750847      -8.490796071474967E-003
 -0.250215607258933      -6.742840961340197E-003
 -0.242095853240231      -4.703214504873436E-003
 -0.228950799049093      -2.642379776050510E-003
 -0.210048234892479      -5.031842441641094E-004
 -0.184488201864819       1.468524106201754E-003
 -0.151430807416159       3.227426555698505E-003
 -0.109968858988364       4.640457780077122E-003
 -5.917198056252257E-002  5.542511011728746E-003
  1.863108035339574E-003  6.040570477888135E-003
  7.445153015341158E-002  5.848194494651271E-003
  0.160440239627491       5.436288720151159E-003
  0.265329243934538       4.362663990052673E-003
  0.402525695963360       3.408009032912591E-003
  0.619921079969941       2.068538910856937E-003
   1.04407159786470       1.310294038627166E-003
   2.13217198490566       3.202739272603317E-004
   5.00000000000000       0.000000000000000E+000
  2.122610839453942E-314  0.000000000000000E+000
 -2.973202717986334E-002 -3.081569753546361E-004
 -4.916598691584406E-002 -1.130203669762905E-003
 -6.368459871324637E-002 -2.277196030316729E-003
 -7.656839713971043E-002 -3.759763544180076E-003
 -8.850549432213443E-002 -5.450573521776800E-003
 -9.996038956329205E-002 -7.389752632573681E-003
 -0.111136680811268      -9.468499195833429E-003
 -0.122191086599389      -1.174309392072953E-002
 -0.133218637870262      -1.410208597493825E-002
 -0.144289306538299      -1.660375819197467E-002
 -0.155432985601013      -1.912795883097840E-002
 -0.166656051157740      -2.173415988469298E-002
 -0.177922711876866      -2.428703563037983E-002
 -0.189170166853150      -2.684589422019212E-002
 -0.200286311958839      -2.925694032307151E-002
 -0.211125199916361      -3.158106017478948E-002
 -0.221482836065255      -3.364550389465661E-002
 -0.231111881432243      -3.551702773460916E-002
 -0.239698922442820      -3.700773292964084E-002
 -0.246875821437606      -3.819762936489253E-002
 -0.252204213781136      -3.889302671128313E-002
 -0.255178510100468      -3.919691385085961E-002
 -0.255227414166901      -3.892574987516523E-002
 -0.251699938699437      -3.821354863127455E-002
 -0.243898698993001      -3.691095235503340E-002
 -0.231034824230689      -3.518322110039440E-002
 -0.212315775621750      -3.294192834680093E-002
 -0.186839576852557      -3.036704459255525E-002
 -0.153778735913900      -2.745442279894939E-002
 -0.112167831879195      -2.434746314354581E-002
 -6.119976135342545E-002 -2.115193178038579E-002
  1.270580409474781E-004 -1.789300034373230E-002
  7.291645162722435E-002 -1.479125392368214E-002
  0.158845553372285      -1.166690791816911E-002
  0.263546291490304      -8.905370307379354E-003
  0.396839404606074      -6.173481215976865E-003
  0.609998836526162      -3.940193552999254E-003
  0.994470797450546      -1.782444662742182E-003
   2.13255007810922      -5.185065784699753E-004
   5.00000000000000       0.000000000000000E+000
  2.122610839453942E-314  0.000000000000000E+000
 -2.896812730303118E-002 -4.706243355831335E-004
 -4.764416634324779E-002 -1.719293586831800E-003
 -6.199833479013373E-002 -3.436444365673164E-003
 -7.455113627127956E-002 -5.660944483162478E-003
 -8.623918585715949E-002 -8.188399514619462E-003
 -9.743193816586716E-002 -1.110537123680924E-002
 -0.108408743553968      -1.423577304965702E-002
 -0.119259083936363      -1.769246112987609E-002
 -0.130143021312401      -2.129715198830448E-002
 -0.141066906216091      -2.517296574646916E-002
 -0.152131302463825      -2.912788702609534E-002
 -0.163276638907421      -3.329203828414468E-002
 -0.174545654065352      -3.744964638741174E-002
 -0.185804528907788      -4.173410425564952E-002
 -0.197027608220732      -4.589960543424400E-002
 -0.207990766503017      -5.008118945728667E-002
 -0.218583193788712      -5.400015954544352E-002
 -0.228470613331020      -5.779293970610857E-002
 -0.237436735194108      -6.115035673157006E-002
 -0.245017023303567      -6.421182605194090E-002
 -0.250869170761121      -6.664765558647097E-002
 -0.254383144393206      -6.860312107096868E-002
 -0.255074668625844      -6.974951776591591E-002
 -0.252186143730981      -7.023916502375378E-002
 -0.245087191027658      -6.978180735112192E-002
 -0.232893087980198      -6.853306356668623E-002
 -0.214844641657046      -6.629045828925624E-002
 -0.189980260629897      -6.319174287106594E-002
 -0.157450773572173      -5.919344116187755E-002
 -0.116306467879802      -5.435646020720272E-002
 -6.564247418887602E-002 -4.888796710164340E-002
 -4.552840980607020E-003 -4.268965627631092E-002
  6.821868928821216E-002 -3.627854713526709E-002
  0.154494254563923      -2.931129300172931E-002
  0.259771689444674      -2.269760136563619E-002
  0.397423911256935      -1.592515053417135E-002
  0.615571760851764      -1.013136591477564E-002
   1.04054146370292      -4.741643987309985E-003
   2.13017732774057      -1.396072098058361E-003
   5.00000000000000       0.000000000000000E+000
  2.122610839453942E-314  0.000000000000000E+000
 -2.795599888187217E-002 -6.165206893638365E-004
 -4.614504479122647E-002 -2.227956837822950E-003
 -5.972038042848153E-002 -4.525437060870109E-003
 -7.181094699713267E-002 -7.426144214027246E-003
 -8.306393110507941E-002 -1.077781262019308E-002
 -9.391615236303016E-002 -1.459355903896039E-002
 -0.104555576722062      -1.875659397749002E-002
 -0.115135543501085      -2.330984362942947E-002
 -0.125744224153412      -2.814243178229773E-002
 -0.136461061786615      -3.330637124731266E-002
 -0.147314430174808      -3.868269726314467E-002
 -0.158329188445096      -4.432518766604863E-002
 -0.169471618149187      -5.009435603250161E-002
 -0.180703461259092      -5.603964926044631E-002
 -0.191916800579185      -6.199104088127953E-002
 -0.202992930570346      -6.799045918182163E-002
 -0.213732403910847      -7.382890219325736E-002
 -0.223913090988614      -7.953999841743258E-002
 -0.233224119159143      -8.487044102152963E-002
 -0.241313853860438      -8.984822768558830E-002
 -0.247741375420619      -9.417611264478343E-002
 -0.252000485994970      -9.788304856183146E-002
 -0.253509544502747      -0.100639279575430     
 -0.251590630039026      -0.102485542128800     
 -0.245528834023074      -0.103086882025767     
 -0.234469905468761      -0.102511240073362     
 -0.217602882445667      -0.100464241374417     
 -0.193919457186212      -9.704504451700069E-002
 -0.162583274233886      -9.208564207767156E-002
 -0.122499837038330      -8.569767824434309E-002
 -7.288371420378292E-002 -7.794310726611199E-002
 -1.257436064883853E-002 -6.892340397849150E-002
  5.946555923728085E-002 -5.900548526282339E-002
  0.145112521643348      -4.822949201730620E-002
  0.249956948480377      -3.739903512269062E-002
  0.384036572744310      -2.655454615970331E-002
  0.598721628416420      -1.678128928107503E-002
  0.985498279203174      -8.134106657084032E-003
   2.12725207490534      -2.309504516773920E-003
   5.00000000000000       0.000000000000000E+000
  2.122610839453942E-314  0.000000000000000E+000
 -2.662206643051036E-002 -7.629379778128555E-004
 -4.367840327914788E-002 -2.755007170172879E-003
 -5.678580885510073E-002 -5.549278864392431E-003
 -6.829814568274424E-002 -9.099895845081205E-003
 -7.907985367437473E-002 -1.318250853177594E-002
 -8.946457284702117E-002 -1.785918763084686E-002
 -9.970735067632643E-002 -2.294959406791918E-002
 -0.109889557670842      -2.855783004049670E-002
 -0.120163410740994      -3.450727037647595E-002
 -0.130540674460513      -4.092197165926399E-002
 -0.141124883153088      -4.760977850729720E-002
 -0.151871101446300      -5.470561703209971E-002
 -0.162833741531973      -6.198620751806061E-002
 -0.173900098016490      -6.958933593717928E-002
 -0.185063689383173      -7.724777886186811E-002
 -0.196125150323257      -8.509573010903081E-002
 -0.206999103771447      -9.281093524484299E-002
 -0.217375546489629      -0.100517968365576     
 -0.227067600098173      -0.107832188510833     
 -0.235628220856135      -0.114863403241505     
 -0.242744204264507      -0.121164445679289     
 -0.247807091096695      -0.126826757323645     
 -0.250355111687229      -0.131355543247356     
 -0.249604421985348      -0.134824283111742     
 -0.244933332583696      -0.136725590841069     
 -0.235387546534863      -0.137118385749682     
 -0.220190938909023      -0.135557523813979     
 -0.198265468976384      -0.132076417558023     
 -0.168708916821329      -0.126438497916724     
 -0.130416369592851      -0.118637106114091     
 -8.240688615071658E-002 -0.108801371451343     
 -2.357730327546790E-002 -9.686366545449573E-002
  4.744317836543305E-002 -8.351144500430606E-002
  0.132670371431597      -6.853525821193911E-002
  0.237828359906813      -5.342613188635167E-002
  0.376408253076738      -3.792940252240254E-002
  0.596951408449979      -2.405619263488457E-002
   1.02565353802616      -1.160166632545036E-002
   2.12137276536053      -3.345840464882041E-003
   5.00000000000000       0.000000000000000E+000
  2.122610839453942E-314  0.000000000000000E+000
 -2.508044889211348E-002 -8.842221101385188E-004
 -4.127832432333619E-002 -3.173204091287857E-003
 -5.335234574083084E-002 -6.455122599594356E-003
 -6.417341569074130E-002 -1.056135004793220E-002
 -7.431511006763533E-002 -1.532811235305224E-002
 -8.416336694223076E-002 -2.074741291780827E-002
 -9.387750468815090E-002 -2.670545308602582E-002
 -0.103598947168658      -3.323611996048255E-002
 -0.113403421854068      -4.023935041086677E-002
 -0.123378160095445      -4.776502134949965E-002
 -0.133549413165216      -5.570629903365424E-002
 -0.143964319166386      -6.411640206251186E-002
 -0.154595282988228      -7.286470496393958E-002
 -0.165438361632760      -8.199801623301084E-002
 -0.176399227228875      -9.134589204799609E-002
 -0.187403566257089      -0.100941232528882     
 -0.198272399928559      -0.110556775879174     
 -0.208834973836046      -0.120205309534669     
 -0.218806196876098      -0.129585970842685     
 -0.227887310211545      -0.138687723267833     
 -0.235664745493878      -0.147121556859406     
 -0.241675795713499      -0.154853816052086     
 -0.245360898475591      -0.161403062067037     
 -0.246057886336991      -0.166724096134708     
 -0.243055873890694      -0.170256597093738     
 -0.235465626854071      -0.171961602239680     
 -0.222444158538628      -0.171265533093227     
 -0.202884739549214      -0.168155678410437     
 -0.175875183973542      -0.162176848444235     
 -0.140099609467219      -0.153401212089162     
 -9.467321071892447E-002 -0.141648067709561     
 -3.804061175020478E-002 -0.127106638691697     
  3.096855796858005E-002 -0.110175415821648     
  0.114690509664918      -9.110552413270322E-002
  0.218911069463636      -7.121222164331902E-002
  0.354153886537626      -5.094787603455359E-002
  0.572020424676358      -3.226178021250180E-002
  0.964188099570356      -1.579014573498968E-002
   2.11455566076280      -4.470566675916469E-003
   5.00000000000000       0.000000000000000E+000
  2.122610839453942E-314  0.000000000000000E+000
 -2.326736404929368E-002 -1.001951994626818E-003
 -3.803612922294725E-002 -3.591704753647551E-003
 -4.938883255312344E-002 -7.249663537150486E-003
 -5.942935711193913E-002 -1.185348192148190E-002
 -6.891061863320293E-002 -1.717687637371060E-002
 -7.811183614657471E-002 -2.326291321508835E-002
 -8.724888428158578E-002 -2.994063663708849E-002
 -9.638918994829371E-002 -3.730868324756453E-002
 -0.105669856814599      -4.520389564885491E-002
 -0.115107696150767      -5.375444030060999E-002
 -0.124806544848746      -6.278004047236370E-002
 -0.134739964540994      -7.242546609541052E-002
 -0.144975835378829      -8.247390034422086E-002
 -0.155431220224490      -9.307652586666566E-002
 -0.166126414032863      -0.103961445145263     
 -0.176901655960711      -0.115276883563184     
 -0.187712761461267      -0.126675924279441     
 -0.198296682376234      -0.138293193876506     
 -0.208522677476918      -0.149687272156113     
 -0.217992729210091      -0.160967734957152     
 -0.226463366545528      -0.171580420273202     
 -0.233365260304225      -0.181598913154115     
 -0.238313533102194      -0.190350647285906     
 -0.240533221728087      -0.197866141867776     
 -0.239469215670056      -0.203370676029582     
 -0.234116617488033      -0.206843829155175     
 -0.223725586321739      -0.207503621180649     
 -0.207078848763890      -0.205288987699945     
 -0.183238845957094      -0.199549437034920     
 -0.150800411771003      -0.190234838032139     
 -0.108628935700055      -0.177089184892455     
 -5.517250587426375E-002 -0.160026588741096     
  1.132355987141131E-002 -0.139794301969223     
  9.334278729806514E-002 -0.116231501269289     
  0.197172765945518      -9.148871772615025E-002
  0.336731548027665      -6.559303934567619E-002
  0.561278744522520      -4.179979155991022E-002
  0.997015317220819      -2.034628433535747E-002
   2.10432040677131      -5.860132589560168E-003
   5.00000000000000       0.000000000000000E+000
  2.122610839453942E-314  0.000000000000000E+000
 -2.131011232698809E-002 -1.086645906475838E-003
 -3.493095617816679E-002 -3.876470553001578E-003
 -4.507148478015151E-002 -7.881729652187995E-003
 -5.424620786096261E-002 -1.286348907853879E-002
 -6.292619126065636E-002 -1.866384209551428E-002
 -7.142717646830482E-002 -2.526268107898696E-002
 -7.986891147866168E-002 -3.256129433846486E-002
 -8.837426008274278E-002 -4.058954971729958E-002
 -9.700112022155320E-002 -4.926831283707934E-002
 -0.105842573255273      -5.864909615326960E-002
 -0.114920346701322      -6.864825663902008E-002
 -0.124305508393135      -7.932329850170437E-002
 -0.133977012378661      -9.056726597648383E-002
 -0.143971627556498      -0.102432356615151     
 -0.154212932562744      -0.114768568440588     
 -0.164684672641447      -0.127612551101459     
 -0.175238471999742      -0.140747318540543     
 -0.185779649192171      -0.154182967225591     
 -0.196067423609693      -0.167607518345372     
 -0.205895223796421      -0.180994631116665     
 -0.214906221017357      -0.193902361449031     
 -0.222736750376058      -0.206260497027430     
 -0.228888688499479      -0.217467707973073     
 -0.232790975668251      -0.227410222524105     
 -0.233780256464749      -0.235305590739693     
 -0.231016732204993      -0.241007138872613     
 -0.223666434959977      -0.243594445543665     
 -0.210553072911776      -0.242955147410629     
 -0.190689268957499      -0.238093732341903     
 -0.162440202281038      -0.229012900783689     
 -0.124663738750002      -0.215003133747122     
 -7.534704614670641E-002 -0.196145146406505     
 -1.280851355278256E-002 -0.172708715884951     
  6.605923223785783E-002 -0.145067291448807     
  0.167554296570863      -0.114866700479711     
  0.303523360546545      -8.316104645355706E-002
  0.525935612700831      -5.309363527814072E-002
  0.927070402159425      -2.615745868539058E-002
   2.09235186988432      -7.426718737229623E-003
   5.00000000000000       0.000000000000000E+000
  2.122610839453942E-314  0.000000000000000E+000
 -1.915535714298240E-002 -1.163592269208143E-003
 -3.116203186048950E-002 -4.142888361794146E-003
 -4.040291280520672E-002 -8.360628163440234E-003
 -4.865903190950784E-002 -1.363369242439224E-002
 -5.653858923496259E-002 -1.975542514086426E-002
 -6.425328954802363E-002 -2.675760852092214E-002
 -7.196829395929641E-002 -3.449262004403510E-002
 -7.973392198561224E-002 -4.305632181227674E-002
 -8.766545890634680E-002 -5.230990940296167E-002
 -9.578435894672233E-002 -6.238679689394400E-002
 -0.104189838267980      -7.313006116822880E-002
 -0.112875543474559      -8.469690771131143E-002
 -0.121919652026417      -9.689220036508200E-002
 -0.131273830417212      -0.109887538081314     
 -0.140985222120216      -0.123427732386938     
 -0.150944170065984      -0.137689378399329     
 -0.161153760342388      -0.152330404086934     
 -0.171417607630963      -0.167520192097883     
 -0.181677793145690      -0.182797998831826     
 -0.191617665464978      -0.198311822714319     
 -0.201096771231899      -0.213440257286146     
 -0.209632687646362      -0.228290154439386     
 -0.216972028588873      -0.242048493034140     
 -0.222415373616916      -0.254761482085513     
 -0.225559410257431      -0.265389472670416     
 -0.225418222566109      -0.273902442501393     
 -0.221392045197402      -0.279072554189054     
 -0.212142358878859      -0.280823835493403     
 -0.196798955797806      -0.277773427978156     
 -0.173570443140214      -0.269751569144283     
 -0.141091400569984      -0.255890285357342     
 -9.722691314644753E-002 -0.235885149291245     
 -3.965467281425269E-002 -0.210010420353489     
  3.520602864192303E-002 -0.178249637235638     
  0.134568411918871      -0.142754327888621     
  0.273628243584697      -0.103888611948777     
  0.503251187050901      -6.702056878791347E-002
  0.949763803232142      -3.279345865273397E-002
   2.07600007666900      -9.464266581473074E-003
   5.00000000000000       0.000000000000000E+000
  2.122610839453942E-314  0.000000000000000E+000
 -1.694039479475712E-002 -1.201326609567630E-003
 -2.762302644003062E-002 -4.257534890578429E-003
 -3.557051897993922E-002 -8.641974620955008E-003
 -4.285821758022132E-002 -1.406861375192995E-002
 -4.983372380735694E-002 -2.040516591650087E-002
 -5.673096123005802E-002 -2.763000801847460E-002
 -6.362353896585982E-002 -3.567043144937768E-002
 -7.061275665132097E-002 -4.455595514120955E-002
 -7.773440710489696E-002 -5.423575709745466E-002
 -8.508528044686246E-002 -6.476420327488132E-002
 -9.267837516785059E-002 -7.608902896867120E-002
 -0.100606847686485      -8.827414883753629E-002
 -0.108852137000199      -0.101249152508993     
 -0.117491908986964      -0.115077448242215     
 -0.126464776211513      -0.129650784319432     
 -0.135818007653657      -0.145021426187455     
 -0.145434109057698      -0.161016790259789     
 -0.155310081886451      -0.177664792981323     
 -0.165256103318167      -0.194692990606666     
 -0.175189761871786      -0.212090988942675     
 -0.184828635834421      -0.229433434158156     
 -0.193968430178815      -0.246651914040423     
 -0.202208796466804      -0.263115285799845     
 -0.209167084299740      -0.278689288340230     
 -0.214294509546443      -0.292441010292512     
 -0.216915664021383      -0.304172593113954     
 -0.216289372209690      -0.312620773291625     
 -0.211329097264419      -0.317566517321386     
 -0.200995248154367      -0.317353779285218     
 -0.183613294576862      -0.311676777751245     
 -0.157732177790667      -0.299095709445794     
 -0.120900549740127      -0.279565762855416     
 -7.087581841984918E-002 -0.251903324839861     
 -2.399215086646240E-003 -0.217007005099907     
  9.178565183974187E-002 -0.175785546009031     
  0.225834956042834      -0.129662764597770     
  0.453428475088096      -8.422664424998676E-002
  0.867710126122390      -4.179969160060443E-002
   2.05641758948944      -1.186818779444467E-002
   5.00000000000000       0.000000000000000E+000
  2.122610839453942E-314  0.000000000000000E+000
 -1.462195872629651E-002 -1.227733343840612E-003
 -2.364331647774046E-002 -4.337263603197939E-003
 -3.060714356887486E-002 -8.739035995524140E-003
 -3.691679926376920E-002 -1.421186904198027E-002
 -4.301420678513726E-002 -2.059125902640993E-002
 -4.903970198207583E-002 -2.790603970427073E-002
 -5.510233660885548E-002 -3.604320538633373E-002
 -6.123629842054255E-002 -4.509602326812753E-002
 -6.753014714119293E-002 -5.495698406737167E-002
 -7.400954220090242E-002 -6.576184677962596E-002
 -8.076212929565257E-002 -7.738487802218877E-002
 -8.780005301433842E-002 -8.999326011607872E-002
 -9.520299754399053E-002 -0.103426280964296     
 -0.102956369480357      -0.117876983548627     
 -0.111124614828513      -0.133128226167189     
 -0.119650904219728      -0.149392789819474     
 -0.128577361048555      -0.166367643748304     
 -0.137784668917745      -0.184276480275494     
 -0.147284703581341      -0.202689694723658     
 -0.156866039272744      -0.221830335319149     
 -0.166499446636885      -0.241083138235949     
 -0.175838727302968      -0.260647339871810     
 -0.184797049984404      -0.279664188006838     
 -0.192833070892424      -0.298296768788797     
 -0.199783723457030      -0.315305067134680     
 -0.204791911074964      -0.330775063455231     
 -0.207545548989354      -0.343080017881751     
 -0.206754122159044      -0.352187570994866     
 -0.201808466050967      -0.355954281666826     
 -0.190728627692586      -0.354086027263954     
 -0.172315252086283      -0.344602605559371     
 -0.143632504582117      -0.327448685396268     
 -0.102199952877304      -0.299989623283696     
 -4.199758204840415E-002 -0.262266820881151     
  4.641361987177792E-002 -0.216265382886042     
  0.180064809871213      -0.161360796157400     
  0.413688982100508      -0.106419825162378     
  0.874966178634142      -5.287562167776400E-002
   2.03048783163857      -1.545242460217233E-002
   5.00000000000000       0.000000000000000E+000
  2.122610839453942E-314  0.000000000000000E+000
 -1.234255077606929E-002 -1.211557117323712E-003
 -1.999955741298111E-002 -4.258309790174880E-003
 -2.569970656137562E-002 -8.620945395433907E-003
 -3.102148934855589E-002 -1.399641100457296E-002
 -3.618092926087892E-002 -2.029714181087311E-002
 -4.133133175269417E-002 -2.750963617045553E-002
 -4.649994936211992E-002 -3.559371406651163E-002
 -5.176908433212200E-002 -4.457891180377423E-002
 -5.715003972448724E-002 -5.444417547309023E-002
 -6.274119072606951E-002 -6.524407952818415E-002
 -6.854126463298096E-002 -7.695943095151354E-002
 -7.465956456313047E-002 -8.965866115099057E-002
 -8.107182943936674E-002 -0.103313700943304     
 -8.788906169676321E-002 -0.118000523286741     
 -9.505465775132318E-002 -0.133666631975941     
 -0.102673082861010      -0.150387064617635     
 -0.110646171751138      -0.168061638678339     
 -0.119061554343144      -0.186752914827746     
 -0.127769117388631      -0.206277645127292     
 -0.136822897238256      -0.226671125742654     
 -0.146008398431145      -0.247610947801984     
 -0.155320630308848      -0.269081114281386     
 -0.164465856091678      -0.290551476777700     
 -0.173326920624882      -0.311951998105437     
 -0.181506742370966      -0.332370466944939     
 -0.188675179563019      -0.351623096261369     
 -0.194278898899298      -0.368371556885921     
 -0.197693206924870      -0.382341110127984     
 -0.198124771476662      -0.391285630745785     
 -0.194076602903541      -0.394881826581599     
 -0.184337034343551      -0.390237004195685     
 -0.165703503064587      -0.377713392370022     
 -0.135152965788050      -0.352587668592729     
 -8.572993744704627E-002 -0.314441435761850     
 -6.797177105986179E-003 -0.264640806748557     
  0.116774977438744      -0.203125475133458     
  0.342497664134804      -0.136085183844516     
  0.772877314104323      -6.963912700931711E-002
   1.99638303562740      -2.015605568673981E-002
   5.00000000000000       0.000000000000000E+000
  2.122610839453942E-314  0.000000000000000E+000
 -1.006767705203482E-002 -1.180256665513467E-003
 -1.616640019775906E-002 -4.133266936056197E-003
 -2.090171817110170E-002 -8.306868517630354E-003
 -2.527069045672247E-002 -1.347075187021532E-002
 -2.954497293949644E-002 -1.952223495702054E-002
 -3.380296928831740E-002 -2.649366174952817E-002
 -3.810144869332510E-002 -3.431064745639701E-002
 -4.246396623337725E-002 -4.306045666605161E-002
 -4.695062469907347E-002 -5.266633367525459E-002
 -5.159024509063385E-002 -6.325917236559349E-002
 -5.645116980035338E-002 -7.474530544210672E-002
 -6.155877853039457E-002 -8.729375094543163E-002
 -6.698138165994816E-002 -0.100783927931438     
 -7.273091126273368E-002 -0.115423030153073     
 -7.887137557606817E-002 -0.131045984758112     
 -8.539171192837407E-002 -0.147897774290934     
 -9.235042038031228E-002 -0.165741722875342     
 -9.970112997547140E-002 -0.184859624100328     
 -0.107497978328908      -0.204901876894237     
 -0.115640090738330      -0.226184551509646     
 -0.124180301645071      -0.248184344783602     
 -0.132934934409385      -0.271243816587305     
 -0.141965206968779      -0.294579895474568     
 -0.150946315819082      -0.318571363272251     
 -0.159955086369183      -0.341982737842603     
 -0.168427152183768      -0.365143343969774     
 -0.176430459254841      -0.386375531777674     
 -0.183049265911038      -0.406040113372636     
 -0.188389245935596      -0.421138262791874     
 -0.190542412813110      -0.431968576459357     
 -0.189253421143680      -0.434636528591245     
 -0.180925682429305      -0.429455055359852     
 -0.163111126061649      -0.409986526475509     
 -0.127782068103451      -0.373756101159429     
 -6.252697641755223E-002 -0.323467925184076     
  5.314378770158075E-002 -0.258893094684753     
  0.278063732465343      -0.179920269248288     
  0.751803116289528      -9.222468171173953E-002
   1.95262562401751      -2.925660382961698E-002
   5.00000000000000       0.000000000000000E+000
  2.122610839453942E-314  0.000000000000000E+000
 -7.932461270279034E-003 -1.108565057141644E-003
 -1.276869130744534E-002 -3.858468830790790E-003
 -1.637965061466308E-002 -7.787928300890309E-003
 -1.982552324238547E-002 -1.260934070658030E-002
 -2.320112091770228E-002 -1.829341577786821E-002
 -2.659668363047682E-002 -2.484126445245072E-002
 -3.000186210788435E-002 -3.224133844795822E-002
 -3.348672384654955E-002 -4.052086540998202E-002
 -3.703961708375778E-002 -4.967904710883172E-002
 -4.075614854107568E-002 -5.976777171144124E-002
 -4.461692940147631E-002 -7.079014106246785E-002
 -4.873582760155912E-002 -8.281788636097000E-002
 -5.307480636233697E-002 -9.585522653889161E-002
 -5.776177496271520E-002 -0.109991933032058     
 -6.273240521866520E-002 -0.125224410070567     
 -6.812816457661883E-002 -0.141655699345186     
 -7.385202953131072E-002 -0.159258954018897     
 -8.005963802837907E-002 -0.178143591451248     
 -8.661496274293698E-002 -0.198233877531195     
 -9.368786994068752E-002 -0.219635392068623     
 -0.101097514801378      -0.242183109970734     
 -0.109025853192561      -0.265965914890059     
 -0.117242457638704      -0.290663155709650     
 -0.125921999026260      -0.316342826986503     
 -0.134780561551388      -0.342369392271890     
 -0.143980871788545      -0.368698868539664     
 -0.153194922046101      -0.394343437679182     
 -0.162428870954823      -0.419374726296688     
 -0.171273153987571      -0.441327026966325     
 -0.179002145894958      -0.459995755430688     
 -0.184626720076915      -0.472217301198015     
 -0.187043621706335      -0.477463920539021     
 -0.183010362964471      -0.468161951912749     
 -0.166832182106393      -0.441862487781899     
 -0.127280724521229      -0.394227776370183     
 -3.864572355854076E-002 -0.332670496770472     
  0.161409486179921      -0.239571083412076     
  0.603587105930451      -0.124771480837183     
   1.89292825004041      -3.974538189252191E-002
   5.00000000000000       0.000000000000000E+000
  2.122610839453942E-314  0.000000000000000E+000
 -5.909128345381007E-003 -1.025602684411537E-003
 -9.440139301463535E-003 -3.537899126950669E-003
 -1.220048131461973E-002 -7.090215494181519E-003
 -1.479736464930938E-002 -1.146920565704196E-002
 -1.735427310336936E-002 -1.663947614666047E-002
 -1.991154169144709E-002 -2.264099487139471E-002
 -2.248771255631257E-002 -2.942574584774030E-002
 -2.510312876805523E-002 -3.707235517089614E-002
 -2.779125074557465E-002 -4.552034485926652E-002
 -3.058099753715568E-002 -5.489191308853869E-002
 -3.351483312571927E-002 -6.511206888537913E-002
 -3.662299463938540E-002 -7.634674579910901E-002
 -3.994929170201202E-002 -8.850347490508717E-002
 -4.352033720093978E-002 -0.101797017403688     
 -4.737940393550685E-002 -0.116104889036680     
 -5.154605981865695E-002 -0.131696238724921     
 -5.606503973375603E-002 -0.148397464898168     
 -6.094459030760742E-002 -0.166540325475507     
 -6.623667066265006E-002 -0.185867186429198     
 -7.193148698277943E-002 -0.206784224864835     
 -7.810027506314467E-002 -0.228900245933825     
 -8.470358486013260E-002 -0.252716836119141     
 -9.185672131485396E-002 -0.277622204002550     
 -9.946097386186588E-002 -0.304245827458722     
 -0.107710288487070      -0.331617894152363     
 -0.116432083132222      -0.360491612758301     
 -0.126016932162063      -0.389396408699819     
 -0.136036609049271      -0.419556948322417     
 -0.147227513132233      -0.447665072343929     
 -0.158413239509196      -0.474618200819992     
 -0.170263369468870      -0.497264438955291     
 -0.180915468471589      -0.516659353414033     
 -0.190966139419219      -0.522539110699193     
 -0.191973305760513      -0.515066804449942     
 -0.177213278771485      -0.483010059631158     
 -0.114409507327559      -0.434372466785580     
  6.624064278222094E-002 -0.330041326749011     
  0.530111236859706      -0.160532641135335     
   1.80852152863588      -4.658683164215050E-002
   5.00000000000000       0.000000000000000E+000
  2.122610839453942E-314  0.000000000000000E+000
 -4.130121385751483E-003 -9.088689974002208E-004
 -6.625229191979338E-003 -3.101361217910402E-003
 -8.487522860599098E-003 -6.235518356566291E-003
 -1.030216335844696E-002 -1.007697365728351E-002
 -1.207488897750759E-002 -1.463636210019240E-002
 -1.386619361404184E-002 -1.994262767056974E-002
 -1.564416389852145E-002 -2.597172928312677E-002
 -1.747169411002365E-002 -3.277445668749394E-002
 -1.932043397288175E-002 -4.031504449017657E-002
 -2.127363178501649E-002 -4.868500266529396E-002
 -2.329512566692494E-002 -5.783942987405311E-002
 -2.548661644885309E-002 -6.791045515748780E-002
 -2.779408636209313E-002 -7.884607192756764E-002
 -3.033948675102434E-002 -9.082143128729764E-002
 -3.304429946724866E-002 -0.103772668534478     
 -3.605635521655209E-002 -0.117918527178133     
 -3.926670580668685E-002 -0.133174440045508     
 -4.285760502818620E-002 -0.149804020847214     
 -4.668340083804461E-002 -0.167688176673318     
 -5.097339331437653E-002 -0.187137718598207     
 -5.553868026964172E-002 -0.207978971438918     
 -6.067322925186990E-002 -0.230577361530111     
 -6.613869594801175E-002 -0.254665805747741     
 -7.232360156292152E-002 -0.280668249476855     
 -7.894358982800066E-002 -0.308169326933436     
 -8.654236464721313E-002 -0.337664074696060     
 -9.481285038490445E-002 -0.368515672064380     
 -0.104393127909756      -0.401537655703653     
 -0.115001109327402      -0.434938899547987     
 -0.127847259243101      -0.468854883189215     
 -0.143040672097124      -0.501967905334121     
 -0.161851644227167      -0.536835965487759     
 -0.185468242469768      -0.560859202494859     
 -0.206780377409889      -0.577924829115095     
 -0.218808831628545      -0.570769329871624     
 -0.198329050429397      -0.546452280012171     
 -5.102359116864084E-002 -0.444078815069388     
  0.367731495767049      -0.228727758780700     
   1.71235675424667      -5.962357621700511E-002
   5.00000000000000       0.000000000000000E+000
  2.122610839453942E-314  0.000000000000000E+000
 -2.562648694088199E-003 -7.625451601761422E-004
 -4.095829618390554E-003 -2.614784586995570E-003
 -5.292805749472214E-003 -5.236658762797626E-003
 -6.426527970584929E-003 -8.473974218184903E-003
 -7.531984050823983E-003 -1.230568032469315E-002
 -8.629595099188918E-003 -1.681132062783541E-002
 -9.729777433713288E-003 -2.189741152960679E-002
 -1.084046912604510E-002 -2.768765716917496E-002
 -1.198346569329913E-002 -3.405377180536619E-002
 -1.317062435684409E-002 -4.118331858989741E-002
 -1.442718737627282E-002 -4.891603506640985E-002
 -1.576743964165917E-002 -5.750716445445655E-002
 -1.721562101705388E-002 -6.676129295982122E-002
 -1.878783444146364E-002 -7.701138129187027E-002
 -2.050666580882218E-002 -8.801520308223879E-002
 -2.239036992139013E-002 -0.100195685749540     
 -2.446177249473534E-002 -0.113246047499814     
 -2.674174583741568E-002 -0.127697636670625     
 -2.925777638824753E-002 -0.143153996729567     
 -3.203415982771627E-002 -0.160283300212041     
 -3.511228090173551E-002 -0.178562484992258     
 -3.851993514950118E-002 -0.198843220846785     
 -4.232943562247021E-002 -0.220417944937232     
 -4.657739062088521E-002 -0.244389909926867     
 -5.140801821742269E-002 -0.269793959415161     
 -5.688202898404807E-002 -0.298144292084203     
 -6.333152853008589E-002 -0.327968428175547     
 -7.073475858768022E-002 -0.361524843552637     
 -7.969507867906117E-002 -0.396436119644846     
 -9.061306996978986E-002 -0.435384113786901     
 -0.105401978639794      -0.475983640365717     
 -0.124013671828955      -0.526672843131944     
 -0.151783109669950      -0.568889665048584     
 -0.181566843471814      -0.611161275639919     
 -0.216264290483389      -0.642473649960463     
 -0.231229956578529      -0.664712627190652     
 -0.162791429525717      -0.591265063905500     
  0.205841218579920      -0.363380088688434     
   1.54604237927695      -0.116684019941153     
   5.00000000000000       0.000000000000000E+000
  2.122610839453942E-314  0.000000000000000E+000
 -1.255930610688794E-003 -5.818318777405420E-004
 -2.040847695209182E-003 -2.036507168645686E-003
 -2.643523438825143E-003 -4.100877736849394E-003
 -3.202311482198327E-003 -6.683227845473818E-003
 -3.750032065324209E-003 -9.632323532788801E-003
 -4.275894199190626E-003 -1.323740068612480E-002
 -4.817652170842130E-003 -1.711795931413671E-002
 -5.345904496108434E-003 -2.174516845773385E-002
 -5.904560219526300E-003 -2.655832579659798E-002
 -6.470685615091806E-003 -3.224610863070534E-002
 -7.084324103045028E-003 -3.805605814759462E-002
 -7.730241716540671E-003 -4.490786601733281E-002
 -8.439318958361182E-003 -5.184092225614223E-002
 -9.207642246417536E-003 -6.003046581514931E-002
 -1.005334026802878E-002 -6.828010658479181E-002
 -1.098822110153178E-002 -7.805265460049442E-002
 -1.201406117484049E-002 -8.787955757631384E-002
 -1.316512426136844E-002 -9.955422806569553E-002
 -1.442168070806055E-002 -0.111290327901779     
 -1.585148767960390E-002 -0.125269295132030     
 -1.740482759781324E-002 -0.139330257156129     
 -1.920198581684420E-002 -0.156119115283923     
 -2.114972278909825E-002 -0.173032367224225     
 -2.346178935452000E-002 -0.193280223332127     
 -2.598195346663291E-002 -0.213752825177715     
 -2.907623228884907E-002 -0.238409945288397     
 -3.246559396856453E-002 -0.263474323006846     
 -3.680527963488211E-002 -0.293799901323886     
 -4.169730411789634E-002 -0.325020591348294     
 -4.885833466506730E-002 -0.363008503063342     
 -5.775200037117018E-002 -0.403746553095781     
 -6.986123038440276E-002 -0.458361998803430     
 -8.240942846289553E-002 -0.513609491520224     
 -0.102891487640821      -0.571177767162426     
 -0.131461903553903      -0.647125748696996     
 -0.204244336458880      -0.758982510856688     
 -0.297356726247713      -0.753797805727840     
 -0.228893530635035      -0.694503618222897     
  0.900675158707010      -0.250104404023281     
   5.00000000000000       0.000000000000000E+000
  2.122610839453942E-314  0.000000000000000E+000
 -3.170979094726828E-004 -3.170979094724928E-004
 -5.841445862604581E-004 -1.258174570178786E-003
 -7.736269627462288E-004 -2.573867994731025E-003
 -9.415772850798703E-004 -4.180228426592568E-003
 -1.091307822457734E-003 -6.043426932506227E-003
 -1.234005660309124E-003 -8.243354577036751E-003
 -1.382433685164526E-003 -1.067208567562812E-002
 -1.529600452988409E-003 -1.343605459435353E-002
 -1.682262079862915E-003 -1.642093450015563E-002
 -1.839992665272817E-003 -1.977513264309800E-002
 -2.008827656383471E-003 -2.335749173773695E-002
 -2.190878524118227E-003 -2.736621059461865E-002
 -2.388147984407282E-003 -3.162947057828737E-002
 -2.606920463709876E-003 -3.640447528890944E-002
 -2.845295904530572E-003 -4.147780965872114E-002
 -3.114172371402680E-003 -4.717841915556430E-002
 -3.407617214160210E-003 -5.323846392159302E-002
 -3.742213516145996E-003 -6.007665469328257E-002
 -4.107950023068765E-003 -6.735428382823387E-002
 -4.528920753334653E-003 -7.560676561307539E-002
 -4.990653251292718E-003 -8.440229839751875E-002
 -5.528098485620039E-003 -9.443322062318063E-002
 -6.120906989401615E-003 -0.105148428197158     
 -6.826756104132161E-003 -0.117464895179850     
 -7.626552679941324E-003 -0.130667448307196     
 -8.601478856475275E-003 -0.146044445434428     
 -9.711518914226554E-003 -0.162610880826372     
 -1.110010594640636E-002 -0.182118972077720     
 -1.268795082413639E-002 -0.203601629782820     
 -1.514107185191164E-002 -0.230128446788165     
 -1.910402456154977E-002 -0.259363578279770     
 -2.380895712345345E-002 -0.298812667590703     
 -2.741839568048302E-002 -0.342571692337341     
 -3.345777349717526E-002 -0.390454120323927     
 -4.363518241247759E-002 -0.471308793154333     
 -8.521294017282392E-002 -0.664344767303932     
 -0.213013834753188      -0.755954947239542     
 -0.204968453117271      -0.963156123638469     
  0.719966011535810      -0.657485046604645     
   5.00000000000000       0.000000000000000E+000
  2.122610839453942E-314  0.000000000000000E+000
  2.122610839453942E-314  0.000000000000000E+000
  2.122610839453942E-314  0.000000000000000E+000
  2.122610839453942E-314  0.000000000000000E+000
  2.122610839453942E-314  0.000000000000000E+000
  2.122610839453942E-314  0.000000000000000E+000
  2.122610839453942E-314  0.000000000000000E+000
  2.122610839453942E-314  0.000000000000000E+000
  2.122610839453942E-314  0.000000000000000E+000
  2.122610839453942E-314  0.000000000000000E+000
  2.122610839453942E-314  0.000000000000000E+000
  2.122610839453942E-314  0.000000000000000E+000
  2.122610839453942E-314  0.000000000000000E+000
  2.122610839453942E-314  0.000000000000000E+000
  2.122610839453942E-314  0.000000000000000E+000
  2.122610839453942E-314  0.000000000000000E+000
  2.122610839453942E-314  0.000000000000000E+000
  2.122610839453942E-314  0.000000000000000E+000
  2.122610839453942E-314  0.000000000000000E+000
  2.122610839453942E-314  0.000000000000000E+000
  2.122610839453942E-314  0.000000000000000E+000
  2.122610839453942E-314  0.000000000000000E+000
  2.122610839453942E-314  0.000000000000000E+000
  2.122610839453942E-314  0.000000000000000E+000
  2.122610839453942E-314  0.000000000000000E+000
  2.122610839453942E-314  0.000000000000000E+000
  2.122610839453942E-314  0.000000000000000E+000
  2.122610839453942E-314  0.000000000000000E+000
  2.122610839453942E-314  0.000000000000000E+000
  2.122610839453942E-314  0.000000000000000E+000
  2.122610839453942E-314  0.000000000000000E+000
  2.122610839453942E-314  0.000000000000000E+000
  2.122610839453942E-314  0.000000000000000E+000
  2.122610839453942E-314  0.000000000000000E+000
  2.122610839453942E-314  0.000000000000000E+000
  2.122610839453942E-314  0.000000000000000E+000
  2.122610839453942E-314  0.000000000000000E+000
  2.122610839453942E-314  0.000000000000000E+000
  2.122610839453942E-314  0.000000000000000E+000
  2.122610839453942E-314  0.000000000000000E+000
   5.00000000000000       0.000000000000000E+000
