  5.432309224871097E-312  0.000000000000000E+000
  2.122610839453942E-314  0.000000000000000E+000
  2.122610839453942E-314  0.000000000000000E+000
  2.122610839453942E-314  0.000000000000000E+000
  2.122610839453942E-314  0.000000000000000E+000
  2.122610839453942E-314  0.000000000000000E+000
  2.122610839453942E-314  0.000000000000000E+000
  2.122610839453942E-314  0.000000000000000E+000
  2.122610839453942E-314  0.000000000000000E+000
  2.122610839453942E-314  0.000000000000000E+000
  2.122610839453942E-314  0.000000000000000E+000
  2.122610839453942E-314  0.000000000000000E+000
  2.122610839453942E-314  0.000000000000000E+000
  2.122610839453942E-314  0.000000000000000E+000
  2.122610839453942E-314  0.000000000000000E+000
  2.122610839453942E-314  0.000000000000000E+000
  2.122610839453942E-314  0.000000000000000E+000
  2.122610839453942E-314  0.000000000000000E+000
  2.122610839453942E-314  0.000000000000000E+000
  2.122610839453942E-314  0.000000000000000E+000
  2.122610839453942E-314  0.000000000000000E+000
  2.122610839453942E-314  0.000000000000000E+000
  2.122610839453942E-314  0.000000000000000E+000
  2.122610839453942E-314  0.000000000000000E+000
  2.122610839453942E-314  0.000000000000000E+000
  2.122610839453942E-314  0.000000000000000E+000
  2.122610839453942E-314  0.000000000000000E+000
  2.122610839453942E-314  0.000000000000000E+000
  2.122610839453942E-314  0.000000000000000E+000
  2.122610839453942E-314  0.000000000000000E+000
  2.122610839453942E-314  0.000000000000000E+000
  2.122610839453942E-314  0.000000000000000E+000
  2.122610839453942E-314  0.000000000000000E+000
  2.122610839453942E-314  0.000000000000000E+000
  2.122610839453942E-314  0.000000000000000E+000
  2.122610839453942E-314  0.000000000000000E+000
  2.122610839453942E-314  0.000000000000000E+000
  2.122610839453942E-314  0.000000000000000E+000
  2.122610839453942E-314  0.000000000000000E+000
  2.122610839453942E-314  0.000000000000000E+000
   5.00000000000000       0.000000000000000E+000
  2.122610839453942E-314  0.000000000000000E+000
  1.232055601764968E-004 -1.246036039445508E-004
 -3.273981267429096E-004  3.892340320074178E-004
 -8.590231707899411E-004  1.514716441040904E-003
 -1.383318602589357E-003  3.778945134591838E-003
 -1.872264187110832E-003  6.947930588642883E-003
 -2.299229317354127E-003  1.101646057863322E-002
 -2.707883394548880E-003  1.588011118507550E-002
 -3.070902443328366E-003  2.149209868005094E-002
 -3.421322321268115E-003  2.778372082345107E-002
 -3.741762611743216E-003  3.473038266601625E-002
 -4.057553200124657E-003  4.228183929953946E-002
 -4.356290181332642E-003  5.043845249106962E-002
 -4.655180071496292E-003  5.915803500784770E-002
 -4.944865981466050E-003  6.846166483846107E-002
 -5.236984878693841E-003  7.830875873516374E-002
 -5.524649688263759E-003  8.873365907995651E-002
 -5.816104293962542E-003  9.969565380243657E-002
 -6.108366810069124E-003  0.111240396515718     
 -6.407373877427514E-003  0.123328290862275     
 -6.718699068754134E-003  0.136026103681817     
 -7.046167263526272E-003  0.149299542009295     
 -7.412127102333887E-003  0.163267889230467     
 -7.815145074276371E-003  0.177905029503926     
 -8.314591369750565E-003  0.193462078464903     
 -8.910686173641753E-003  0.209921314794315     
 -9.724540782811724E-003  0.227795630370056     
 -1.077352376784743E-002  0.247123168029898     
 -1.221492752990441E-002  0.268982831528861     
 -1.388085171508189E-002  0.293156493493652     
 -1.662881964726310E-002  0.322551527760534     
 -2.159335515937222E-002  0.357257333757271     
 -2.847114418322830E-002  0.399346648166434     
 -3.758018262153966E-002  0.452749209884538     
 -4.334261343014714E-002  0.530848166993116     
 -2.729009524472044E-002  0.599808722799076     
 -3.508101341984615E-002  0.717359649826118     
 -0.246042096774614        1.01264585017465     
 -0.232113832413281       0.879734646031151     
  0.615422251461960       0.615422251462088     
   5.00000000000000       0.000000000000000E+000
  2.122610839453942E-314  0.000000000000000E+000
 -3.878359883289080E-004  3.179208606146339E-004
 -1.785402299283987E-003  1.765313232160759E-003
 -3.638417283453919E-003  4.580511719017973E-003
 -5.418407954740516E-003  9.025707268238528E-003
 -7.172805028562618E-003  1.510973831827654E-002
 -8.734768341888502E-003  2.262652064363854E-002
 -1.022921248149413E-002  3.159482543144991E-002
 -1.157391046273242E-002  4.182187411937632E-002
 -1.287088302187037E-002  5.331940144478742E-002
 -1.406685754837765E-002  6.593231505094370E-002
 -1.524378755625262E-002  7.969130350103366E-002
 -1.635820271938124E-002  9.447967179022830E-002
 -1.747409442141991E-002  0.110345769469248     
 -1.855127981175039E-002  0.127196456140329     
 -1.964082105569110E-002  0.145094363920733     
 -2.070650333090180E-002  0.163954449166153     
 -2.179124395385333E-002  0.183854703837439     
 -2.286800851710025E-002  0.204708410530651     
 -2.397813243441063E-002  0.226619999711483     
 -2.511178764083215E-002  0.249499009318704     
 -2.632209741720526E-002  0.273506355091310     
 -2.762444965432441E-002  0.298556831078245     
 -2.911411018660639E-002  0.324929776928181     
 -3.083368179231193E-002  0.352567747454122     
 -3.299482320813993E-002  0.381983487149583     
 -3.564307533686960E-002  0.413167688564416     
 -3.925576288727448E-002  0.447115203860282     
 -4.384193640539997E-002  0.483974526683996     
 -5.051779115269138E-002  0.525594766101392     
 -5.896729741028661E-002  0.572128136107676     
 -7.216411450052919E-002  0.626862119726576     
 -8.806479892084215E-002  0.688141514152806     
 -0.110877568806596       0.765171504314090     
 -0.137712979233385       0.863355306945535     
 -0.182015491020981       0.984178462163428     
 -0.204301338024169        1.08385440405879     
 -0.231717904721591        1.15079894006318     
 -4.613150514414759E-002  0.949292600207159     
   1.37180575488309       0.438406754165648     
   5.00000000000000       0.000000000000000E+000
  2.122610839453942E-314  0.000000000000000E+000
 -1.495831136985085E-003  8.328583137423288E-004
 -4.570256921643056E-003  3.539910651299789E-003
 -8.161052507345105E-003  8.012582176705422E-003
 -1.181935712957590E-002  1.465511463366355E-002
 -1.532901593178843E-002  2.324541473891065E-002
 -1.860905712388598E-002  3.378676297775796E-002
 -2.166896798571165E-002  4.610833034924222E-002
 -2.451284951746729E-002  6.016884652269806E-002
 -2.719665561353964E-002  7.583025351809376E-002
 -2.973537167754536E-002  9.304960042527863E-002
 -3.218393954343887E-002  0.111729619668741     
 -3.455064675784938E-002  0.131859641425110     
 -3.687525485598302E-002  0.153363473310770     
 -3.915830347216037E-002  0.176261152193666     
 -4.142603297562586E-002  0.200483336724128     
 -4.367533127149733E-002  0.226071600199052     
 -4.592608629734613E-002  0.252955715285696     
 -4.818079178428888E-002  0.281192725774921     
 -5.046559764427449E-002  0.310714741114529     
 -5.280409201367530E-002  0.341597625971696     
 -5.524841740145114E-002  0.373795129291792     
 -5.786771593323441E-002  0.407421968829469     
 -6.077279116328097E-002  0.442495412634280     
 -6.411518439921444E-002  0.479208510901772     
 -6.812350995126949E-002  0.517720528197418     
 -7.307674388506642E-002  0.558356346928833     
 -7.941583461862656E-002  0.601542729496984     
 -8.763786897737560E-002  0.647795457651353     
 -9.871069979254596E-002  0.698085753966131     
 -0.113189695596962       0.752558770392475     
 -0.133008884513376       0.813346172937879     
 -0.157227090978151       0.878903872476021     
 -0.187726940863363       0.952314361615024     
 -0.220156552057743        1.02515494676676     
 -0.269841630510170        1.11086379090607     
 -0.269586688147074        1.11648872756352     
 -0.187541439257646        1.06289761974249     
  0.340912529203016       0.800148699519814     
   1.91596926887261       0.300382366469217     
   5.00000000000000       0.000000000000000E+000
  2.122610839453942E-314  0.000000000000000E+000
 -3.652806373476418E-003  1.295802462827097E-003
 -8.852397734560051E-003  5.100842997562531E-003
 -1.469246131072398E-002  1.124124595485741E-002
 -2.051452607864487E-002  1.979691812748974E-002
 -2.614938896487978E-002  3.064106395848036E-002
 -3.143167728503236E-002  4.366532011316045E-002
 -3.640378492605467E-002  5.878705830520427E-002
 -4.104683841357885E-002  7.587936318879758E-002
 -4.545243534653175E-002  9.488200025758323E-002
 -4.963281570701786E-002  0.115673425627495     
 -5.367358049223427E-002  0.138226088745205     
 -5.758270567484744E-002  0.162455834871823     
 -6.142369446466946E-002  0.188351685292445     
 -6.519227593149116E-002  0.215860207048121     
 -6.893216516783482E-002  0.244974135469279     
 -7.263085557763385E-002  0.275659051483892     
 -7.632310291099371E-002  0.307902362632636     
 -7.999974675341487E-002  0.341676918505558     
 -8.370772503119742E-002  0.376967650495884     
 -8.745817387494755E-002  0.413746984391842     
 -9.134710529599009E-002  0.452019760179112     
 -9.542533727248180E-002  0.491755230605915     
 -9.990188101252778E-002  0.533027333330089     
 -0.104883130155734       0.575797924685590     
 -0.110799903653879       0.620293766930873     
 -0.117814960812939       0.666448136323849     
 -0.126761549430490       0.714744610572497     
 -0.137791792577116       0.764962891687463     
 -0.152429974757237       0.817892541851420     
 -0.170487379340273       0.872615061794963     
 -0.194088958817979       0.930134134045770     
 -0.221501810180245       0.987954965845581     
 -0.253764301796482        1.04465060837596     
 -0.280647013516071        1.08915271939154     
 -0.291269908979528        1.10836947162550     
 -0.238143848570304        1.05640236260678     
  3.507644670140886E-002  0.897200073226182     
  0.753425587558800       0.600990552574454     
   2.32072018854029       0.212184703876686     
   5.00000000000000       0.000000000000000E+000
  2.122610839453942E-314  0.000000000000000E+000
 -6.594211500148821E-003  1.692858726290392E-003
 -1.451310995484659E-002  6.492941209216929E-003
 -2.285174728475166E-002  1.399708688478247E-002
 -3.113601526968047E-002  2.421442744736551E-002
 -3.909324710971698E-002  3.687953355298979E-002
 -4.662491686175290E-002  5.195646024987437E-002
 -5.371382605006418E-002  6.925084518851898E-002
 -6.039475938038367E-002  8.873436744431366E-002
 -6.673554423401716E-002  0.110251987109386     
 -7.279391279496973E-002  0.133779932272418     
 -7.864269857832676E-002  0.159199140637538     
 -8.432608860347662E-002  0.186519367261962     
 -8.989571531878442E-002  0.215636239370547     
 -9.537334590028074E-002  0.246587165235643     
 -0.100787077128034       0.279264742593884     
 -0.106141159258198       0.313721518490926     
 -0.111452208011113       0.349834318913413     
 -0.116721460350047       0.387651923600624     
 -0.121979440495163       0.427037078046325     
 -0.127247396489527       0.468011708757249     
 -0.132609732578520       0.510448159398712     
 -0.138138545429012       0.554309821796737     
 -0.144030934865096       0.599532361812906     
 -0.150442687969979       0.645961272516773     
 -0.157767811194005       0.693687091176306     
 -0.166257701152591       0.742294149813699     
 -0.176629473134194       0.792168840494113     
 -0.189104305955577       0.842216363235869     
 -0.204863355835728       0.893307771884737     
 -0.223367238226179       0.942565674327060     
 -0.246092126010064       0.991431399202470     
 -0.268870070970940        1.03227158624948     
 -0.292529677644370        1.06716005366081     
 -0.295709040447737        1.07344456751103     
 -0.265935563943864        1.04996393671211     
 -0.114586917345971       0.951396610474927     
  0.264338995655412       0.762483119080144     
   1.09568286008323       0.491812495314824     
   2.65337034687349       0.161415037915631     
   5.00000000000000       0.000000000000000E+000
  2.122610839453942E-314  0.000000000000000E+000
 -1.016468918522512E-002  1.966328700566865E-003
 -2.118583705014667E-002  7.507253782401689E-003
 -3.238894561349277E-002  1.615001988496972E-002
 -4.331209478131941E-002  2.765252006862940E-002
 -5.377925472463054E-002  4.178260139442375E-002
 -6.367233125177424E-002  5.839873864743436E-002
 -7.302216374952175E-002  7.736300565772541E-002
 -8.185485226402300E-002  9.857611199361217E-002
 -9.027089385882439E-002  0.121947604736937     
 -9.833101112412092E-002  0.147401866160450     
 -0.106132183823521       0.174880199415837     
 -0.113720278816999       0.204343807971181     
 -0.121163782782751       0.235741763512632     
 -0.128477883777488       0.269062725690667     
 -0.135700106667371       0.304240759249642     
 -0.142818241486765       0.341278274641055     
 -0.149852199282186       0.380073111798281     
 -0.156778321295323       0.420621181543194     
 -0.163627835798712       0.462772493749813     
 -0.170390317155639       0.506492010483500     
 -0.177154447851853       0.551584385760804     
 -0.183951189728276       0.597951029114964     
 -0.190991180899747       0.645367570494251     
 -0.198367086395707       0.693617324107060     
 -0.206486812239243       0.742461742751297     
 -0.215486064663049       0.791449356159990     
 -0.226012302041240       0.840287337337991     
 -0.238089008998799       0.888003468192202     
 -0.252391259930112       0.934017479358117     
 -0.268194017342668       0.976177747286629     
 -0.284922247756885        1.01270936940439     
 -0.298580776314080        1.03847191910264     
 -0.301915394356760        1.04801188914488     
 -0.278476412949008        1.02893310902054     
 -0.189375685091002       0.967433673972359     
  2.778067574054313E-002  0.842993504254347     
  0.504580941535776       0.645304006350845     
   1.41273640112059       0.387802294042637     
   2.89687025893830       0.129091654280880     
   5.00000000000000       0.000000000000000E+000
  2.122610839453942E-314  0.000000000000000E+000
 -1.424546375474861E-002  2.187459866935505E-003
 -2.872881222746309E-002  8.284702499703886E-003
 -4.296806934157722E-002  1.771555846319983E-002
 -5.668943087108893E-002  3.016683224124041E-002
 -6.973802790729945E-002  4.531598497030636E-002
 -8.208060851886292E-002  6.303728596090694E-002
 -9.374286374985032E-002  8.311858982002210E-002
 -0.104803455312347       0.105516036956429     
 -0.115358447104935       0.130078191231221     
 -0.125505925550436       0.156802249933451     
 -0.135338089908260       0.185570229090173     
 -0.144927854815002       0.216417939454590     
 -0.154332435948672       0.249232402043884     
 -0.163583077219279       0.284072256781434     
 -0.172695843412035       0.320803357234570     
 -0.181662132549117       0.359484145278101     
 -0.190471595326156       0.399939316636632     
 -0.199089696563597       0.442188618382486     
 -0.207513267893799       0.486011971814179     
 -0.215703742367970       0.531333490695740     
 -0.223716721879007       0.577909540776464     
 -0.231531555912322       0.625481744666605     
 -0.239329132423900       0.673834720238847     
 -0.247106180554353       0.722384103265907     
 -0.255239427467521       0.771021716988717     
 -0.263651839575245       0.818572093362314     
 -0.272949806224009       0.865114053436471     
 -0.282590426244510       0.908353250803506     
 -0.293245503781599       0.948550080106949     
 -0.302557104749279       0.981218349759439     
 -0.310324488322495        1.00648061020005     
 -0.307863153492024        1.01546757785588     
 -0.289763014610405        1.00682542500709     
 -0.227162009293088       0.965059771039342     
 -9.171686000823015E-002  0.883979551007317     
  0.196509517057151       0.748473278890916     
  0.733185612697313       0.553235666641803     
   1.66024573930989       0.324888942128683     
   3.09254962500352       0.103918506735944     
   5.00000000000000       0.000000000000000E+000
  2.122610839453942E-314  0.000000000000000E+000
 -1.861111542466791E-002  2.303683936205475E-003
 -3.678769080650549E-002  8.735560722791160E-003
 -5.425286401944969E-002  1.869018323484471E-002
 -7.085675415912690E-002  3.172237249109390E-002
 -8.655481251667142E-002  4.751964366986459E-002
 -0.101361176067386       6.587859710708643E-002
 -0.115362604988036       8.662169897895799E-002
 -0.128656681246544       0.109650747261555     
 -0.141377244262675       0.134864412861822     
 -0.153631583833533       0.162224205916875     
 -0.165537040693576       0.191664753607201     
 -0.177164693718697       0.223190956202951     
 -0.188585687265273       0.256737118921720     
 -0.199815848713432       0.292332781169022     
 -0.210872205155776       0.329875539649265     
 -0.221716432535935       0.369395884857366     
 -0.232323224780264       0.410719540355854     
 -0.242616607038341       0.453843207976336     
 -0.252558507923285       0.498493038921849     
 -0.262062199266216       0.544584995002397     
 -0.271121302092460       0.591729663574687     
 -0.279665902808598       0.639697176297514     
 -0.287768853500237       0.687975787178260     
 -0.295382025357588       0.736092556867634     
 -0.302670224794800       0.783393959174618     
 -0.309530787869143       0.829000090518183     
 -0.316084476924294       0.872021365250228     
 -0.321853194117448       0.910866109501416     
 -0.326288340185264       0.944099495677098     
 -0.327466029884830       0.968820074866642     
 -0.322003195970513       0.982264663234964     
 -0.303141910065559       0.979112839234085     
 -0.257606854949534       0.953910356184847     
 -0.163484447276447       0.897984155675418     
  2.130791037087375E-002  0.803141216062102     
  0.359027176136155       0.661370462034055     
  0.945544858902297       0.475699891526053     
   1.89547612272231       0.266776806960485     
   3.25749711297772       8.148167178440051E-002
   5.00000000000000       0.000000000000000E+000
  2.122610839453942E-314  0.000000000000000E+000
 -2.319792772830172E-002  2.376214522415621E-003
 -4.520289601339043E-002  8.975459598413707E-003
 -6.596157810558753E-002  1.915805540373397E-002
 -8.548560906959292E-002  3.245259252820022E-002
 -0.103823934090379       4.849722542374571E-002
 -0.121082449912017       6.709271997503673E-002
 -0.137390422914831       8.802095220412555E-002
 -0.152901772710058       0.111216362067963     
 -0.167767518531269       0.136544151291265     
 -0.182132161190576       0.164019537394467     
 -0.196114115738148       0.193543304846351     
 -0.209808558077531       0.225182697419210     
 -0.223271035082404       0.258833519376878     
 -0.236526905581105       0.294586793865319     
 -0.249560396909574       0.332295018121229     
 -0.262323133285320       0.372034295133337     
 -0.274742709971775       0.413583069523239     
 -0.286705235604568       0.456941859302157     
 -0.298119054014735       0.501802350887487     
 -0.308819257736236       0.547999522466989     
 -0.318752208986514       0.595154538203289     
 -0.327708372542270       0.642807232172022     
 -0.335736422346442       0.690558098982060     
 -0.342542313179596       0.737466806926243     
 -0.348312496045086       0.783181999089813     
 -0.352482581254536       0.826011794299149     
 -0.355290083323552       0.865687423457602     
 -0.355305309730614       0.899350150037526     
 -0.352346086170134       0.926694974031892     
 -0.342394991279855       0.943067390618402     
 -0.323169906121072       0.947616835429049     
 -0.283347837201610       0.933199079109050     
 -0.213101495758364       0.897311604311589     
 -8.245656158789247E-002  0.831081472243824     
  0.140839709008878       0.729782223373922     
  0.523292801176878       0.590042794150677     
   1.14040773547029       0.414150938068193     
   2.08131705860409       0.229097093919481     
   3.39119301910199       6.749945570445984E-002
   5.00000000000000       0.000000000000000E+000
  2.122610839453942E-314  0.000000000000000E+000
 -2.780515331124645E-002  2.366695818113592E-003
 -5.368786985256462E-002  8.959762129673053E-003
 -7.775707097497778E-002  1.913964672158372E-002
 -0.100188854342448       3.238185890497147E-002
 -0.121139897352174       4.834106815371593E-002
 -0.140802024276254       6.677037065395212E-002
 -0.159374437122541       8.748615829890864E-002
 -0.177052521968991       0.110386161304462     
 -0.194033692223575       0.135384140666627     
 -0.210478094697317       0.162469774560313     
 -0.226534367659770       0.191599084250338     
 -0.242292527417327       0.222817768118405     
 -0.257821702987056       0.256075652617363     
 -0.273122306292256       0.291443896091690     
 -0.288170605303245       0.328815533370806     
 -0.302874895412208       0.368249199591392     
 -0.317124921558999       0.409530213747374     
 -0.330750421929160       0.452651670730407     
 -0.343580573519689       0.497246518246631     
 -0.355392022282809       0.543170527850967     
 -0.365993913604941       0.589874349512413     
 -0.375134088133906       0.636983013811141     
 -0.382634405143056       0.683752219955934     
 -0.388202206751275       0.729457352845749     
 -0.391634515266257       0.773146146618840     
 -0.392465751627615       0.813587739598021     
 -0.390205154134635       0.849553199426476     
 -0.383750056176664       0.879080099479400     
 -0.371443774962490       0.900439274408518     
 -0.350193048596177       0.910602002737779     
 -0.314663856519653       0.906860056239998     
 -0.256049992192655       0.884736485085223     
 -0.158835231190733       0.840120502452560     
  7.344523573687781E-004  0.767544983726765     
  0.261730407776751       0.663105829288134     
  0.678521885208634       0.525228711220088     
   1.32030601453375       0.361757401876185     
   2.26094202925144       0.194175957831942     
   3.50561155258614       5.669760093933023E-002
   5.00000000000000       0.000000000000000E+000
  2.122610839453942E-314  0.000000000000000E+000
 -3.239885565919377E-002  2.324650705452947E-003
 -6.209679219547299E-002  8.774594817562457E-003
 -8.942262396604633E-002  1.871791165265580E-002
 -0.114684260193572       3.163510311982717E-002
 -0.138165393246830       4.716804281668856E-002
 -0.160147199484856       6.508243759523615E-002
 -0.180898585277041       8.518063017712192E-002
 -0.200675896982720       0.107391909192546     
 -0.219709059771863       0.131615640898078     
 -0.238200106158330       0.157892230643086     
 -0.256303123369360       0.186159467271055     
 -0.274133653029781       0.216527765625101     
 -0.291741187602573       0.248920859895590     
 -0.309131342379695       0.283480755086559     
 -0.326236741688211       0.320064819811511     
 -0.342941124887343       0.358792369187235     
 -0.359071069808158       0.399408628738443     
 -0.374387422613074       0.441926801353375     
 -0.388648834560566       0.485953750360881     
 -0.401499003325840       0.531274948751564     
 -0.412691709284333       0.577368907786003     
 -0.421750050786933       0.623631149774776     
 -0.428489397553415       0.669466355571421     
 -0.432253045602092       0.713684204179849     
 -0.432927997689007       0.755694693733449     
 -0.429445394569622       0.793505785277279     
 -0.421581351378078       0.826567483773810     
 -0.407168050768243       0.851866855441863     
 -0.385175291895395       0.868759962052968     
 -0.350530787269504       0.873041259417907     
 -0.299368926863069       0.863531118864975     
 -0.219363588598219       0.834957180216127     
 -9.847765530812816E-002  0.785028237165874     
  9.161532446947397E-002  0.708986340429082     
  0.382351140214884       0.604260334432757     
  0.827271716235111       0.472774427681602     
   1.48346183362293       0.319965412719507     
   2.40549505017430       0.169949227204818     
   3.60198943665575       4.891910565955029E-002
   5.00000000000000       0.000000000000000E+000
  2.122610839453942E-314  0.000000000000000E+000
 -3.681307706201681E-002  2.219295737294750E-003
 -7.021666660065043E-002  8.391022638873716E-003
 -0.100670238468994       1.790695437400413E-002
 -0.128654449963914       3.023882995897013E-002
 -0.154552494585245       4.506059026528669E-002
 -0.178749091792450       6.211847092766819E-002
 -0.201586325098018       8.125841610747474E-002
 -0.223376132307550       0.102389452774824     
 -0.244402046027956       0.125467691117549     
 -0.264887539341359       0.150514541754606     
 -0.285023058295491       0.177536016629308     
 -0.304917703300485       0.206622955372259     
 -0.324635919340308       0.237773493469656     
 -0.344151277954201       0.271108437781104     
 -0.363380149399438       0.306553656157222     
 -0.382151234435869       0.344207798978882     
 -0.400228988108682       0.383855167789745     
 -0.417304025301910       0.425498586414575     
 -0.433009085893907       0.468715985615319     
 -0.446920016024006       0.513315342154845     
 -0.458579947446144       0.558624981719154     
 -0.467477778859258       0.604138582932710     
 -0.473103475197872       0.648927771162242     
 -0.474848770629442       0.692045966297731     
 -0.472100269374763       0.732329980584359     
 -0.463998510571665       0.768277284467422     
 -0.449506844895550       0.798492724970816     
 -0.426976489922794       0.820820871667546     
 -0.393962080428987       0.833539095127839     
 -0.346550978717890       0.833771230454673     
 -0.278376346547081       0.819247484027059     
 -0.179641641424620       0.786449625349653     
 -3.444151586873907E-002  0.732636479302210     
  0.180414883842614       0.654687420952502     
  0.499335889859292       0.551477456335053     
  0.967437478641504       0.424885873752621     
   1.63384709806564       0.284052574649589     
   2.54561634464487       0.147888283595415     
   3.68735621684114       4.206152865686055E-002
   5.00000000000000       0.000000000000000E+000
  2.122610839453942E-314  0.000000000000000E+000
 -4.102719992178450E-002  2.087824845948444E-003
 -7.791176186187661E-002  7.867394006654245E-003
 -0.111322454499169       1.676669800781967E-002
 -0.141848445192399       2.828326169071855E-002
 -0.170010227153592       4.210631452840748E-002
 -0.196276065221958       5.800924406165003E-002
 -0.221070863621056       7.584395508123899E-002
 -0.244769906310523       9.555950279320877E-002
 -0.267699423664270       0.117110540274255     
 -0.290129652182008       0.140577212960250     
 -0.312261073368206       0.165954691007981     
 -0.334231626013700       0.193413244975370     
 -0.356084910392372       0.222927111928667     
 -0.377797344611019       0.254713666071384     
 -0.399233880812745       0.288659408423296     
 -0.420185003674365       0.324962154226073     
 -0.440337423118888       0.363355070441595     
 -0.459281414052341       0.403910070353855     
 -0.476560944356115       0.446160437077638     
 -0.491564848045650       0.489897063388346     
 -0.503768802293089       0.534453255592754     
 -0.512361740645756       0.579144206667577     
 -0.516838572046459       0.623169187656091     
 -0.516144674975109       0.665169255613486     
 -0.509811725836216       0.704323061374595     
 -0.496323213927470       0.738454771531254     
 -0.475019852196552       0.766801659288999     
 -0.443239674035569       0.786348261479305     
 -0.399313906857842       0.796309889095182     
 -0.337687853252588       0.792996650623344     
 -0.253547055017119       0.775293509938764     
 -0.134596646180222       0.739372405079918     
  3.194107961471389E-002  0.683594563977654     
  0.271639753870264       0.605739440860686     
  0.613061895161329       0.505012622694695     
   1.09860887283795       0.385659948212853     
   1.77001889485008       0.254534847498688     
   2.66035008497998       0.131468078567749     
   3.76021886497156       3.698270239282116E-002
   5.00000000000000       0.000000000000000E+000
  2.122610839453942E-314  0.000000000000000E+000
 -4.490319383208131E-002  1.904448622679031E-003
 -8.502515932919417E-002  7.182091986961543E-003
 -0.121142114473855       1.530340975226732E-002
 -0.154013741458283       2.578632582020991E-002
 -0.184249802794066       3.836724385433547E-002
 -0.212426629503177       5.282244759883522E-002
 -0.239042356944577       6.905885857452532E-002
 -0.264533956883464       8.701746955851057E-002
 -0.289286824858926       0.106721749404691     
 -0.313597048253505       0.128235921638123     
 -0.337708280148372       0.151641664927387     
 -0.361753242398546       0.177085870676534     
 -0.385794333252032       0.204646642409248     
 -0.409772443442646       0.234510379323222     
 -0.433531126071088       0.266675387536332     
 -0.456796052380640       0.301303577907454     
 -0.479170218441871       0.338222786695318     
 -0.500157666659931       0.377474251610173     
 -0.519132122469693       0.418623479957217     
 -0.535397520114283       0.461460114841156     
 -0.548151801653310       0.505224451259267     
 -0.556544635208347       0.549305119838753     
 -0.559668002841294       0.592617641834921     
 -0.556542116863671       0.634020030341082     
 -0.546140238981161       0.672175350827874     
 -0.527229752029721       0.705351058282514     
 -0.498355170878849       0.732054995648836     
 -0.457489175973745       0.750008673667264     
 -0.401742935060532       0.757601532555444     
 -0.326805345434529       0.752170691573555     
 -0.225948879884553       0.731952004079286     
 -8.922660461366619E-002  0.694263553813033     
  9.863736308487744E-002  0.637512741223398     
  0.359088913635714       0.560229333449081     
  0.721482048251664       0.463027585026794     
   1.22245145059789       0.349422726716971     
   1.89632572927667       0.228538481512438     
   2.77241815661282       0.116404401586527     
   3.82619239735060       3.236006365464192E-002
   5.00000000000000       0.000000000000000E+000
  2.122610839453942E-314  0.000000000000000E+000
 -4.842503818795280E-002  1.697379565110212E-003
 -9.142362383330388E-002  6.371787313302470E-003
 -0.129972635240546       1.355617285128135E-002
 -0.164919370855377       2.280787736153005E-002
 -0.197010733237879       3.390150631357090E-002
 -0.226897771402577       4.665283028813662E-002
 -0.255165541507131       6.098902040386506E-002
 -0.282313980543742       7.690087724705870E-002
 -0.308777190732207       9.441716454241497E-002
 -0.334902295652639       0.113672530491921     
 -0.360948859444820       0.134738404903343     
 -0.387083519402062       0.157861214933506     
 -0.413351237042989       0.183089985190200     
 -0.439696761466508       0.210742831313596     
 -0.465909201975901       0.240765985645014     
 -0.491666372848683       0.273475735105161     
 -0.516479847773902       0.308624791025622     
 -0.539725940093173       0.346399211030606     
 -0.560664619297419       0.386280795554349     
 -0.578364080663976       0.428131782600480     
 -0.591926682835840       0.471143198564048     
 -0.600138767831241       0.514616470691537     
 -0.602084506980423       0.557530746639330     
 -0.596283885905318       0.598415660482027     
 -0.581879145387592       0.636207265508512     
 -0.556981919132150       0.668585838904366     
 -0.520581384100542       0.694606802739743     
 -0.469765170294183       0.711252687341043     
 -0.402500079112171       0.717709994539050     
 -0.313206174608982       0.710684595712917     
 -0.196691430242112       0.689312281330536     
 -4.132800817405521E-002  0.650782672154802     
  0.165420875833756       0.594210052609726     
  0.446043448944766       0.518922744713899     
  0.825439405093435       0.425470878191255     
   1.33701034012763       0.318960067840745     
   2.01072812591205       0.206515012146448     
   2.86559680190379       0.104546038509255     
   3.88338493483785       2.883134210602565E-002
   5.00000000000000       0.000000000000000E+000
  2.122610839453942E-314  0.000000000000000E+000
 -5.147124453561176E-002  1.445673194088992E-003
 -9.699045599524854E-002  5.425706476987738E-003
 -0.137619327515478       1.153220188729764E-002
 -0.174367796967065       1.936789124812205E-002
 -0.208058827435265       2.876540643714861E-002
 -0.239447641280376       3.956106962218674E-002
 -0.269188865817523       5.174438497772421E-002
 -0.297844981965272       6.530649536401997E-002
 -0.325912622560238       8.035341736732783E-002
 -0.353768893702372       9.700368948987635E-002
 -0.381724277980266       0.115431370066049     
 -0.409944931485610       0.135851364530043     
 -0.438502816461655       0.158447765744463     
 -0.467308367557255       0.183491671078492     
 -0.496131342725829       0.211093557448619     
 -0.524576911037982       0.241508889449821     
 -0.552059987400438       0.274660655733112     
 -0.577849182512163       0.310668893662719     
 -0.600998985844752       0.349140827039727     
 -0.620458852066990       0.389891017123593     
 -0.634997589611180       0.432114817620225     
 -0.643328213549009       0.475130915633190     
 -0.644074473146081       0.517721895890485     
 -0.635818650579818       0.558569126521241     
 -0.617124972933776       0.596170161810640     
 -0.586415343912705       0.628565139783374     
 -0.541958628549764       0.654173839793813     
 -0.481530102004627       0.670583202567745     
 -0.402125806140304       0.676308098969733     
 -0.299412466707130       0.668847375066322     
 -0.166834151329655       0.646913321895509     
  5.132643971609537E-003  0.608466994020936     
  0.230501072793979       0.552845716258288     
  0.528503763151062       0.479684344427615     
  0.923625542185019       0.390708575461816     
   1.44534600591108       0.290152000979422     
   2.11719526555973       0.186567829803947     
   2.95677437944754       9.348681962563572E-002
   3.93567559037988       2.557315824843119E-002
   5.00000000000000       0.000000000000000E+000
  2.122610839453942E-314  0.000000000000000E+000
 -5.402945506617477E-002  1.171124252261352E-003
 -0.101592442384370       4.363187760870271E-003
 -0.143940258867876       9.259075701371076E-003
 -0.182145138427201       1.551034211716227E-002
 -0.217159284097984       2.300692330735593E-002
 -0.249799072975689       3.163163850501475E-002
 -0.280803727908872       4.140327315293778E-002
 -0.310794622088418       5.236729618004349E-002
 -0.340321048704499       6.463672886667239E-002
 -0.369814175872917       7.840699018775379E-002
 -0.399609332241901       9.383804739592135E-002
 -0.429913796046647       0.111259930045242     
 -0.460792259806551       0.130818513112029     
 -0.492165734799379       0.152950765004022     
 -0.523753686217684       0.177698158891996     
 -0.555112575681366       0.205532923362241     
 -0.585554071694473       0.236272398875908     
 -0.614202673479148       0.270277825805767     
 -0.639963568153691       0.307021042667224     
 -0.661514914129268       0.346515511354467     
 -0.677473930792629       0.387830190875568     
 -0.686144465291207       0.430334968916571     
 -0.686086458629488       0.472778998543819     
 -0.675353778251646       0.513639262015787     
 -0.652654193917362       0.551584282904420     
 -0.615790118930150       0.584158923926443     
 -0.563495738584616       0.610232510831610     
 -0.492821423507356       0.626718932967835     
 -0.401656092474931       0.632822890228510     
 -0.284753754113639       0.625465746880778     
 -0.137045437444590       0.604113969251728     
  5.203424953017535E-002  0.566604188426691     
  0.294121047801867       0.512791057110641     
  0.608656391360079       0.442919972683942     
   1.01677113474813       0.358497412493229     
   1.54471251899450       0.264863958758537     
   2.21357731935174       0.168846953313736     
   3.03321941150123       8.421502108980293E-002
   3.98127502413862       2.284958521790671E-002
   5.00000000000000       0.000000000000000E+000
  2.122610839453942E-314  0.000000000000000E+000
 -5.598986562379638E-002  8.594793527721803E-004
 -0.105148124835853       3.192939663289483E-003
 -0.148780342995604       6.757114016710607E-003
 -0.188105254594555       1.127551431568078E-002
 -0.224130881366643       1.669950814590001E-002
 -0.257767046724179       2.294737115488627E-002
 -0.289812932386978       3.009836708161386E-002
 -0.320950088590200       3.820373004981389E-002
 -0.351790191822013       4.745181611025265E-002
 -0.382799802131387       5.801917704150284E-002
 -0.414373446458982       7.017388555451529E-002
 -0.446727958077160       8.420351755162683E-002
 -0.479969126540224       0.100411985225775     
 -0.513991925160017       0.119168991797822     
 -0.548510410226513       0.140732202761072     
 -0.583004579719515       0.165480670550019     
 -0.616693705086547       0.193492043385774     
 -0.648566727359065       0.225013196300622     
 -0.677308729744872       0.259769537865877     
 -0.701421140017539       0.297659624839420     
 -0.719154424003506       0.337907975162638     
 -0.728660483075573       0.379816361393410     
 -0.728007584136686       0.422084661249631     
 -0.715238959663929       0.463242316783208     
 -0.688498904528750       0.501639622361629     
 -0.645859926616645       0.535069992969056     
 -0.585453400575792       0.561860196563504     
 -0.505005903317400       0.579394616959780     
 -0.401715226093857       0.586295615334177     
 -0.271527140817365       0.580097664877637     
 -0.108520262259381       0.559936747137091     
  9.603623179219246E-002  0.524184393382954     
  0.354462155502217       0.472939768786179     
  0.683693099804390       0.406527574890969     
   1.10372708801762       0.327392707338896     
   1.63829300333816       0.239983824936883     
   2.30296592188015       0.152098555168746     
   3.10769156148405       7.520995253215132E-002
   4.02312098382996       2.025120007116741E-002
   5.00000000000000       0.000000000000000E+000
  2.122610839453942E-314  0.000000000000000E+000
 -5.734732334860419E-002  5.267943719475445E-004
 -0.107530082319827       1.919137220166265E-003
 -0.152020001093999       4.053358774346066E-003
 -0.192062391244498       6.708131604380754E-003
 -0.228777158567476       9.907015543959348E-003
 -0.263114164023024       1.361425897540502E-002
 -0.295949297728490       1.794288899708845E-002
 -0.328013414181224       2.299252450120556E-002
 -0.359973798539453       2.895656001644270E-002
 -0.392351635769834       3.608174937756967E-002
 -0.425579368217307       4.461565704019025E-002
 -0.459924147119622       5.496148933439911E-002
 -0.495503655319279       6.737432497887311E-002
 -0.532237945596940       8.240979113880142E-002
 -0.569806261248426       0.100239202730463     
 -0.607653561186637       0.121514269646562     
 -0.644890783322282       0.146175945341016     
 -0.680367860183378       0.174819951665326     
 -0.712575683394022       0.206980204196147     
 -0.739736454259277       0.242918696216116     
 -0.759856765549610       0.281642331869910     
 -0.770664979647838       0.322706299802585     
 -0.770046145800080       0.364654471645664     
 -0.755519084208098       0.406005359432131     
 -0.725270307527493       0.445148742692293     
 -0.676818844784780       0.479514987109338     
 -0.608715054143776       0.507767361908527     
 -0.518137998838809       0.526661494833981     
 -0.403171930436664       0.535425842854317     
 -0.259183403110262       0.530981977754392     
 -8.167086227938045E-002  0.513148238407009     
  0.138619037219212       0.480063446205224     
  0.411962117376172       0.432263586767651     
  0.754942522179336       0.370474382322754     
   1.18509204758050       0.296849013583598     
   1.72306474647431       0.216672944268625     
   2.38333720784804       0.136132204489978     
   3.16992895894610       6.709323760213104E-002
   4.05920597911500       1.780934197640900E-002
   5.00000000000000       0.000000000000000E+000
  2.122610839453942E-314  0.000000000000000E+000
 -5.800801189129598E-002  1.687970087383694E-004
 -0.108697724674365       5.791766499825183E-004
 -0.153550798852416       1.191932604911610E-003
 -0.193928992473993       1.886009682203755E-003
 -0.230977317917598       2.739995190601055E-003
 -0.265720657854019       3.766322985442130E-003
 -0.299076755155611       5.124017611342291E-003
 -0.331831748011299       6.922211334327253E-003
 -0.364709128754136       9.411655248454338E-003
 -0.398273233748626       1.281670333104855E-002
 -0.433022159999088       1.747883068310108E-002
 -0.469249908959098       2.374741665088472E-002
 -0.507134399086661       3.203727536468603E-002
 -0.546588861377913       4.281521576472144E-002
 -0.587315980078051       5.650418430989402E-002
 -0.628690488533081       7.362663247415524E-002
 -0.669761884137689       9.447366827940870E-002
 -0.709216243417649       0.119469890231408     
 -0.745347350383075       0.148561093446395     
 -0.776118345835739       0.181810809505795     
 -0.799180089456862       0.218600911892600     
 -0.811971702179615       0.258306426549008     
 -0.811900035913127       0.299664207470600     
 -0.796310828261374       0.341112337954536     
 -0.762882779252233       0.380929308704348     
 -0.709265748984022       0.416652930688677     
 -0.633560753284756       0.446535774074292     
 -0.533524186815906       0.467658694866239     
 -0.406852339729823       0.478728092273731     
 -0.249982754268007       0.477121984485083     
 -5.805430206161223E-002  0.462335457949938     
  0.176647335503938       0.432871647835795     
  0.464415189133162       0.389448540703751     
  0.820002432303087       0.332723863088045     
   1.25931975575712       0.265590755034885     
   1.80163439420899       0.192417234494143     
   2.45667041296455       0.120148434531828     
   3.22957498403533       5.864198077908794E-002
   4.09199750522244       1.545135106463294E-002
   5.00000000000000       0.000000000000000E+000
  2.122610839453942E-314  0.000000000000000E+000
 -5.797983622861653E-002 -2.051735783933992E-004
 -0.108544262494231      -8.368783170833692E-004
 -0.153295186675324      -1.791330037925203E-003
 -0.193572229315604      -3.131631256907374E-003
 -0.230602151533939      -4.698362072024182E-003
 -0.265419505290573      -6.442380597369505E-003
 -0.299004350253882      -8.170600664769181E-003
 -0.332175229490089      -9.744660160292466E-003
 -0.365712484309117      -1.091307205155334E-002
 -0.400230939520222      -1.140663146338488E-002
 -0.436283193770736      -1.091181058907763E-002
 -0.474222598412398      -8.988041321622228E-003
 -0.514268193524413      -5.279762439893954E-003
 -0.556380280742985       8.561578848685432E-004
 -0.600258731866752       9.741121701673032E-003
 -0.645275949489778       2.219901990486632E-002
 -0.690385302856717       3.835826949575900E-002
 -0.734172413280369       5.909009146082256E-002
 -0.774695313070819       8.409979626499399E-002
 -0.809677137506704       0.114005003197760     
 -0.836400738975986       0.147882789909670     
 -0.851922379956332       0.185636761863154     
 -0.853265373236732       0.225716981076268     
 -0.837308545813761       0.266849748935429     
 -0.801553463790800       0.307196914824358     
 -0.743201437901494       0.344155375512046     
 -0.660613024284800       0.376180110615231     
 -0.551186508412936       0.399786888237656     
 -0.413424531499256       0.414211487150682     
 -0.243501670494454       0.416124082858824     
 -3.787477649244558E-002  0.405665569174990     
  0.211236443331896       0.380915054836922     
  0.512403161675453       0.342986747190882     
  0.879588140795952       0.292731068330281     
   1.32699460390129       0.232650837385462     
   1.87096884629569       0.167868854516068     
   2.52115772505160       0.103581134893418     
   3.27812894274583       5.043628090289505E-002
   4.11901021075051       1.287547132017674E-002
   5.00000000000000       0.000000000000000E+000
  2.122610839453942E-314  0.000000000000000E+000
 -5.719783550521177E-002 -5.857862603678081E-004
 -0.107082808828881      -2.257115078256927E-003
 -0.151207657190336      -4.822625493930089E-003
 -0.190979402509572      -8.219417565525352E-003
 -0.227608002321391      -1.225023829919257E-002
 -0.262175288089486      -1.680790327672499E-002
 -0.295675118087668      -2.168134635641114E-002
 -0.328973153995800      -2.671914357531028E-002
 -0.362890706202211      -3.164934879806410E-002
 -0.398095192087839      -3.622682961627183E-002
 -0.435204628616754      -4.008529158074742E-002
 -0.474624257758324      -4.284622021566693E-002
 -0.516651963816756      -4.402859138660149E-002
 -0.561275762831217      -4.309599530643023E-002
 -0.608259772024070      -3.948074929046871E-002
 -0.656933952656640      -3.252079767300576E-002
 -0.706252955934527      -2.167899347001110E-002
 -0.754627549198239      -6.310101649565921E-003
 -0.799997145640678       1.386422673485042E-002
 -0.839734890780190       3.917716332217797E-002
 -0.870851760647734       6.936044732990350E-002
 -0.889919856568585       0.104016096674024     
 -0.893569881736833       0.142145697334604     
 -0.878235430784641       0.182244768694802     
 -0.841018114032947       0.222705345973357     
 -0.778971331390774       0.260865587546222     
 -0.690186452073245       0.294997487039255     
 -0.572405752705089       0.321775127150313     
 -0.424055592894900       0.339982127627685     
 -0.242169818239348       0.346586621946956     
 -2.332680220950576E-002  0.341349334507093     
  0.239041534616121       0.322559983797791     
  0.552917112795329       0.291389419337727     
  0.931058414308063       0.248476171289347     
   1.38564921629676       0.196904802362228     
   1.93261189578236       0.140767470671950     
   2.57745163631700       8.599681315023430E-002
   3.32267751539862       4.118626003069733E-002
   4.14270697829009       1.037557826893335E-002
   5.00000000000000       0.000000000000000E+000
  2.122610839453942E-314  0.000000000000000E+000
 -5.568878315062072E-002 -9.725266348125348E-004
 -0.104248976421491      -3.704489540515859E-003
 -0.147278934078553      -7.852047294995898E-003
 -0.186104453789679      -1.329629575991544E-002
 -0.221971843197188      -1.975959648028317E-002
 -0.255934061637458      -2.711546906394875E-002
 -0.289024690009647      -3.512233451783074E-002
 -0.322116829756185      -4.363100339871782E-002
 -0.356085548775984      -5.237383200885608E-002
 -0.391636878807796      -6.110584558237016E-002
 -0.429459763729791      -6.949533048183029E-002
 -0.470022623000346      -7.712801160150096E-002
 -0.513701158667472      -8.359079646650054E-002
 -0.560554815620220      -8.822547292851829E-002
 -0.610396801102537      -9.057721389955889E-002
 -0.662604891039676      -8.970959204623137E-002
 -0.716083224715531      -8.526277137907112E-002
 -0.769220679049537      -7.609903196754801E-002
 -0.819712900492466      -6.220550150617473E-002
 -0.864798710911535      -4.252205350616219E-002
 -0.900996604516470      -1.767392866515346E-002
 -0.924620593522796       1.279363155115463E-002
 -0.931645441119954       4.749612442536971E-002
 -0.918171145166586       8.563278090338737E-002
 -0.880757422621152       0.125341000791575     
 -0.816151014844893       0.164168875989655     
 -0.722373269807754       0.200463556386282     
 -0.597001531686427       0.230469630764220     
 -0.439043423038754       0.253413921655843     
 -0.245580307507073       0.265441609579142     
 -1.432530656762388E-002  0.266921815553724     
  0.260920998304619       0.255456877183604     
  0.586751596068142       0.232565249357313     
  0.974722080182088       0.198868281965151     
   1.43599691905017       0.156852477399799     
   1.98365463702810       0.111449854668337     
   2.62399504397835       6.638286491842414E-002
   3.35604666432384       3.165954421314807E-002
   4.15962554296785       7.261896524049083E-003
   5.00000000000000       0.000000000000000E+000
  2.122610839453942E-314  0.000000000000000E+000
 -5.343512630876446E-002 -1.339806850509951E-003
 -0.100124093314600      -5.073496592956093E-003
 -0.141547671273318      -1.077748334945461E-002
 -0.179029450960781      -1.819114378070852E-002
 -0.213749522895112      -2.702545499770504E-002
 -0.246770077915111      -3.709065979159110E-002
 -0.279101813151118      -4.816551543794444E-002
 -0.311651458006385      -6.008319039155084E-002
 -0.345308643007620      -7.260868310039029E-002
 -0.380839662031120      -8.551785384308125E-002
 -0.418985278269533      -9.849547306765560E-002
 -0.460295298407113      -0.111189692702076     
 -0.505231022288587      -0.123142889361869     
 -0.553931103048459      -0.133810877081772     
 -0.606312334150249      -0.142566011118002     
 -0.661773041510073      -0.148652223049478     
 -0.719303813848337      -0.151322563818151     
 -0.777157098386978      -0.149699865053323     
 -0.833047320094177      -0.143102627280330     
 -0.883814577861907      -0.130812269371009     
 -0.925882970088439      -0.112524650733466     
 -0.954878160887316      -8.817536633899255E-002
 -0.966571502273462      -5.814623163355111E-002
 -0.956243561363903      -2.359695392528591E-002
 -0.920232232340244       1.435814566601076E-002
 -0.854665166247211       5.304846096879035E-002
 -0.757484173921035       9.102639642485737E-002
 -0.626185971363034       0.124532104512102     
 -0.459975225019422       0.152459356473367     
 -0.256472701194747       0.171092059494297     
 -1.394570531113165E-002  0.180320348083632     
  0.272956661923261       0.177788496815778     
  0.609675440439922       0.164879113180343     
   1.00714936588239       0.141808914951589     
   1.47414899383814       0.111501972887853     
   2.02418427044630       7.759198490988466E-002
   2.65991877790379       4.465146649048563E-002
   3.38301982210585       2.022829432142654E-002
   4.17279888019400       4.247221954190071E-003
   5.00000000000000       0.000000000000000E+000
  2.122610839453942E-314  0.000000000000000E+000
 -5.048567458829471E-002 -1.698380654630986E-003
 -9.471015173009455E-002 -6.397998290888151E-003
 -0.134097462822300      -1.353581852219481E-002
 -0.169829308674832      -2.280293350221688E-002
 -0.203061959797827      -3.384200502762091E-002
 -0.234787053594555      -4.646637528400487E-002
 -0.266022968548342      -6.043107361648071E-002
 -0.297652422551515      -7.560947965356712E-002
 -0.330607366607399      -9.177449532942758E-002
 -0.365670459210069      -0.108760619678255     
 -0.403662437269893      -0.126290093561870     
 -0.445187526476981      -0.144058960963830     
 -0.490820150469263      -0.161681741505713     
 -0.540785547576099      -0.178599752345150     
 -0.595117432089172      -0.194302735412409     
 -0.653316325469582      -0.207872577136301     
 -0.714415149597706      -0.218737002846390     
 -0.776754659472928      -0.225592476069511     
 -0.837876970925952      -0.228010697761123     
 -0.894661361637735      -0.224482250329369     
 -0.942997570405242      -0.215036665990215     
 -0.978468473014301      -0.198485241148785     
 -0.995932700177431      -0.175584605591327     
 -0.990554751883696      -0.146320670319748     
 -0.957643097646402      -0.112079717292417     
 -0.893212145072847      -7.481305638618528E-002
 -0.794544706412379      -3.596507079276970E-002
 -0.659181786729590       5.700837666911621E-004
 -0.486420359173513       3.405696154667112E-002
 -0.274199883550337       5.985084499248601E-002
 -2.161249078541125E-002  7.846105155325366E-002
  0.275921989186102       8.648016198144960E-002
  0.622835449892783       8.556361268544538E-002
   1.02841284623935       7.565845945073085E-002
   1.50108009788952       5.871201249703881E-002
   2.05146675559460       3.941414986324938E-002
   2.68387777758892       1.925194923188867E-002
   3.39749930955232       8.047450704346355E-003
   4.17712449715264       1.749714432282005E-004
   5.00000000000000       0.000000000000000E+000
  2.122610839453942E-314  0.000000000000000E+000
 -4.688971558973448E-002 -2.006053328976099E-003
 -8.816632336984509E-002 -7.548894151027974E-003
 -0.125070873393653      -1.600656527199043E-002
 -0.158696841263077      -2.693137111858800E-002
 -0.190086226709057      -3.998562255425030E-002
 -0.220192673074985      -5.492110418632544E-002
 -0.249971708343384      -7.155364523098751E-002
 -0.280318443847115      -8.973278445386888E-002
 -0.312142737095182      -0.109322907645400     
 -0.346287144305328      -0.130168526887782     
 -0.383591829178868      -0.152095521277057     
 -0.424767196418670      -0.174850076414005     
 -0.470453996423296      -0.198125986219593     
 -0.521017539210541      -0.221468066974903     
 -0.576608248008029      -0.244349368327601     
 -0.636850805818478      -0.266024760072946     
 -0.700938878628786      -0.285689873800490     
 -0.767205540645826      -0.302293821832240     
 -0.833376739870573      -0.314816403469052     
 -0.896016366530354      -0.322081026875056     
 -0.951178003207946      -0.323061089455013     
 -0.993658229153809      -0.316952445168406     
  -1.01841551647910      -0.303100805325857     
  -1.01941703236978      -0.281858317756783     
 -0.991995746836680      -0.253231861471353     
 -0.930935405631734      -0.219420822981177     
 -0.833583622379154      -0.181082721127477     
 -0.696795592922522      -0.142199032042104     
 -0.520188454052267      -0.103520477458015     
 -0.301732943535955      -6.972330069189618E-002
 -4.135806367638834E-002 -4.082112784804326E-002
  0.265092748095153      -2.037691831690675E-002
  0.620438601968781      -7.175587276132812E-003
   1.03384570553183      -1.932322497771923E-003
   1.51099365895183      -2.458560259421724E-003
   2.06376432833242      -5.838723223878201E-003
   2.69324466577640      -9.559597812867070E-003
   3.40195487678071      -7.095043349045050E-003
   4.17688895677012      -3.748372876551793E-003
   5.00000000000000       0.000000000000000E+000
  2.122610839453942E-314  0.000000000000000E+000
 -4.271609514709501E-002 -2.286628325792058E-003
 -8.058030617817499E-002 -8.567145301964271E-003
 -0.114657298706863      -1.812160058013635E-002
 -0.145850696236390      -3.046778299090799E-002
 -0.175108847240222      -4.522458938416474E-002
 -0.203279190722355      -6.216869300706453E-002
 -0.231284338575259      -8.110114400472992E-002
 -0.259962400083851      -0.101945748223062     
 -0.290242308215397      -0.124574110277699     
 -0.322950254224708      -0.148946887169583     
 -0.358999007087965      -0.174922083199040     
 -0.399125256071549      -0.202389402090535     
 -0.444101412494055      -0.231108726707889     
 -0.494369506096765      -0.260759382911637     
 -0.550262673569739      -0.290923160372026     
 -0.611540404131493      -0.320899375597656     
 -0.677572904463343      -0.350036631072921     
 -0.746888645375865      -0.377091638226666     
 -0.817233239681902      -0.401244041343859     
 -0.885410858682744      -0.420703686218377     
 -0.947105789071402      -0.434648452383299     
 -0.997351363253963      -0.441120212050751     
  -1.03013969745242      -0.439662805875163     
  -1.03961772115452      -0.429087910922536     
  -1.01965717742026      -0.409465213704948     
 -0.965122980730288      -0.381654561910877     
 -0.871953734169894      -0.346178513376181     
 -0.737113568759085      -0.306668802513943     
 -0.559579545724277      -0.263288424137310     
 -0.337711455958700      -0.221682881481394     
 -7.168475923307854E-002 -0.181119309227048     
  0.241487036332518      -0.146636343160680     
  0.604203329373936      -0.116865576438041     
   1.02345387849923      -9.322590496393718E-002
   1.50527844623157      -7.497068033622066E-002
   2.05849304638324      -5.791888698216038E-002
   2.68683292922073      -4.407117995503995E-002
   3.39124451800049      -2.349171372667760E-002
   4.16449416070359      -9.265936267421169E-003
   5.00000000000000       0.000000000000000E+000
  2.122610839453942E-314  0.000000000000000E+000
 -3.809503409058927E-002 -2.484282694280622E-003
 -7.218737255084293E-002 -9.319451251381996E-003
 -0.103113648785329      -1.976009126103628E-002
 -0.131597877493156      -3.321402173635677E-002
 -0.158440391037164      -4.934845421146742E-002
 -0.184399277552261      -6.788927870527378E-002
 -0.210300307243884      -8.872928641906322E-002
 -0.236964470743646      -0.111760888099979     
 -0.265257419072472      -0.136994405859390     
 -0.296050084874477      -0.164380705716849     
 -0.330224180273256      -0.193962805732356     
 -0.368628093655882      -0.225652278671236     
 -0.412046611037487      -0.259426873790821     
 -0.461109616604482      -0.295035441948384     
 -0.516227877472506      -0.332260902511061     
 -0.577409633763464      -0.370533546716207     
 -0.644197974600181      -0.409273606501401     
 -0.715344934906749      -0.447430052274672     
 -0.788893568214989      -0.483930870644056     
 -0.861633107570358      -0.517222859014926     
 -0.929659050586698      -0.545669032366906     
 -0.987443114188073      -0.567525338929938     
  -1.02942707241326      -0.580886935990202     
  -1.04849336082904      -0.584694957001714     
  -1.03884300505936      -0.577131248956765     
 -0.993555320955472      -0.559070038979368     
 -0.908768329883113      -0.529421892422782     
 -0.779868292079463      -0.491807265664776     
 -0.606062897329526      -0.445616707602909     
 -0.384860560497369      -0.396531068012410     
 -0.117189438511716      -0.344318084389654     
  0.199775854183079      -0.294221439036873     
  0.566738124756966      -0.245700282667635     
  0.991041033944944      -0.201211775632586     
   1.47561953968208      -0.160055259837773     
   2.03163571407652      -0.120591521141347     
   2.65977369343426      -8.373855359333195E-002
   3.36526712859043      -4.425798575603677E-002
   4.14627210647909      -1.455924013186411E-002
   5.00000000000000       0.000000000000000E+000
  2.122610839453942E-314  0.000000000000000E+000
 -3.310689287380104E-002 -2.635845616237308E-003
 -6.316836438136145E-002 -9.847980656135102E-003
 -9.072746068293512E-002 -2.086351206957291E-002
 -0.116300047822358      -3.507495009711942E-002
 -0.140523954392689      -5.214298306237518E-002
 -0.164033263177042      -7.183317699829818E-002
 -0.187576784564793      -9.403288292617246E-002
 -0.211892043440342      -0.118726807702366     
 -0.237829070988293      -0.145924422742758     
 -0.266203635613330      -0.175729662057997     
 -0.297940262527289      -0.208198752251608     
 -0.333864977105223      -0.243464891770741     
 -0.374879379064378      -0.281546604260108     
 -0.421643416063257      -0.322478651662575     
 -0.474782009255991      -0.366120506316386     
 -0.534418796819118      -0.412209504041516     
 -0.600405550680514      -0.460274037382341     
 -0.671735905054171      -0.509472604754645     
 -0.746765871577777      -0.558841476005708     
 -0.822673552107000      -0.606723054608530     
 -0.895631664672673      -0.651493142282194     
 -0.960609545759506      -0.690694123550698     
  -1.01150464352667      -0.722327124492875     
  -1.04164683861333      -0.743891407710796     
  -1.04387657722419      -0.753094068911045     
  -1.01144467600109      -0.749034167668619     
 -0.938541281971207      -0.729945649207163     
 -0.820561329490098      -0.698304287143419     
 -0.655027259698369      -0.652198633654811     
 -0.439711942141588      -0.597800217793257     
 -0.174575939765583      -0.533970097995347     
  0.141880176954490      -0.467903225411831     
  0.510670501807695      -0.398176406649433     
  0.936689068402808      -0.329232606819250     
   1.42420943510295      -0.262003503080291     
   1.98064755523287      -0.193709543180806     
   2.61111185940266      -0.132116550563272     
   3.31966035123899      -6.703634654824531E-002
   4.11098921972086      -2.224566101590962E-002
   5.00000000000000       0.000000000000000E+000
  2.122610839453942E-314  0.000000000000000E+000
 -2.796521637715556E-002 -2.678670667672340E-003
 -5.381674226873856E-002 -1.004166874969094E-002
 -7.786288359111496E-002 -2.133433219068087E-002
 -0.100361114240876      -3.589675233060470E-002
 -0.121795593057275      -5.345726734122204E-002
 -0.142666256782846      -7.375108405761241E-002
 -0.163607785244630      -9.676747570512226E-002
 -0.185307224164586      -0.122451566739782     
 -0.208515670154743      -0.150968693731754     
 -0.234061229536505      -0.182384881016103     
 -0.262779246471146      -0.216985935712146     
 -0.295580076181995      -0.254882325403726     
 -0.333296689418974      -0.296413652636688     
 -0.376778976796209      -0.341624047761441     
 -0.426632914307794      -0.390783343680003     
 -0.483319249601985      -0.443680739716050     
 -0.546774074710353      -0.500292913418613     
 -0.616476872120067      -0.559864025647644     
 -0.691042585111393      -0.621762488984771     
 -0.768146411896398      -0.684395849092718     
 -0.844442810201221      -0.746094440892534     
 -0.915086060243642      -0.804306887489919     
 -0.974640885406252      -0.856287619230434     
  -1.01580275149992      -0.899196834634568     
  -1.03202043131871      -0.929036327572358     
  -1.01475505668941      -0.944203970436105     
 -0.958487796151029      -0.940837544408101     
 -0.856393522518436      -0.920559431721017     
 -0.705684709766197      -0.879636472989744     
 -0.502550828365501      -0.823546743526422     
 -0.246852938772334      -0.750958464062799     
  6.308012638935746E-002 -0.669454712114834     
  0.427207041954916      -0.577520188993687     
  0.852252764233735      -0.481569626887369     
   1.33916012861576      -0.383296689007719     
   1.89843427914382      -0.283282236067630     
   2.53222879595001      -0.188790067458479     
   3.25100654266879      -9.652102243763273E-002
   4.06763914318342      -2.961033742611083E-002
   5.00000000000000       0.000000000000000E+000
  2.122610839453942E-314  0.000000000000000E+000
 -2.274698394710012E-002 -2.660124064941904E-003
 -4.439655864884604E-002 -9.935799754132812E-003
 -6.487292366402848E-002 -2.114091619702420E-002
 -8.425282312768378E-002 -3.562323918520158E-002
 -0.102806477324110      -5.314942105882541E-002
 -0.120920865869325      -7.349751893256902E-002
 -0.139116878799395      -9.665805753876155E-002
 -0.157986770656852      -0.122662134476983     
 -0.178226929417299      -0.151656416088268     
 -0.200574278876565      -0.183859890623634     
 -0.225857914763628      -0.219535880614683     
 -0.254905764253901      -0.259044046062251     
 -0.288612898055862      -0.302713209508623     
 -0.327779810785696      -0.350966112535789     
 -0.373193202150255      -0.404081927599905     
 -0.425343763956725      -0.462379839857463     
 -0.484532500019733      -0.525860385833302     
 -0.550415632959544      -0.594428197205842     
 -0.622190683021029      -0.667435386152733     
 -0.697919691242333      -0.743947352303336     
 -0.774949512075293      -0.822137469988637     
 -0.849024197261092      -0.899789851652960     
 -0.915160347637554      -0.973734553089815     
 -0.966634827503567       -1.04072223614480     
 -0.996608183937224       -1.09561744122124     
 -0.996774185051834       -1.13530880532416     
 -0.960139787763373       -1.15468338054390     
 -0.879459376221293       -1.15319540750863     
 -0.750005233653280       -1.12461175426791     
 -0.566900122196514       -1.07362395137686     
 -0.328259867900837      -0.996892846984311     
 -3.228917442941948E-002 -0.904162972173739     
  0.322043152546477      -0.789476806130070     
  0.739266706095183      -0.663406931407987     
   1.22467523680741      -0.530222431423167     
   1.78292563093796      -0.390543949714356     
   2.42361261568109      -0.260278407735087     
   3.15516719010958      -0.130089126908714     
   3.99977492201063      -4.134457858955273E-002
   5.00000000000000       0.000000000000000E+000
  2.122610839453942E-314  0.000000000000000E+000
 -1.773601453319906E-002 -2.520013718519307E-003
 -3.522269797737588E-002 -9.470904496194876E-003
 -5.219555699656708E-002 -2.023543255965481E-002
 -6.843114295843059E-002 -3.419135274599543E-002
 -8.407772638424021E-002 -5.117855446239017E-002
 -9.936733204119685E-002 -7.097114944184690E-002
 -0.114712965156767      -9.364571189215462E-002
 -0.130630430948231      -0.119184792413826     
 -0.147697063787327      -0.147868105048822     
 -0.166619184804035      -0.179843558448534     
 -0.188088910406831      -0.215588955643044     
 -0.212957494824593      -0.255384992433804     
 -0.241970966758127      -0.299898980980258     
 -0.276054658359743      -0.349479961854762     
 -0.315855845147990      -0.404918411146596     
 -0.362181721272484      -0.466471907272478     
 -0.415250622862464      -0.534867562283369     
 -0.475339729495783      -0.609949868600319     
 -0.541691422522285      -0.692006251542161     
 -0.613361571957101      -0.779965385891596     
 -0.687948253056857      -0.873050559771423     
 -0.762444754004190      -0.968663468770256     
 -0.832333395853356       -1.06442005597199     
 -0.891804435606209       -1.15618253209098     
 -0.934512227148427       -1.23890623924458     
 -0.952096078843833       -1.30759342932473     
 -0.937771923852366       -1.35615039431064     
 -0.882876399158943       -1.38162368792007     
 -0.782114791610772       -1.37506779340376     
 -0.627814954494224       -1.33897029072533     
 -0.417461373485844       -1.26717593025314     
 -0.146658883892982       -1.16938504773957     
  0.186781206894177       -1.03689235313011     
  0.589703169991899      -0.881041418451086     
   1.06628960505567      -0.709583513845383     
   1.62374207224163      -0.527291994167526     
   2.26634339187546      -0.348318637476610     
   3.02300200216818      -0.176311022290931     
   3.91895740205928      -5.276923480787439E-002
   5.00000000000000       0.000000000000000E+000
  2.122610839453942E-314  0.000000000000000E+000
 -1.298840987138747E-002 -2.308643002996436E-003
 -2.661358324669585E-002 -8.665315682671230E-003
 -4.019517639625675E-002 -1.862891927617276E-002
 -5.341186359513411E-002 -3.161032612371675E-002
 -6.618540687256488E-002 -4.753068068052066E-002
 -7.867923458794007E-002 -6.619857356117474E-002
 -9.117874370006847E-002 -8.768943094297357E-002
 -0.104111813862044      -0.112043127770105     
 -0.117971424826231      -0.139492236286927     
 -0.133348566512111      -0.170298324665292     
 -0.150876020268316      -0.204867848574678     
 -0.171269662403444      -0.243689559971349     
 -0.195257801266258      -0.287346808139114     
 -0.223630201616163      -0.336547709018601     
 -0.257116518084305      -0.391988918596963     
 -0.296427343906815      -0.454520545814291     
 -0.342072764837811      -0.524755663204215     
 -0.394337048501488      -0.603468586023675     
 -0.453114009406922      -0.690763409315665     
 -0.517648898704471      -0.786908752844609     
 -0.586666893671738      -0.890799341575678     
 -0.657563400328967       -1.00152661358174     
 -0.727382508055587       -1.11597688093012     
 -0.790791131832681       -1.23161068608751     
 -0.843014844848740       -1.34201668088233     
 -0.875845288602795       -1.44267926121120     
 -0.883368183330888       -1.52591688476410     
 -0.855891386983169       -1.58736522576107     
 -0.788145935319261       -1.61393104554490     
 -0.669945520862271       -1.60563225662261     
 -0.497313422132505       -1.55311316214296     
 -0.263196965170518       -1.46413550184563     
  3.671090964204753E-002  -1.32139266807126     
  0.410496427539580       -1.14037575295036     
  0.871285340336480      -0.930314364472000     
   1.41834202815570      -0.703401186569896     
   2.07009832866100      -0.470450262966433     
   2.84625671124907      -0.232467570827240     
   3.79802015097996      -7.346433704076832E-002
   5.00000000000000       0.000000000000000E+000
  2.122610839453942E-314  0.000000000000000E+000
 -8.820478421255388E-003 -1.984138443378549E-003
 -1.884659274558116E-002 -7.542371409886099E-003
 -2.931431470559926E-002 -1.635490940969071E-002
 -3.962702065385247E-002 -2.795517010327934E-002
 -4.965359282309609E-002 -4.232827092849171E-002
 -5.942735280919961E-002 -5.930041287356008E-002
 -6.915276438515211E-002 -7.899517390941177E-002
 -7.917554146336009E-002 -0.101392533156205     
 -8.986967450879382E-002 -0.126802173174344     
 -0.101755905373605      -0.155383736677029     
 -0.115310571134192      -0.187684851711621     
 -0.131197358048456      -0.224060415714954     
 -0.149951854189587      -0.265345821326049     
 -0.172373204021540      -0.312084365000121     
 -0.198967974852375      -0.365409561181765     
 -0.230616010768705      -0.425971978966019     
 -0.267591678724773      -0.495121009528514     
 -0.310681988083944      -0.573382646204647     
 -0.359559802964510      -0.662057630623619     
 -0.414563303222356      -0.761057848683661     
 -0.474236644350267      -0.871115544943373     
 -0.537887870143861      -0.990731893196914     
 -0.602369818135352       -1.11928315548374     
 -0.665089517729528       -1.25299275197415     
 -0.720982272469245       -1.38857910774264     
 -0.765025661041058       -1.51904745801843     
 -0.790775877375966       -1.63906221690993     
 -0.790128568906692       -1.74050787712445     
 -0.756666579415146       -1.81098420270049     
 -0.679821667273675       -1.84380075873543     
 -0.553134966307607       -1.82888304208853     
 -0.369726959937668       -1.76738003544439     
 -0.119333397044366       -1.63693644303767     
  0.205561789853444       -1.45029051512792     
  0.620297172581138       -1.20715497806557     
   1.13955830589571      -0.939250543605039     
   1.77915082912367      -0.632252374748356     
   2.59612614024504      -0.315032995985438     
   3.65799186786394      -9.414717008022139E-002
   5.00000000000000       0.000000000000000E+000
  2.122610839453942E-314  0.000000000000000E+000
 -5.253488849709629E-003 -1.593462159917485E-003
 -1.225117530653607E-002 -6.099638065019883E-003
 -1.986150128845543E-002 -1.348563372006346E-002
 -2.754043947832314E-002 -2.333671989848466E-002
 -3.497950106159882E-002 -3.574038750749226E-002
 -4.221157684731307E-002 -5.054225395355399E-002
 -4.933746190466323E-002 -6.784114670946376E-002
 -5.663099162312476E-002 -8.763994909983602E-002
 -6.437464271789753E-002 -0.110165885260378     
 -7.296718346350542E-002 -0.135631143778061     
 -8.278871951795203E-002 -0.164465404502181     
 -9.434410730277859E-002 -0.197132232420133     
 -0.108079250113670      -0.234312161485997     
 -0.124605972787179      -0.276765965599188     
 -0.144394905422634      -0.325422131672146     
 -0.168124881363142      -0.381358678032671     
 -0.196193133513340      -0.445645257639819     
 -0.229202635051004      -0.519622375867764     
 -0.267293019390798      -0.604193216934013     
 -0.310679758583738      -0.700744337451270     
 -0.358981842436618      -0.809410875222579     
 -0.411473239488350      -0.931168851094454     
 -0.466978075215123       -1.06436158652189     
 -0.522919825375618       -1.20881276871265     
 -0.577153297808248       -1.35981058184278     
 -0.624497955511961       -1.51464859107555     
 -0.662212948690009       -1.66560774240670     
 -0.681248108384250       -1.80791203587521     
 -0.679137055914271       -1.92514929524856     
 -0.642478075371388       -2.00968799680381     
 -0.568659491536846       -2.05132255732189     
 -0.443241050731424       -2.04359233594260     
 -0.261579248105473       -1.95399583504524     
 -3.174479943567032E-003  -1.79235125269137     
  0.348858478462658       -1.54686110636591     
  0.814503830637240       -1.25585172990913     
   1.43880479424335      -0.864207363782036     
   2.26837431536462      -0.409546079166169     
   3.44324587557293      -0.121513561573892     
   5.00000000000000       0.000000000000000E+000
  2.122610839453942E-314  0.000000000000000E+000
 -2.585379328231037E-003 -1.134782870984381E-003
 -6.989375142167252E-003 -4.481474884924667E-003
 -1.216687554523550E-002 -1.018715793158876E-002
 -1.745150604912779E-002 -1.802472717275059E-002
 -2.256348154095796E-002 -2.812233720913544E-002
 -2.749054670518454E-002 -4.033328222647276E-002
 -3.228014302398435E-002 -5.476415819510966E-002
 -3.714079082509944E-002 -7.134235597591326E-002
 -4.225229235011516E-002 -9.031100493575318E-002
 -4.792103367530880E-002 -0.111764625873239     
 -5.438803522723903E-002 -0.136172346608095     
 -6.204987931892497E-002 -0.163831779026211     
 -7.117453130420774E-002 -0.195515757450385     
 -8.227753834566411E-002 -0.231751491965234     
 -9.560528705698738E-002 -0.273674272541042     
 -0.111818472786052      -0.322036512159506     
 -0.131036416194662      -0.378349593681255     
 -0.154061760472802      -0.443506957468500     
 -0.180689245954977      -0.519308090918391     
 -0.211809349558927      -0.606530953954406     
 -0.246578485748627      -0.707012302781228     
 -0.285820392529331      -0.820879872622206     
 -0.327625982508924      -0.949480207878987     
 -0.372460011705949       -1.09126796511002     
 -0.416953848322820       -1.24643810667203     
 -0.460783477867047       -1.41021315311280     
 -0.499021677214455       -1.58125937370979     
 -0.529061254280225       -1.75072829481945     
 -0.545251686453002       -1.91196437292131     
 -0.543370077203118       -2.04828268474244     
 -0.517856452037786       -2.15670470752121     
 -0.457983236450421       -2.22215254472219     
 -0.359613658427202       -2.20917090637538     
 -0.193133101659988       -2.11611552794445     
  5.643537720689695E-002  -1.91216235087945     
  0.429045768902362       -1.63101904863046     
   1.01093678507940       -1.17937015956002     
   1.89102090340084      -0.577695261566725     
   3.19064719983030      -0.147286643632426     
   5.00000000000000       0.000000000000000E+000
  2.122610839453942E-314  0.000000000000000E+000
 -7.552463898096154E-004 -6.470193617358716E-004
 -3.300644830125596E-003 -2.685381458068423E-003
 -6.398585415592026E-003 -6.638063009804502E-003
 -9.646867469636743E-003 -1.232805687503724E-002
 -1.273517793767941E-002 -1.990972385125630E-002
 -1.568082476734020E-002 -2.926976605213939E-002
 -1.849549582157495E-002 -4.042747996789282E-002
 -2.131560935966671E-002 -5.333355532462337E-002
 -2.425127951203514E-002 -6.811898537109447E-002
 -2.749806412043177E-002 -8.488205063266008E-002
 -3.119774225970551E-002 -0.103952280530980     
 -3.560858819474109E-002 -0.125615626917949     
 -4.088040665567424E-002 -0.150455403488084     
 -4.735669710130692E-002 -0.179000157689536     
 -5.517605457433139E-002 -0.212113400146750     
 -6.478217162759106E-002 -0.250631929148037     
 -7.626489524860131E-002 -0.295671790038308     
 -9.015502039389131E-002 -0.348443431801399     
 -0.106429781929573      -0.410171151499395     
 -0.125640742244882      -0.482477998560933     
 -0.147570960852528      -0.566337401280546     
 -0.172611856253787      -0.663761383876802     
 -0.200267788875970      -0.774776986350102     
 -0.230434398622093      -0.901516558765788     
 -0.262342600844775       -1.04220713960660     
 -0.294854137166425       -1.19850256642971     
 -0.327232926738846       -1.36535630782438     
 -0.355714277179087       -1.54327279372008     
 -0.380178666386247       -1.72223110281833     
 -0.394962706586165       -1.89636616536981     
 -0.402093096392408       -2.05928474088937     
 -0.388221958272345       -2.20434601748275     
 -0.358766895489100       -2.28258927729010     
 -0.279216723839284       -2.28960476605217     
 -0.158323008910404       -2.20349835070629     
  8.358008027717427E-002  -2.00709591316012     
  0.524728157445650       -1.54896185869065     
   1.30438199008966      -0.848011908007422     
   2.81171915993340      -0.273238455668274     
   5.00000000000000       0.000000000000000E+000
  2.122610839453942E-314  0.000000000000000E+000
  1.118069335490184E-004 -2.148863602259854E-004
 -1.045699539834464E-003 -1.083044100908059E-003
 -2.533915112331385E-003 -3.300535652682577E-003
 -4.145641045830650E-003 -6.830434369315934E-003
 -5.629739520954071E-003 -1.182644480197419E-002
 -7.037894572723808E-003 -1.812717889986270E-002
 -8.346567054953759E-003 -2.575539537787282E-002
 -9.639533682507558E-003 -3.459595725441652E-002
 -1.096487963741316E-002 -4.475849060794210E-002
 -1.242332102383259E-002 -5.625280166027243E-002
 -1.407772782628130E-002 -6.934872930713866E-002
 -1.606656621947466E-002 -8.418597171830131E-002
 -1.843560510428892E-002 -0.101259232729167     
 -2.139793672404670E-002 -0.120854053351964     
 -2.494835395674472E-002 -0.143747111135309     
 -2.941804194979416E-002 -0.170389319298181     
 -3.469523934767986E-002 -0.201884519776965     
 -4.128233427544423E-002 -0.238860367134696     
 -4.886863370107156E-002 -0.282756432037171     
 -5.819527919741403E-002 -0.334354792620069     
 -6.860351578647528E-002 -0.395361397231279     
 -8.115631423802692E-002 -0.466601698798093     
 -9.462228040632903E-002 -0.549869685326861     
 -0.110522690720360      -0.645689209088389     
 -0.126764649313375      -0.755781033570530     
 -0.145361811430763      -0.879792996246813     
 -0.162933544456080       -1.01881228171634     
 -0.181925821583707       -1.16989105209248     
 -0.197828797795760       -1.33434464291795     
 -0.214888597351787       -1.50281915527821     
 -0.227363484857040       -1.68160413796022     
 -0.233703501669171       -1.85764708449019     
 -0.224235805835363       -2.01816519807809     
 -0.201305042398005       -2.11630866017953     
 -0.160823441260350       -2.20387028103946     
 -0.124171041661998       -2.21263069735312     
 -4.045393982885598E-002  -1.93854285028379     
  0.379938411498431       -1.45846397804759     
   1.65554745102565      -0.494830673421999     
   5.00000000000000       0.000000000000000E+000
  2.122610839453942E-314  0.000000000000000E+000
  1.548293856015434E-004  1.548293856019268E-004
 -1.980996575850624E-004  1.236938547131881E-004
 -5.875875960411128E-004 -6.860150611667563E-004
 -1.010176074997983E-003 -2.345003321612585E-003
 -1.409050326400248E-003 -4.768223069596607E-003
 -1.775482733310181E-003 -7.969848930133298E-003
 -2.114587384117757E-003 -1.184772015917037E-002
 -2.442046600900993E-003 -1.637101458680502E-002
 -2.768721697855486E-003 -2.156052384123391E-002
 -3.136074881691509E-003 -2.740577314454521E-002
 -3.536473558712357E-003 -3.406798994085904E-002
 -4.045561799778899E-003 -4.156898471024426E-002
 -4.622725804755343E-003 -5.023282916446917E-002
 -5.393690638576846E-003 -6.013735424728434E-002
 -6.273312433623911E-003 -7.178348424725631E-002
 -7.453046863731294E-003 -8.534213099575658E-002
 -8.786371611378178E-003 -0.101492839228000     
 -1.054687978872366E-002 -0.120559485135217     
 -1.250718621291820E-002 -0.143358041837966     
 -1.503494537787485E-002 -0.170466805002599     
 -1.780167353648082E-002 -0.202698106176798     
 -2.126588087926354E-002 -0.241043598541986     
 -2.497707854608432E-002 -0.286035342264982     
 -2.949127816300770E-002 -0.339316014640701     
 -3.427746686984347E-002 -0.400622308314546     
 -3.984110089920550E-002 -0.472731460597257     
 -4.554662180173357E-002 -0.553477802141358     
 -5.162876108586172E-002 -0.646578549509165     
 -5.741670722500083E-002 -0.748785108883983     
 -6.426065293035096E-002 -0.865097724917910     
 -7.354181801248902E-002 -0.987574562369190     
 -7.983347509281827E-002  -1.12914598999446     
 -8.157767184743192E-002  -1.26567622219523     
 -7.739106750683851E-002  -1.38388406281580     
 -7.299120240556234E-002  -1.54452496447593     
 -0.102896039673281       -1.78983096929038     
 -0.221564948765938       -1.79974972977977     
 -8.794780135645006E-002  -1.79158799215951     
   1.18597386967575       -1.04993332854259     
   5.00000000000000       0.000000000000000E+000
  2.122610839453942E-314  0.000000000000000E+000
  2.122610839453942E-314  0.000000000000000E+000
  2.122610839453942E-314  0.000000000000000E+000
  2.122610839453942E-314  0.000000000000000E+000
  2.122610839453942E-314  0.000000000000000E+000
  2.122610839453942E-314  0.000000000000000E+000
  2.122610839453942E-314  0.000000000000000E+000
  2.122610839453942E-314  0.000000000000000E+000
  2.122610839453942E-314  0.000000000000000E+000
  2.122610839453942E-314  0.000000000000000E+000
  2.122610839453942E-314  0.000000000000000E+000
  2.122610839453942E-314  0.000000000000000E+000
  2.122610839453942E-314  0.000000000000000E+000
  2.122610839453942E-314  0.000000000000000E+000
  2.122610839453942E-314  0.000000000000000E+000
  2.122610839453942E-314  0.000000000000000E+000
  2.122610839453942E-314  0.000000000000000E+000
  2.122610839453942E-314  0.000000000000000E+000
  2.122610839453942E-314  0.000000000000000E+000
  2.122610839453942E-314  0.000000000000000E+000
  2.122610839453942E-314  0.000000000000000E+000
  2.122610839453942E-314  0.000000000000000E+000
  2.122610839453942E-314  0.000000000000000E+000
  2.122610839453942E-314  0.000000000000000E+000
  2.122610839453942E-314  0.000000000000000E+000
  2.122610839453942E-314  0.000000000000000E+000
  2.122610839453942E-314  0.000000000000000E+000
  2.122610839453942E-314  0.000000000000000E+000
  2.122610839453942E-314  0.000000000000000E+000
  2.122610839453942E-314  0.000000000000000E+000
  2.122610839453942E-314  0.000000000000000E+000
  2.122610839453942E-314  0.000000000000000E+000
  2.122610839453942E-314  0.000000000000000E+000
  2.122610839453942E-314  0.000000000000000E+000
  2.122610839453942E-314  0.000000000000000E+000
  2.122610839453942E-314  0.000000000000000E+000
  2.122610839453942E-314  0.000000000000000E+000
  2.122610839453942E-314  0.000000000000000E+000
  2.122610839453942E-314  0.000000000000000E+000
  2.122610839453942E-314  0.000000000000000E+000
   5.00000000000000       0.000000000000000E+000
