  5.432309224871097E-312  0.000000000000000E+000
  2.122610839453942E-314  0.000000000000000E+000
  2.122610839453942E-314  0.000000000000000E+000
  2.122610839453942E-314  0.000000000000000E+000
  2.122610839453942E-314  0.000000000000000E+000
  2.122610839453942E-314  0.000000000000000E+000
  2.122610839453942E-314  0.000000000000000E+000
  2.122610839453942E-314  0.000000000000000E+000
  2.122610839453942E-314  0.000000000000000E+000
  2.122610839453942E-314  0.000000000000000E+000
  2.122610839453942E-314  0.000000000000000E+000
  2.122610839453942E-314  0.000000000000000E+000
  2.122610839453942E-314  0.000000000000000E+000
  2.122610839453942E-314  0.000000000000000E+000
  2.122610839453942E-314  0.000000000000000E+000
  2.122610839453942E-314  0.000000000000000E+000
  2.122610839453942E-314  0.000000000000000E+000
  2.122610839453942E-314  0.000000000000000E+000
  2.122610839453942E-314  0.000000000000000E+000
  2.122610839453942E-314  0.000000000000000E+000
  2.122610839453942E-314  0.000000000000000E+000
  2.122610839453942E-314  0.000000000000000E+000
  2.122610839453942E-314  0.000000000000000E+000
  2.122610839453942E-314  0.000000000000000E+000
  2.122610839453942E-314  0.000000000000000E+000
  2.122610839453942E-314  0.000000000000000E+000
  2.122610839453942E-314  0.000000000000000E+000
  2.122610839453942E-314  0.000000000000000E+000
  2.122610839453942E-314  0.000000000000000E+000
  2.122610839453942E-314  0.000000000000000E+000
  2.122610839453942E-314  0.000000000000000E+000
  2.122610839453942E-314  0.000000000000000E+000
  2.122610839453942E-314  0.000000000000000E+000
  2.122610839453942E-314  0.000000000000000E+000
  2.122610839453942E-314  0.000000000000000E+000
  2.122610839453942E-314  0.000000000000000E+000
  2.122610839453942E-314  0.000000000000000E+000
  2.122610839453942E-314  0.000000000000000E+000
  2.122610839453942E-314  0.000000000000000E+000
  2.122610839453942E-314  0.000000000000000E+000
   5.00000000000000       0.000000000000000E+000
  2.122610839453942E-314  0.000000000000000E+000
  1.108681606328081E-004 -1.122092830008299E-004
 -3.413993100866061E-004  4.235697000584159E-004
 -8.667028412709741E-004  1.567499213024132E-003
 -1.377007567454188E-003  3.826392235973028E-003
 -1.849227651007170E-003  6.965856810868755E-003
 -2.256669815912684E-003  1.096627984315779E-002
 -2.644598718149855E-003  1.572621923902054E-002
 -2.986902482312823E-003  2.119235908859547E-002
 -3.316676909963213E-003  2.730026253449763E-002
 -3.618841079190079E-003  3.402459844901679E-002
 -3.917688512132162E-003  4.132048579176128E-002
 -4.203858446927704E-003  4.919315894672827E-002
 -4.492695307355345E-003  5.760620366115745E-002
 -4.778378099494426E-003  6.659112049027385E-002
 -5.070156045726971E-003  7.611276696562594E-002
 -5.364896136167574E-003  8.622159534322096E-002
 -5.668171250953815E-003  9.688110300773323E-002
 -5.980599521355595E-003  0.108158826322663     
 -6.305398772797317E-003  0.120017033099938     
 -6.650992195638711E-003  0.132549546847142     
 -7.018747004968622E-003  0.145720302637797     
 -7.432171381534785E-003  0.159678628781122     
 -7.888108959786646E-003  0.174391710809193     
 -8.444030992119753E-003  0.190138802662396     
 -9.099909880425775E-003  0.206889643992099     
 -9.969946303295259E-003  0.225174369916445     
 -1.107360048442216E-002  0.245012632725966     
 -1.255430445808204E-002  0.267475733868875     
 -1.425021192329682E-002  0.292322942849420     
 -1.699619958673473E-002  0.322408167971237     
 -2.193515244487787E-002  0.357800376403185     
 -2.874039291007348E-002  0.400464230787475     
 -3.773774786190429E-002  0.454314080354471     
 -4.336353433747069E-002  0.532582335310111     
 -2.717859290545018E-002  0.601518821906316     
 -3.486472808944843E-002  0.718679415189374     
 -0.245737726068357        1.01347215827762     
 -0.231875392673477       0.880138897071538     
  0.615474216176648       0.615474216176598     
   5.00000000000000       0.000000000000000E+000
  2.122610839453942E-314  0.000000000000000E+000
 -4.222285777433437E-004  3.323247708424898E-004
 -1.819112424997740E-003  1.799953521797639E-003
 -3.643897731105201E-003  4.620233094524726E-003
 -5.376265286920204E-003  9.032102754662579E-003
 -7.068299577836467E-003  1.503347683930815E-002
 -8.560890977039208E-003  2.240690790747007E-002
 -9.979275672605075E-003  3.116530517243429E-002
 -1.124902223771547E-002  4.111374372201107E-002
 -1.247120206316515E-002  5.226355785350206E-002
 -1.360016267208897E-002  6.446415318415975E-002
 -1.471673617449473E-002  7.775153246121175E-002
 -1.578398881048156E-002  9.201898930586087E-002
 -1.686557869958499E-002  0.107325713800717     
 -1.792588649233433E-002  0.123592780719872     
 -1.901743060534267E-002  0.140899123850733     
 -2.010562620381740E-002  0.159177054053744     
 -2.123744745252212E-002  0.178526110127903     
 -2.238339589332067E-002  0.198878890300522     
 -2.359188155023238E-002  0.220365796498408     
 -2.484517465753515E-002  0.242915864807500     
 -2.620622130278596E-002  0.266718327886148     
 -2.767580795431520E-002  0.291704598502306     
 -2.936038332484469E-002  0.318180618721010     
 -3.128056857048698E-002  0.346097587845399     
 -3.365741961251911E-002  0.375986393119394     
 -3.650778691936651E-002  0.407830750000393     
 -4.031094971486129E-002  0.442624987534329     
 -4.504426853732726E-002  0.480485097922160     
 -5.181032290192967E-002  0.523227058227248     
 -6.026863333932435E-002  0.570935585699327     
 -7.335573282835781E-002  0.626822041309363     
 -8.903908611231648E-002  0.689135050887873     
 -0.111478122346995       0.766964628760920     
 -0.137874591094272       0.865601356472760     
 -0.181658411988816       0.986500307352502     
 -0.203568011199051        1.08584154353255     
 -0.230767043100759        1.15220524022687     
 -4.537880379479903E-002  0.950054525818717     
   1.37215113441128       0.438610261614669     
   5.00000000000000       0.000000000000000E+000
  2.122610839453942E-314  0.000000000000000E+000
 -1.549525993075642E-003  8.417246703622479E-004
 -4.610495279239669E-003  3.550017679564465E-003
 -8.138859073613110E-003  7.997065542897877E-003
 -1.169672426379828E-002  1.455852606990366E-002
 -1.507962517784486E-002  2.300319885025483E-002
 -1.821485015034405E-002  3.331668677918653E-002
 -2.111987583775906E-002  4.532583161519238E-002
 -2.380675481289409E-002  5.898122850647201E-002
 -2.633762275485219E-002  7.414961277008421E-002
 -2.873530974013084E-002  9.078865413148494E-002
 -3.105947240875008E-002  0.108812339564938     
 -3.332592667643990E-002  0.128218911870862     
 -3.557811812552251E-002  0.148948846120582     
 -3.782359996446499E-002  0.171038883731979     
 -4.009162172770126E-002  0.194440529296897     
 -4.238531711748014E-002  0.219219875255614     
 -4.472686403172809E-002  0.245329983970370     
 -4.712356593300372E-002  0.272860404705476     
 -4.960245958142973E-002  0.301766268364086     
 -5.218906252403550E-002  0.332163424984527     
 -5.493365303145972E-002  0.364024103006136     
 -5.790192297879017E-002  0.397508005828744     
 -6.119826060435406E-002  0.432640112056481     
 -6.496155842876469E-002  0.469657419362856     
 -6.940755742111047E-002  0.508707931710392     
 -7.478816537706476E-002  0.550148420633034     
 -8.152364088792034E-002  0.594365593597384     
 -9.006430567743517E-002  0.641878621965925     
 -0.101350463473190       0.693580316789742     
 -0.115871677091043       0.749571591148470     
 -0.135536776045757       0.811868687580713     
 -0.159347972038639       0.878820033292868     
 -0.189204644913635       0.953398746414705     
 -0.220777709223925        1.02698967532352     
 -0.269518947103119        1.11308824935013     
 -0.268437277563122        1.11858172038046     
 -0.185966592481711        1.06453080242493     
  0.342342896523412       0.801153185578559     
   1.91681692309430       0.300660204851484     
   5.00000000000000       0.000000000000000E+000
  2.122610839453942E-314  0.000000000000000E+000
 -3.706017032676385E-003  1.293438578735917E-003
 -8.866469205838175E-003  5.073035963702711E-003
 -1.459387093530583E-002  1.114410202990377E-002
 -2.024852971566701E-002  1.956241847358605E-002
 -2.567437633491048E-002  3.018801855635450E-002
 -3.072040161766635E-002  4.289825317002775E-002
 -3.544002197321239E-002  5.760438704738881E-002
 -3.982721962218879E-002  7.417381672823939E-002
 -4.398383344781142E-002  9.254885976330110E-002
 -4.793339311468190E-002  0.112610800343047     
 -5.177126341530456E-002  0.134343289185940     
 -5.551448509972192E-002  0.157672462743701     
 -5.923661881412418E-002  0.182606948327222     
 -6.293969655305652E-002  0.209109955496719     
 -6.667853932363926E-002  0.237201827357458     
 -7.044356841466487E-002  0.266870498644536     
 -7.428178399453972E-002  0.298138019817847     
 -7.818242624711300E-002  0.331004948150281     
 -8.220458617038588E-002  0.365495505440586     
 -8.635133055289036E-002  0.401614518372062     
 -9.072770058474723E-002  0.439405779257721     
 -9.536735727201931E-002  0.478873690187496     
 -0.100480095515965       0.520122138307984     
 -0.106143151713300       0.563146532815107     
 -0.112772659014217       0.608181619712512     
 -0.120487643890656       0.655184999040503     
 -0.130083012048345       0.704609322109697     
 -0.141651888302709       0.756238095619830     
 -0.156652586631564       0.810773942612522     
 -0.174828774910894       0.867268257423280     
 -0.198229226522809       0.926576978351515     
 -0.225076622714867       0.986126183775899     
 -0.256393353144172        1.04432058153596     
 -0.282008921146022        1.08995491489462     
 -0.291220439869549        1.10988956121905     
 -0.236840313690806        1.05811232791474     
  3.713138817421020E-002  0.898679369007517     
  0.755520037378377       0.601934484609332     
   2.32211995920920       0.212490176204824     
   5.00000000000000       0.000000000000000E+000
  2.122610839453942E-314  0.000000000000000E+000
 -6.628221862218059E-003  1.677988282570396E-003
 -1.446311762131061E-002  6.418931547571821E-003
 -2.262589495450291E-002  1.380572435667387E-002
 -3.066063694472856E-002  2.382240204553737E-002
 -3.831390463740439E-002  3.619454302580158E-002
 -4.550306709405262E-002  5.086922572112048E-002
 -5.222824151401480E-002  6.764956704969104E-002
 -5.853974544981048E-002  8.649802308973224E-002
 -6.452125120767559E-002  0.107265601229456     
 -7.024526324627475E-002  0.129928080925135     
 -7.579863625498254E-002  0.154380888836474     
 -8.123919580441756E-002  0.180641846742961     
 -8.663094388965197E-002  0.208628905081411     
 -9.200825229527715E-002  0.238396068031183     
 -9.741006177661353E-002  0.269864979751114     
 -0.102852286840758       0.303114157797206     
 -0.108360087737446       0.338054159750076     
 -0.113944608624400       0.374770636447152     
 -0.119640211412198       0.413160779800471     
 -0.125473776677946       0.453295694184978     
 -0.131524687408465       0.495075848371030     
 -0.137861596602393       0.538525870071601     
 -0.144662391844092       0.583592481899573     
 -0.152062847495821       0.630190568321437     
 -0.160418247341577       0.678390553274481     
 -0.169933357606291       0.727844668705659     
 -0.181264072832501       0.778872615040107     
 -0.194548286644832       0.830428380169105     
 -0.210888393483705       0.883259900985156     
 -0.229626650920397       0.934490976867637     
 -0.252170571566028       0.985396222500722     
 -0.274244562733598        1.02825148757612     
 -0.296693675626983        1.06499203575374     
 -0.298198047791408        1.07275037283255     
 -0.266511782506300        1.05038635786202     
 -0.113392503850250       0.952359060496395     
  0.266735494886620       0.763515058325792     
   1.09833827928184       0.492575113354028     
   2.65529897909034       0.161657137954272     
   5.00000000000000       0.000000000000000E+000
  2.122610839453942E-314  0.000000000000000E+000
 -1.015284282151077E-002  1.938650260173396E-003
 -2.102873086344062E-002  7.387155783286080E-003
 -3.197699807267020E-002  1.586096781583847E-002
 -4.255694121649541E-002  2.709978123537005E-002
 -5.261337952375046E-002  4.086140029704075E-002
 -6.204780248317274E-002  5.699109126661065E-002
 -7.091221804168794E-002  7.534643662362323E-002
 -7.925197029859606E-002  9.582139565362167E-002
 -8.718847207347899E-002  0.118329241920326     
 -9.480009462792181E-002  0.142795499250799     
 -0.102203997409279       0.169174014394109     
 -0.109461119166416       0.197434686437919     
 -0.116659883817727       0.227548320265925     
 -0.123827742946435       0.259519701722619     
 -0.131022506268072       0.293313944778244     
 -0.138241139125787       0.328957579477364     
 -0.145523561841837       0.366388167432887     
 -0.152850769062952       0.405634980523781     
 -0.160270651586332       0.446593640392685     
 -0.167769579017268       0.489272891861221     
 -0.175443428461589       0.533522325168869     
 -0.183306685242850       0.579297241924789     
 -0.191558743143553       0.626406010485356     
 -0.200255251526144       0.674692311964480     
 -0.209763915285011       0.723921763509157     
 -0.220154222560337       0.773700757722282     
 -0.231996107503754       0.823693185465225     
 -0.245209417037412       0.872965565605123     
 -0.260358248582590       0.920832483575955     
 -0.276578121375783       0.965135001746167     
 -0.293189533279187        1.00393618722291     
 -0.306064203009232        1.03200389450926     
 -0.307964257682985        1.04372249398492     
 -0.282459618863845        1.02650191674544     
 -0.190982779925259       0.966486474680005     
  2.846532682160827E-002  0.842959966400359     
  0.506935649634120       0.645692477450118     
   1.41570876169968       0.388210707534288     
   2.89915717075941       0.129252668587419     
   5.00000000000000       0.000000000000000E+000
  2.122610839453942E-314  0.000000000000000E+000
 -1.416430548262652E-002  2.147197997099495E-003
 -2.842190031149338E-002  8.118393591416438E-003
 -4.231430890607862E-002  1.733195217578433E-002
 -5.558700172002873E-002  2.945818313066204E-002
 -6.810859741154239E-002  4.416888155405919E-002
 -7.986722638606739E-002  6.132407376736187E-002
 -9.091360453691426E-002  8.071062422039334E-002
 -0.101349040078774       0.102274943548870     
 -0.111294362706293       0.125872248818958     
 -0.120869792990174       0.151496615525684     
 -0.130190787744461       0.179045187021414     
 -0.139351159421326       0.208557800200502     
 -0.148429795617833       0.239945482011636     
 -0.157478125666767       0.273279308723611     
 -0.166532320531051       0.308457897574661     
 -0.175603829542796       0.345563169271808     
 -0.184699202604491       0.384459833300537     
 -0.193802817034913       0.425206322886092     
 -0.202920518778224       0.467625158273136     
 -0.212027509130235       0.511699025896383     
 -0.221172612493549       0.557219932567482     
 -0.230335843030720       0.604010839372446     
 -0.239665600694694       0.651870153364983     
 -0.249133838705876       0.700315155295859     
 -0.259049737039730       0.749211392875419     
 -0.269269892017677       0.797492912126938     
 -0.280293613103864       0.845156417808633     
 -0.291454395606371       0.889996594252280     
 -0.303286260968676       0.932133988835742     
 -0.313253000187624       0.967100183310313     
 -0.321025795089623       0.994851136997619     
 -0.317757717106519        1.00639389506936     
 -0.298023056111944        1.00026675173782     
 -0.233029474900099       0.960686928407486     
 -9.470343169274950E-002  0.881492031934057     
  0.196335667200690       0.747286759492528     
  0.735210205882432       0.552856046990467     
   1.66321938398183       0.324918343502491     
   3.09494391843825       0.103944562414916     
   5.00000000000000       0.000000000000000E+000
  2.122610839453942E-314  0.000000000000000E+000
 -1.843763959249811E-002  2.252600865992076E-003
 -3.629125452434666E-002  8.529086261460869E-003
 -5.330395578241199E-002  1.822116526918827E-002
 -6.934370738444910E-002  3.087377280834634E-002
 -8.439039025448980E-002  4.616869817527188E-002
 -9.848062125138470E-002  6.389202037821071E-002
 -0.111729373272244       8.386342562758058E-002
 -0.124259142258565       0.105977425641067     
 -0.136232950942743       0.130136023279285     
 -0.147782484762092       0.156298937616830     
 -0.159054049575016       0.184411824313237     
 -0.170141193140072       0.214484025441830     
 -0.181144416692006       0.246470210193728     
 -0.192100201988722       0.280411925112405     
 -0.203056205132682       0.316238193542867     
 -0.213992988040435       0.354001622501250     
 -0.224915940286303       0.393571282091766     
 -0.235764183204215       0.434979882861009     
 -0.246525107287730       0.478006677936297     
 -0.257117730358672       0.522621299416353     
 -0.267545749321239       0.568489608046385     
 -0.277726034223414       0.615454383282424     
 -0.287712105243430       0.663047033141377     
 -0.297410300690671       0.710881714411279     
 -0.306921858702422       0.758316302268271     
 -0.316050106472604       0.804558149950418     
 -0.324798465561184       0.848677466363849     
 -0.332530916662502       0.889141931500509     
 -0.338536281162890       0.924414657546505     
 -0.340669880412439       0.951581585415589     
 -0.335395267214045       0.967730675236437     
 -0.315739484143871       0.967406419034599     
 -0.268430623736031       0.945020702752478     
 -0.171575017499048       0.891643302870360     
  1.652572846613768E-002  0.799038012947065     
  0.357591381232941       0.658954539477430     
  0.946813593044330       0.474480551743706     
   1.89811143003259       0.266331470155062     
   3.25982236287308       8.136633391132111E-002
   5.00000000000000       0.000000000000000E+000
  2.122610839453942E-314  0.000000000000000E+000
 -2.291188837114925E-002  2.315181647134850E-003
 -4.448156876458395E-002  8.732938523416747E-003
 -6.467091030651823E-002  1.861561247243428E-002
 -8.350704837099375E-002  3.148364115559899E-002
 -0.101062667675639       4.697342754092083E-002
 -0.117467267946721       6.487422737306260E-002
 -0.132879700293628       8.496828467637899E-002
 -0.147481512508533       0.107179099847144     
 -0.161455136917148       0.131377800260332     
 -0.174973366035094       0.157571736912284     
 -0.188185929129228       0.185675220130943     
 -0.201216096612412       0.215752287923729     
 -0.214150798877428       0.247721886517743     
 -0.227044610087620       0.281679477886429     
 -0.239913497245988       0.317512119593952     
 -0.252740808969728       0.355313426072080     
 -0.265483637650060       0.394907783397850     
 -0.278061072846434       0.436334408008924     
 -0.290400924911391       0.479337541936215     
 -0.302366225993629       0.523821111457694     
 -0.313899517360835       0.569453347397623     
 -0.324801320164266       0.615879145288913     
 -0.335076892921358       0.662721144729574     
 -0.344404732268832       0.709176268299362     
 -0.352873768724819       0.754868529637456     
 -0.359829965680979       0.798253697919972     
 -0.365353158886460       0.838977861721687     
 -0.367839626516920       0.874293178174636     
 -0.366901841056165       0.903758072961954     
 -0.358270805895029       0.922718967388319     
 -0.339463392266042       0.930182893755299     
 -0.298933742589933       0.918823416882384     
 -0.226791505179864       0.886067766197343     
 -9.316337491833190E-002  0.822697054651763     
  0.133900383755563       0.724020384745653     
  0.520192246467769       0.586367579336863     
   1.14054251954607       0.412081536479264     
   2.08324918376393       0.228226780609043     
   3.39311214133831       6.723784127376034E-002
   5.00000000000000       0.000000000000000E+000
  2.122610839453942E-314  0.000000000000000E+000
 -2.739057660359352E-002  2.298540762190830E-003
 -5.271276526393711E-002  8.690429270881740E-003
 -7.608704785033087E-002  1.854028423265243E-002
 -9.770027890605322E-002  3.132058934767848E-002
 -0.117732853593879       4.668392338905905E-002
 -0.136398924295265       6.437516551855577E-002
 -0.153928931216582       8.420834036470594E-002
 -0.170546723794308       0.106072507870054     
 -0.186483823217654       0.129882231858006     
 -0.201930391000458       0.155620598386293     
 -0.217070692149487       0.183250394741618     
 -0.232024765605077       0.212814636055661     
 -0.246900453275262       0.244279434325777     
 -0.261729082324523       0.277720310371961     
 -0.276530595488463       0.313060501764973     
 -0.291245754922166       0.350375426448311     
 -0.305811289920013       0.389498115090073     
 -0.320088063908736       0.430458266918832     
 -0.333947108304536       0.472953418052797     
 -0.347185806182534       0.516902942346152     
 -0.359633725710069       0.561830282592502     
 -0.371032944065466       0.607453648255002     
 -0.381182437828668       0.653091354772775     
 -0.389735139171873       0.698133617886810     
 -0.396400293780983       0.741655790998683     
 -0.400584010264206       0.782539311677075     
 -0.401630719643849       0.819525756133657     
 -0.398214671517069       0.850719106371857     
 -0.388449971386034       0.874297506316317     
 -0.368934330707102       0.887195556657976     
 -0.334110488842085       0.886573067811866     
 -0.274886491938946       0.867768948552240     
 -0.175714684332683       0.826561801603638     
 -1.288304858978860E-002  0.757188285333397     
  0.252248451018321       0.655707546380051     
  0.673370626565352       0.520302400925721     
   1.31888652026642       0.358832399136294     
   2.26178079132890       0.192825150193782     
   3.50696309537961       5.630130187529720E-002
   5.00000000000000       0.000000000000000E+000
  2.122610839453942E-314  0.000000000000000E+000
 -3.184244748544190E-002  2.250648324701065E-003
 -6.084651146714202E-002  8.485085756605918E-003
 -8.734503725090216E-002  1.807888881465749E-002
 -0.111654084828430       3.051043127514863E-002
 -0.134077527840993       4.542246287457099E-002
 -0.154918799804721       6.257071565816670E-002
 -0.174477216614269       8.175759784534194E-002
 -0.193038662169462       0.102898697509715     
 -0.210868052453941       0.125896413347287     
 -0.228199656177389       0.150776134863892     
 -0.245225202551830       0.177485022310135     
 -0.262094812813375       0.206119706977148     
 -0.278899616941450       0.236623853996052     
 -0.295685063212529       0.269131966018129     
 -0.312430726059109       0.303536649860093     
 -0.329068251899033       0.339965175175084     
 -0.345472965287892       0.378215937267375     
 -0.361460027388904       0.418338953711269     
 -0.376826409195720       0.460008062201057     
 -0.391266337655041       0.503088939375132     
 -0.404540080441113       0.547125796544640     
 -0.416196488118771       0.591646101531021     
 -0.425999587272353       0.636093410154502     
 -0.433262593835995       0.679452303120402     
 -0.437741661624348       0.721117740562931     
 -0.438246001109822       0.759278617934608     
 -0.434334315609707       0.793303818918950     
 -0.423598059569649       0.820298423275444     
 -0.404722085870751       0.839490313563277     
 -0.372295263373767       0.846642672635786     
 -0.322168701381085       0.840454577179977     
 -0.241733881506965       0.815418988650012     
 -0.118844850370992       0.769196009166276     
  7.468696158292706E-002  0.696656675296521     
  0.369952036952110       0.595259273498816     
  0.819651605008309       0.466643151235856     
   1.48009023008172       0.316238799667391     
   2.40491719987717       0.168202539197594     
   3.60243394029277       4.839530582758495E-002
   5.00000000000000       0.000000000000000E+000
  2.122610839453942E-314  0.000000000000000E+000
 -3.610801474207834E-002  2.142930669829024E-003
 -6.867810214498082E-002  8.092570239779473E-003
 -9.816998167360302E-002  1.724937044967481E-002
 -0.125065394758220       2.908668043994576E-002
 -0.149766355957823       4.327780346353436E-002
 -0.172676694752670       5.956172332139542E-002
 -0.194168421801703       7.778003600215451E-002
 -0.214582573362941       9.783019433176129E-002
 -0.234237957994791       0.119663782432626     
 -0.253391484151547       0.143288731325165     
 -0.272273614409673       0.168710304185401     
 -0.291030365676307       0.196006729005124     
 -0.309774674105693       0.225185112451915     
 -0.328523177845081       0.256359807901373     
 -0.347253168716487       0.289483454754305     
 -0.365844591769333       0.324663555237083     
 -0.384133361837853       0.361736664211230     
 -0.401865482625659       0.400742124770809     
 -0.418742494661928       0.441337460076159     
 -0.434385178129997       0.483406483168516     
 -0.448376588494888       0.526374179731743     
 -0.460213578923698       0.569852814165473     
 -0.469362658822507       0.613002806731154     
 -0.475151305774922       0.655024779779855     
 -0.476847676403797       0.694803141735207     
 -0.473419880530434       0.730972837613751     
 -0.463603739756487       0.762118821142983     
 -0.445448192627258       0.786153379302389     
 -0.416193385525057       0.801265027636128     
 -0.371523105634163       0.804512536373822     
 -0.304764642360947       0.793501671825826     
 -0.205776422378551       0.764491456138780     
 -5.858643871681043E-002  0.714640722736568     
  0.159916879351205       0.640518235378842     
  0.483666044464538       0.540956967548899     
  0.956978648287074       0.417605918243032     
   1.62812542083961       0.279555609888472     
   2.54321244460373       0.145716409866702     
   3.68677734793362       4.142290513350731E-002
   5.00000000000000       0.000000000000000E+000
  2.122610839453942E-314  0.000000000000000E+000
 -4.016944603408026E-002  2.010671759349498E-003
 -7.608173213370616E-002  7.568393989404312E-003
 -0.108396153714784       1.611148317995626E-002
 -0.137699890282157       2.713893365600351E-002
 -0.164526518475946       4.034107265227202E-002
 -0.189361733445687       5.548103612100495E-002
 -0.212657789818170       7.240813724841805E-002
 -0.234817838999512       9.105302072483686E-002
 -0.256203126301966       0.111367896228573     
 -0.277117168260855       0.133408245574033     
 -0.297802243269470       0.157171566841222     
 -0.318436222410060       0.182800370299894     
 -0.339115234333451       0.210282905565962     
 -0.359868113244739       0.239812945502525     
 -0.380626800547427       0.271311527072443     
 -0.401251959349394       0.304970744027307     
 -0.421507671213860       0.340585686747615     
 -0.441069770577780       0.378260502203392     
 -0.459551398756611       0.417615375793826     
 -0.476425552165580       0.458532657978011     
 -0.491194737036918       0.500438769284071     
 -0.503096349549566       0.542810177074326     
 -0.511568524005965       0.584910894444290     
 -0.515521332149624       0.625596500497512     
 -0.514314256251154       0.664046106574549     
 -0.506262624693209       0.698295455305780     
 -0.490414016589759       0.727505335925617     
 -0.463780343562467       0.748778542069669     
 -0.424312265187478       0.761205093370416     
 -0.366019867704301       0.761030679390196     
 -0.283717651174332       0.747027425234230     
 -0.164777855794127       0.715096490220929     
  3.721816930085147E-003  0.663554879868218     
  0.247173717716026       0.589810192249198     
  0.593747860580074       0.493076669450066     
   1.08491483012972       0.377336531675761     
   1.76157478684931       0.249362790749800     
   2.65588111843230       0.128969733031335     
   3.75830909589282       3.624575286197507E-002
   5.00000000000000       0.000000000000000E+000
  2.122610839453942E-314  0.000000000000000E+000
 -4.389659160654562E-002  1.830465206195492E-003
 -8.290957430422874E-002  6.895170873887212E-003
 -0.117801544082906       1.467477024214347E-002
 -0.149321438065655       2.469110718927184E-002
 -0.178089181671766       3.667865639996133E-002
 -0.204694014591245       5.040564483246569E-002
 -0.229658421947973       6.577008223062875E-002
 -0.253445740808052       8.269685217960959E-002
 -0.276473740741422       0.101196698333788     
 -0.299072447512587       0.121311570598651     
 -0.321527226060989       0.143111396345693     
 -0.344013479237950       0.166718052313763     
 -0.366652208802071       0.192207349913606     
 -0.389441903206475       0.219745625476886     
 -0.412309315482396       0.249350991158543     
 -0.435057450586256       0.281184130706241     
 -0.457395426624119       0.315128056810856     
 -0.478918992549743       0.351260518234060     
 -0.499110580900026       0.389243124009950     
 -0.517356886618048       0.428957269339560     
 -0.532925198864916       0.469767803712644     
 -0.544995964888170       0.511214379083963     
 -0.552636958194680       0.552330864090060     
 -0.554792776922468       0.592162381312840     
 -0.550273816366830       0.629438209793346     
 -0.537618092821602       0.662592622350001     
 -0.515056882460743       0.690115563845374     
 -0.480166144445968       0.709798224508824     
 -0.429636524866770       0.719933567717807     
 -0.358656422533580       0.717769377366745     
 -0.260102834501840       0.701412474044346     
 -0.123641486750880       0.667934299763114     
  6.610093938421101E-002  0.615640569562332     
  0.330439410653705       0.542753747063458     
  0.698220226041345       0.449827133453091     
   1.20518787180361       0.340160976308317     
   1.88481838731288       0.222753343164304     
   2.76549557347011       0.113575162166422     
   3.82288718418968       3.153765842151372E-002
   5.00000000000000       0.000000000000000E+000
  2.122610839453942E-314  0.000000000000000E+000
 -4.727644777892878E-002  1.628443562501737E-003
 -8.904038883766449E-002  6.106741633569333E-003
 -0.126243461369488       1.297764764533647E-002
 -0.159718686392913       2.180120349171424E-002
 -0.190215807080565       3.235063303872660E-002
 -0.218395345674635       4.442935120015124E-002
 -0.244862779837395       5.795706451263306E-002
 -0.270140519368538       7.289985013931749E-002
 -0.294693694110924       8.927624117478281E-002
 -0.318900358471045       0.107184629687337     
 -0.343063154367501       0.126688951153790     
 -0.367392439919612       0.147991012833274     
 -0.391996868067487       0.171144897311939     
 -0.416888390123781       0.196424968666524     
 -0.441948840069008       0.223809149331760     
 -0.466956015120782       0.253589535965633     
 -0.491539623422923       0.285590252569025     
 -0.515205254062214       0.320020700886843     
 -0.537329042647647       0.356474772592148     
 -0.557110454337051       0.394915086831123     
 -0.573712261752011       0.434662268932356     
 -0.585999237173017       0.475208448458564     
 -0.592995064386358       0.515632156142631     
 -0.593173633703279       0.554717977267506     
 -0.585449894346441       0.591421091758602     
 -0.567703365895836       0.623662997938789     
 -0.538531071080445       0.650422497434754     
 -0.494591116241246       0.668799330799262     
 -0.433355193305059       0.677846802648460     
 -0.348709869570895       0.674179376879559     
 -0.235002333709609       0.656815153346580     
 -8.023666369695494E-002  0.622654439318069     
  0.128292874712234       0.570758825740815     
  0.412846367633776       0.500099438806336     
  0.797889879524189       0.411204931839811     
   1.31584608269873       0.308933389182927     
   1.99584795106601       0.200257948841363     
   2.85609123673903       0.101494754602471     
   3.87844089969461       2.795083732152174E-002
   5.00000000000000       0.000000000000000E+000
  2.122610839453942E-314  0.000000000000000E+000
 -5.019637722949481E-002  1.386000551423872E-003
 -9.436659478194677E-002  5.195756369563748E-003
 -0.133542825833878       1.102944445170777E-002
 -0.168710969277362       1.849347274174587E-002
 -0.200692465337996       2.741475584300281E-002
 -0.230246682238906       3.761908312711224E-002
 -0.258043042287834       4.908070963406285E-002
 -0.284664159066379       6.176896979608782E-002
 -0.310631754029364       7.576713192419776E-002
 -0.336353899788665       9.116139676104931E-002
 -0.362180968597563       0.108100471306257     
 -0.388325921520298       0.126759964724054     
 -0.414928889877354       0.147306690421471     
 -0.441975164464792       0.169975524320777     
 -0.469344852290159       0.194885422283011     
 -0.496755971746209       0.222278044426444     
 -0.523775534247843       0.252130946545027     
 -0.549816398229535       0.284599792018824     
 -0.574096440632685       0.319403287521720     
 -0.595704370085951       0.356466077565636     
 -0.613517906315619       0.395137001934579     
 -0.626316154006462       0.434924159516948     
 -0.632693688512830       0.474757901050839     
 -0.631144275103172       0.513553849625781     
 -0.620002918658993       0.549888673045788     
 -0.597390841908315       0.582003995897734     
 -0.561147198306495       0.608291616059118     
 -0.508543027190937       0.626413944603429     
 -0.436025057444256       0.634767818346571     
 -0.338668579341419       0.630746803080912     
 -0.209427775748119       0.612918462926509     
 -3.837438316587008E-002  0.578989714856334     
  0.188632243700691       0.528185261472687     
  0.490628810853195       0.459850860072039     
  0.891585795511393       0.375622855624173     
   1.42003001067658       0.279535046731606     
   2.09870725486750       0.179939687625893     
   2.94436450864686       9.024262470642343E-002
   3.92908608522444       2.464631153672052E-002
   5.00000000000000       0.000000000000000E+000
  2.122610839453942E-314  0.000000000000000E+000
 -5.264706986222394E-002  1.122796600956003E-003
 -9.876833202273842E-002  4.178796017436188E-003
 -0.139572842818403       8.856188963035545E-003
 -0.176105380233267       1.480797187246826E-002
 -0.209308525058672       2.191797005037367E-002
 -0.239997862093096       3.005330192548943E-002
 -0.268922567950200       3.921919860617443E-002
 -0.296717570245332       4.942967563668120E-002
 -0.323954777348261       6.077860389583502E-002
 -0.351090153306232       7.341316548618279E-002
 -0.378499437892921       8.747417179508014E-002
 -0.406435172520412       0.103228894862138     
 -0.435036008715002       0.120816461580769     
 -0.464306771701699       0.140606924540856     
 -0.494090938919184       0.162667517789822     
 -0.524082882137428       0.187422701032451     
 -0.553767356669521       0.214769509721201     
 -0.582455961915515       0.245077009857734     
 -0.609237380384035       0.277957336074174     
 -0.632983150127682       0.313526661858874     
 -0.652421636253122       0.351027124168289     
 -0.665971833788265       0.390043923627940     
 -0.672131000925455       0.429466751700989     
 -0.668887533081593       0.468065488589969     
 -0.654647483887586       0.504545828534864     
 -0.626897121578850       0.536722776907903     
 -0.583849539726253       0.563379160193758     
 -0.522007553672725       0.581547376021402     
 -0.438630388094704       0.590277450784852     
 -0.327847155136846       0.586382199397950     
 -0.184040548463546       0.569195333369603     
  3.738006666690722E-003  0.536262517156850     
  0.247306517202196       0.487373068093307     
  0.565833235040060       0.422440079549686     
  0.979988878260410       0.342920976825944     
   1.51503626565777       0.253915090845810     
   2.19128306241878       0.162047718896439     
   3.01791384872306       8.089764389177949E-002
   3.97289905783512       2.191884417787351E-002
   5.00000000000000       0.000000000000000E+000
  2.122610839453942E-314  0.000000000000000E+000
 -5.452779242994223E-002  8.264583181149176E-004
 -0.102172014730174       3.066210566158289E-003
 -0.144192552042709       6.477994881172924E-003
 -0.181771084777327       1.078588304867676E-002
 -0.215900877653756       1.593029318391529E-002
 -0.247485531772356       2.181538951517569E-002
 -0.277326308725251       2.849891130368309E-002
 -0.306115312092116       3.600449971622906E-002
 -0.334477575906523       4.448822576656467E-002
 -0.362903612053574       5.408432736450968E-002
 -0.391821464442801       6.502169170335059E-002
 -0.421496281924922       7.753372760832059E-002
 -0.452109344965271       9.189007363843135E-002
 -0.483649845921327       0.108406097170748     
 -0.515972672838178       0.127332455306422     
 -0.548716460949845       0.149018443141316     
 -0.581309451127050       0.173590229769768     
 -0.612956650296592       0.201325634793245     
 -0.642576691571244       0.232072026375937     
 -0.668889925766869       0.265854000922207     
 -0.690305303737567       0.302074925643030     
 -0.705092205004079       0.340264879808933     
 -0.711276716356485       0.379296442556103     
 -0.706800021751314       0.417983427579519     
 -0.689481237070552       0.454758811905207     
 -0.657006919745117       0.487655888454375     
 -0.606924769607861       0.514948809929742     
 -0.536341810672045       0.534108206176788     
 -0.441754359916830       0.543602893026135     
 -0.318442646613199       0.540856756404894     
 -0.159899148777060       0.524837990230271     
  4.299709691878361E-002  0.493674182304354     
  0.302724787442083       0.447339143413950     
  0.635949799141087       0.385901712295665     
   1.06217890123717       0.311690000264019     
   1.60416027551902       0.228969071249169     
   2.27679728289245       0.145276324228171     
   3.08929401430710       7.189188525231903E-002
   4.01301774109739       1.932589332157261E-002
   5.00000000000000       0.000000000000000E+000
  2.122610839453942E-314  0.000000000000000E+000
 -5.583587852281678E-002  5.110305840673515E-004
 -0.104463362395708       1.859486129529250E-003
 -0.147296562069038       3.918556950041758E-003
 -0.185541626665684       6.464455967470632E-003
 -0.220296052520969       9.508936485298705E-003
 -0.252497779593747       1.299707081643714E-002
 -0.283019580736347       1.702284063061131E-002
 -0.312594040628641       2.164924386599013E-002
 -0.341898114422264       2.704259654691812E-002
 -0.371467609884533       3.339173805885514E-002
 -0.401767495547166       4.091360762402851E-002
 -0.433108420251821       4.993230579937842E-002
 -0.465689222095949       6.068264611582927E-002
 -0.499530718637603       7.362978333367182E-002
 -0.534470959797434       8.896094393734510E-002
 -0.570137647638973       0.107252197802085     
 -0.605883756726088       0.128527737769139     
 -0.640817775675964       0.153366550411484     
 -0.673704526052452       0.181468271154752     
 -0.703036495874052       0.213187406637559     
 -0.727003565171171       0.247748218810346     
 -0.743491520287081       0.284933599257417     
 -0.750323766831007       0.323469852018737     
 -0.744923376133461       0.362198957209587     
 -0.725078101913244       0.399560283044082     
 -0.687886361471853       0.433282965464304     
 -0.631214102873720       0.461920055128849     
 -0.551565838418527       0.482353252077016     
 -0.446242963427377       0.493620903553856     
 -0.309912236571762       0.492530755793692     
 -0.137445475530351       0.478749949972916     
  8.078512422952532E-002  0.450138609433754     
  0.355237029085026       0.407164677880195     
  0.702184618155168       0.350251981940279     
   1.13869023925141       0.281497062522223     
   1.68446208317979       0.205939409709133     
   2.35327272256209       0.129551259405171     
   3.14862168508990       6.390311075178516E-002
   4.04738511082259       1.694943414766352E-002
   5.00000000000000       0.000000000000000E+000
  2.122610839453942E-314  0.000000000000000E+000
 -5.648521372011987E-002  1.730928569855023E-004
 -0.105606299243045       5.947751729134048E-004
 -0.148786305894571       1.218299754063065E-003
 -0.187340213273832       1.917194212966600E-003
 -0.222385959799228       2.754237520401670E-003
 -0.254931851886760       3.724168844024821E-003
 -0.285883393202970       4.960803959104061E-003
 -0.316024934025286       6.541543021203757E-003
 -0.346077676878094       8.679043267753844E-003
 -0.376618375711777       1.154773160014159E-002
 -0.408166903120708       1.543956690737364E-002
 -0.441062846127097       2.063674345408330E-002
 -0.475562381679912       2.750423426723109E-002
 -0.511691974175338       3.643608615817917E-002
 -0.549325651132944       4.783021474621383E-002
 -0.588050615604321       6.215924155672644E-002
 -0.627190142431965       7.974951757329590E-002
 -0.665736932653627       0.101043412058442     
 -0.702302719448419       0.126108638672909     
 -0.735174230653282       0.155139478827339     
 -0.762220665624716       0.187711103444841     
 -0.781068935104016       0.223455418612132     
 -0.789062165401801       0.261297107130017     
 -0.783431789700064       0.300003052200170     
 -0.761402958966073       0.337927653028613     
 -0.720142247643301       0.372887165722120     
 -0.656973464960585       0.403045038431612     
 -0.568915764850069       0.425584260633078     
 -0.452792488682755       0.439013495772493     
 -0.304326549157093       0.440605085371441     
 -0.117981981463841       0.429664049972722     
  0.114297145857540       0.404474669730198     
  0.402987881265537       0.365627431274988     
  0.762502394514084       0.313570159498265     
   1.20830472115532       0.251068709170052     
   1.75870100151587       0.182325800918967     
   2.42286922176785       0.114000878437970     
   3.20534927536002       5.569756978984744E-002
   4.07858844670302       1.466217455301542E-002
   5.00000000000000       0.000000000000000E+000
  2.122610839453942E-314  0.000000000000000E+000
 -5.648477909678047E-002 -1.795911333328196E-004
 -0.105504370746705      -7.404451197301116E-004
 -0.148593968839998      -1.592923350871239E-003
 -0.187047103185821      -2.808858545298443E-003
 -0.222057899465563      -4.245217427250067E-003
 -0.254639024089392      -5.874134701872809E-003
 -0.285753488655786      -7.524103377719716E-003
 -0.316207978329163      -9.094592023788683E-003
 -0.346775667270507      -1.036526332286266E-002
 -0.378071888434954      -1.112874380440721E-002
 -0.410667727692776      -1.111020020357011E-002
 -0.444953615899817      -9.958304518553755E-003
 -0.481230847035685      -7.350436170579462E-003
 -0.519574808032114      -2.753323721365327E-003
 -0.559877633444486       4.156462622222731E-003
 -0.601742094852212       1.409783188093132E-002
 -0.644441754983900       2.727611890804913E-002
 -0.686901889432910       4.451093774873707E-002
 -0.727566363448203       6.568507055753821E-002
 -0.764517745623948       9.147953546478198E-002
 -0.795319061671186       0.121219839827650     
 -0.817231029542835       0.155028674438505     
 -0.827225345319436       0.191569941596558     
 -0.822044614852320       0.229911815448447     
 -0.798675110648204       0.268266952101011     
 -0.753775474567364       0.304362776719148     
 -0.684824669989687       0.336506203985037     
 -0.588416296261361       0.361359777671934     
 -0.462103104523460       0.377924283712227     
 -0.301308076602584       0.382763266977121     
 -0.101803334183599       0.375854745460068     
  0.144532242620471       0.355017065606436     
  0.446427789672574       0.321320136785176     
  0.817515403084041       0.275340218332960     
   1.27153146151307       0.219554683918939     
   1.82396192176805       0.158825899927077     
   2.48384890774252       9.817782435769876E-002
   3.25137205900597       4.786480784544974E-002
   4.10422141438773       1.223011516537716E-002
   5.00000000000000       0.000000000000000E+000
  2.122610839453942E-314  0.000000000000000E+000
 -5.577349319110991E-002 -5.384144778519359E-004
 -0.104169192107908      -2.078972370592794E-003
 -0.146676241204023      -4.448896840070976E-003
 -0.184652186988065      -7.598618834571929E-003
 -0.219271653864421      -1.134889369533164E-002
 -0.251591725028755      -1.561224250128438E-002
 -0.282580375801450      -2.020135402189362E-002
 -0.313087608161387      -2.499692013851402E-002
 -0.343914352089056      -2.976376604136842E-002
 -0.375724412525887      -3.430897532311841E-002
 -0.409140515008804      -3.831807960711096E-002
 -0.444604498471968      -4.148725699383829E-002
 -0.482488380402874      -4.339443067677688E-002
 -0.522907240173318      -4.359148157661823E-002
 -0.565821927751391      -4.155271797843185E-002
 -0.610829389193806      -3.668979202846466E-002
 -0.657224173913925      -2.845171551145497E-002
 -0.703825419559190      -1.620272225281908E-002
 -0.748984642535802       4.396861399986357E-004
 -0.790523944920816       2.192015935961233E-002
 -0.825744446021335       4.815653985054398E-002
 -0.851496076820109       7.900950290116483E-002
 -0.864323785992177       0.113667013044277     
 -0.860539780515057       0.150979492950928     
 -0.836641297809533       0.189401528517438     
 -0.789091593848553       0.226584544621736     
 -0.714980745005486       0.260676344034506     
 -0.611192567619739       0.288474670945037     
 -0.475101788184124       0.308527965671632     
 -0.302999277793085       0.317709562838720     
 -9.072609180031448E-002  0.315581643812773     
  0.168554374040501       0.300243161215267     
  0.483005687032620       0.272760284851519     
  0.864993813956940       0.233609265949200     
   1.32629953295824       0.185771693230257     
   1.88196782790046       0.133193177412152     
   2.53705830568658       8.154793154910812E-002
   3.29361933012363       3.913536270351166E-002
   4.12673132027248       9.873882883313334E-003
   5.00000000000000       0.000000000000000E+000
  2.122610839453942E-314  0.000000000000000E+000
 -5.437702646240786E-002 -9.035715690605527E-004
 -0.101540741175070      -3.446093089531387E-003
 -0.143025162603266      -7.308333932167729E-003
 -0.180111191105588      -1.238755943787293E-002
 -0.214008118250368      -1.842347942165613E-002
 -0.245740456650433      -2.531006160587556E-002
 -0.276312448518054      -3.282458148659342E-002
 -0.306571691493447      -4.085089955308892E-002
 -0.337367206188931      -4.914975695788535E-002
 -0.369388282882569      -5.753291200018286E-002
 -0.403322438412990      -6.570803409696793E-002
 -0.439662912614909      -7.334908654405978E-002
 -0.478859635699252      -8.008356766828020E-002
 -0.521094391138944      -8.537216879251733E-002
 -0.566396893015165      -8.877425520789278E-002
 -0.614417861491852      -8.948362919367242E-002
 -0.664457084277608      -8.708506604583025E-002
 -0.715324958645500      -8.053588643038748E-002
 -0.765225789404568      -6.966311143312419E-002
 -0.811853822678403      -5.339577991512728E-002
 -0.852128374065879      -3.211522627595176E-002
 -0.882621815464291      -5.185548303571304E-003
 -0.899287974489951       2.622443478652223E-002
 -0.898048589794590       6.165837913809763E-002
 -0.874828579898350       9.928962651444345E-002
 -0.825700612050296       0.137039376884031     
 -0.747584076536363       0.173063623013454     
 -0.637120208485991       0.203800975974919     
 -0.492191788498942       0.228200638428212     
 -0.309096517223404       0.242324165943037     
 -8.483492360936107E-002  0.246381844371843     
  0.187079849677552       0.237725268855309     
  0.513337099785089       0.217889470093357     
  0.905161522012869       0.187232013052484     
   1.37324994983993       0.148295840899145     
   1.92995315283273       0.105731753295572     
   2.58105325938966       6.319258083695679E-002
   3.32528404769425       3.023353656280714E-002
   4.14289669595396       6.975466358261250E-003
   5.00000000000000       0.000000000000000E+000
  2.122610839453942E-314  0.000000000000000E+000
 -5.227516107787238E-002 -1.252026517498948E-003
 -9.769059374165615E-002 -4.743885999965622E-003
 -0.137670808974271      -1.007955033687460E-002
 -0.173497383172106      -1.701938740050996E-002
 -0.206313781297381      -2.528980746045405E-002
 -0.237153694241496      -3.471949595541958E-002
 -0.266991615194780      -4.510276895197917E-002
 -0.296705221335878      -5.629973009519748E-002
 -0.327145815156926      -6.810135351144483E-002
 -0.359056721005758      -8.032985640265065E-002
 -0.393162633788208      -9.271213692957302E-002
 -0.430033215215827      -0.104968808014291     
 -0.470191561060567      -0.116698084962376     
 -0.513905285380206      -0.127451822892807     
 -0.561301871626416      -0.136654452576377     
 -0.612088286375099      -0.143648456596231     
 -0.665651523899325      -0.147700853245513     
 -0.720747356633898      -0.147989024568182     
 -0.775596639326744      -0.143769196067020     
 -0.827619561355748      -0.134268245630252     
 -0.873616821649841      -0.119038557849339     
 -0.909598725701334      -9.780238961765822E-002
 -0.931250267821699      -7.078380712236604E-002
 -0.933736327244904      -3.879607054116869E-002
 -0.912651000848580      -2.903901513820020E-003
 -0.863418795769913       3.456423954158593E-002
 -0.782754695178126       7.202794720632767E-002
 -0.667158703819377       0.105885833977998     
 -0.514617122504899       0.134791898938298     
 -0.321973818988534       0.154950498021862     
 -8.674325384723280E-002  0.166073942905790     
  0.196622579613905       0.165625619402809     
  0.533686020617498       0.154940978886249     
  0.934978216412970       0.134099148352792     
   1.40887506322762       0.105992618545068     
   1.96816357258055       7.412055349052413E-002
   2.61509836990474       4.289333864491263E-002
   3.35103386589299       1.956553571851817E-002
   4.15554617541090       4.169743944024274E-003
   5.00000000000000       0.000000000000000E+000
  2.122610839453942E-314  0.000000000000000E+000
 -4.951321390459656E-002 -1.593945788329286E-003
 -9.261648448065538E-002 -6.008001290463379E-003
 -0.130686874128817      -1.270927372008572E-002
 -0.164872385555065      -2.141131634298785E-002
 -0.196296248169833      -3.176935942962394E-002
 -0.225920269914094      -4.361238515369856E-002
 -0.254725641578925      -5.670497878879687E-002
 -0.283558024934156      -7.094212621387000E-002
 -0.313305634019853      -8.611357750704864E-002
 -0.344715910696684      -0.102094837885852     
 -0.378584810673315      -0.118637316018419     
 -0.415523074186832      -0.135509444523699     
 -0.456160848111618      -0.152363761798653     
 -0.500840868699272      -0.168752733541882     
 -0.549819052230380      -0.184194245433121     
 -0.602895005079670      -0.197913225281119     
 -0.659550574565027      -0.209320328819692     
 -0.718615762667458      -0.217252278887397     
 -0.778251170552243      -0.221181139100706     
 -0.835885164484743      -0.219662040994156     
 -0.887940319664995      -0.212548410693403     
 -0.930326421085051      -0.198544585507345     
 -0.957947711817842      -0.178245769531754     
 -0.965770064372362      -0.151314008544149     
 -0.948381232901378      -0.119135418889116     
 -0.901001490526111      -8.322736438900655E-002
 -0.819595679527778      -4.525557585146335E-002
 -0.700634660236827      -8.822079326304260E-003
 -0.542110297022886       2.503930669236921E-002
 -0.341143735281697       5.165534126943525E-002
 -9.611464921068780E-002  7.140210491583199E-002
  0.197790924104286       8.061201945008305E-002
  0.544988656971990       8.104902615208821E-002
  0.954450503437956       7.236875550742669E-002
   1.43410437161044       5.670175516043631E-002
   1.99401887057523       3.843057465576262E-002
   2.63802161969858       1.913322211767515E-002
   3.36504654744425       8.198211014161872E-003
   4.15998162359108       3.512919663720064E-004
   5.00000000000000       0.000000000000000E+000
  2.122610839453942E-314  0.000000000000000E+000
 -4.612940195283264E-002 -1.891202193687626E-003
 -8.645908265161797E-002 -7.117693166775820E-003
 -0.122195209432969      -1.508756188328267E-002
 -0.154407594692696      -2.537828471667187E-002
 -0.184108702577925      -3.765918195736916E-002
 -0.212225831792042      -5.169478122599620E-002
 -0.239673650618824      -6.730184702503778E-002
 -0.267307907678055      -8.434555928257613E-002
 -0.295985795062710      -0.102696156193073     
 -0.326507068950850      -0.122229171043795     
 -0.359674913429204      -0.142789450862826     
 -0.396195639154338      -0.164180379378038     
 -0.436752195485372      -0.186131952176344     
 -0.481822603773910      -0.208279138591792     
 -0.531764883830702      -0.230143262658949     
 -0.586523580680035      -0.251096522542518     
 -0.645721433775815      -0.270376081250418     
 -0.708253991259171      -0.287045139223786     
 -0.772431249207605      -0.300087133131427     
 -0.835505029034086      -0.308372096913336     
 -0.894004266501361      -0.310820658085294     
 -0.943224630246773      -0.306526506448346     
 -0.978089610277508      -0.294750781130251     
 -0.992486462423595      -0.275561848549789     
 -0.980935104717038      -0.248934130851282     
 -0.937419020260574      -0.216700949807485     
 -0.857882798978537      -0.179613834565163     
 -0.738017117412735      -0.141424445071519     
 -0.576082978424458      -0.103061584580541     
 -0.369181285568151      -6.924559625563000E-002
 -0.116523209535443      -4.009937477122009E-002
  0.186224435376641      -1.939140003393286E-002
  0.541862744337136      -5.865963030879990E-003
  0.959173874076923      -4.077551111230817E-004
   1.44337984535786      -7.459897696384021E-004
   2.00583904498833      -4.111362804469459E-003
   2.64717159837471      -7.981333163100216E-003
   3.36971126839626      -6.063024152627955E-003
   4.16007048552546      -3.329994322086707E-003
   5.00000000000000       0.000000000000000E+000
  2.122610839453942E-314  0.000000000000000E+000
 -4.218746578194928E-002 -2.165494704385451E-003
 -7.929248835338631E-002 -8.114832013364118E-003
 -0.112364362241872      -1.715447451206341E-002
 -0.142293106050153      -2.882676233154918E-002
 -0.170006681689721      -4.275194148824248E-002
 -0.196327024244486      -5.871356358179742E-002
 -0.222138374723389      -7.650700705766192E-002
 -0.248234557865140      -9.606106531014982E-002
 -0.275488397161365      -0.117244407379428     
 -0.304674329767343      -0.140033806096220     
 -0.336658459545829      -0.164294275002393     
 -0.372161476421531      -0.189956956471370     
 -0.411984819571731      -0.216802835072216     
 -0.456667662288273      -0.244593730200591     
 -0.506745902297766      -0.272943790883314     
 -0.562275268545357      -0.301286344013124     
 -0.623083905365537      -0.329000045181346     
 -0.688222484073715      -0.355015645110825     
 -0.756115200173213      -0.378516682045221     
 -0.824190627893845      -0.397865511422139     
 -0.888777199170284      -0.412212140253970     
 -0.945326804220478      -0.419606557352844     
 -0.987985739599174      -0.419567234851252     
  -1.01074384792181      -0.410646521623616     
  -1.00675380848496      -0.392985277130314     
 -0.970024950533764      -0.366943778706171     
 -0.895024758582718      -0.333261380163954     
 -0.777513900920247      -0.295111234068797     
 -0.614986193235033      -0.252915650467519     
 -0.404898747831368      -0.212221180093864     
 -0.146707841047635      -0.172376670742766     
  0.162790589495413      -0.138687249559295     
  0.525833328179657      -0.109588710179870     
  0.949120069392586      -8.687269556546112E-002
   1.43809729163180      -6.946418812970860E-002
   2.00118616109653      -5.353627524656750E-002
   2.64159283732626      -4.079319435707870E-002
   3.36000049569068      -2.161382037324813E-002
   4.14872950441905      -8.617323393834137E-003
   5.00000000000000       0.000000000000000E+000
  2.122610839453942E-314  0.000000000000000E+000
 -3.779847318200885E-002 -2.365581480699758E-003
 -7.132715662564386E-002 -8.871900805241884E-003
 -0.101420262094938      -1.879590607775583E-002
 -0.128804180536304      -3.156801166741226E-002
 -0.154264030359428      -4.684890229552306E-002
 -0.178539411304547      -6.436719620500468E-002
 -0.202417468410161      -8.399829660460684E-002
 -0.226675099707891      -0.105634385212610     
 -0.252118098268399      -0.129265780585705     
 -0.279558700575428      -0.154851156563088     
 -0.309825625847070      -0.182418970596039     
 -0.343736080299262      -0.211909545950642     
 -0.382094102198170      -0.243301025970175     
 -0.425606690712801      -0.276408326396205     
 -0.474869877458935      -0.311039831654916     
 -0.530178515357648      -0.346744647892407     
 -0.591499946067751      -0.382999704054330     
 -0.658139857440166      -0.418925238810817     
 -0.728762065272665      -0.453528953053665     
 -0.800886701079657      -0.485436320269646     
 -0.871177232929372      -0.513093134047649     
 -0.934702628217313      -0.534835915842007     
 -0.985991283559034      -0.548810092729223     
  -1.01793698231932      -0.553816059202738     
  -1.02399652059956      -0.548057260367374     
 -0.996426760288589      -0.532042982276954     
 -0.929913641825025      -0.504697119383061     
 -0.818492935639434      -0.469280877219870     
 -0.659931869237288      -0.425210987551724     
 -0.450652756449595      -0.378094690553614     
 -0.190915789164556      -0.327679699680346     
  0.122375800963194      -0.279437739274140     
  0.489718952418019      -0.232686292511313     
  0.918124464401287      -0.190166895615139     
   1.40991604454276      -0.150960087451193     
   1.97590864670364      -0.113645514667309     
   2.61615204958817      -7.890224948406242E-002
   3.33574837650404      -4.160563045961106E-002
   4.13169218688134      -1.369537598368934E-002
   5.00000000000000       0.000000000000000E+000
  2.122610839453942E-314  0.000000000000000E+000
 -3.303791219881279E-002 -2.524895033647412E-003
 -6.272336388142880E-002 -9.430887998380202E-003
 -8.962317224119001E-002 -1.995626958817069E-002
 -0.114263725772409      -3.351322574583883E-002
 -0.137280932054818      -4.974771530033027E-002
 -0.159292152110832      -6.842086977832089E-002
 -0.181013886297450      -8.939628983327318E-002
 -0.203138140857680      -0.112645596003447     
 -0.226455449278583      -0.138151182495362     
 -0.251719172166677      -0.166004216696765     
 -0.279793022817194      -0.196237263101337     
 -0.311464879831456      -0.228984022051991     
 -0.347637217836125      -0.264253115850962     
 -0.389032625862477      -0.302114113202788     
 -0.436435886892252      -0.342445924553873     
 -0.490227031511650      -0.385082860651477     
 -0.550667696914351      -0.429619985250426     
 -0.617250245191782      -0.475394076706038     
 -0.688984073548783      -0.521564625718200     
 -0.763700569005313      -0.566703058729151     
 -0.838257012261105      -0.609363547651209     
 -0.908146164352786      -0.647246123128912     
 -0.967543106008092      -0.678547110235631     
  -1.00976512892212      -0.700653291165757     
  -1.02706569634301      -0.711475551110384     
  -1.01191643353519      -0.709619128526881     
 -0.957039230189310      -0.693486176313786     
 -0.856539927434817      -0.664897988785205     
 -0.706311304430699      -0.622075706235573     
 -0.503064221040366      -0.570818066674979     
 -0.245950204642207      -0.509982706030822     
  6.683855486984441E-002 -0.446941072702152     
  0.436035160973999      -0.380011718125733     
  0.866292147470605      -0.314137467733598     
   1.36109943491715      -0.249793771367862     
   1.92758353773976      -0.184660011863723     
   2.57013951626143      -0.125997339097240     
   3.29249230063758      -6.374280072467695E-002
   4.09823100107537      -2.125490625345156E-002
   5.00000000000000       0.000000000000000E+000
  2.122610839453942E-314  0.000000000000000E+000
 -2.809558606732094E-002 -2.584312249281384E-003
 -5.374920735142424E-002 -9.680315783715476E-003
 -7.730201007635329E-002 -2.053691191310457E-002
 -9.904016804914265E-002 -3.450566406679752E-002
 -0.119450198413996      -5.129254306301312E-002
 -0.139024652808808      -7.062299647492927E-002
 -0.158368166760926      -9.245156519308458E-002
 -0.178125845552785      -0.116706419413651     
 -0.198991167432928      -0.143507971410357     
 -0.221726248334828      -0.172904114934825     
 -0.247107148063266      -0.205130410913212     
 -0.275990343159335      -0.240289486613268     
 -0.309207856330999      -0.278676931879395     
 -0.347639583246814      -0.320361554924601     
 -0.392038763677483      -0.365598363671845     
 -0.443076181210071      -0.414269099036964     
 -0.501063760703094      -0.466397519961296     
 -0.565941465445043      -0.521424542583776     
 -0.636917307369119      -0.578854713366802     
 -0.712334052757488      -0.637393534208514     
 -0.789462175334169      -0.695595518662546     
 -0.864086087993147      -0.751213753009728     
 -0.931021628854299      -0.801737915769904     
 -0.983127485248552      -0.844435206442300     
  -1.01333641098846      -0.875461697743521     
  -1.01243612429169      -0.892955474380416     
 -0.973600336865739      -0.893010140669151     
 -0.888585495845454      -0.876736674614644     
 -0.753150320744377      -0.840235045812728     
 -0.562111011454948      -0.788619236610643     
 -0.314630080763475      -0.720328660424811     
 -8.476524411770174E-003 -0.643071400320091     
  0.355972833789296      -0.555055103425019     
  0.785236960736821      -0.463132416612006     
   1.27942481543413      -0.368661461714493     
   1.84873552553160      -0.272604431295235     
   2.49443554146075      -0.181771048927107     
   3.22674769804262      -9.284088192742314E-002
   4.05668264377685      -2.850798168485150E-002
   5.00000000000000       0.000000000000000E+000
  2.122610839453942E-314  0.000000000000000E+000
 -2.304623662675720E-002 -2.587340908121035E-003
 -4.464690255986314E-002 -9.654293163799767E-003
 -6.478449948402393E-002 -2.050106028348712E-002
 -8.356662188793065E-002 -3.448223987020976E-002
 -0.101279990107587      -5.133277900121963E-002
 -0.118305149777659      -7.081504837351595E-002
 -0.135142208675912      -9.287983831745837E-002
 -0.152343017482428      -0.117530598944135     
 -0.170551468763897      -0.144865084130113     
 -0.190440691788970      -0.175064543079911     
 -0.212777504567774      -0.208337658858057     
 -0.238336448799603      -0.245004276774866     
 -0.267992938034750      -0.285345423411604     
 -0.302569767711833      -0.329762627366243     
 -0.342959315147498      -0.378523330507405     
 -0.389836286149227      -0.431982409660219     
 -0.443815585505185      -0.490212041263277     
 -0.504962110293356      -0.553255756266812     
 -0.573008506374374      -0.620672491067367     
 -0.646616738397699      -0.691784695825654     
 -0.723746002453915      -0.765131436139196     
 -0.800730372884654      -0.838795992593643     
 -0.872934638009082      -0.910056831481177     
 -0.933854157612825      -0.975792549067618     
 -0.976297916906232       -1.03127346554355     
 -0.991465687025699       -1.07309543988420     
 -0.971132034397956       -1.09627732635010     
 -0.906862220929822       -1.09956634635111     
 -0.792301662228391       -1.07666907489677     
 -0.621322843392797       -1.03153235162299     
 -0.391066754774990      -0.960589132588136     
 -9.910941520295000E-002 -0.873449843787782     
  0.255330172222878      -0.763827272413171     
  0.676674867578776      -0.642772284000711     
   1.16925691461614      -0.514102013490128     
   1.73741325183047      -0.379048460476027     
   2.38968990880368      -0.252864592141464     
   3.13405585372972      -0.126218564304830     
   3.99094032376738      -4.028655006465759E-002
   5.00000000000000       0.000000000000000E+000
  2.122610839453942E-314  0.000000000000000E+000
 -1.815210803522639E-002 -2.474442043069965E-003
 -3.571363744802113E-002 -9.284267021641873E-003
 -5.247904020103134E-002 -1.978928385237103E-002
 -6.827016731645869E-002 -3.336038964103040E-002
 -8.325269992547207E-002 -4.980133958814205E-002
 -9.766140964146948E-002 -6.886486824714080E-002
 -0.111891750229102      -9.058159968890223E-002
 -0.126425822650908      -0.114904396617915     
 -0.141794752698691      -0.142051685767362     
 -0.158642848501890      -0.172132126593064     
 -0.177608649690362      -0.205546603946302     
 -0.199479302308514      -0.242533511308569     
 -0.224988179047117      -0.283677147056520     
 -0.255047840287010      -0.329302573339472     
 -0.290408124563677      -0.380139516232865     
 -0.331989629595519      -0.436484681934996     
 -0.380301870276714      -0.499076714497981     
 -0.435926017481019      -0.567925882142202     
 -0.498597808417905      -0.643462289759255     
 -0.567864272817629      -0.724954919971314     
 -0.641901415047101      -0.811931481177148     
 -0.718244143562474      -0.902272508010485     
 -0.792754374177117      -0.993992808951200     
 -0.859920287923902       -1.08337405108671     
 -0.913201558009769       -1.16571111999744     
 -0.943902240777414       -1.23606507139612     
 -0.944288799034597       -1.28834664483255     
 -0.904545202367582       -1.31914240288614     
 -0.818059922421484       -1.31921231401709     
 -0.675622949598017       -1.29032289332599     
 -0.473935619855631       -1.22581312668163     
 -0.207495886532951       -1.13505252502122     
  0.125570088578157       -1.00892528313760     
  0.532231662728428      -0.859073540920751     
   1.01569508530334      -0.692866430026062     
   1.58270897399827      -0.515691943175838     
   2.23643743891148      -0.341076691015063     
   3.00520907987253      -0.172660937681955     
   3.91202994563688      -5.176903985934407E-002
   5.00000000000000       0.000000000000000E+000
  2.122610839453942E-314  0.000000000000000E+000
 -1.347184554619388E-002 -2.292780340023354E-003
 -2.725268407382173E-002 -8.586771383234854E-003
 -4.073664990190280E-002 -1.839887761445306E-002
 -5.364127282363471E-002 -3.112829744843394E-002
 -6.591606380098934E-002 -4.665230693110430E-002
 -7.772630575916477E-002 -6.475572061444139E-002
 -8.934977869173466E-002 -8.546546401111213E-002
 -0.101184000278456      -0.108787077298232     
 -0.113684766749401      -0.134891726450277     
 -0.127388094392380      -0.163990061806245     
 -0.142876351298335      -0.196412961250334     
 -0.160809283471034      -0.232582748977031     
 -0.181889191684724      -0.273003219831008     
 -0.206895067404868      -0.318315211983998     
 -0.236614043367885      -0.369164699007639     
 -0.271856464713935      -0.426370596591000     
 -0.313333565134495      -0.490586065358500     
 -0.361599290758258      -0.562647153847802     
 -0.416908404993976      -0.642870276771408     
 -0.478956248147395      -0.731730493798047     
 -0.546907490910476      -0.828564430839607     
 -0.618698049129072      -0.932811047791629     
 -0.691680580601041       -1.04197703376085     
 -0.760930730942344       -1.15388336736957     
 -0.821541701301941       -1.26272407512182     
 -0.865244750577773       -1.36411050242179     
 -0.885312375180079       -1.45054367677481     
 -0.871284738213126       -1.51732719720603     
 -0.816559805381197       -1.55111800031274     
 -0.709733579471864       -1.55110589931001     
 -0.545729438651762       -1.50732167440660     
 -0.316492354952909       -1.42683102956540     
 -1.761848143793539E-002  -1.29193513586876     
  0.359190000309103       -1.11799922091928     
  0.826107209447791      -0.913881355304951     
   1.38219476991027      -0.692493850332176     
   2.04430138734648      -0.463860892853246     
   2.83150342255660      -0.229176507576037     
   3.79286149527881      -7.268833254026857E-002
   5.00000000000000       0.000000000000000E+000
  2.122610839453942E-314  0.000000000000000E+000
 -9.310722398296311E-003 -1.997164949324984E-003
 -1.953991543567848E-002 -7.567252085446920E-003
 -2.998787637042141E-002 -1.634120042090934E-002
 -4.010131641610094E-002 -2.782516800869110E-002
 -4.977351443975872E-002 -4.196170813885049E-002
 -5.904606429176012E-002 -5.854863136043569E-002
 -6.811839126055261E-002 -7.766213864503307E-002
 -7.731410724766195E-002 -9.924767312568308E-002
 -8.697812014975304E-002 -0.123551279982443     
 -9.758319896469167E-002 -0.150684036421211     
 -0.109567837309244      -0.181108425600712     
 -0.123537584382198      -0.215116784770239     
 -0.140014601640060      -0.253442707124796     
 -0.159761956314833      -0.296567382316689     
 -0.183348360767651      -0.345531335829313     
 -0.211685388689946      -0.400963210189681     
 -0.245238631223732      -0.464179954146837     
 -0.284936741354387      -0.535792927290889     
 -0.330794961369187      -0.617201048717844     
 -0.383413352428028      -0.708584878223453     
 -0.441779531894540      -0.810959624315108     
 -0.505536473467415      -0.923312501860928     
 -0.571928080769597       -1.04546487711590     
 -0.638645958292817       -1.17425798265395     
 -0.700701949998178       -1.30686702052226     
 -0.753074674679144       -1.43680204343730     
 -0.788827302000706       -1.55886500097326     
 -0.799329607764357       -1.66497653565668     
 -0.777140922726498       -1.74245177027936     
 -0.710580365035585       -1.78396588209707     
 -0.592267226349212       -1.77873376929340     
 -0.414050756056564       -1.72697899786820     
 -0.165585557574400       -1.60583273920897     
  0.161290166134397       -1.42749349647656     
  0.581086247798811       -1.19130664356832     
   1.10827822771050      -0.929299499389313     
   1.75726383140500      -0.626735759783737     
   2.58414101282736      -0.312499133734382     
   3.65422795202956      -9.359883951979034E-002
   5.00000000000000       0.000000000000000E+000
  2.122610839453942E-314  0.000000000000000E+000
 -5.698019687254187E-003 -1.634160636100438E-003
 -1.290494094640149E-002 -6.221291463962287E-003
 -2.054817225126717E-002 -1.366835465648853E-002
 -2.811438937642350E-002 -2.353006820169570E-002
 -3.532213062738951E-002 -3.584856057162603E-002
 -4.221029214406505E-002 -5.044344070594842E-002
 -4.888263074856865E-002 -6.736613722083402E-002
 -5.559433746409644E-002 -8.658852222880371E-002
 -6.260918254195579E-002 -0.108277390283670     
 -7.028713714604616E-002 -0.132597239248457     
 -7.897844310042822E-002 -0.159898912428200     
 -8.914234202889522E-002 -0.190576571136506     
 -0.101206360481456      -0.225218535496486     
 -0.115756150982072      -0.264500631283912     
 -0.133289510290293      -0.309272901367438     
 -0.154516641694405      -0.360538489255384     
 -0.179940711864264      -0.419359771295555     
 -0.210293015170144      -0.487058568056063     
 -0.245906018168830      -0.564685337013145     
 -0.287243712079570      -0.653719449112517     
 -0.334163879041429      -0.754674613218182     
 -0.386297956090055      -0.868771136352995     
 -0.442654915628854      -0.994965383500359     
 -0.501054056401450       -1.13347021519702     
 -0.559324077418430       -1.28025066022810     
 -0.612529809154284       -1.43306303968675     
 -0.657520893925613       -1.58451124402958     
 -0.685088237148845       -1.73014607637996     
 -0.691923653876411       -1.85328891769746     
 -0.663935276295807       -1.94612851096157     
 -0.597577704618393       -1.99747681408085     
 -0.477387587043328       -2.00025220347415     
 -0.298353307224622       -1.92108321410982     
 -3.918253642978705E-002  -1.76892735809282     
  0.316374340113112       -1.53138284248192     
  0.788531790744055       -1.24672820096162     
   1.42069304861145      -0.859547704153578     
   2.25865599213433      -0.407522872284688     
   3.44041425635651      -0.121186713373704     
   5.00000000000000       0.000000000000000E+000
  2.122610839453942E-314  0.000000000000000E+000
 -2.941985918518653E-003 -1.193131429301517E-003
 -7.530956063544307E-003 -4.669252814019148E-003
 -1.276314141279134E-002 -1.051674333557487E-002
 -1.799626800379923E-002 -1.846680764834781E-002
 -2.297130675192818E-002 -2.860979866153723E-002
 -2.768440960780029E-002 -4.077074671034743E-002
 -3.218658566279535E-002 -5.501731289780026E-002
 -3.667502373212140E-002 -7.124693071028976E-002
 -4.131766501743669E-002 -8.965157126796790E-002
 -4.639182828164988E-002 -0.110283005007911     
 -5.212051217906129E-002 -0.133538700362172     
 -5.886078762265077E-002 -0.159655464066846     
 -6.687484429129008E-002 -0.189314028182647     
 -7.664243404127259E-002 -0.222968388788440     
 -8.844371186605074E-002 -0.261659139040206     
 -0.102927402054861      -0.306077989471383     
 -0.120314491084940      -0.357679990411215     
 -0.141437939233542      -0.417357801028182     
 -0.166276587108027      -0.486952334869684     
 -0.195800097187168      -0.567363575969492     
 -0.229417841114585      -0.660623107855961     
 -0.268073335640737      -0.767161351083517     
 -0.310125915198813      -0.888685260646391     
 -0.356176336861850       -1.02415753258667     
 -0.403023132374146       -1.17420183595804     
 -0.450441343939404       -1.33469814346195     
 -0.493379579895276       -1.50455745876896     
 -0.529209265102183       -1.67553142305380     
 -0.551698389464309       -1.84077306711727     
 -0.556340325527729       -1.98381078736172     
 -0.536712754812556       -2.10083760346133     
 -0.481535745566480       -2.17633908815450     
 -0.386062308950285       -2.17399151477765     
 -0.219908511580053       -2.09098985126072     
  3.161735330013627E-002  -1.89604306082704     
  0.408827673946658       -1.62177925252495     
  0.996831767698435       -1.17508427563069     
   1.88342533099054      -0.576185874773184     
   3.18850439137647      -0.147155099762303     
   5.00000000000000       0.000000000000000E+000
  2.122610839453942E-314  0.000000000000000E+000
 -9.924383582184510E-004 -7.149062839506783E-004
 -3.678093423324390E-003 -2.904774812714036E-003
 -6.831932925924881E-003 -7.042182586259641E-003
 -1.006533377505341E-002 -1.291002869508658E-002
 -1.308553604395515E-002 -2.062554422202654E-002
 -1.591462192609738E-002 -3.005593739523063E-002
 -1.857222860805186E-002 -4.118268249492929E-002
 -2.118522975153803E-002 -5.393811129702004E-002
 -2.386012753267762E-002 -6.840732106769228E-002
 -2.677162425294650E-002 -8.465945336384421E-002
 -3.005269446193963E-002 -0.102961213815103     
 -3.393428480576998E-002 -0.123551369208718     
 -3.856264626764688E-002 -0.146933430561517     
 -4.425727582120551E-002 -0.173570260846927     
 -5.117228418181920E-002 -0.204246125813728     
 -5.974587013829972E-002 -0.239724679277146     
 -7.011386316147181E-002 -0.281084309609278     
 -8.283735007085963E-002 -0.329477393981359     
 -9.796928163698936E-002 -0.386195062605642     
 -0.116142158576743      -0.452845487697336     
 -0.137225424776052      -0.530641664897523     
 -0.161753183100647      -0.621651779363164     
 -0.189292003126886      -0.726349920449103     
 -0.219941612499540      -0.847033222525812     
 -0.252920016521955      -0.982505533178232     
 -0.287316095890209       -1.13475175477166     
 -0.322235436686896       -1.29918362032215     
 -0.354071889844297       -1.47682030888088     
 -0.382336538065599       -1.65758086868324     
 -0.401259632972463       -1.83626455825832     
 -0.412396274124814       -2.00542778727971     
 -0.401944078657088       -2.15902211766259     
 -0.374967134949794       -2.24659024012232     
 -0.296361433793924       -2.26330566056489     
 -0.174795881202652       -2.18627958573385     
  6.952830051793617E-002  -1.99714945414764     
  0.514260615308980       -1.54458774011318     
   1.29866002965417      -0.846532809516279     
   2.81002072232472      -0.273097309501865     
   5.00000000000000       0.000000000000000E+000
  2.122610839453942E-314  0.000000000000000E+000
 -7.462656170823183E-006 -2.717544247840837E-004
 -1.244990602174624E-003 -1.278670664180731E-003
 -2.772154111557075E-003 -3.680729561277247E-003
 -4.384787131715751E-003 -7.399696262354612E-003
 -5.842623180352984E-003 -1.256455518828069E-002
 -7.200954618231996E-003 -1.899462839883723E-002
 -8.441840709830643E-003 -2.668972094157980E-002
 -9.644641660885566E-003 -3.551747739895039E-002
 -1.085631122451396E-002 -4.556086376868570E-002
 -1.216680468271010E-002 -5.680536567648220E-002
 -1.363649080045769E-002 -6.948053655505598E-002
 -1.538663504327542E-002 -8.368892819144733E-002
 -1.746702773809202E-002 -9.986841199760625E-002
 -2.006857735469702E-002 -0.118254736098584     
 -2.320639844296277E-002 -0.139560896361905     
 -2.718827251177090E-002 -0.164183918272912     
 -3.194742876864474E-002 -0.193182998289195     
 -3.796626233683531E-002 -0.227145044203334     
 -4.500646253245454E-002 -0.267523088038851     
 -5.379540196755741E-002 -0.315094576172927     
 -6.376991598687022E-002 -0.371677788897446     
 -7.598664681111864E-002 -0.438155313454757     
 -8.932205690719999E-002 -0.516556111002800     
 -0.105302185680455      -0.607554269069564     
 -0.121925507977142      -0.713203425384474     
 -0.141238065339567      -0.833427636120501     
 -0.159864047016580      -0.969642593611510     
 -0.180329926953313       -1.11932510146238     
 -0.197917954432190       -1.28386834168406     
 -0.217014932143708       -1.45444911754797     
 -0.231371239371890       -1.63688417061015     
 -0.239698377890908       -1.81856506315829     
 -0.231587489108680       -1.98574931373437     
 -0.209635659049233       -2.09158032476492     
 -0.169153037270967       -2.18663951969192     
 -0.131690285438584       -2.20219371054541     
 -4.635005883669174E-002  -1.93361534266981     
  0.376536064792995       -1.45667134523833     
   1.65430643605641      -0.494682844958314     
   5.00000000000000       0.000000000000000E+000
  2.122610839453942E-314  0.000000000000000E+000
  1.272522909860501E-004  1.272522909848599E-004
 -2.561974142804857E-004  4.009537161851341E-006
 -6.613326454054332E-004 -9.306950853230605E-004
 -1.084803634242573E-003 -2.728802020239431E-003
 -1.478704051704198E-003 -5.279681605078951E-003
 -1.832237638517152E-003 -8.595651764315149E-003
 -2.156103295288207E-003 -1.255473766538136E-002
 -2.461239055043210E-003 -1.712546738594717E-002
 -2.761728594054954E-003 -2.230707275300695E-002
 -3.091764016659811E-003 -2.808759599142213E-002
 -3.448438275561371E-003 -3.459495027498344E-002
 -3.896144200489114E-003 -4.184535827341881E-002
 -4.402652240401273E-003 -5.011705771039274E-002
 -5.079365460953936E-003 -5.947494790248850E-002
 -5.854630802047191E-003 -7.037050978376244E-002
 -6.905680621983119E-003 -8.295262333379008E-002
 -8.103506896159808E-003 -9.786873173758946E-002
 -9.712949066797486E-003 -0.115410726169082     
 -1.152348273658966E-002 -0.136410945437297     
 -1.390592039034417E-002 -0.161403347292020     
 -1.654050753476454E-002 -0.191300617898849     
 -1.990751526082606E-002 -0.227032810182342     
 -2.354934842398727E-002 -0.269345957475802     
 -2.806764191065732E-002 -0.319805168836068     
 -3.289980963059964E-002 -0.378480097605173     
 -3.862690927808436E-002 -0.448079513092302     
 -4.454967458282710E-002 -0.526834564095680     
 -5.100145521321868E-002 -0.618496104391243     
 -5.720995085238305E-002 -0.720044555674964     
 -6.458812724752590E-002 -0.836755520086954     
 -7.438688864213643E-002 -0.960476188401017     
 -8.123891072492385E-002  -1.10463172008456     
 -8.347694821222762E-002  -1.24431288607952     
 -7.962931070155431E-002  -1.36698363654465     
 -7.547640966521214E-002  -1.53176043800866     
 -0.105164040803438       -1.78168454575891     
 -0.223400119731654       -1.79541717706912     
 -8.907445110690898E-002  -1.78977793490022     
   1.18534718377701       -1.04987568493297     
   5.00000000000000       0.000000000000000E+000
  2.122610839453942E-314  0.000000000000000E+000
  2.122610839453942E-314  0.000000000000000E+000
  2.122610839453942E-314  0.000000000000000E+000
  2.122610839453942E-314  0.000000000000000E+000
  2.122610839453942E-314  0.000000000000000E+000
  2.122610839453942E-314  0.000000000000000E+000
  2.122610839453942E-314  0.000000000000000E+000
  2.122610839453942E-314  0.000000000000000E+000
  2.122610839453942E-314  0.000000000000000E+000
  2.122610839453942E-314  0.000000000000000E+000
  2.122610839453942E-314  0.000000000000000E+000
  2.122610839453942E-314  0.000000000000000E+000
  2.122610839453942E-314  0.000000000000000E+000
  2.122610839453942E-314  0.000000000000000E+000
  2.122610839453942E-314  0.000000000000000E+000
  2.122610839453942E-314  0.000000000000000E+000
  2.122610839453942E-314  0.000000000000000E+000
  2.122610839453942E-314  0.000000000000000E+000
  2.122610839453942E-314  0.000000000000000E+000
  2.122610839453942E-314  0.000000000000000E+000
  2.122610839453942E-314  0.000000000000000E+000
  2.122610839453942E-314  0.000000000000000E+000
  2.122610839453942E-314  0.000000000000000E+000
  2.122610839453942E-314  0.000000000000000E+000
  2.122610839453942E-314  0.000000000000000E+000
  2.122610839453942E-314  0.000000000000000E+000
  2.122610839453942E-314  0.000000000000000E+000
  2.122610839453942E-314  0.000000000000000E+000
  2.122610839453942E-314  0.000000000000000E+000
  2.122610839453942E-314  0.000000000000000E+000
  2.122610839453942E-314  0.000000000000000E+000
  2.122610839453942E-314  0.000000000000000E+000
  2.122610839453942E-314  0.000000000000000E+000
  2.122610839453942E-314  0.000000000000000E+000
  2.122610839453942E-314  0.000000000000000E+000
  2.122610839453942E-314  0.000000000000000E+000
  2.122610839453942E-314  0.000000000000000E+000
  2.122610839453942E-314  0.000000000000000E+000
  2.122610839453942E-314  0.000000000000000E+000
  2.122610839453942E-314  0.000000000000000E+000
   5.00000000000000       0.000000000000000E+000
