  5.432309224871097E-312  0.000000000000000E+000
  2.122610839453942E-314  0.000000000000000E+000
  2.122610839453942E-314  0.000000000000000E+000
  2.122610839453942E-314  0.000000000000000E+000
  2.122610839453942E-314  0.000000000000000E+000
  2.122610839453942E-314  0.000000000000000E+000
  2.122610839453942E-314  0.000000000000000E+000
  2.122610839453942E-314  0.000000000000000E+000
  2.122610839453942E-314  0.000000000000000E+000
  2.122610839453942E-314  0.000000000000000E+000
  2.122610839453942E-314  0.000000000000000E+000
  2.122610839453942E-314  0.000000000000000E+000
  2.122610839453942E-314  0.000000000000000E+000
  2.122610839453942E-314  0.000000000000000E+000
  2.122610839453942E-314  0.000000000000000E+000
  2.122610839453942E-314  0.000000000000000E+000
  2.122610839453942E-314  0.000000000000000E+000
  2.122610839453942E-314  0.000000000000000E+000
  2.122610839453942E-314  0.000000000000000E+000
  2.122610839453942E-314  0.000000000000000E+000
  2.122610839453942E-314  0.000000000000000E+000
  2.122610839453942E-314  0.000000000000000E+000
  2.122610839453942E-314  0.000000000000000E+000
  2.122610839453942E-314  0.000000000000000E+000
  2.122610839453942E-314  0.000000000000000E+000
  2.122610839453942E-314  0.000000000000000E+000
  2.122610839453942E-314  0.000000000000000E+000
  2.122610839453942E-314  0.000000000000000E+000
  2.122610839453942E-314  0.000000000000000E+000
  2.122610839453942E-314  0.000000000000000E+000
  2.122610839453942E-314  0.000000000000000E+000
  2.122610839453942E-314  0.000000000000000E+000
  2.122610839453942E-314  0.000000000000000E+000
  2.122610839453942E-314  0.000000000000000E+000
  2.122610839453942E-314  0.000000000000000E+000
  2.122610839453942E-314  0.000000000000000E+000
  2.122610839453942E-314  0.000000000000000E+000
  2.122610839453942E-314  0.000000000000000E+000
  2.122610839453942E-314  0.000000000000000E+000
  2.122610839453942E-314  0.000000000000000E+000
   5.00000000000000       0.000000000000000E+000
  2.122610839453942E-314  0.000000000000000E+000
  1.317509346118337E-004 -1.332157608711912E-004
 -3.201309976838077E-004  3.691812487230933E-004
 -8.585855904149014E-004  1.488666487350037E-003
 -1.394641393625993E-003  3.768124968830988E-003
 -1.896994030143205E-003  6.972705157522774E-003
 -2.338977299131657E-003  1.110670549150118E-002
 -2.763434958574829E-003  1.606329581502758E-002
 -3.142119797033678E-003  2.180007613729005E-002
 -3.508157074262597E-003  2.824515753493609E-002
 -3.842433158573215E-003  3.537445417631479E-002
 -4.171092280304645E-003  4.313371859490650E-002
 -4.479323732860190E-003  5.151959496087137E-002
 -4.785773958108575E-003  6.048548829913351E-002
 -5.078168024904971E-003  7.004413959510698E-002
 -5.370069811717005E-003  8.015073930970928E-002
 -5.651425668798551E-003  9.082635724132945E-002
 -5.932729717581639E-003  0.102027059581542     
 -6.207992486189464E-003  0.113780353595927     
 -6.485490220230261E-003  0.126045460150781     
 -6.768566167699161E-003  0.138867058984099     
 -7.063120194663803E-003  0.152212837554573     
 -7.390917123610541E-003  0.166178469014388     
 -7.751819018974442E-003  0.180743953583904     
 -8.207362250796546E-003  0.196139815116686     
 -8.757583153385193E-003  0.212359035569669     
 -9.529838577868207E-003  0.229904216173584     
 -1.053913662487929E-002  0.248828357850752     
 -1.195407606611499E-002  0.270220368349786     
 -1.360125472561156E-002  0.293879109881799     
 -1.635491364650979E-002  0.322755432703392     
 -2.134261275484087E-002  0.356952782335649     
 -2.827629255108177E-002  0.398623237263455     
 -3.746813818607348E-002  0.451704797927039     
 -4.332770215780501E-002  0.529683388689418     
 -2.736809791081165E-002  0.598662346641102     
 -3.522886911928935E-002  0.716478719536827     
 -0.246246129762614        1.01209979811993     
 -0.232271293032100       0.879469630521471     
  0.615389027447764       0.615389027447732     
   5.00000000000000       0.000000000000000E+000
  2.122610839453942E-314  0.000000000000000E+000
 -3.677164224360028E-004  3.102524257685835E-004
 -1.772953709642481E-003  1.751960375841490E-003
 -3.653729317160636E-003  4.578299678007584E-003
 -5.473722925507713E-003  9.067717210928515E-003
 -7.277756785034131E-003  1.523651236654134E-002
 -8.893228991524317E-003  2.288491055851566E-002
 -1.044557771631054E-002  3.203614750674647E-002
 -1.184692670073687E-002  4.249781415198813E-002
 -1.320040813202246E-002  5.428249304645295E-002
 -1.444697807520716E-002  6.723087059221021E-002
 -1.566958617281220E-002  8.137043043472141E-002
 -1.681943774775865E-002  9.657597733899694E-002
 -1.796080063432702E-002  0.112888346951069     
 -1.904942256463204E-002  0.130202117624923     
 -2.013528883716515E-002  0.148567934216634     
 -2.118038557373949E-002  0.167885412635029     
 -2.222466575953725E-002  0.188216307601746     
 -2.324276647827358E-002  0.209456709140585     
 -2.427090104722283E-002  0.231691519362738     
 -2.530563610860165E-002  0.254813245403893     
 -2.639304468379569E-002  0.278962091053231     
 -2.756061895759381E-002  0.304039153705189     
 -2.889568867077362E-002  0.330305499658013     
 -3.045889952001306E-002  0.357697919061528     
 -3.245535636871721E-002  0.386718700463880     
 -3.495338836753605E-002  0.417366648756688     
 -3.842907752328613E-002  0.450641270494256     
 -4.291514472677711E-002  0.486719479461530     
 -4.953727290193878E-002  0.527479045649160     
 -5.799523955472066E-002  0.573125285629263     
 -7.128778224043297E-002  0.627003205141494     
 -8.735897417693865E-002  0.687527186694404     
 -0.110448830974260       0.763982123603747     
 -0.137598607769987       0.861845326344847     
 -0.182261239148966       0.982616736042374     
 -0.204800825351758        1.08252222276306     
 -0.232356396551446        1.14986271977092     
 -4.663115202091338E-002  0.948788322334736     
   1.37158008957274       0.438272954561245     
   5.00000000000000       0.000000000000000E+000
  2.122610839453942E-314  0.000000000000000E+000
 -1.468844488303862E-003  8.312626305616313E-004
 -4.567603220309240E-003  3.550896059028377E-003
 -8.217064991387730E-003  8.062419747504062E-003
 -1.195913872131290E-002  1.479060813518990E-002
 -1.556932215428178E-002  2.351842972722867E-002
 -1.896104279720835E-002  3.426093307971623E-002
 -2.213875772405497E-002  4.684823887801918E-002
 -2.510123908224784E-002  6.124454735153303E-002
 -2.790039500189413E-002  7.730801530024149E-002
 -3.054543684838259E-002  9.499503727632705E-002
 -3.308780031926970E-002  0.114199860233805     
 -3.552962899105726E-002  0.134904854667478     
 -3.790758226961444E-002  0.157020922236874     
 -4.021605113881078E-002  0.180554627344089     
 -4.247868549351188E-002  0.205420066573855     
 -4.468679714666142E-002  0.231638571531784     
 -4.685860095264235E-002  0.259121242392923     
 -4.899254739241196E-002  0.287898231927290     
 -5.111478950737933E-002  0.317883493627621     
 -5.324792285778403E-002  0.349120498967934     
 -5.544678380301035E-002  0.381549298237871     
 -5.778473506390314E-002  0.415249767598211     
 -6.037896677214040E-002  0.450235153795124     
 -6.339325222415026E-002  0.486667067929493     
 -6.706694236732347E-002  0.524716542003451     
 -7.170242054480254E-002  0.564689523998832     
 -7.775559772889733E-002  0.607046656670562     
 -8.576026908530196E-002  0.652309010369189     
 -9.670158539708719E-002  0.701508624821026     
 -0.111181564838640       0.754831560181609     
 -0.131146705730268       0.814492733934328     
 -0.155689607522555       0.879031134690967     
 -0.186674316936260       0.951600617253353     
 -0.219722358984847        1.02391252526443     
 -0.270069393244938        1.10935411538170     
 -0.270375099939277        1.11507290216790     
 -0.188605102824392        1.06180121048305     
  0.339959475327680       0.799478433818777     
   1.91541131112118       0.300197806154511     
   5.00000000000000       0.000000000000000E+000
  2.122610839453942E-314  0.000000000000000E+000
 -3.636568779780407E-003  1.303518193725766E-003
 -8.887552389166132E-003  5.143275925057775E-003
 -1.483002082002382E-002  1.135831956161134E-002
 -2.079020706123640E-002  2.004470312875433E-002
 -2.658996797899417E-002  3.108394792501649E-002
 -3.205402086618957E-002  4.437673571289483E-002
 -3.721790392867520E-002  5.984441574825188E-002
 -4.205405143488154E-002  7.736350519347295E-002
 -4.664722094427444E-002  9.687184450171740E-002
 -5.100135589620192E-002  0.118245421137751     
 -5.519470089487221E-002  0.141448283959337     
 -5.922770451142283E-002  0.166388191771465     
 -6.315566579579600E-002  0.193038844369912     
 -6.696834044357688E-002  0.221333390954469     
 -7.070035668234947E-002  0.251242364471077     
 -7.433589372095518E-002  0.282712903980091     
 -7.790026795266679E-002  0.315704289640948     
 -8.138520731968435E-002  0.350166482224850     
 -8.482929367416189E-002  0.386052881854464     
 -8.825072028708861E-002  0.423309865779488     
 -9.174076677432140E-002  0.461912122037913     
 -9.536557904859440E-002  0.501802300367641     
 -9.933669590263458E-002  0.543033038571418     
 -0.103785836492295       0.585543501472049     
 -0.109158054761553       0.629558052636193     
 -0.115652067401376       0.674997660918849     
 -0.124131201338985       0.722374076998403     
 -0.134792417663075       0.771473091525226     
 -0.149205990044813       0.823152810377046     
 -0.167229140949895       0.876526880995514     
 -0.191033522722046       0.932706599428387     
 -0.218908515705351       0.989261950491654     
 -0.251891078033710        1.04487880767514     
 -0.279697432294805        1.08858576880423     
 -0.291316420485418        1.10731129108353     
 -0.239046755023830        1.05522398823576     
  3.368019609785023E-002  0.896192463281252     
  0.752022150870131       0.600352863909743     
   2.31979286704723       0.211979759990187     
   5.00000000000000       0.000000000000000E+000
  2.122610839453942E-314  0.000000000000000E+000
 -6.604296330851145E-003  1.710303999614597E-003
 -1.461668967398987E-002  6.571055098076220E-003
 -2.311095267042710E-002  1.418671270205336E-002
 -3.159898770905829E-002  2.458299297815651E-002
 -3.979479736256527E-002  3.749945045248913E-002
 -4.758933728072524E-002  5.291153902230214E-002
 -5.495414780174156E-002  7.062591562351728E-002
 -6.191371311675727E-002  9.062074098511487E-002
 -6.852497997264988E-002  0.112736140712830     
 -7.483486711510194E-002  0.136948691357755     
 -8.090549613018530E-002  0.163128115042516     
 -8.676985685275365E-002  0.191277982489149     
 -9.246926786171708E-002  0.221276188833329     
 -9.801430421009828E-002  0.253146755103961     
 -0.103423862975745       0.286758700875334     
 -0.108691756815800       0.322143043300634     
 -0.113828013771391       0.359149117067379     
 -0.118825743104218       0.397795107611520     
 -0.123713998011471       0.437916252278695     
 -0.128510966528775       0.479494639277790     
 -0.133307967021339       0.522381482199517     
 -0.138183256369328       0.566492792201511     
 -0.143352521061888       0.611758322467228     
 -0.148992372331472       0.657973466720707     
 -0.155529259968087       0.705248421214144     
 -0.163256067056676       0.753123564512662     
 -0.172935627071964       0.802040244736724     
 -0.184855195482834       0.850879332563688     
 -0.200248151751919       0.900605845053575     
 -0.218659068644081       0.948356483031710     
 -0.241601201442356       0.995691345521280     
 -0.264970357508237        1.03505547696584     
 -0.289567211353277        1.06861170363188     
 -0.293978710269060        1.07386208665022     
 -0.265565171629849        1.04961845415789     
 -0.115432933979725       0.950695455842028     
  0.262696924630604       0.761758014594594     
   1.09389293069226       0.491286937439629     
   2.65208361795946       0.161249324359155     
   5.00000000000000       0.000000000000000E+000
  2.122610839453942E-314  0.000000000000000E+000
 -1.022077505297139E-002  1.993098237643210E-003
 -2.138974053558636E-002  7.619181044494916E-003
 -3.281365852800450E-002  1.641155777250756E-002
 -4.401468000181383E-002  2.813930800596576E-002
 -5.480287819055022E-002  4.257621297827549E-002
 -6.504727006046276E-002  5.958939566566436E-002
 -7.476497535727983E-002  7.904355377450689E-002
 -8.396938760611743E-002  0.100844161022158     
 -9.274639527735193E-002  0.124897653103631     
 -0.101143898434591       0.151127807170367     
 -0.109243226002209       0.179465893717548     
 -0.117077821913449       0.209866771254729     
 -0.124699560568288       0.242261611386622     
 -0.132112405188126       0.276626460326053     
 -0.139336879758581       0.312869287759673     
 -0.146352056401526       0.350972942202339     
 -0.153162141317638       0.390801857121974     
 -0.159739540171166       0.432324778538545     
 -0.166104441669368       0.475354131431433     
 -0.172250733418403       0.519820151202171     
 -0.178265829945357       0.565492068913906     
 -0.184197692120646       0.612230756267804     
 -0.190271665734537       0.659788434837778     
 -0.196614917001551       0.707906605418633     
 -0.203671848632538       0.756347817884737     
 -0.211634523468554       0.804625699804240     
 -0.221211074012992       0.852485597011364     
 -0.232505258772862       0.898939801554694     
 -0.246269089799045       0.943490356876094     
 -0.261874720676618       0.984006912482722     
 -0.278807467331617        1.01883215502637     
 -0.293150527260353        1.04290483264735     
 -0.297615289568502        1.05087945820029     
 -0.275711205055148        1.03049835197028     
 -0.188312773292116       0.967985215284942     
  2.726013383620045E-002  0.842939735192695     
  0.502943938010628       0.644993207846506     
   1.41071397326318       0.387503700631961     
   2.89533393631041       0.128976879963057     
   5.00000000000000       0.000000000000000E+000
  2.122610839453942E-314  0.000000000000000E+000
 -1.436475224352420E-002  2.223192722665563E-003
 -2.906428753524943E-002  8.429562903903644E-003
 -4.359881646601049E-002  1.804462156298802E-002
 -5.768076988764465E-002  3.076515518184265E-002
 -7.113979303824643E-002  4.627141245293249E-002
 -8.392898633825001E-002  6.444731291577536E-002
 -9.605781208492130E-002  8.508081031299843E-002
 -0.107589982080305       0.108135241184773     
 -0.118604237673338       0.133453958970127     
 -0.129182375580865       0.161036814095817     
 -0.139398502417005       0.190753928327673     
 -0.149308216713742       0.222638059661507     
 -0.158950492809383       0.256556731671146     
 -0.168338569409168       0.292558110636802     
 -0.177471423621481       0.330480940008163     
 -0.186322655968593       0.370363349336555     
 -0.194868785015365       0.411997080383577     
 -0.203060014874707       0.455368769176745     
 -0.210888775691791       0.500224347627484     
 -0.218308268480345       0.546439568556612     
 -0.225384704859370       0.593744443177185     
 -0.232103150899143       0.641816906752373     
 -0.238676378825893       0.690434901610865     
 -0.245129736831788       0.738939746703595     
 -0.251897046388950       0.787249215025693     
 -0.258962349042176       0.834114914739375     
 -0.267012948344647       0.879683239266248     
 -0.275605336227979       0.921610319022253     
 -0.285504366368725       0.960262730831808     
 -0.294478945631756       0.991162302421186     
 -0.302401266795421        1.01454952562726     
 -0.300681822286368        1.02166146865791     
 -0.283894374916257        1.01121267752785     
 -0.223092490837225       0.967913615504704     
 -8.972579076656974E-002  0.885545208614186     
  0.196543398364898       0.749171710985957     
  0.731740650849229       0.553423729584048     
   1.65819660210089       0.324835471127744     
   3.09092358161123       0.103891011190046     
   5.00000000000000       0.000000000000000E+000
  2.122610839453942E-314  0.000000000000000E+000
 -1.880957524177299E-002  2.346894410859408E-003
 -3.728252434288480E-002  8.908339583533731E-003
 -5.512734081255203E-002  1.907888335703029E-002
 -7.218179958196051E-002  3.241869973260073E-002
 -8.838575132005896E-002  4.861834254863640E-002
 -0.103739379467543       6.748152203441424E-002
 -0.118311126008528       8.883229551705696E-002
 -0.132182392123440       0.112578115896686     
 -0.145466211216322       0.138614905930378     
 -0.158252109271261       0.166906169639935     
 -0.170634391603532       0.197377399431975     
 -0.182665569452580       0.230030474694641     
 -0.194391739083644       0.264782236916994     
 -0.205810174768297       0.301652431224015     
 -0.216911753434253       0.340511380870408     
 -0.227641219543968       0.381370700802567     
 -0.237948891375034       0.424019029413536     
 -0.247746884669981       0.468422543274750     
 -0.256980290604037       0.514263622603697     
 -0.265561272895813       0.561414417707053     
 -0.273482632826151       0.609442707405209     
 -0.280692076877172       0.658062678620185     
 -0.287287241325819       0.706732973189194     
 -0.293265438021057       0.754918642019561     
 -0.298849526425761       0.801964394915446     
 -0.304018830179005       0.846935111049480     
 -0.308986516568702       0.888979735836860     
 -0.313398015008886       0.926479099425050     
 -0.316817762807047       0.958080352290340     
 -0.317476710523637       0.980910724431165     
 -0.312080541900578       0.992316473510147     
 -0.293998978217549       0.987089028688776     
 -0.249920443626615       0.959864452421862     
 -0.157874769486690       0.902150942272957     
  2.451128113141434E-002  0.805777363423085     
  0.359888897196213       0.662879496687390     
  0.944573323182912       0.476437716146843     
   1.89361966459223       0.267032978821749     
   3.25589721563646       8.154611984551073E-002
   5.00000000000000       0.000000000000000E+000
  2.122610839453942E-314  0.000000000000000E+000
 -2.348964930200057E-002  2.426227923216870E-003
 -4.588183585494164E-002  9.172933475126327E-003
 -6.711238493031507E-002  1.959714913088061E-002
 -8.718296631760158E-002  3.323184932160743E-002
 -0.106127868569119       4.971553541778098E-002
 -0.124038710987571       6.885708030984687E-002
 -0.141025865914879       9.043788449878104E-002
 -0.157225155210547       0.114400941544934     
 -0.172765340947516       0.140607012982266     
 -0.187769828475987       0.169077845371310     
 -0.202332136870028       0.199703397516506     
 -0.216523711332649       0.232553275309512     
 -0.230373245055637       0.267503883614558     
 -0.243879768695725       0.304641222065941     
 -0.257000411211415       0.343788449772207     
 -0.269658772752887       0.385004523897175     
 -0.281759469306120       0.428029624200112     
 -0.293162248437873       0.472829048974452     
 -0.303764493327214       0.519052779955365     
 -0.313383688237002       0.566477174708291     
 -0.321977831925090       0.614689439751734     
 -0.329339659856364       0.663146080242248     
 -0.335562459529736       0.711436894935232     
 -0.340388462973520       0.758520689501645     
 -0.344087770968751       0.804073491863958     
 -0.346180607489164       0.846305014903597     
 -0.347024604711604       0.885018039067100     
 -0.345330684206293       0.917293241797511     
 -0.341056713321887       0.942929655779175     
 -0.330363819628044       0.957297660924726     
 -0.311087905784642       0.959647440814791     
 -0.272034487820861       0.942983912502990     
 -0.203381999576250       0.904849151899471     
 -7.503478660004276E-002  0.836612456985789     
  0.145500843193659       0.733519100111522     
  0.525248421229715       0.592381887973852     
   1.14015885980160       0.415447602490641     
   2.07989467803369       0.229632232536105     
   3.38983895982602       6.765993553199962E-002
   5.00000000000000       0.000000000000000E+000
  2.122610839453942E-314  0.000000000000000E+000
 -2.820082112602077E-002  2.421442906711712E-003
 -5.457032554593746E-002  9.175140808174139E-003
 -7.920978515227176E-002  1.961696594422227E-002
 -0.102289134555611       3.322335522133520E-002
 -0.123950951006669       4.964991035535560E-002
 -0.144374283241245       6.865564945734226E-002
 -0.163738346066484       9.005882499198488E-002
 -0.182220316236599       0.113764293251820     
 -0.199992887263092       0.139685341698279     
 -0.217194056241083       0.167817425876995     
 -0.233943275891335       0.198110670881551     
 -0.250305295550431       0.230612816825578     
 -0.266315354278850       0.265258888122250     
 -0.281946031086736       0.302114991449120     
 -0.297135851717600       0.341047012168680     
 -0.311764543755713       0.382096807738799     
 -0.325684487916729       0.425008502496435     
 -0.338701132515738       0.469741464328559     
 -0.350615826447640       0.515876117371883     
 -0.361194550874999       0.563213907513515     
 -0.370241729539874       0.611150978873983     
 -0.377521414066333       0.659238710919434     
 -0.382888605401441       0.706692015835948     
 -0.386108789916981       0.752703117916495     
 -0.387060612416567       0.796310529247374     
 -0.385392059456558       0.836211467738524     
 -0.380742589150952       0.871211847151784     
 -0.372184219658040       0.899319765651928     
 -0.358219785569257       0.918883740907986     
 -0.335972039683178       0.926923422815104     
 -0.300238192205472       0.920829226387679     
 -0.242379436656435       0.896270384754844     
 -0.146856305867690       0.849212144916866     
  1.017276018705277E-002  0.774393368719852     
  0.268112138279255       0.667930369129474     
  0.681833900339564       0.528397097582873     
   1.32105821127719       0.363618378338933     
   2.26020843024953       0.195027215444481     
   3.50461014178092       5.694682061110690E-002
   5.00000000000000       0.000000000000000E+000
  2.122610839453942E-314  0.000000000000000E+000
 -3.290737940160958E-002  2.383224793445949E-003
 -6.319713874074390E-002  9.003098220993553E-003
 -9.119614940309881E-002  1.922089204308261E-002
 -0.117208774296779       3.251775899400057E-002
 -0.141507675823377       4.853458574599150E-002
 -0.164361730892548       6.704468650014780E-002
 -0.186020951662650       8.785071792592902E-002
 -0.206722568745919       0.110893170451261     
 -0.226671356011670       0.136069414381408     
 -0.246044764882768       0.163432100380814     
 -0.264966048845708       0.192911113680655     
 -0.283520620118866       0.224627058763443     
 -0.301721524746396       0.258485881144964     
 -0.319537885612430       0.294632623725262     
 -0.336861984405723       0.332893483658606     
 -0.353535339718814       0.373375829084245     
 -0.369346539340855       0.415779844085230     
 -0.384013366551427       0.460081953098239     
 -0.397271265234825       0.505836070675632     
 -0.408731319653738       0.552757422640525     
 -0.418155986737270       0.600278054179603     
 -0.425064065435201       0.647688197613481     
 -0.429327972955505       0.694372735477292     
 -0.430336828191530       0.739013615928764     
 -0.428091745761631       0.781045039389545     
 -0.421639798186352       0.818356593520140     
 -0.410923286481076       0.850469299124751     
 -0.393967409485174       0.874310542140567     
 -0.369936755266881       0.889334512115034     
 -0.333997027301719       0.891387458692564     
 -0.282451304133745       0.879375249410865     
 -0.203132854028396       0.848210544495105     
 -8.403093302446915E-002  0.795633617104065     
  0.103343159684573       0.717142189897887     
  0.390705596972867       0.610144035758407     
  0.832215423439761       0.476735939467460     
   1.48547888627628       0.322353770643684     
   2.40566501690501       0.171061401584017     
   3.60156395789991       4.925211492801253E-002
   5.00000000000000       0.000000000000000E+000
  2.122610839453942E-314  0.000000000000000E+000
 -3.743852777751226E-002  2.279146622090639E-003
 -7.154275804620586E-002  8.624377685290313E-003
 -0.102773667704429       1.842010353422093E-002
 -0.131613884056773       3.113618580665224E-002
 -0.158437131146350       4.644715103579749E-002
 -0.183618726658381       6.410504463369958E-002
 -0.207482239041405       8.395986455767128E-002
 -0.230321302699202       0.105930404492985     
 -0.252393388838665       0.129976774613888     
 -0.273896630101451       0.156131443086559     
 -0.294987404400213       0.184400203573331     
 -0.315742643101362       0.214882878379353     
 -0.336183143695908       0.247567691883497     
 -0.356243054102974       0.282577031150721     
 -0.375785718683446       0.319810968218791     
 -0.394594900209190       0.359354621140329     
 -0.412378553827738       0.400946371536722     
 -0.428784147924993       0.444551657294277     
 -0.443398758452637       0.489684394012547     
 -0.455771825535322       0.536085291261542     
 -0.465433271154360       0.583012500269329     
 -0.471883854466362       0.629864855179254     
 -0.474655563546422       0.675658746983486     
 -0.473213645384338       0.719341166379499     
 -0.467056544200934       0.759731448454873     
 -0.455477875739328       0.795240331811439     
 -0.437620181972943       0.824505761372925     
 -0.412069123601696       0.845346310189598     
 -0.376597299375457       0.856116416063844     
 -0.327570455781892       0.854010399032659     
 -0.258803312022304       0.836851652208143     
 -0.160695862098784       0.801292875928714     
 -1.733340416773770E-002  0.744661846744954     
  0.194604005543469       0.664049794471189     
  0.509897178276040       0.558357101719940     
  0.974259885196192       0.429601047792717     
   1.63738942066752       0.286945426853555     
   2.54695746406108       0.149278670542258     
   3.68758304654698       4.247006947545338E-002
   5.00000000000000       0.000000000000000E+000
  2.122610839453942E-314  0.000000000000000E+000
 -4.177171930657227E-002  2.147796870655763E-003
 -7.946459311882265E-002  8.099419550104823E-003
 -0.113756348593353       1.727446493462627E-002
 -0.145241207691784       2.916909677178207E-002
 -0.174434921000796       4.347208201745251E-002
 -0.201797966704872       5.996535669495897E-002
 -0.227739120583173       7.850371206088440E-002
 -0.252615982823069       9.905159997561151E-002
 -0.276729076743872       0.121566017103733     
 -0.300322299186103       0.146146982770598     
 -0.323560399418950       0.172786669346768     
 -0.346544930137945       0.201675832191520     
 -0.369272129399819       0.232774127684948     
 -0.391669395386644       0.266312833962042     
 -0.413543630117572       0.302145763229476     
 -0.434623610969820       0.340466484263118     
 -0.454535777511109       0.380954407827646     
 -0.472803270467218       0.423644444477327     
 -0.488926665831586       0.468001221538813     
 -0.502240308415972       0.513733469738129     
 -0.512220587473544       0.560109662795737     
 -0.518042930490548       0.606316695435708     
 -0.519272868733844       0.651519908541364     
 -0.514915625724808       0.694206425508758     
 -0.504655164258057       0.733573522549204     
 -0.487133044535281       0.767311660753551     
 -0.461913339543006       0.794729160688185     
 -0.426590593823463       0.812758222669358     
 -0.379754745903450       0.820709976915589     
 -0.316150886528341       0.814972770442899     
 -0.231185689122969       0.794509315293087     
 -0.112745805873423       0.755698139803512     
  5.190644729379237E-002  0.696928393815533     
  0.288551393858852       0.616229932119704     
  0.626073675445310       0.512801770819704     
   1.10756490624017       0.391046030407628     
   1.77533011854849       0.257862605694334     
   2.66301776469662       0.133070083951895     
   3.76129895843967       3.745424984283521E-002
   5.00000000000000       0.000000000000000E+000
  2.122610839453942E-314  0.000000000000000E+000
 -4.576292233094745E-002  1.961551211834255E-003
 -8.679840320889889E-002  7.403212871359959E-003
 -0.123895537782115       1.578753564023567E-002
 -0.157825895415844       2.662943412306626E-002
 -0.189197263921626       3.966762071899566E-002
 -0.218582081242887       5.468545979296292E-002
 -0.246464533233097       7.159802555283031E-002
 -0.273265412409360       9.036000350586965E-002
 -0.299345466413567       0.111005390301176     
 -0.324973865971938       0.133616219566524     
 -0.350356751724155       0.158281990878970     
 -0.375587696440679       0.185167314032102     
 -0.400674602498113       0.214347710017326     
 -0.425504349880565       0.246019606380931     
 -0.449847665344336       0.280158688765307     
 -0.473362344505391       0.316917662543787     
 -0.495568237711529       0.356074036844748     
 -0.515898163835783       0.397627388237611     
 -0.533654480471013       0.441066233416754     
 -0.548090171016763       0.486097231516593     
 -0.558377692806181       0.531872680090922     
 -0.563670183923787       0.577661130496507     
 -0.563114720824300       0.622308012590612     
 -0.555823981919885       0.664538646042345     
 -0.540925651137569       0.702993660500165     
 -0.517388938267433       0.735838930361097     
 -0.484002349149831       0.761620182165995     
 -0.439039904228615       0.778037550215572     
 -0.379901129171978       0.783564183437731     
 -0.302611606145086       0.775625792304513     
 -0.200678538011559       0.752552137325394     
 -6.436527228716304E-002  0.711843643603603     
  0.121601910602109       0.651975259448472     
  0.378848460801000       0.571679455834391     
  0.737130300137708       0.471607703186665     
   1.23375372219563       0.355399857685438     
   1.90362108118429       0.232253478470843     
   2.77666311108585       0.118215617715390     
   3.82816545692024       3.288617171730262E-002
   5.00000000000000       0.000000000000000E+000
  2.122610839453942E-314  0.000000000000000E+000
 -4.939393251999680E-002  1.750181154839294E-003
 -9.340239983524976E-002  6.574569527109350E-003
 -0.133024223220565       1.399869570921970E-002
 -0.169122124858209       2.357823313970699E-002
 -0.202446957036251       3.508988103314623E-002
 -0.233648761686324       4.836027896860078E-002
 -0.263301984734611       6.332366470745081E-002
 -0.291892830145165       7.999163548110924E-002
 -0.319831753988302       9.840125941609192E-002
 -0.347439785563468       0.118716127096415     
 -0.374937248380557       0.141011410322755     
 -0.402448423241598       0.165566363728859     
 -0.429958627473434       0.192420399945814     
 -0.457348307654758       0.221919143433499     
 -0.484325358207999       0.253975390675758     
 -0.510479993588908       0.288911981707922     
 -0.535231853060688       0.326417716992490     
 -0.557857221792196       0.366644186529200     
 -0.577542100913038       0.408984678450954     
 -0.593270729281997       0.453209180675566     
 -0.604132158238151       0.498420031896770     
 -0.608888497231799       0.543768532565577     
 -0.606711162644250       0.588182026173554     
 -0.596201169289269       0.630011937637222     
 -0.576703363508693       0.668207964264642     
 -0.546542028881055       0.700304833838294     
 -0.505001914464698       0.725433827060792     
 -0.449498810680314       0.740534534915546     
 -0.378331168665509       0.744893627705001     
 -0.286275792981935       0.735315764815489     
 -0.168411802495958       0.711013047110596     
 -1.330166781181328E-002  0.669388083885412     
  0.191546211254109       0.609584212080625     
  0.468870924660802       0.531162234729439     
  0.843930512111039       0.434682612282941     
   1.35085812011383       0.325394417962787     
   2.02020002686797       0.210512762820627     
   2.87149349206386       0.106491792270301     
   3.88640429075874       2.939106546297262E-002
   5.00000000000000       0.000000000000000E+000
  2.122610839453942E-314  0.000000000000000E+000
 -5.253635909379350E-002  1.490922977663163E-003
 -9.915232029972322E-002  5.599937452466223E-003
 -0.140935676593058       1.191341803367516E-002
 -0.178919423516206       2.003187713510910E-002
 -0.213934344463228       2.979379928665831E-002
 -0.246739092785423       4.104512796334936E-002
 -0.277981750129077       5.378880193415721E-002
 -0.308213051633245       6.803447931999407E-002
 -0.337909300325934       8.390637213692778E-002
 -0.367421080934452       0.101548568765813     
 -0.397019798921208       0.121152567461061     
 -0.426825614165373       0.142961114554662     
 -0.456844437295088       0.167165226644387     
 -0.486914589919410       0.194056220414900     
 -0.516708579657193       0.223727496424549     
 -0.545732482468235       0.256431200040072     
 -0.573283244368610       0.292037305475746     
 -0.598518212291152       0.330620394866130     
 -0.620386505980460       0.371698301000751     
 -0.637750618404773       0.414985667490722     
 -0.649339188411595       0.459572381315694     
 -0.653855150922840       0.504629384034992     
 -0.649998836806006       0.548856836044311     
 -0.636468117289457       0.590775165201755     
 -0.612042387761954       0.628861019854568     
 -0.575403273717873       0.661037656629496     
 -0.525147979938182       0.685776620247094     
 -0.459423012544827       0.700646857312461     
 -0.375593941828397       0.704261343350537     
 -0.269710480736716       0.694218323580050     
 -0.135503891574756       0.669328673592700     
  3.634587051009229E-002  0.627732634540299     
  0.259839201937521       0.568835806774078     
  0.554444131974113       0.492453752164211     
  0.945058682905484       0.400364417305299     
   1.46188150727350       0.296912106543930     
   2.12897877801408       0.190772388381714     
   2.96452266017312       9.554016482900667E-002
   3.93973950647262       2.615889828608966E-002
   5.00000000000000       0.000000000000000E+000
  2.122610839453942E-314  0.000000000000000E+000
 -5.517560979104424E-002  1.207216136628224E-003
 -0.103905277956313       4.500849666323905E-003
 -0.147476415393683       9.560428122053459E-003
 -0.186987792222466       1.603740585588752E-002
 -0.223405909044112       2.382800729833806E-002
 -0.257554523607892       3.282910145551438E-002
 -0.290170243805088       4.307151003688483E-002
 -0.321866997465012       5.462709480080273E-002
 -0.353175374372566       6.762383763067308E-002
 -0.384502928104578       8.229532851714770E-002
 -0.416144295403453       9.881316953984048E-002
 -0.448259093753094       0.117553353474998     
 -0.480839315332552       0.138658836542723     
 -0.513723781481490       0.162609730347598     
 -0.546521905261573       0.189414972667100     
 -0.578669921038792       0.219567701170311     
 -0.609344976260040       0.252811459961155     
 -0.637529292030070       0.289480373990937     
 -0.662010752000975       0.328935874704672     
 -0.681346673924425       0.371094329366778     
 -0.694119525974188       0.414908876315968     
 -0.698598344081925       0.459582163237938     
 -0.693451499688782       0.503792511913378     
 -0.676844578776757       0.545818175939392     
 -0.647754317803236       0.584340232719279     
 -0.604262831988286       0.616748575759938     
 -0.545489722176877       0.642001058238658     
 -0.468888332442951       0.656976882575592     
 -0.372758915520123       0.660992315143879     
 -0.252256607172085       0.651079824616382     
 -0.102625940070584       0.626782868908732     
  8.651537203394470E-002  0.586143895962625     
  0.326761741608376       0.529044791890079     
  0.637843314700012       0.455937558299300     
   1.04127350332056       0.368349856763733     
   1.56403673239249       0.271759758842332     
   2.22777644736322       0.173114347029041     
   3.04279173906196       8.629444192504362E-002
   3.98646112061104       2.343022509929414E-002
   5.00000000000000       0.000000000000000E+000
  2.122610839453942E-314  0.000000000000000E+000
 -5.719477473583995E-002  8.833656352558938E-004
 -0.107573183591905       3.284701383025103E-003
 -0.152480456512460       6.960284625018622E-003
 -0.193169361852342       1.163440010352902E-002
 -0.230666612961210       1.726876469025372E-002
 -0.265893849728657       2.379457477145865E-002
 -0.299653265548054       3.130952766119266E-002
 -0.332621306532576       3.988816533703856E-002
 -0.365396522272332       4.974406616423231E-002
 -0.398421748676799       6.108694221526767E-002
 -0.432053402556766       7.421178998960758E-002
 -0.466456275565082       8.944456736846561E-002
 -0.501658902690704       0.107106714186264     
 -0.537462898806846       0.127599821445679     
 -0.573456979236038       0.151172585137181     
 -0.608982018279313       0.178209260808426     
 -0.643096747711343       0.208735315405953     
 -0.674625244482577       0.242951673824567     
 -0.702105112009491       0.280485567202717     
 -0.723901435306047       0.321121749128764     
 -0.738208598497902       0.363965428515632     
 -0.743148735433195       0.408145081045188     
 -0.736899846642655       0.452270825488399     
 -0.717648076501702       0.494684208774039     
 -0.683835992875788       0.533723783387632     
 -0.633861561561647       0.567051366370313     
 -0.566289967209934       0.593068084677212     
 -0.479286450338339       0.609141706180412     
 -0.370506859822375       0.614012568638599     
 -0.236306417208444       0.605317258382540     
 -7.109750100974647E-002  0.582294624672838     
  0.133677233268260       0.543478507027780     
  0.390315747308877       0.489033138437182     
  0.716043074541497       0.419430845543316     
   1.13126105240238       0.337179705283861     
   1.66043065207879       0.246824876762708     
   2.31959630971237       0.156323257304990     
   3.11919752201326       7.726038124515724E-002
   4.02938193239525       2.082098872475125E-002
   5.00000000000000       0.000000000000000E+000
  2.122610839453942E-314  0.000000000000000E+000
 -5.858691785513295E-002  5.369918230253967E-004
 -0.110019132989982       1.957893217043979E-003
 -0.155817418256362       4.142746324525238E-003
 -0.197263528972786       6.873685478847769E-003
 -0.235502117668502       1.018532993217160E-002
 -0.271499256218767       1.405907024191442E-002
 -0.306137951158074       1.862428899555331E-002
 -0.340149755652779       2.401116020300428E-002
 -0.374191166497121       3.043378838679565E-002
 -0.408764666602977       3.818435804026087E-002
 -0.444263553732454       4.752973826039028E-002
 -0.480903481904891       5.893075649211366E-002
 -0.518717132627820       7.264752518896805E-002
 -0.557523039769910       8.929478648079126E-002
 -0.596857259474315       0.109015144665997     
 -0.636006348101020       0.132499043317911     
 -0.673893397632738       0.159607461502547     
 -0.709175531683389       0.190923506776849     
 -0.740168795686673       0.225851807447212     
 -0.764931467803132       0.264562057524380     
 -0.781404555813620       0.305920195632214     
 -0.787272777896234       0.349306126652272     
 -0.780554996905670       0.393176917740948     
 -0.758923095922060       0.435837063567669     
 -0.720916588620453       0.475694492132837     
 -0.664412170850428       0.510015267812723     
 -0.588453494124757       0.537572842298311     
 -0.490694888790493       0.555091873733424     
 -0.369713893662377       0.561928928324930     
 -0.221303437595891       0.555120687654346     
 -4.130300876459963E-002  0.534559187808447     
  0.179381440605635       0.498572786815153     
  0.450999742443268       0.447710553926800     
  0.790449293142288       0.382875845777575     
   1.21565390532400       0.306237747793004     
   1.74797139787287       0.223220337651411     
   2.40237055596970       0.140134105305402     
   3.18321800769850       6.903004205211956E-002
   4.06651258546444       1.832724630208552E-002
   5.00000000000000       0.000000000000000E+000
  2.122610839453942E-314  0.000000000000000E+000
 -5.925229911898227E-002  1.632176367435279E-004
 -0.111198683523474       5.588184223287186E-004
 -0.157371466270914       1.155002569820503E-003
 -0.199174763610782       1.836608068150384E-003
 -0.237782211921188       2.696546547031766E-003
 -0.274238675429442       3.763265534137095E-003
 -0.309475389155459       5.216973111949589E-003
 -0.344281835323089       7.193414965793767E-003
 -0.379378086173947       9.972549191574812E-003
 -0.415310430992948       1.381756279051422E-002
 -0.452543014761698       1.910364012912737E-002
 -0.491313955191930       2.622776993477164E-002
 -0.531714804398560       3.563198542552368E-002
 -0.573543143266435       4.782735866744556E-002
 -0.616346956968629       6.323820054345934E-002
 -0.659315139239443       8.240475511403063E-002
 -0.701288417372386       0.105572542380780     
 -0.740722134069591       0.133127562807755     
 -0.775713152151599       0.164916718399738     
 -0.804025586946845       0.200886118532419     
 -0.823236468112114       0.240292536627942     
 -0.830728780545941       0.282321861096937     
 -0.824062964309659       0.325620283617032     
 -0.800758724564155       0.368417275626708     
 -0.758897608657289       0.408993719050230     
 -0.696527312399965       0.444742878522361     
 -0.612306425611976       0.474017700311043     
 -0.504491797688105       0.493881682269100     
 -0.371326441356586       0.503178503020424     
 -0.209660918092443       0.499385184949970     
 -1.499884185035773E-002  0.482097289063340     
  0.220250908692570       0.449954960751733     
  0.506358840522524       0.403726502844323     
  0.858408718395291       0.344177708717222     
   1.29269060066442       0.274262249318395     
   1.82917204074683       0.198430381845537     
   2.47797024188116       0.123800520004419     
   3.24462837906117       6.038530349407911E-002
   4.10025716702690       1.591445601997559E-002
   5.00000000000000       0.000000000000000E+000
  2.122610839453942E-314  0.000000000000000E+000
 -5.919816303939302E-002 -2.274095902413864E-004
 -0.110997813990292      -9.202990187893101E-004
 -0.157057819325504      -1.962298172055495E-003
 -0.198760263297536      -3.407807955958620E-003
 -0.237364886197040      -5.082692280430789E-003
 -0.273930117287500      -6.918934967357938E-003
 -0.309453270699771      -8.705271002564642E-003
 -0.344762767238061      -1.027198022727497E-002
 -0.380638683374730      -1.134413485503533E-002
 -0.417684576459509      -1.160444108988157E-002
 -0.456419393638909      -1.071472376884864E-002
 -0.497143907582736      -8.169729574753339E-003
 -0.539983189961844      -3.600806840277366E-003
 -0.584777839881656       3.707777058564850E-003
 -0.631050988971181       1.405683164722173E-002
 -0.677976375171693       2.832911198604001E-002
 -0.724259121428989       4.657591158166480E-002
 -0.768236493770912       6.967924339146082E-002
 -0.807721079040290       9.720826832022914E-002
 -0.840224658318550       0.129707168591184     
 -0.862921705057353       0.166098501931302     
 -0.872817617638488       0.206115800458509     
 -0.867094599777014       0.248115483709922     
 -0.842834630981491       0.290599468486916     
 -0.797990610643663       0.331760993941985     
 -0.730207176778989       0.368817723253738     
 -0.638461431296091       0.400362759208712     
 -0.520693088473394       0.422874593728881     
 -0.375976583128003       0.435734171672366     
 -0.200916978663391       0.435724061140369     
  7.683623349862754E-003  0.423045676412111     
  0.257484441581055       0.395950764330863     
  0.557063184061850       0.355532526715526     
  0.920701081725332       0.302793960250140     
   1.36299059491675       0.240224106014108     
   1.90090751614254       0.173090494752140     
   2.54452270517813       0.106687041301164     
   3.29466146948904       5.190750266092840E-002
   4.12806147264203       1.323792141511337E-002
   5.00000000000000       0.000000000000000E+000
  2.122610839453942E-314  0.000000000000000E+000
 -5.835677242221991E-002 -6.249198930997988E-004
 -0.109430699996338      -2.403872899745654E-003
 -0.154829753699474      -5.129319104614093E-003
 -0.196005997715014      -8.726074318746467E-003
 -0.234204506619611      -1.298093519208337E-002
 -0.270533344515809      -1.776916448080834E-002
 -0.306009552962005      -2.285995089109498E-002
 -0.341511556048943      -2.807516413411376E-002
 -0.377868519773178      -3.311514750395429E-002
 -0.415738664885347      -3.769445551757807E-002
 -0.455713726550289      -4.141196788571599E-002
 -0.498143522464049      -4.383611815554335E-002
 -0.543234743132505      -4.445272765134408E-002
 -0.590840851639409      -4.266965247039196E-002
 -0.640544721322884      -3.790648561766666E-002
 -0.691443423966330      -2.946565073914222E-002
 -0.742233400893411      -1.684098668305089E-002
 -0.791022800409050       5.947426313177114E-004
 -0.835498994545467       2.303423873393237E-002
 -0.872763592258032       5.070932915057032E-002
 -0.899730055209152       8.323512839984752E-002
 -0.912880898330482       0.120028181055558     
 -0.909045598117660       0.160005967093027     
 -0.884864335264358       0.201445882973647     
 -0.837956943149407       0.242754375898087     
 -0.765853694981160       0.281112775176597     
 -0.667335991452794       0.314910815676825     
 -0.540707123841876       0.340800726293245     
 -0.385018134192991       0.357711464434236     
 -0.197704474551766       0.362706042711000     
  2.428902574955639E-002  0.355630173514973     
  0.287467585553478       0.334888442499031     
  0.599812166615378       0.301669926802268     
  0.974428619494043       0.256685540014595     
   1.42385393949603       0.203055629264637     
   1.96462678774680       0.144941935785080     
   2.60258228432445       8.843056174388352E-002
   3.34051743288805       4.229567793023816E-002
   4.15242118000945       1.063802315630347E-002
   5.00000000000000       0.000000000000000E+000
  2.122610839453942E-314  0.000000000000000E+000
 -5.675593510616676E-002 -1.028297513871109E-003
 -0.106430368263528      -3.912961736857696E-003
 -0.150677367742923      -8.289411543082728E-003
 -0.190864666864267      -1.402420191746667E-002
 -0.228274990190100      -2.082442245469626E-002
 -0.263989954562422      -2.854563268608095E-002
 -0.299069093778495      -3.693051260310366E-002
 -0.334404452339386      -4.580265445059713E-002
 -0.370882850167880      -5.487340348526491E-002
 -0.409208796534113      -6.385400684603887E-002
 -0.450047441421077      -7.238765190573337E-002
 -0.493817875111253      -7.999622095837516E-002
 -0.540799436904204      -8.624746707907033E-002
 -0.590918942369257      -9.040333952928384E-002
 -0.643785733791426      -9.201668108508480E-002
 -0.698542805702755      -9.007261783759089E-002
 -0.753787615298081      -8.427059039663345E-002
 -0.807605977988085      -7.342993126403169E-002
 -0.857370871562136      -5.765661039410700E-002
 -0.900059743130055      -3.592787166840805E-002
 -0.932025991617392      -9.011170603366475E-003
 -0.949522560048172       2.340013988838547E-002
 -0.948696989252142       5.983875787874884E-002
 -0.925902914950555       9.927233339737618E-002
 -0.878251429282962       0.139888209924787     
 -0.803020611254969       0.179025505787888     
 -0.698979936095827       0.215194364889716     
 -0.564310267527629       0.244575646015537     
 -0.398662936934847       0.266551831952629     
 -0.199539571034763       0.277370551839358     
  3.502565282784853E-002  0.277437017208786     
  0.311157670673842       0.264519797168324     
  0.635513683285457       0.240062035412800     
   1.01995190061337       0.204826925144138     
   1.47602037390403       0.161231178480910     
   2.01731576847815       0.114359403847285     
   2.65049738043085       6.797226886540814E-002
   3.37478569396118       3.234955928182251E-002
   4.16970362842639       7.384698378238589E-003
   5.00000000000000       0.000000000000000E+000
  2.122610839453942E-314  0.000000000000000E+000
 -5.438049172831511E-002 -1.409922595691214E-003
 -0.102085752307544      -5.336268320079952E-003
 -0.144646511132094      -1.133245199821099E-002
 -0.183425981220426      -1.911973554313665E-002
 -0.219640182746457      -2.839550908674973E-002
 -0.254380162343022      -3.895386825803912E-002
 -0.288686807597461      -5.056061763696623E-002
 -0.323488651938950      -6.302675764973463E-002
 -0.359694450276372      -7.609813580025637E-002
 -0.398072989138258      -8.951506759227477E-002
 -0.439349485153727      -0.102934551303476     
 -0.484025268221998      -0.115952828361034     
 -0.532471976730612      -0.128080171696014     
 -0.584684677455310      -0.138708863086975     
 -0.640380722724967      -0.147188677206900     
 -0.698689333479186      -0.152705949014314     
 -0.758299726780910      -0.154521284575110     
 -0.817096713588821      -0.151737896081744     
 -0.872485734775290      -0.143726941371346     
 -0.920961412030304      -0.129826335799929     
 -0.958813353600581      -0.109817218426171     
 -0.981535836019774      -8.378710252877584E-002
 -0.985124863189450      -5.218419194918673E-002
 -0.965095007748191      -1.638024804102108E-002
 -0.918403153595992       2.252630702053996E-002
 -0.841739779264459       6.169089255771541E-002
 -0.733859659353256       9.977534828731453E-002
 -0.592894473263788       0.132980863746268     
 -0.418731304977468       0.160330186405146     
 -0.209388481564500       0.178198137441484     
  3.653740675975593E-002  0.186527791263655     
  0.324387138202756       0.183074793800016     
  0.659660105879904       0.169191132858135     
   1.05362982817651       0.145151198668254     
   1.51541089550225       0.113865131454228     
   2.05899848767423       7.902952922045345E-002
   2.68735740601510       4.530883067595542E-002
   3.40233814967187       2.042721292970174E-002
   4.18309817650625       4.234610798152897E-003
   5.00000000000000       0.000000000000000E+000
  2.122610839453942E-314  0.000000000000000E+000
 -5.128209262883487E-002 -1.781075488925312E-003
 -9.640279198004187E-002 -6.706296927827159E-003
 -0.136828738007602      -1.418787747638849E-002
 -0.173775025696216      -2.389782276004378E-002
 -0.208431070518773      -3.546768000598340E-002
 -0.241817757866621      -4.869720840676210E-002
 -0.274984669802994      -6.333335169939100E-002
 -0.308841039830544      -7.923180893782232E-002
 -0.344342081875454      -9.615339277042906E-002
 -0.382280186480373      -0.113901153270783     
 -0.423465719498799      -0.132178938404861     
 -0.468462427208154      -0.150630080493488     
 -0.517755271128520      -0.168848859424586     
 -0.571434195717009      -0.186199782401073     
 -0.629317134329383      -0.202164399368306     
 -0.690646646343893      -0.215732067810472     
 -0.754107308273872      -0.226354111218193     
 -0.817691910617947      -0.232646747491836     
 -0.878550677875796      -0.234248756911440     
 -0.933250711557011      -0.229634441339922     
 -0.977448755146755      -0.218921289564973     
  -1.00664218496580      -0.201025584928323     
  -1.01584849117576      -0.176747468943102     
  -1.00051776541416      -0.146305604661192     
 -0.956585784258165      -0.111017280262444     
 -0.880677153530239      -7.309520019819526E-002
 -0.770949453113312      -3.381420255670149E-002
 -0.625612217697562       2.803739608437555E-003
 -0.444676681199001       3.617346175512675E-002
 -0.226497770730551       6.172552173563652E-002
  2.955712487157228E-002  7.997328615460959E-002
  0.328035531221567       8.768765744687210E-002
  0.673521527421080       8.638579299688814E-002
   1.07557223396797       7.617336700252833E-002
   1.54300538977351       5.885406077961997E-002
   2.08683566225618       3.927961687720341E-002
   2.71168984139556       1.888552498800313E-002
   3.41691396574290       7.736848642808217E-003
   4.18723936679423       9.255608222144995E-006
   5.00000000000000       0.000000000000000E+000
  2.122610839453942E-314  0.000000000000000E+000
 -4.751881908363841E-002 -2.096426242444557E-003
 -8.955494350866870E-002 -7.887704750497229E-003
 -0.127382954214845      -1.672738430071764E-002
 -0.162121858745390      -2.814690563539088E-002
 -0.194843703611000      -4.180209409072316E-002
 -0.226528885300357      -5.743379449608418E-002
 -0.258165858267081      -7.485669306345905E-002
 -0.290678469377411      -9.390767552133227E-002
 -0.325004878549279      -0.114447336586723     
 -0.362003219072969      -0.136296536246578     
 -0.402510360293258      -0.159269384299922     
 -0.447202649093523      -0.183070108638210     
 -0.496640108633259      -0.207370982918825     
 -0.551051767362896      -0.231653096443644     
 -0.610384578717289      -0.255362539356466     
 -0.673982789449479      -0.277674791640653     
 -0.740712156695250      -0.297764011292567     
 -0.808499291664386      -0.314507323645439     
 -0.874711057780866      -0.326883134021574     
 -0.935505086021629      -0.333694192164292     
 -0.986745375708651      -0.333936085932666     
  -1.02304449686974      -0.326883788530490     
  -1.03956584339170      -0.311910220521400     
  -1.03051474507361      -0.289551321280202     
 -0.991891567336272      -0.259805311242467     
 -0.919121783771107      -0.225076257984249     
 -0.810455919764769      -0.185957530309636     
 -0.663484734387443      -0.146520439981923     
 -0.478547205420756      -0.107441678249004     
 -0.254051371545496      -7.332314457991460E-002
  9.811988248566056E-003 -4.417668637935911E-002
  0.317208267541700      -2.342978926102225E-002
  0.671117524475013      -9.953001002495427E-003
   1.08100836036503      -4.378021218016453E-003
   1.55293064362993      -4.596966981145452E-003
   2.09910231132084      -7.622766609803934E-003
   2.72093352211350      -1.095376101694107E-002
   3.42104725227687      -7.932364712154534E-003
   4.18669728475035      -4.060279560846760E-003
   5.00000000000000       0.000000000000000E+000
  2.122610839453942E-314  0.000000000000000E+000
 -4.316351111314445E-002 -2.381467963796369E-003
 -8.164074361999343E-002 -8.920898390503158E-003
 -0.116514661357203      -1.887691507559712E-002
 -0.148706608992450      -3.174728286354438E-002
 -0.179187909048202      -4.714906952463319E-002
 -0.208831336348589      -6.485307450496626E-002
 -0.238590975222236      -8.466454844266329E-002
 -0.269336137214527      -0.106503283713193     
 -0.302027415940593      -0.130243739974917     
 -0.337511861937674      -0.155834220384300     
 -0.376706391938517      -0.183128925485124     
 -0.420321636231304      -0.211986310182401     
 -0.469057130217919      -0.242152896377953     
 -0.523231324634871      -0.273247359397952     
 -0.582972124378920      -0.304829864016099     
 -0.647780541720010      -0.336105145228330     
 -0.716670478091463      -0.366397748386090     
 -0.787799807657948      -0.394350252060436     
 -0.858483959143177      -0.419124299247019     
 -0.925168502447928      -0.438847110521426     
 -0.983239527902161      -0.452680008613996     
  -1.02759284976549      -0.458698558942286     
  -1.05232372142408      -0.456411692142497     
  -1.05184742781121      -0.444841409740734     
  -1.02067625194180      -0.423966841073868     
 -0.954328286318277      -0.394974868519109     
 -0.849709297756542      -0.358247714756167     
 -0.704526694945780      -0.317659862464310     
 -0.518549743200472      -0.273265377163782     
 -0.290589481894357      -0.230706152068036     
 -2.106042499312191E-002 -0.189280490317078     
  0.293007116689768      -0.153832959620043     
  0.654269195582465      -0.123178201727262     
   1.06995812513466      -9.852272586879762E-002
   1.54655062083289      -7.933772748483432E-002
   2.09312330986534      -6.125847781964568E-002
   2.71375179908079      -4.644910390504225E-002
   3.40954737482601      -2.482060997335823E-002
   4.17356143760253      -9.704366076838842E-003
   5.00000000000000       0.000000000000000E+000
  2.122610839453942E-314  0.000000000000000E+000
 -3.836110627123127E-002 -2.576930514160932E-003
 -7.291430243715964E-002 -9.668392484532584E-003
 -0.104504535129056      -2.051093870308629E-002
 -0.133861055083870      -3.449423364571975E-002
 -0.161802638024509      -5.129012517179393E-002
 -0.189107510303045      -7.062229689586656E-002
 -0.216632093078110      -9.239705164945303E-002
 -0.245229266604496      -0.116507294556407     
 -0.275797936775316      -0.142978994918219     
 -0.309236412557518      -0.171757091456142     
 -0.346434313898796      -0.202895630018336     
 -0.388226085683903      -0.236283266868776     
 -0.435331218329676      -0.271896472697725     
 -0.488269506456483      -0.309431735607713     
 -0.547262231644856      -0.348650440258975     
 -0.612061828005623      -0.388891185960119     
 -0.681884417749972      -0.429527330054012     
 -0.755083641975353      -0.469381815833685     
 -0.829315402546997      -0.507315746623119     
 -0.900936357154006      -0.541655333315002     
 -0.965787128786821      -0.570691924526436     
  -1.01809538577464      -0.592643722959553     
  -1.05242636220955      -0.605558901216426     
  -1.06185218654086      -0.608494034744986     
  -1.04119694420391      -0.599615288236521     
 -0.984211043819362      -0.580035676562244     
 -0.887958104528517      -0.548678216041830     
 -0.748683710085858      -0.509357507057080     
 -0.566343440096508      -0.461493610307700     
 -0.339008472232365      -0.410766153082635     
 -6.780774667505593E-002 -0.357012926286598     
  0.250045305016962      -0.305316115089943     
  0.615535118104906      -0.255266944491919     
   1.03627337741113      -0.209159695580893     
   1.51563777580808      -0.166443804916340     
   2.06501071529370      -0.125364299734768     
   2.68548067258528      -8.698156616674381E-002
   3.38236110141585      -4.600727740741905E-002
   4.15453704889270      -1.511626086390262E-002
   5.00000000000000       0.000000000000000E+000
  2.122610839453942E-314  0.000000000000000E+000
 -3.319567776302149E-002 -2.722279412183946E-003
 -6.357226147486079E-002 -1.017270764571852E-002
 -9.166076360756201E-002 -2.156908646437825E-002
 -0.117975706149045      -3.628847389734303E-002
 -0.143163068221155      -5.400274753711201E-002
 -0.167874882725771      -7.448134602036091E-002
 -0.192886400007433      -9.763028739554958E-002
 -0.218967103083922      -0.123445060498826     
 -0.247001580761373      -0.151956085920346     
 -0.277835067347873      -0.183276886256895     
 -0.312408087242208      -0.217480262462519     
 -0.351538298833965      -0.254696482679095     
 -0.396077340360860      -0.294946567819903     
 -0.446588139027929      -0.338233435572216     
 -0.503524111721444      -0.384391495467457     
 -0.566779317165065      -0.433079255931799     
 -0.635885121856602      -0.483758131875126     
 -0.709478489183989      -0.535455555876890     
 -0.785500807138088      -0.587093089774876     
 -0.860744776164302      -0.636865999233855     
 -0.931049995790657      -0.682994999734371     
 -0.991168816227195      -0.722953974176674     
  -1.03501178003784      -0.754589186109661     
  -1.05607913584769      -0.775528368710792     
  -1.04776713360783      -0.783347997087485     
  -1.00393860182185      -0.777497630144376     
 -0.919755837921367      -0.756143189466197     
 -0.791420439345387      -0.722147634758547     
 -0.617331512737847      -0.673584191231528     
 -0.395810916920770      -0.616789854618076     
 -0.127091792125948      -0.550697463225355     
  0.190258162330531      -0.482347846499206     
  0.557591760340010      -0.410516518309792     
  0.980011583987436      -0.339347464457430     
   1.46233082125969      -0.270046729463479     
   2.01215274520859      -0.199591857791134     
   2.63502488539986      -0.136021298359780     
   3.33521535751822      -6.911806734423698E-002
   4.11810631051708      -2.285786516516174E-002
   5.00000000000000       0.000000000000000E+000
  2.122610839453942E-314  0.000000000000000E+000
 -2.789862357130424E-002 -2.752278947146206E-003
 -5.392695814213377E-002 -1.032325280325971E-002
 -7.837400814753176E-002 -2.195506429217059E-002
 -0.101481620688152      -3.697888377863867E-002
 -0.123738156318558      -5.514050876589541E-002
 -0.145654470082621      -7.618350393767617E-002
 -0.167889104100426      -0.100124540239807     
 -0.191159489115558      -0.126922964568537     
 -0.216249269058689      -0.156778430921465     
 -0.244021197787059      -0.189770731165536     
 -0.275325819381933      -0.226220882497716     
 -0.311080272860740      -0.266241444182856     
 -0.352071029772032      -0.310196730159138     
 -0.399077896018929      -0.358102455142365     
 -0.452548595693517      -0.410223900764331     
 -0.512748159170887      -0.466266111288980     
 -0.579320196681394      -0.526149496572707     
 -0.651411288027235      -0.588959905533046     
 -0.727260394592210      -0.653945230099171     
 -0.804142840164661      -0.719299392881793     
 -0.878408112167631      -0.783181823338382     
 -0.944922958095905      -0.842855603342168     
 -0.998248483466960      -0.895421251738580     
  -1.03115206713133      -0.938016733876084     
  -1.03755522285186      -0.966574516372896     
  -1.00949754125995      -0.979708093234109     
 -0.942309289758724      -0.973633856485379     
 -0.830085944195384      -0.950304939977793     
 -0.670808790321903      -0.906143692090097     
 -0.461414898944154      -0.846819569403093     
 -0.201984206686479      -0.771178658783680     
  0.108953768876599      -0.686693688587209     
  0.471712792537826      -0.592034840231348     
  0.893225502531278      -0.493348975924509     
   1.37498811663087      -0.392528290735292     
   1.92771264019711      -0.289941490360127     
   2.55408481229614      -0.193106969949570     
   3.26473063072803      -9.876202405701270E-002
   4.07364125698377      -3.027068745920041E-002
   5.00000000000000       0.000000000000000E+000
  2.122610839453942E-314  0.000000000000000E+000
 -2.254856798473126E-002 -2.717215999207177E-003
 -4.425893818059086E-002 -1.015639554785011E-002
 -6.501615376355478E-002 -2.164135524404826E-002
 -8.487910699025833E-002 -3.651491013851090E-002
 -0.104111155108331      -5.456845978067065E-002
 -0.123108626348620      -7.559345396535805E-002
 -0.142409874674723      -9.961189023472074E-002
 -0.162635690529817      -0.126677637336297     
 -0.184513393607280      -0.156974720040077     
 -0.208813014602188      -0.190750685076319     
 -0.236385264957706      -0.228306362555948     
 -0.268066107479202      -0.270026554330156     
 -0.304723415246526      -0.316264326590592     
 -0.347096621745043      -0.367446067204202     
 -0.395849219509548      -0.423837196302972     
 -0.451298499397650      -0.485712024093934     
 -0.513498508452198      -0.552985977124850     
 -0.581807940097858      -0.625446081723235     
 -0.655084972492718      -0.702260514549841     
 -0.731024957474386      -0.782311920426054     
 -0.806665391403383      -0.863495204824347     
 -0.877459938419097      -0.943416963073478     
 -0.938355240199540       -1.01861364256675     
 -0.982625302069081       -1.08580376928579     
  -1.00381237235788       -1.13964287548740     
 -0.994045248099423       -1.17725960348573     
 -0.947166764286667       -1.19354653724714     
 -0.856705584868137       -1.18841030849390     
 -0.718837655460293       -1.15574105402077     
 -0.529376429962753       -1.10064470774767     
 -0.286821900986876       -1.01997071828557     
  1.035840272081248E-002 -0.923490132429043     
  0.363520033966378      -0.805455480643347     
  0.777329974496182      -0.676137338007632     
   1.25772105928238      -0.540054234004787     
   1.80956200769256      -0.397490604588288     
   2.44307480372890      -0.264696731145325     
   3.16698385106191      -0.132377700652007     
   4.00452738864956      -4.195740634873366E-002
   5.00000000000000       0.000000000000000E+000
  2.122610839453942E-314  0.000000000000000E+000
 -1.744528449603204E-002 -2.556464766504733E-003
 -3.489590466626186E-002 -9.619475829243801E-003
 -5.204711783489074E-002 -2.058898565008977E-002
 -6.864597885508351E-002 -3.484823264534672E-002
 -8.483243993921905E-002 -5.226562693522138E-002
 -0.100840816875269      -7.263320347051345E-002
 -0.117098448251924      -9.606411881017905E-002
 -0.134145863230548      -0.122565571503522     
 -0.152586623719457      -0.152464032952024     
 -0.173162133584220      -0.185937264815618     
 -0.196581184806048      -0.223516536560016     
 -0.223716568049899      -0.265508815293471     
 -0.255285580386111      -0.312629917653499     
 -0.292184854238646      -0.365231782011629     
 -0.334945587789977      -0.424124428055924     
 -0.384257513648156      -0.489511827347794     
 -0.440110486948666      -0.562077699618977     
 -0.502557984583959      -0.641519270687012     
 -0.570525060857274      -0.727987333801208     
 -0.642768276341209      -0.820156335618101     
 -0.716577923818128      -0.917019781515451     
 -0.788675610902051       -1.01566895948501     
 -0.854420137854671       -1.11346666972051     
 -0.907935085469509       -1.20605308659798     
 -0.943127268338713       -1.28821934961825     
 -0.951973899861790       -1.35500795672807     
 -0.928344052635092       -1.40040325026694     
 -0.864348936542144       -1.42179751788391     
 -0.755430651342147       -1.41049367047754     
 -0.594801940686807       -1.36942803847336     
 -0.380251064607043       -1.29277189640258     
 -0.107920531512532       -1.19039698830906     
  0.224711984800468       -1.05382774310569     
  0.624524053749228      -0.894209148104469     
   1.09632389959341      -0.719492295474760     
   1.64763219639434      -0.534097708219318     
   2.28338170401656      -0.352508593717524     
   3.03285980109067      -0.178400645168346     
   3.92260231965324      -5.332971797463377E-002
   5.00000000000000       0.000000000000000E+000
  2.122610839453942E-314  0.000000000000000E+000
 -1.264293306098040E-002 -2.322645542969966E-003
 -2.616771006590488E-002 -8.732264094437760E-003
 -3.984121525579983E-002 -1.881922997133388E-002
 -5.331676204535835E-002 -3.200383068212376E-002
 -6.649941143211534E-002 -4.824163582885047E-002
 -7.955474759146604E-002 -6.736132826543151E-002
 -9.277548323696617E-002 -8.947701453313521E-002
 -0.106611296411252      -0.114657074477537     
 -0.121577107361212      -0.143181065858714     
 -0.138294464072275      -0.175349358103295     
 -0.157415754945642      -0.211620560231388     
 -0.179675015183021      -0.252527568617655     
 -0.205789580867964      -0.298698144440287     
 -0.236523110408256      -0.350874966929889     
 -0.272530468227033      -0.409763171712755     
 -0.314417768757001      -0.476210491507926     
 -0.362536051818633      -0.550759709676345     
 -0.416967238598713      -0.634112780104939     
 -0.477377635742001      -0.726180431129462     
 -0.542727072046162      -0.827069274249343     
 -0.611514063111810      -0.935345669457518     
 -0.680836462354085       -1.04987033040621     
 -0.747640582921019       -1.16713709327798     
 -0.806424138135207       -1.28439964431256     
 -0.852607830484199       -1.39494029277302     
 -0.878128773177385       -1.49420789217323     
 -0.877645147900793       -1.57453680185087     
 -0.842010205557440       -1.63180461846495     
 -0.766727310520748       -1.65318870884302     
 -0.642333249762010       -1.63921734888445     
 -0.465363932878695       -1.58094427634252     
 -0.229277183785601       -1.48652347706495     
  7.033590484573869E-002  -1.33885954755309     
  0.441522149174335       -1.15349178531218     
  0.898042798018855      -0.939826240787390     
   1.43932650475938      -0.709641532965486     
   2.08473850092529      -0.474155995702374     
   2.85437832939502      -0.234297194020593     
   3.80069040576528      -7.388137726479733E-002
   5.00000000000000       0.000000000000000E+000
  2.122610839453942E-314  0.000000000000000E+000
 -8.465864250145061E-003 -1.976355673277565E-003
 -1.835240931734506E-002 -7.531244836001463E-003
 -2.884975899509747E-002 -1.638201365106156E-002
 -3.933161874817263E-002 -2.808305880124341E-002
 -4.965189718733570E-002 -4.265329156079282E-002
 -5.984093385343366E-002 -5.994236217205401E-002
 -7.010797431241117E-002 -8.011211472905251E-002
 -8.081543730816947E-002 -0.103171163407220     
 -9.235356907754136E-002 -0.129478254496329     
 -0.105271916721740      -0.159230155016690     
 -0.120059325104361      -0.193034029753375     
 -0.137405474135270      -0.231286034113559     
 -0.157830165948387      -0.274882571362248     
 -0.182133372736645      -0.324397037450886     
 -0.210748690268736      -0.381002925025025     
 -0.244508209801900      -0.445339480945916     
 -0.283536056651340      -0.518739871562039     
 -0.328510012985830      -0.601636264250347     
 -0.378880887956214      -0.695219505094348     
 -0.434824305038797      -0.799189589497205     
 -0.494635974561027      -0.914059997036446     
 -0.557444199052679       -1.03800243948428     
 -0.619925269377548       -1.17010757950933     
 -0.679364782061257       -1.30622704248359     
 -0.730744294686794       -1.44284343073025     
 -0.769113007389296       -1.57270620372372     
 -0.788410582625242       -1.69049054247609     
 -0.780912954361653       -1.78813624102715     
 -0.740827908797957       -1.85350796804000     
 -0.658257927455471       -1.88035995677260     
 -0.527201665987346       -1.85906985004899     
 -0.341460947274088       -1.79135826113527     
 -9.069836335048746E-002  -1.65513475222593     
  0.232326219853931       -1.46344319789455     
  0.643494252924477       -1.21615386291385     
   1.15769361247862      -0.944808324719481     
   1.79154526716416      -0.635259669551948     
   2.60270437629648      -0.316385351162536     
   3.65990796427768      -9.442286997759131E-002
   5.00000000000000       0.000000000000000E+000
  2.122610839453942E-314  0.000000000000000E+000
 -4.929388902172824E-003 -1.564805065785062E-003
 -1.177964092971925E-002 -6.015428022570583E-003
 -1.937629781555244E-002 -1.336424758806248E-002
 -2.715448375195315E-002 -2.322005649350683E-002
 -3.478797656620899E-002 -3.570615366098918E-002
 -4.230765054695348E-002 -5.068993355080664E-002
 -4.981328714097766E-002 -6.830843485114833E-002
 -5.759255427425598E-002 -8.859076254441829E-002
 -6.593864206661311E-002 -0.111810881496233     
 -7.527327618061298E-002 -0.138217897420697     
 -8.598833404550346E-002 -0.168296595079700     
 -9.860827185376700E-002 -0.202557793655269     
 -0.113575057137992      -0.241736299536107     
 -0.131498404802669      -0.286641640115232     
 -0.152810696526989      -0.338231708495654     
 -0.178146571710986      -0.397614928315459     
 -0.207820270946765      -0.465825795001906     
 -0.242332994250726      -0.544189421604375     
 -0.281705238169512      -0.633462606720600     
 -0.325988681001631      -0.734944106064166     
 -0.374679563911995      -0.848483387303688     
 -0.426839850978940      -0.974881206883459     
 -0.481225555379384       -1.11208784903792     
 -0.535050055196578       -1.25967451796078     
 -0.586241972235496       -1.41256977103098     
 -0.629533148487884       -1.56778447745442     
 -0.662481762119919       -1.71753367630391     
 -0.676207259424806       -1.85685960581589     
 -0.668752896795245       -1.96965619167140     
 -0.627167311825781       -2.04843680617624     
 -0.549324767953022       -2.08364642054012     
 -0.421362795385679       -2.06922896389178     
 -0.238744376496123       -1.97316395530664     
  1.863430241463150E-002  -1.80578579070279     
  0.368105454117026       -1.55557328156402     
  0.829584709028874       -1.26088237349281     
   1.44908528345989      -0.866694667435749     
   2.27372960706620      -0.410592435500318     
   3.44469847368496      -0.121661976215414     
   5.00000000000000       0.000000000000000E+000
  2.122610839453942E-314  0.000000000000000E+000
 -2.323818431065339E-003 -1.092654815904175E-003
 -6.595461740922448E-003 -4.346773102882556E-003
 -1.173954364086386E-002 -9.953809332777097E-003
 -1.707286091499364E-002 -1.771822428162309E-002
 -2.230185352518348E-002 -2.779850118747247E-002
 -2.740999937982388E-002 -4.007090068070536E-002
 -3.244270930732491E-002 -5.467422662851665E-002
 -3.761761479808515E-002 -7.156077541043476E-002
 -4.312053008802395E-002 -9.101414058200977E-002
 -4.927649205062244E-002 -0.113161836558099     
 -5.633170339378141E-002 -0.138523972060044     
 -6.470356522676692E-002 -0.167439436430425     
 -7.465102808135297E-002 -0.200737485874401     
 -8.670247469645612E-002 -0.238986667247849     
 -0.101065981277620      -0.283367437756368     
 -0.118396932558889      -0.334653965241786     
 -0.138736365425676      -0.394363645846609     
 -0.162858054573243      -0.463362801328492     
 -0.190438212100659      -0.543385551607264     
 -0.222316313415021      -0.635101416458027     
 -0.257503228564394      -0.740189175690281     
 -0.296755142452133      -0.858561590064696     
 -0.338024550391745      -0.991327186851192     
 -0.381705352937774       -1.13661445044260     
 -0.424372117501600       -1.29438209143446     
 -0.465659470952894       -1.45945968641248     
 -0.500776035621163       -1.63044156470927     
 -0.527148501895109       -1.79815236848167     
 -0.539521870439909       -1.95615155161647     
 -0.533849573704321       -2.08768587069170     
 -0.505075414533854       -2.19033076217279     
 -0.442776427633326       -2.24932889632720     
 -0.343109857031424       -2.22971720078918     
 -0.176861992548961       -2.13057065592527     
  7.117705174335613E-002  -1.92125722560286     
  0.440816793219460       -1.63612360178629     
   1.01897163038496       -1.18165161134230     
   1.89523874248505      -0.578455492363536     
   3.19176931208157      -0.147327873006834     
   5.00000000000000       0.000000000000000E+000
  2.122610839453942E-314  0.000000000000000E+000
 -5.803201102259116E-004 -5.973988013519215E-004
 -3.024483733109852E-003 -2.525608055167153E-003
 -6.085051024080061E-003 -6.345977065541036E-003
 -9.350526784939651E-003 -1.191173450623330E-002
 -1.249846303768086E-002 -1.940672389320352E-002
 -1.554398284449512E-002 -2.873388257190032E-002
 -1.849336408992420E-002 -3.994343917335750E-002
 -2.149056342377817E-002 -5.300227629065359E-002
 -2.464701591670057E-002 -6.807769392991928E-002
 -2.817171186295708E-002 -8.529136718300068E-002
 -3.220870330030447E-002 -0.105017581849730     
 -3.703057363755384E-002 -0.127575358364430     
 -4.278296187028776E-002 -0.153596686451117     
 -4.981730564704167E-002 -0.183650005980446     
 -5.825459084288069E-002 -0.218635163824963     
 -6.853166961610424E-002 -0.259426531068080     
 -8.070491212948679E-002 -0.307135729040984     
 -9.527603388572917E-002 -0.362995649594406     
 -0.112178409929729      -0.428149585943647     
 -0.131906365238964      -0.504214966246333     
 -0.154201174468675      -0.591976948253846     
 -0.179363703845015      -0.693399532869101     
 -0.206876199989162      -0.808212814831835     
 -0.236513837199193      -0.938432393319311     
 -0.267533817249624       -1.08195359228386     
 -0.298678094733387       -1.24020574562120     
 -0.329325799816864       -1.40794574210664     
 -0.355650854448327       -1.58534466300606     
 -0.377764369793785       -1.76254309942752     
 -0.390103511782287       -1.93327591454086     
 -0.394954598106522       -2.09188097134836     
 -0.379253640213284       -2.23139749736037     
 -0.348578712503914       -2.30376354913271     
 -0.268739273112080       -2.30487220757857     
 -0.148494528356612       -2.21332291871569     
  9.179711782048003E-002  -2.01268267971363     
  0.530725382595971       -1.55134436704654     
   1.30759323669579      -0.848782325570641     
   2.81263277291267      -0.273294195238915     
   5.00000000000000       0.000000000000000E+000
  2.122610839453942E-314  0.000000000000000E+000
  2.002343311120553E-004 -1.730017618031968E-004
 -8.991358156524381E-004 -9.392545534633401E-004
 -2.360335142725037E-003 -3.022602381655758E-003
 -3.974219962880078E-003 -6.416982115655937E-003
 -5.481929986834600E-003 -1.129619252289999E-002
 -6.933382771412292E-003 -1.751400572220430E-002
 -8.300806825531606E-003 -2.511311217664417E-002
 -9.672122057893555E-003 -3.399241861114957E-002
 -1.109487680044843E-002 -4.428426719824364E-002
 -1.267788474743899E-002 -5.601710342826667E-002
 -1.448273739660291E-002 -6.949083065093384E-002
 -1.665908426239611E-002 -8.487066473196027E-002
 -1.924539170013072E-002 -0.102687098597153     
 -2.246731235477861E-002 -0.123255832808521     
 -2.630135676287453E-002 -0.147385113887047     
 -3.109042234334783E-002 -0.175553639522353     
 -3.669086847866621E-002 -0.208874945969201     
 -4.361450881238277E-002 -0.247991812718529     
 -5.150572102979138E-002 -0.294310556105811     
 -6.111268457831769E-002 -0.348604220045473     
 -7.172111148651723E-002 -0.412484704690145     
 -8.439776028929896E-002 -0.486731022014883     
 -9.785102358626428E-002 -0.572976771391897     
 -0.113598610436735      -0.671643033990947     
 -0.129503610867405      -0.784249579466070     
 -0.147557071719157      -0.910266257279655     
 -0.164398559080369       -1.05061211308519     
 -0.182420057976723       -1.20207932067945     
 -0.197267490302367       -1.36599826838419     
 -0.213094692891727       -1.53270846814347     
 -0.224482444744844       -1.70885077323430     
 -0.229717183529680       -1.88113615317781     
 -0.219550394951015       -2.03738583612822     
 -0.196173778794453       -2.13078613158233     
 -0.155813940627146       -2.21381578492967     
 -0.119749845137492       -2.21857786616274     
 -3.704826835111448E-002  -1.94129592280221     
  0.381869065577490       -1.45944212036912     
   1.65623868797574      -0.494900690506691     
   5.00000000000000       0.000000000000000E+000
  2.122610839453942E-314  0.000000000000000E+000
  1.754034061063239E-004  1.754034061062457E-004
 -1.552433281789476E-004  2.125097336226408E-004
 -5.335496171378214E-004 -5.055048637890959E-004
 -9.562128496620320E-004 -2.063288075480803E-003
 -1.359773708638666E-003 -4.395791222518142E-003
 -1.737514007526365E-003 -7.518905247026324E-003
 -2.090119101695090E-003 -1.134702486319762E-002
 -2.437339703154872E-003 -1.585057130811426E-002
 -2.787042958861515E-003 -2.106800709450563E-002
 -3.186252775030587E-003 -2.699107522790942E-002
 -3.623116744417133E-003 -3.380504522850602E-002
 -4.180740635113195E-003 -4.153679975014864E-002
 -4.812053238901070E-003 -5.053870935641575E-002
 -5.650878279880508E-003 -6.089802283643950E-002
 -6.603252936043438E-003 -7.313994070495283E-002
 -7.867060603891092E-003 -8.744973033492040E-002
 -9.286230901323453E-003 -0.104513195014509     
 -1.113619341671763E-002 -0.124674451710230     
 -1.318249267533146E-002 -0.148720452527943     
 -1.578700160881367E-002 -0.177258495891967     
 -1.862025022107243E-002 -0.211018875490031     
 -2.212405131689884E-002 -0.251034268118763     
 -2.585614456360286E-002 -0.297688712168231     
 -3.034240589393745E-002 -0.352673290229832     
 -3.507405368698258E-002 -0.415515723681887     
 -4.051048531790933E-002 -0.489026843937213     
 -4.605717498873207E-002 -0.570817980153448     
 -5.189333672558412E-002 -0.664564691039085     
 -5.740937890960732E-002 -0.766931919481451     
 -6.392733564832440E-002 -0.882725784408288     
 -7.289987171513632E-002  -1.00420223833602     
 -7.887629550977292E-002  -1.14398022682377     
 -8.035061674169375E-002  -1.27843332014175     
 -7.599998299718486E-002  -1.39385573492696     
 -7.149186025902945E-002  -1.55195064998467     
 -0.101556424254083       -1.79452717447714     
 -0.220504741947864       -1.80220260177670     
 -8.730423525105020E-002  -1.79260576185938     
   1.18632628453991       -1.04995921065563     
   5.00000000000000       0.000000000000000E+000
  2.122610839453942E-314  0.000000000000000E+000
  2.122610839453942E-314  0.000000000000000E+000
  2.122610839453942E-314  0.000000000000000E+000
  2.122610839453942E-314  0.000000000000000E+000
  2.122610839453942E-314  0.000000000000000E+000
  2.122610839453942E-314  0.000000000000000E+000
  2.122610839453942E-314  0.000000000000000E+000
  2.122610839453942E-314  0.000000000000000E+000
  2.122610839453942E-314  0.000000000000000E+000
  2.122610839453942E-314  0.000000000000000E+000
  2.122610839453942E-314  0.000000000000000E+000
  2.122610839453942E-314  0.000000000000000E+000
  2.122610839453942E-314  0.000000000000000E+000
  2.122610839453942E-314  0.000000000000000E+000
  2.122610839453942E-314  0.000000000000000E+000
  2.122610839453942E-314  0.000000000000000E+000
  2.122610839453942E-314  0.000000000000000E+000
  2.122610839453942E-314  0.000000000000000E+000
  2.122610839453942E-314  0.000000000000000E+000
  2.122610839453942E-314  0.000000000000000E+000
  2.122610839453942E-314  0.000000000000000E+000
  2.122610839453942E-314  0.000000000000000E+000
  2.122610839453942E-314  0.000000000000000E+000
  2.122610839453942E-314  0.000000000000000E+000
  2.122610839453942E-314  0.000000000000000E+000
  2.122610839453942E-314  0.000000000000000E+000
  2.122610839453942E-314  0.000000000000000E+000
  2.122610839453942E-314  0.000000000000000E+000
  2.122610839453942E-314  0.000000000000000E+000
  2.122610839453942E-314  0.000000000000000E+000
  2.122610839453942E-314  0.000000000000000E+000
  2.122610839453942E-314  0.000000000000000E+000
  2.122610839453942E-314  0.000000000000000E+000
  2.122610839453942E-314  0.000000000000000E+000
  2.122610839453942E-314  0.000000000000000E+000
  2.122610839453942E-314  0.000000000000000E+000
  2.122610839453942E-314  0.000000000000000E+000
  2.122610839453942E-314  0.000000000000000E+000
  2.122610839453942E-314  0.000000000000000E+000
  2.122610839453942E-314  0.000000000000000E+000
   5.00000000000000       0.000000000000000E+000
