  5.432309224871097E-312  0.000000000000000E+000
  2.122610839453942E-314  0.000000000000000E+000
  2.122610839453942E-314  0.000000000000000E+000
  2.122610839453942E-314  0.000000000000000E+000
  2.122610839453942E-314  0.000000000000000E+000
  2.122610839453942E-314  0.000000000000000E+000
  2.122610839453942E-314  0.000000000000000E+000
  2.122610839453942E-314  0.000000000000000E+000
  2.122610839453942E-314  0.000000000000000E+000
  2.122610839453942E-314  0.000000000000000E+000
  2.122610839453942E-314  0.000000000000000E+000
  2.122610839453942E-314  0.000000000000000E+000
  2.122610839453942E-314  0.000000000000000E+000
  2.122610839453942E-314  0.000000000000000E+000
  2.122610839453942E-314  0.000000000000000E+000
  2.122610839453942E-314  0.000000000000000E+000
  2.122610839453942E-314  0.000000000000000E+000
  2.122610839453942E-314  0.000000000000000E+000
  2.122610839453942E-314  0.000000000000000E+000
  2.122610839453942E-314  0.000000000000000E+000
  2.122610839453942E-314  0.000000000000000E+000
  2.122610839453942E-314  0.000000000000000E+000
  2.122610839453942E-314  0.000000000000000E+000
  2.122610839453942E-314  0.000000000000000E+000
  2.122610839453942E-314  0.000000000000000E+000
  2.122610839453942E-314  0.000000000000000E+000
  2.122610839453942E-314  0.000000000000000E+000
  2.122610839453942E-314  0.000000000000000E+000
  2.122610839453942E-314  0.000000000000000E+000
  2.122610839453942E-314  0.000000000000000E+000
  2.122610839453942E-314  0.000000000000000E+000
  2.122610839453942E-314  0.000000000000000E+000
  2.122610839453942E-314  0.000000000000000E+000
  2.122610839453942E-314  0.000000000000000E+000
  2.122610839453942E-314  0.000000000000000E+000
  2.122610839453942E-314  0.000000000000000E+000
  2.122610839453942E-314  0.000000000000000E+000
  2.122610839453942E-314  0.000000000000000E+000
  2.122610839453942E-314  0.000000000000000E+000
  2.122610839453942E-314  0.000000000000000E+000
   5.00000000000000       0.000000000000000E+000
  2.122610839453942E-314  0.000000000000000E+000
  1.752247083658682E-004 -1.772672612367122E-004
 -3.028908260573296E-004  2.974261841945579E-004
 -8.956392744698608E-004  1.441087601068138E-003
 -1.506851011258491E-003  3.888967155413280E-003
 -2.089800051273066E-003  7.391894015663337E-003
 -2.616041163791797E-003  1.199413540467763E-002
 -3.127131592817438E-003  1.757329842443609E-002
 -3.588905287862714E-003  2.410245142471841E-002
 -4.036683062499839E-003  3.149180453324762E-002
 -4.441666248414564E-003  3.971507058526182E-002
 -4.835227754239711E-003  4.869670497534164E-002
 -5.189170657469845E-003  5.840961632581203E-002
 -5.530324990290725E-003  6.878419163755127E-002
 -5.830104835422639E-003  7.978390108335384E-002
 -6.112947785809620E-003  9.134260174764186E-002
 -6.351385118107404E-003  0.103404394984233     
 -6.568671725979748E-003  0.115910964142583     
 -6.743213568453133E-003  0.128787262490604     
 -6.896274594698625E-003  0.141991343194250     
 -7.021332842230860E-003  0.155448301751688     
 -7.134896610610771E-003  0.169143589545829     
 -7.259210886023932E-003  0.183052841877657     
 -7.399005340457371E-003  0.197195991434134     
 -7.631327837728668E-003  0.211708238876940     
 -7.951579799773310E-003  0.226643680580825     
 -8.522203433912320E-003  0.242468156140995     
 -9.341265924263136E-003  0.259310896446837     
 -1.063431506157713E-002  0.278322665194539     
 -1.219668524575503E-002  0.299382686546342     
 -1.497916760048321E-002  0.325648773673569     
 -2.007230632357760E-002  0.357288062880068     
 -2.725621763376959E-002  0.396808585986585     
 -3.681676507177219E-002  0.448181606920885     
 -4.311071465172177E-002  0.525336565944335     
 -2.757779098731655E-002  0.594126435525248     
 -3.577440002710824E-002  0.712867240167812     
 -0.247072301386997        1.00976598486366     
 -0.232944725525559       0.878295666918728     
  0.615222431898068       0.615222431898021     
   5.00000000000000       0.000000000000000E+000
  2.122610839453942E-314  0.000000000000000E+000
 -2.953836312829418E-004  2.899325772264143E-004
 -1.797619471032961E-003  1.769817704088430E-003
 -3.883699615323734E-003  4.769346217231167E-003
 -5.958493130351490E-003  9.648303244725345E-003
 -8.056833315608511E-003  1.645684257849496E-002
 -9.973260464010614E-003  2.500939122890788E-002
 -1.184070645714190E-002  3.535094427778565E-002
 -1.354230208482111E-002  4.727590849605919E-002
 -1.518950003830966E-002  6.080243989900235E-002
 -1.669389562771062E-002  7.573627843804322E-002
 -1.814420286909257E-002  9.209187421423780E-002
 -1.946389275833089E-002  0.109686821969789     
 -2.071787736028168E-002  0.128527492963766     
 -2.184066179747116E-002  0.148429583535002     
 -2.287542156402319E-002  0.169386614943272     
 -2.377622090488081E-002  0.191201478554842     
 -2.456684015329673E-002  0.213858678655815     
 -2.523483798526045E-002  0.237148593759732     
 -2.579004485515705E-002  0.261066363885339     
 -2.626917364651598E-002  0.285404386832072     
 -2.668294958778534E-002  0.310213874003049     
 -2.712914821649636E-002  0.335321525208209     
 -2.765547516447450E-002  0.360918799350730     
 -2.842019046234693E-002  0.386918156812192     
 -2.959436559506334E-002  0.413794860424280     
 -3.136090067091546E-002  0.441599307551356     
 -3.418447232769350E-002  0.471374226071768     
 -3.820767713529588E-002  0.503445692410599     
 -4.459131728536037E-002  0.539837707098052     
 -5.310065769931210E-002  0.581009811821553     
 -6.683786187643811E-002  0.630572433983964     
 -8.368467974204502E-002  0.687252117080018     
 -0.108020017335683       0.760688831221306     
 -0.136577376820821       0.856667047394739     
 -0.182859517465316       0.976783657990339     
 -0.206590791938112        1.07731242860202     
 -0.234869083660798        1.14608254028088     
 -4.870469038659583E-002  0.946697921192367     
   1.37057854042422       0.437706830835989     
   5.00000000000000       0.000000000000000E+000
  2.122610839453942E-314  0.000000000000000E+000
 -1.413854045988162E-003  8.595779841748276E-004
 -4.755743472821002E-003  3.749521869432453E-003
 -8.822244178203792E-003  8.623421779914974E-003
 -1.309210677740983E-002  1.601202557112053E-002
 -1.729411721098875E-002  2.571041061715663E-002
 -2.131215795305788E-002  3.778208323117174E-002
 -2.512890918674142E-002  5.205187108981799E-002
 -2.871803010167915E-002  6.850201637119878E-002
 -3.211460687752754E-002  8.696406695196503E-002
 -3.529901282898396E-002  0.107382673351859     
 -3.830630641675167E-002  0.129603272629520     
 -4.110541712916993E-002  0.153564301260399     
 -4.371712892736395E-002  0.179105250756366     
 -4.610131172856396E-002  0.206153020596602     
 -4.826918549443315E-002  0.234531923137985     
 -5.018164481754673E-002  0.264146189047082     
 -5.185226274885286E-002  0.294809347193653     
 -5.326066380843480E-002  0.326400467162939     
 -5.444063890922154E-002  0.358745395841697     
 -5.541668586216922E-002  0.391714094348594     
 -5.626659803921923E-002  0.425190455531856     
 -5.709643537457391E-002  0.459080565735561     
 -5.806178986451634E-002  0.493398099562611     
 -5.940016678726677E-002  0.528164316426578     
 -6.140160742744910E-002  0.563630484335847     
 -6.449247190609987E-002  0.600038783882981     
 -6.918598658867198E-002  0.638029525478039     
 -7.619277696069375E-002  0.678181900071698     
 -8.655301086640421E-002  0.721819730681118     
 -0.101077703874507       0.769342928606192     
 -0.121742447102282       0.823345485798612     
 -0.147781603637009       0.882743403679329     
 -0.180967179398054       0.951015736177080     
 -0.216795618054956        1.02043099064295     
 -0.270134103634949        1.10419821749361     
 -0.273025502061189        1.10987686334344     
 -0.192683796750436        1.05760076052377     
  0.336096520755479       0.796829374433414     
   1.91303790982285       0.299462257860424     
   5.00000000000000       0.000000000000000E+000
  2.122610839453942E-314  0.000000000000000E+000
 -3.718002623768285E-003  1.390266276782523E-003
 -9.420943399229153E-003  5.538791698524558E-003
 -1.606788285636329E-002  1.233560516072599E-002
 -2.288516537909533E-002  2.194987821930843E-002
 -2.964608671017746E-002  3.429368203869913E-002
 -3.612303477507886E-002  4.929911548080634E-002
 -4.232171447867254E-002  6.689921485711529E-002
 -4.817378643039959E-002  8.697483627114140E-002
 -5.373350875858918E-002  0.109447903935170     
 -5.896458556353401E-002  0.134170160479032     
 -6.390822901132708E-002  0.161057577196974     
 -6.852540153904001E-002  0.189965413446335     
 -7.282726631306416E-002  0.220782558866941     
 -7.677080672013080E-002  0.253360815403317     
 -8.034286843045366E-002  0.287549573820269     
 -8.351101597067265E-002  0.323187590568770     
 -8.625575635129365E-002  0.360084827908928     
 -8.857959916671115E-002  0.398062098275084     
 -9.048864173529257E-002  0.436913472486973     
 -9.204998262959471E-002  0.476447775001846     
 -9.334596987477052E-002  0.516499070674869     
 -9.453714134461781E-002  0.556883477725173     
 -9.586177807835142E-002  0.597569280996557     
 -9.759300710239502E-002  0.638406145808219     
 -0.100250460902551       0.679633156266430     
 -0.104215377402349       0.721148566241010     
 -0.110482843252166       0.763620907000515     
 -0.119457842547619       0.806908565444113     
 -0.132893369817526       0.852198836319581     
 -0.150843953278239       0.898791822097833     
 -0.175650174418881       0.948282883975099     
 -0.205688610506928       0.998550755308185     
 -0.241954816518374        1.04877236091312     
 -0.273939476500510        1.08839106877676     
 -0.290053782466501        1.10442685845023     
 -0.241742442392788        1.05132709531846     
  2.853740362059337E-002  0.892590837079029     
  0.746492084550569       0.597970166965568     
   2.31599557116288       0.211200769924634     
   5.00000000000000       0.000000000000000E+000
  2.122610839453942E-314  0.000000000000000E+000
 -6.919847467007488E-003  1.853122696071334E-003
 -1.567973965754231E-002  7.169149293568666E-003
 -2.521479655125013E-002  1.557310068214568E-002
 -3.494825565424023E-002  2.716279491056346E-002
 -4.452113164841227E-002  4.168788021036765E-002
 -5.377081167752330E-002  5.917002737570817E-002
 -6.261669582208927E-002  7.940811793307298E-002
 -7.103572752707941E-002  0.102403964959116     
 -7.903481488092118E-002  0.127962137842954     
 -8.660758923536425E-002  0.156052709521052     
 -9.376275799747610E-002  0.186477736096905     
 -0.100472848131049       0.219200095251346     
 -0.106725340175759       0.253995732058539     
 -0.112467712352351       0.290807544017849     
 -0.117673558496041       0.329373286453531     
 -0.122280100142452       0.369597488665300     
 -0.126273576880417       0.411183596700149     
 -0.129610415449959       0.453977212845923     
 -0.132331768895280       0.497678966652695     
 -0.134455966801703       0.542059603676433     
 -0.136134038462698       0.586882551624386     
 -0.137500238934596       0.631832890233127     
 -0.138882515287709       0.676839844641425     
 -0.140588550843414       0.721481087772485     
 -0.143205199865847       0.765992314239835     
 -0.147247463217702       0.809754009798172     
 -0.153671387945819       0.853488380517331     
 -0.163080335884580       0.896027049944920     
 -0.176900579765581       0.938773242839474     
 -0.195043829844332       0.978986075429037     
 -0.219135668839550        1.01875202994445     
 -0.245320052710940        1.05089025979371     
 -0.274248228901480        1.07794801878693     
 -0.284247683385721        1.07808300940934     
 -0.261991591651174        1.04998126457529     
 -0.117406520733933       0.949025316488664     
  0.256906880719711       0.759511321098267     
   1.08705036105019       0.489472718692477     
   2.64698445928905       0.160670408061876     
   5.00000000000000       0.000000000000000E+000
  2.122610839453942E-314  0.000000000000000E+000
 -1.087439173012599E-002  2.183811101466069E-003
 -2.315136880111886E-002  8.392974096363174E-003
 -3.601639273647168E-002  1.817236261931201E-002
 -4.889287213891246E-002  3.133168166868350E-002
 -6.151769719325630E-002  4.766028217960829E-002
 -7.369445370325466E-002  6.705653852174860E-002
 -8.537711163809139E-002  8.938625936633256E-002
 -9.652056387586141E-002  0.114569180780815     
 -0.107141382877624       0.142484691502841     
 -0.117225248977509       0.173045002116307     
 -0.126772601060246       0.206117441264115     
 -0.135750938828095       0.241615371094486     
 -0.144122729441448       0.279362471221847     
 -0.151829875348796       0.319258416816744     
 -0.158805014646978       0.361060244117466     
 -0.164982660527267       0.404636838707828     
 -0.170296846812559       0.449668759882846     
 -0.174710882793716       0.495974782987697     
 -0.178213154839751       0.543174689672515     
 -0.180843351382948       0.591021701893008     
 -0.182716995486096       0.639121587735819     
 -0.183999854965263       0.687150051840084     
 -0.185023011442071       0.734772730120579     
 -0.186115032008095       0.781567415371199     
 -0.187912349642895       0.827336597382222     
 -0.190896677964860       0.871490614096620     
 -0.196045888016914       0.913981738380843     
 -0.203836185272641       0.953825907268076     
 -0.215319978625161       0.990911027575162     
 -0.230285761728436        1.02327189957181     
 -0.248412929743305        1.04976312928975     
 -0.266095153536906        1.06571156179222     
 -0.275829752373108        1.06621660829391     
 -0.260925453975376        1.03961515432002     
 -0.181230931324680       0.972209247754104     
  2.715388603749620E-002  0.844080693279589     
  0.497606684798393       0.644578618804987     
   1.40326154452906       0.386707780420552     
   2.88942393396671       0.128642661997477     
   5.00000000000000       0.000000000000000E+000
  2.122610839453942E-314  0.000000000000000E+000
 -1.544562513188888E-002  2.457701123746272E-003
 -3.168466095754135E-002  9.363605350723159E-003
 -4.810488852746288E-002  2.013428050411654E-002
 -6.433435764250275E-002  3.450021099603078E-002
 -8.012170788121184E-002  5.214066525582005E-002
 -9.535314162610545E-002  7.297750393827124E-002
 -0.109962844221110       9.678552769665712E-002
 -0.123945467323328       0.123556548057448     
 -0.137297207531226       0.153094305856872     
 -0.150018386131100       0.185404169758777     
 -0.162090091100133       0.220280677199422     
 -0.173473005991600       0.257729398111117     
 -0.184109545594542       0.297500952942328     
 -0.193911047945971       0.339571548787435     
 -0.202792285408332       0.383625520020814     
 -0.210631898929552       0.429572431362184     
 -0.217358011151987       0.477029566249612     
 -0.222854215668140       0.525789883692449     
 -0.227127138628446       0.575438538344122     
 -0.230119361399473       0.625593412471394     
 -0.231996695213085       0.675884584403979     
 -0.232820441460414       0.725685011895980     
 -0.232999163649129       0.774784987998892     
 -0.232750990954596       0.822212015483096     
 -0.232794866691303       0.868050459720110     
 -0.233446485373759       0.910790719781526     
 -0.235740055948265       0.950915989816225     
 -0.239702543435706       0.985960234616017     
 -0.246450566299052        1.01676370861837     
 -0.254291516389872        1.03898074251845     
 -0.263335063354089        1.05334209893441     
 -0.265335989099301        1.05159939569357     
 -0.254744574251212        1.03272795721133     
 -0.202166932236377       0.982301303811717     
 -7.819106208823072E-002  0.893952556350692     
  0.199268548795293       0.753434995561524     
  0.727664654412601       0.555097766508034     
   1.65102023226074       0.325075537353514     
   3.08490841806383       0.103923870829281     
   5.00000000000000       0.000000000000000E+000
  2.122610839453942E-314  0.000000000000000E+000
 -2.039066543870972E-002  2.615035465729749E-003
 -4.089049917520407E-002  9.969550936687782E-003
 -6.111370673001099E-002  2.144163376395203E-002
 -8.082135935542500E-002  3.660303196040685E-002
 -9.987425708734370E-002  5.514528150935404E-002
 -0.118205133310978       7.689785124836956E-002
 -0.135797447747373       0.101679620518225     
 -0.152658501842988       0.129419309263943     
 -0.168799186704193       0.159984488729424     
 -0.184220761219752       0.193341310437084     
 -0.198894849430122       0.229349645336876     
 -0.212772946695030       0.267984337880482     
 -0.225764371176631       0.309048418618117     
 -0.237763107285773       0.352493205571800     
 -0.248625946606256       0.398024083045730     
 -0.258211741685850       0.445532841244018     
 -0.266366726821821       0.494602836548727     
 -0.272962326479974       0.545024149646609     
 -0.277904114523342       0.596262679080476     
 -0.281140977124303       0.647964141678902     
 -0.282725084115774       0.699515325327189     
 -0.282748964973897       0.750375662871611     
 -0.281492547192608       0.799914219851020     
 -0.279229687402082       0.847353926834202     
 -0.276492498550684       0.892091903426576     
 -0.273682014743580       0.933023003331305     
 -0.271421935367573       0.969518746792163     
 -0.269920478336924       0.999938235738296     
 -0.269178571784361        1.02330834520698     
 -0.268068585581835        1.03697181322976     
 -0.263580626305975        1.03873091811184     
 -0.249553227052999        1.02390102157711     
 -0.212434282018246       0.987464951471397     
 -0.129915005574937       0.921675501387381     
  4.160875280457930E-002  0.818418306354318     
  0.366510845529541       0.670374365022969     
  0.942878533688892       0.480325556882341     
   1.88762034336734       0.268533922102014     
   3.25024803538014       8.195532893276512E-002
   5.00000000000000       0.000000000000000E+000
  2.122610839453942E-314  0.000000000000000E+000
 -2.563513780053200E-002  2.723864129698479E-003
 -5.059029082529271E-002  1.034113031272421E-002
 -7.472657813547552E-002  2.217817354834386E-002
 -9.798344749680268E-002  3.777639543138426E-002
 -0.120321388213088       5.676248440939599E-002
 -0.141765016720216       7.897775353857510E-002
 -0.162337415758126       0.104188135832725     
 -0.182090061028930       0.132373300008104     
 -0.201042033704503       0.163356335573547     
 -0.219207522063082       0.197182931303271     
 -0.236547284144985       0.233667337117778     
 -0.252998496481227       0.272873455344803     
 -0.268444797040911       0.314553237880010     
 -0.282734619436894       0.358736838362550     
 -0.295691735351105       0.405074921798629     
 -0.307092824243055       0.453498198734291     
 -0.316757733315790       0.503545931071421     
 -0.324435442109678       0.554964058226934     
 -0.330030636286664       0.607215784579446     
 -0.333329120908993       0.659762205525619     
 -0.334425841888428       0.712077955293934     
 -0.333208250005996       0.763229735029974     
 -0.330053479185909       0.812829322357870     
 -0.324967721104933       0.859428353610408     
 -0.318639554747435       0.902895395287295     
 -0.311050269109542       0.941111626581675     
 -0.303067626943873       0.974231667495444     
 -0.294052679621150       0.999216985274341     
 -0.284487463103771        1.01630355277760     
 -0.271262167380314        1.02110002471743     
 -0.252602271222068        1.01323518930554     
 -0.217744626946929       0.986402924565038     
 -0.156804110310650       0.938283332959680     
 -3.903025067164331E-002  0.861214834497799     
  0.169080795607304       0.750305264832347     
  0.536797868918298       0.603025015061605     
   1.14182892067080       0.421470745679558     
   2.07601025296905       0.232208950623209     
   3.38542834726517       6.843396456642283E-002
   5.00000000000000       0.000000000000000E+000
  2.122610839453942E-314  0.000000000000000E+000
 -3.095391926770647E-002  2.737818062746814E-003
 -6.045857754725336E-002  1.041500227547913E-002
 -8.855792687413365E-002  2.235195490942038E-002
 -0.115378258936408       3.801861942427605E-002
 -0.140993348301368       5.706332876424777E-002
 -0.165523538090718       7.926754329115449E-002
 -0.189054917089886       0.104446823045936     
 -0.211680170692848       0.132535775619213     
 -0.233445655211178       0.163428861242307     
 -0.254373945161460       0.197140566007632     
 -0.274422586366058       0.233565692215825     
 -0.293512724644484       0.272741727974512     
 -0.311491031773964       0.314494314660493     
 -0.328172089503883       0.358829492452460     
 -0.343303551400505       0.405441282895910     
 -0.356620591879614       0.454241909909278     
 -0.367824076704005       0.504750977582606     
 -0.376630477128232       0.556716268524417     
 -0.382782672103945       0.609476084130113     
 -0.386064355462049       0.662543275060670     
 -0.386366528630618       0.715112473631215     
 -0.383627191920769       0.766401093604150     
 -0.377965156971266       0.815529390285500     
 -0.369512770660546       0.861372765899867     
 -0.358587687266697       0.903031772226440     
 -0.345413732979339       0.938993169682990     
 -0.330201511963044       0.968292485607503     
 -0.312790395194121       0.988937694869316     
 -0.292289139454019       0.999634198968011     
 -0.266669033341878       0.997707206574461     
 -0.231155206896936       0.980934483181576     
 -0.177664628152131       0.945621624032683     
 -9.045519759097956E-002  0.888002122404280     
  5.485705391151022E-002  0.803601026972246     
  0.299062268224334       0.688588195424348     
  0.699225446643942       0.542032998394559     
   1.32710126598787       0.371700969984786     
   2.25941170672861       0.198772284499631     
   3.50183149113591       5.805005841835061E-002
   5.00000000000000       0.000000000000000E+000
  2.122610839453942E-314  0.000000000000000E+000
 -3.630393013978256E-002  2.714027242152622E-003
 -7.032246454786259E-002  1.029121729058605E-002
 -0.102352026923368       2.204745379461901E-002
 -0.132669174186140       3.745870115582305E-002
 -0.161493079920458       5.614980398739967E-002
 -0.189037678913161       7.792727912852256E-002
 -0.215465028673426       0.102583266066996     
 -0.240920735619802       0.130109440708539     
 -0.265479211784989       0.160374780485400     
 -0.289182937988171       0.193481375750875     
 -0.311982166597684       0.229289830793482     
 -0.333783506716241       0.267944306765859     
 -0.354397870499311       0.309222253068021     
 -0.373582539197765       0.353235570853602     
 -0.391031886685673       0.399618240852451     
 -0.406370649874177       0.448352584305262     
 -0.419248636551959       0.498904075087573     
 -0.429210628407821       0.551001955121416     
 -0.435979682382135       0.603976419977057     
 -0.439103438249744       0.657165183507082     
 -0.438516792412917       0.709864165442201     
 -0.433855357506960       0.760889509809501     
 -0.425373375817435       0.809648278618302     
 -0.412815194258282       0.854340509451814     
 -0.396749942517790       0.894607280637082     
 -0.376845826873569       0.927987700508313     
 -0.353733671455475       0.954351100026228     
 -0.326295096436451       0.970568634223600     
 -0.294402526524538       0.976476281431621     
 -0.254142948363960       0.968290925749775     
 -0.202365386762800       0.945195708870959     
 -0.127389210327190       0.902901189771262     
 -1.718679275550461E-002  0.839213469505010     
  0.157600944916692       0.750575934912025     
  0.429864974734640       0.634296342055525     
  0.856398856080678       0.493024334240063     
   1.49682885600149       0.332217137325824     
   2.40868351807342       0.175699800140358     
   3.60122183572519       5.063391218949741E-002
   5.00000000000000       0.000000000000000E+000
  2.122610839453942E-314  0.000000000000000E+000
 -4.148987171638758E-002  2.612076061941839E-003
 -7.992671738136761E-002  9.920284635224942E-003
 -0.115760708315257       2.126263321670405E-002
 -0.149473005203444       3.609251042518374E-002
 -0.181393786138102       5.407874607121794E-002
 -0.211857824069639       7.499797212343333E-002
 -0.241100818620792       9.871017364993258E-002
 -0.269327442389839       0.125176974026284     
 -0.296653317755003       0.154359538077545     
 -0.323133808019365       0.186329835926753     
 -0.348725501585216       0.221058635532382     
 -0.373310808255900       0.258655943913223     
 -0.396662674512243       0.299012717594067     
 -0.418485469379876       0.342201274205131     
 -0.438379831131685       0.387946136165564     
 -0.455902998013700       0.436190652940064     
 -0.470546730145925       0.486427388654186     
 -0.481798277941244       0.538367743334712     
 -0.489156499664629       0.591252603258832     
 -0.492156127855465       0.644462982640637     
 -0.490444508531440       0.697031395598338     
 -0.483728778313649       0.747939607942873     
 -0.471906492993761       0.796106892983347     
 -0.454919178175811       0.840098721376922     
 -0.432865495246495       0.878815188454767     
 -0.405791204501017       0.910442839399411     
 -0.373604500482982       0.933867537631761     
 -0.335865722911142       0.946958265866291     
 -0.291151764922903       0.948414190343456     
 -0.236845839350455       0.935820919441914     
 -0.167349834157495       0.907336309120118     
 -7.363622273921087E-002  0.860294136172655     
  6.037552002411121E-002  0.792235767509799     
  0.258780599658788       0.700981901472281     
  0.557882036213871       0.585500530485551     
   1.00595607094785       0.448210401613716     
   1.65486419008277       0.298390578143224     
   2.55471984191024       0.154804782174734     
   3.68990649879869       4.409468822797313E-002
   5.00000000000000       0.000000000000000E+000
  2.122610839453942E-314  0.000000000000000E+000
 -4.648063357375833E-002  2.477495854674880E-003
 -8.909886830691785E-002  9.373999617492190E-003
 -0.128557100858896       2.005758982681373E-002
 -0.165467321937055       3.401343602063083E-002
 -0.200324597988986       5.091946248234515E-002
 -0.233557562324389       7.059892053043945E-002
 -0.265497116856465       9.290934731743862E-002
 -0.296410066094615       0.117887912252028     
 -0.326452092972620       0.145479938340449     
 -0.355708536196022       0.175867581278147     
 -0.384129168194853       0.208986161856747     
 -0.411585996257676       0.245087326014368     
 -0.437804142103727       0.284000770741024     
 -0.462422563443913       0.325955508201128     
 -0.484964676702264       0.370590191860360     
 -0.504851014953477       0.417983405399859     
 -0.521491376526183       0.467536132773130     
 -0.534153483911575       0.519013025982923     
 -0.542289846228704       0.571604038478433     
 -0.545131469385250       0.624582794943695     
 -0.542364269916625       0.677045695754309     
 -0.533314607684618       0.727632181458942     
 -0.518048476113327       0.775524002133920     
 -0.496048070376414       0.818676615499067     
 -0.467744990436589       0.856508957900675     
 -0.432595268802781       0.886376985313977     
 -0.391054261204813       0.907938489380693     
 -0.341789608356908       0.918160123470633     
 -0.284288924898203       0.916692267590543     
 -0.214378599357438       0.900403060814973     
 -0.128147739021799       0.868458208523785     
 -1.396825804837220E-002  0.818055749509250     
  0.140906401245012       0.747607150061643     
  0.363336056410898       0.655976922357461     
  0.683542694677532       0.542309308791296     
   1.14749493637707       0.411448092508549     
   1.79964707861384       0.270482368816085     
   2.67590612836238       0.139178972947522     
   3.76690881684498       3.923889999664970E-002
   5.00000000000000       0.000000000000000E+000
  2.122610839453942E-314  0.000000000000000E+000
 -5.110284312059974E-002  2.273332046059179E-003
 -9.763546021861919E-002  8.608776423561981E-003
 -0.140435459506825       1.842148275707003E-002
 -0.180325099477428       3.120706457238088E-002
 -0.217907534123507       4.671025726936711E-002
 -0.253741509466085       6.474778429665375E-002
 -0.288240779476428       8.526601444089088E-002
 -0.321738640900918       0.108280986767389     
 -0.354446450806547       0.133855598122932     
 -0.386463282058093       0.162137007487636     
 -0.417757908353420       0.193207531043254     
 -0.448169015171113       0.227267778561664     
 -0.477387815492570       0.264314339909409     
 -0.504978904810241       0.304508351490154     
 -0.530360485613310       0.347649495820823     
 -0.552852589056011       0.393739295369618     
 -0.571675104425260       0.442287487821646     
 -0.586000430227345       0.492997067947798     
 -0.595005050975402       0.545050081761982     
 -0.597878717341897       0.597721491205908     
 -0.593956579670431       0.649914694450009     
 -0.582636029151268       0.700401826464337     
 -0.563569609606288       0.747938231380192     
 -0.536478119914704       0.790816955790788     
 -0.501300176958624       0.827796294332503     
 -0.457951277544743       0.856825417916176     
 -0.406220549412930       0.876736925383713     
 -0.345547766817773       0.885341298571695     
 -0.274348900537285       0.881460567459820     
 -0.189771536009650       0.862967302196945     
 -8.605174221530992E-002  0.828483430903303     
  4.603741067855323E-002  0.776161984623005     
  0.221920345164546       0.704644332195018     
  0.464234132236843       0.613268238633402     
  0.804349709143498       0.502775322792401     
   1.28236133543055       0.377109640103397     
   1.93530308856767       0.245758857374497     
   2.79543546066964       0.124816085626212     
   3.83711513122728       3.479795483097772E-002
   5.00000000000000       0.000000000000000E+000
  2.122610839453942E-314  0.000000000000000E+000
 -5.532761699616929E-002  2.037102293581007E-003
 -0.105355819126027       7.675190513855726E-003
 -0.151176816230815       1.639434973301705E-002
 -0.193726707093886       2.774052912121944E-002
 -0.233779990343378       4.149463753946443E-002
 -0.271987182618970       5.753903544493172E-002
 -0.308864854837892       7.583095193261072E-002
 -0.344816473998905       9.648110261283968E-002
 -0.380099195715357       0.119537509381571     
 -0.414853994280582       0.145283644527024     
 -0.449042225568072       0.173755730096499     
 -0.482501423233012       0.205338150076113     
 -0.514863068509322       0.239942897338425     
 -0.545626175253249       0.277953857028064     
 -0.574104181602500       0.319045797688519     
 -0.599464823375957       0.363448895149700     
 -0.620803559629155       0.410524163152555     
 -0.637039500341192       0.460143795459156     
 -0.647255349549480       0.511365991033070     
 -0.650289187305332       0.563483378951133     
 -0.645481486237575       0.615383382304762     
 -0.631800524958576       0.665615028625955     
 -0.609068409202036       0.713118783355450     
 -0.576522130455773       0.755688323274896     
 -0.534476656154693       0.792522821493068     
 -0.482291113576421       0.820861294635084     
 -0.420372313013910       0.840204181683658     
 -0.347410706001985       0.847617468745681     
 -0.262784360001071       0.842702544232889     
 -0.162446401154789       0.822810353574116     
 -4.224928613836181E-002  0.787293390378002     
  0.108825130877596       0.734321689330038     
  0.303315557377345       0.663015174393885     
  0.565215656028984       0.573613830559202     
  0.921248500046991       0.466651001377779     
   1.40849359603186       0.347734661267119     
   2.05961941597006       0.224395769316730     
   2.89612059476698       0.113274894430605     
   3.89903556662775       3.132159960523741E-002
   5.00000000000000       0.000000000000000E+000
  2.122610839453942E-314  0.000000000000000E+000
 -5.899231245241747E-002  1.736544641503760E-003
 -0.112094620759279       6.543353447557083E-003
 -0.160514868728464       1.397180774706656E-002
 -0.205396922027774       2.360897465918831E-002
 -0.247616557105443       3.531951576153530E-002
 -0.287952556132159       4.899747571947825E-002
 -0.327009925815057       6.470276788688183E-002
 -0.365259156780949       8.252890269553279E-002
 -0.403026682889985       0.102659855192417     
 -0.440466709757794       0.125334728777992     
 -0.477576183663926       0.150769419484009     
 -0.514151396169248       0.179274742541586     
 -0.549803416541619       0.210986443744980     
 -0.583934227882101       0.246184237819436     
 -0.615755543309154       0.284791103709767     
 -0.644292311748684       0.326909519954670     
 -0.668438232982125       0.372124868840777     
 -0.686957811546291       0.420184218819033     
 -0.698631082954562       0.470269671749624     
 -0.702191954008986       0.521604028903600     
 -0.696599565436993       0.573011382587600     
 -0.680847322294188       0.623100571148775     
 -0.654332016964513       0.670501485823748     
 -0.616516025739965       0.713268422699736     
 -0.567259866589877       0.750051558459442     
 -0.506396013232527       0.778579889905109     
 -0.433793158324855       0.797668570429125     
 -0.348917318957710       0.805053771399656     
 -0.250352617301587       0.799708964956799     
 -0.135287945453991       0.779697822008901     
  1.721192147586616E-003  0.744075871931257     
  0.169626601483216       0.691547315271357     
  0.382590508294082       0.621626009634374     
  0.661298134381866       0.534569241816820     
   1.03228875280068       0.432258259073790     
   1.52860363145957       0.319257328656142     
   2.17626365316034       0.204673865973908     
   2.99547306632074       0.102335268541760     
   3.95593167040383       2.808294073271110E-002
   5.00000000000000       0.000000000000000E+000
  2.122610839453942E-314  0.000000000000000E+000
 -6.207074442629337E-002  1.403500626587582E-003
 -0.117663344664626       5.247482389788311E-003
 -0.168236660421177       1.118775719636006E-002
 -0.215023382433167       1.887577706744882E-002
 -0.259065664355604       2.823493808007797E-002
 -0.301225598641621       3.923568554068196E-002
 -0.342209986152210       5.195527046973509E-002
 -0.382563787863265       6.659095987878066E-002
 -0.422662320285341       8.330679354760763E-002
 -0.462714303463433       0.102493658706584     
 -0.502711534308019       0.124306650967982     
 -0.542465255259756       0.149274126020410     
 -0.581519078251894       0.177421600154922     
 -0.619223594461791       0.209317554693799     
 -0.654656848308507       0.244718551594564     
 -0.686698460160988       0.284065036147126     
 -0.714060322698006       0.326729820141547     
 -0.735250281619761       0.372782515353387     
 -0.748873378071507       0.421192250864101     
 -0.753300884945565       0.471381397054582     
 -0.747412656633423       0.522049328262510     
 -0.729766722464040       0.571763470517550     
 -0.699869689665487       0.619223477893017     
 -0.656720719753216       0.662138475455646     
 -0.600538539512003       0.699487318612627     
 -0.530676087718563       0.728406507658463     
 -0.447629232202144       0.748264117301612     
 -0.350287924833831       0.756141235521969     
 -0.238184266064164       0.751654018480241     
 -0.107658235961542       0.732406535665935     
  4.525261506927988E-002  0.698009475839835     
  0.230636569339683       0.647175119614673     
  0.460220906265564       0.579685858741103     
  0.755100192609434       0.496507612671022     
   1.13832155427067       0.399127620764189     
   1.63970317573071       0.293337094328744     
   2.28284478958307       0.186458037777309     
   3.07959583298539       9.280776528134237E-002
   4.00620108971708       2.521968676451583E-002
   5.00000000000000       0.000000000000000E+000
  2.122610839453942E-314  0.000000000000000E+000
 -6.441035961525272E-002  1.014677600523333E-003
 -0.121937548528433       3.786108715420563E-003
 -0.174122892110849       8.063679744970203E-003
 -0.222390720741640       1.357492913938329E-002
 -0.267866410802356       2.033205453395484E-002
 -0.311528794863617       2.833264825100169E-002
 -0.354170197156584       3.775457543984777E-002
 -0.396399694106585       4.877871867242415E-002
 -0.438671674072063       6.170508349411957E-002
 -0.481210305089898       7.686891357948573E-002
 -0.524063115851448       9.461975302088364E-002
 -0.566998407951410       0.115388901643919     
 -0.609566257868355       0.139470885403671     
 -0.651001570949693       0.167292368886808     
 -0.690308787519006       0.198948688416016     
 -0.726175869844373       0.234697623925334     
 -0.757136153542193       0.274278670470488     
 -0.781457957049931       0.317562162977319     
 -0.797459246681091       0.363825016126854     
 -0.803295583279765       0.412328693354834     
 -0.797480486560527       0.461906830521846     
 -0.778483442866007       0.511084338366473     
 -0.745420597094179       0.558429510857355     
 -0.697425170732356       0.601800882813417     
 -0.634346467796414       0.639773749357701     
 -0.555944123806049       0.669845433851591     
 -0.462344599906326       0.690819899922204     
 -0.353138072852300       0.700280691332723     
 -0.227359272512421       0.697331331476269     
 -8.242665014943930E-002  0.680064651537647     
  8.640499715004012E-002  0.647894941738934     
  0.287526785230771       0.599797930336366     
  0.533445175775372       0.535959713408427     
  0.842738461170866       0.457119063390812     
   1.23740740262573       0.365870660408716     
   1.74462059724645       0.266913428238562     
   2.38210912185588       0.168714131138482     
   3.16193111728802       8.326122889075530E-002
   4.05239163599657       2.246081213137846E-002
   5.00000000000000       0.000000000000000E+000
  2.122610839453942E-314  0.000000000000000E+000
 -6.599459669865557E-002  5.958531939148679E-004
 -0.124734618549587       2.178969680106717E-003
 -0.177986423766333       4.643174978277193E-003
 -0.227220727347773       7.790081827655298E-003
 -0.273709366912649       1.170729946040711E-002
 -0.318494140990174       1.646649597291526E-002
 -0.362460887697384       2.226394916498613E-002
 -0.406289701095696       2.937403680538873E-002
 -0.450487423680718       3.806918614513817E-002
 -0.495343719664531       4.882766481520798E-002
 -0.540910723429509       6.192495038777821E-002
 -0.586995318983284       7.801757961485163E-002
 -0.633083441866431       9.727032778252359E-002
 -0.678392650921530       0.120443428799563     
 -0.721771620982905       0.147434680999659     
 -0.761804108595473       0.178943403280078     
 -0.796774513082087       0.214443999598530     
 -0.824738621343888       0.254303367132369     
 -0.843719676455716       0.297501764421199     
 -0.851555263291142       0.343732238030134     
 -0.846524618177212       0.391587661445027     
 -0.826710464422968       0.439799263387084     
 -0.791188913132974       0.486870548220258     
 -0.738695818157875       0.530522169934878     
 -0.669330948459097       0.569525900918329     
 -0.582482217521735       0.600914644652596     
 -0.478837212246331       0.623926881080208     
 -0.357595976116687       0.635534600526833     
 -0.218667318685107       0.635376666139565     
 -5.894764584298762E-002  0.621060123209420     
  0.125005625595132       0.592443968709401     
  0.342160836530331       0.548420431682053     
  0.603037146818008       0.489316012088366     
  0.925917221279564       0.416401849338769     
   1.33026057384001       0.331738527614552     
   1.83997228727740       0.241046605152899     
   2.47171418635264       0.150989259170539     
   3.23098169514205       7.426436271776170E-002
   4.09237439236569       1.968419193274000E-002
   5.00000000000000       0.000000000000000E+000
  2.122610839453942E-314  0.000000000000000E+000
 -6.669418604451532E-002  1.389001841720708E-004
 -0.125988935919156       4.676504896083140E-004
 -0.179676858740925       9.892632182440977E-004
 -0.229381736457043       1.619491397952957E-003
 -0.276422995455373       2.523175088966961E-003
 -0.321936881019132       3.812343406369478E-003
 -0.366878127872028       5.759734122612168E-003
 -0.411986854736946       8.623533877489757E-003
 -0.457850249839609       1.278424691304272E-002
 -0.504782779311356       1.865532809907083E-002
 -0.552912574094304       2.668904926799460E-002
 -0.602015624225743       3.742653150439922E-002
 -0.651624553343615       5.131506756671546E-002
 -0.700837806008345       6.894303922187105E-002
 -0.748489010819227       9.061718803811156E-002
 -0.792927761389932       0.116807654332076     
 -0.832330645965290       0.147502784391214     
 -0.864412463478000       0.182801784505382     
 -0.886983394866457       0.222216860974698     
 -0.897503172631338       0.265187076428302     
 -0.893957816485267       0.310708334879407     
 -0.874143691468481       0.357354093420681     
 -0.836828384129120       0.403753882177256     
 -0.780688770006285       0.447646833743571     
 -0.705571208516964       0.487596152390310     
 -0.611108749282301       0.520852536093576     
 -0.497803418158951       0.546207401164772     
 -0.365406126336339       0.560976117007542     
 -0.213623495592334       0.564341048508833     
 -4.022159379903088E-002  0.554219466232529     
  0.158544925147524       0.530281876857249     
  0.390330479907837       0.491494631540176     
  0.665715614088761       0.438524892503098     
   1.00117291825109       0.372249982226285     
   1.41449999726204       0.295647811312889     
   1.92804757308310       0.213275204314950     
   2.55332850334724       0.132749404556406     
   3.29704607289606       6.460484160650257E-002
   4.12857549159949       1.698495566805332E-002
   5.00000000000000       0.000000000000000E+000
  2.122610839453942E-314  0.000000000000000E+000
 -6.651239178288146E-002 -3.392747208920769E-004
 -0.125551173117272      -1.342632160875555E-003
 -0.179070496292575      -2.832642695168404E-003
 -0.228676611644480      -4.816222581128006E-003
 -0.275795724755975      -7.045709770195974E-003
 -0.321591304536835      -9.353263129635822E-003
 -0.367095472842895      -1.145095418503487E-002
 -0.413104360202109      -1.302168796860419E-002
 -0.460262806134677      -1.371961128192895E-002
 -0.508956175067915      -1.303068650848594E-002
 -0.559338070322250      -1.058400201767547E-002
 -0.611251232177432      -5.648229433766773E-003
 -0.664187407432064       2.087858563049711E-003
 -0.717281639413383       1.354384349722482E-002
 -0.769212700308721       2.882060176689553E-002
 -0.818306536089719       4.889354473347236E-002
 -0.862435026509979       7.346597203871523E-002
 -0.899202584072481       0.103292398029820     
 -0.925983516021559       0.137541730498595     
 -0.940032143758336       0.176339675221954     
 -0.938875357209169       0.218355740938569     
 -0.920034915250123       0.262675404581502     
 -0.881975854852297       0.307742187781824     
 -0.823090664452572       0.351430672090077     
 -0.743242055481876       0.392364782615980     
 -0.641823959905471       0.427492080720388     
 -0.519730342956835       0.455920715762126     
 -0.376511018359725       0.474374441844568     
 -0.212605762965510       0.482485707946632     
 -2.557277075051217E-002  0.477598260184230     
  0.187252245161428       0.459752978091021     
  0.433591132792273       0.427693053717633     
  0.722485368868515       0.382123287067103     
   1.06952763231577       0.324315045982124     
   1.49079439760931       0.256526991986616     
   2.00537786663733       0.184320859846800     
   2.62473966243349       0.113238091218627     
   3.35047661459277       5.493079113349097E-002
   4.15801883385001       1.390983110063792E-002
   5.00000000000000       0.000000000000000E+000
  2.122610839453942E-314  0.000000000000000E+000
 -6.536813764075199E-002 -8.256230772868143E-004
 -0.123440829793880      -3.159402301992158E-003
 -0.176118114704009      -6.712213292414108E-003
 -0.225091397589701      -1.134362959575951E-002
 -0.271779782609903      -1.675855696256036E-002
 -0.317406317130433      -2.273922618334703E-002
 -0.363038785800140      -2.896845410628597E-002
 -0.409528144757340      -3.514347721789975E-002
 -0.457587181068597      -4.087008909573294E-002
 -0.507644738876600      -4.570181819910105E-002
 -0.559943421474670      -4.915211960092470E-002
 -0.614328230414650      -5.061177895437723E-002
 -0.670383218557521      -4.952797741316085E-002
 -0.727152789325337      -4.516491377920322E-002
 -0.783384581253550      -3.699948665943109E-002
 -0.837161929869026      -2.430661786590697E-002
 -0.886368684276630      -6.761916483931272E-003
 -0.928182532185131       1.608333431022078E-002
 -0.959905541486280       4.415442514581863E-002
 -0.978224663802665       7.725894800434584E-002
 -0.980512784298234       0.114789962221665     
 -0.963726638024510       0.155580170514579     
 -0.926147192878487       0.198540701320199     
 -0.865801449467409       0.241441989119664     
 -0.782422483287008       0.282968605316020     
 -0.675379204876134       0.320142297986777     
 -0.545545201636444       0.351769659292517     
 -0.392793700941182       0.374763870430789     
 -0.217628864008626       0.388325433694849     
 -1.823452598710883E-002  0.389956240163304     
  0.207914677129555       0.379450961988080     
  0.467606165658677       0.355478061762918     
  0.769309567566714       0.318975717414731     
   1.12745032660981       0.270669710586243     
   1.55596740146973       0.213593378349229     
   2.07330415270528       0.151988019625329     
   2.68644574576520       9.232273472002234E-002
   3.39891765360232       4.392352381921248E-002
   4.18357161234260       1.091859927105099E-002
   5.00000000000000       0.000000000000000E+000
  2.122610839453942E-314  0.000000000000000E+000
 -6.329391385822827E-002 -1.316419924095433E-003
 -0.119577775876376      -4.992590350971760E-003
 -0.170804233456468      -1.055867409080527E-002
 -0.218566598231846      -1.780269267580888E-002
 -0.264328592401529      -2.635258770415126E-002
 -0.309290858908581      -3.596770186960672E-002
 -0.354572743930381      -4.632234750269135E-002
 -0.401053013184064      -5.711137863686357E-002
 -0.449506708253076      -6.797940277553956E-002
 -0.500428255533429      -7.845627750401854E-002
 -0.554117188008512      -8.813552400734817E-002
 -0.610509619873295      -9.630530128338689E-002
 -0.669198707829987      -0.102538488543694     
 -0.729329349121823      -0.105843267246703     
 -0.789539885790513      -0.105880537218574     
 -0.848000683386192      -0.101442338496880     
 -0.902287859339265      -9.245764929285388E-002
 -0.949622365865507      -7.774165892725937E-002
 -0.986760892114891      -5.768570361532960E-002
  -1.01036361716582      -3.157760864393609E-002
  -1.01709096599245      -3.544497992327703E-004
  -1.00379956901619       3.565954589155384E-002
 -0.968100356615217       7.513459909259890E-002
 -0.907885409983896       0.116319121871807     
 -0.822521738647287       0.157865017603204     
 -0.711271238292340       0.196707891952425     
 -0.575097628495371       0.231883941448617     
 -0.413847967842002       0.259738386109721     
 -0.228524848370538       0.279855857895483     
 -1.741170117543066E-002  0.289032750098411     
  0.221205964104692       0.287383537711255     
  0.493699326530674       0.273166089885868     
  0.807450054837076       0.247256971663533     
   1.17548086626651       0.210664705417218     
   1.61075499028175       0.165417799098416     
   2.12846838801398       0.116895649794717     
   2.73640090074384       6.892658618554900E-002
   3.43431031196150       3.250819469307280E-002
   4.20091757110162       7.217037218465844E-003
   5.00000000000000       0.000000000000000E+000
  2.122610839453942E-314  0.000000000000000E+000
 -6.028708441486780E-002 -1.774076700158497E-003
 -0.114090514318251      -6.703428796131496E-003
 -0.163214161293319      -1.422258073128369E-002
 -0.209238774303144      -2.395604981115739E-002
 -0.253553681019970      -3.552857860678054E-002
 -0.297370698490440      -4.864642666489866E-002
 -0.341797235352471      -6.301787935714889E-002
 -0.387757713187581      -7.834720211018908E-002
 -0.436065737915889      -9.431609075668462E-002
 -0.487284111575901      -0.110514944374220     
 -0.541796714212797      -0.126527169585147     
 -0.599598050928324      -0.141752962998541     
 -0.660406849232638      -0.155635880474214     
 -0.723353715188877      -0.167353228339424     
 -0.787232688460298      -0.176229471922929     
 -0.850035698695725      -0.181287448099292     
 -0.909498580292684      -0.181837967319626     
 -0.962407259432189      -0.176981135308679     
  -1.00564102164285      -0.166214078169886     
  -1.03514803836190      -0.149132141523249     
  -1.04763547612225      -0.125646817975529     
  -1.03908838473949      -9.635462065997707E-002
  -1.00709508625910      -6.170990780405726E-002
 -0.948770995891853      -2.363676928851035E-002
 -0.863462857472242       1.696455078711250E-002
 -0.749997174280477       5.698697764006688E-002
 -0.609421269120951       9.539530472009865E-002
 -0.441587938893516       0.128590583439521     
 -0.247751993171936       0.155748358962783     
 -2.657119429338180E-002  0.173693343476387     
  0.223160108183772       0.182189164123780     
  0.507238547642201       0.179285968580494     
  0.831918360349665       0.165939861592332     
   1.20965471454234       0.142442798003748     
   1.65088891058384       0.111473208060152     
   2.17097222178642       7.680581661872511E-002
   2.77387850999757       4.326757989183391E-002
   3.46185506981902       1.904613220813499E-002
   4.21397134301467       3.633667091519815E-003
   5.00000000000000       0.000000000000000E+000
  2.122610839453942E-314  0.000000000000000E+000
 -5.641319421549985E-002 -2.212383873310836E-003
 -0.107002844581717      -8.316822072134690E-003
 -0.153476650805808      -1.759639345526904E-002
 -0.197235331044743      -2.962020929452906E-002
 -0.239630491714880      -4.395784955513481E-002
 -0.281796401368557      -6.033340185640274E-002
 -0.324854523717513      -7.845592081371219E-002
 -0.369718145025292      -9.809401798279718E-002
 -0.417261116600551      -0.118967822757551     
 -0.468091197174015      -0.140743401852822     
 -0.522683471718012      -0.163073537961359     
 -0.581131199953386      -0.185390920101775     
 -0.643236057678454      -0.207239062036926     
 -0.708281228551047      -0.227701044949135     
 -0.775057167671525      -0.246234812866541     
 -0.841754526019140      -0.261534981164111     
 -0.905901363153136      -0.273078008466753     
 -0.964501686609287      -0.279307368652531     
  -1.01390239617775      -0.279919073309807     
  -1.05024171762224      -0.273526245005945     
  -1.06934796927286      -0.260241921009539     
  -1.06731259420714      -0.239549514240900     
  -1.04067255971992      -0.212052637405282     
 -0.986562644694591      -0.178810705540802     
 -0.903448988737134      -0.140717374615853     
 -0.790160647181194      -0.100643123641154     
 -0.647336129009639      -5.941211607019546E-002
 -0.474953717094175      -2.109786245987889E-002
 -0.274379088630760       1.384188186968616E-002
 -4.463506432697545E-002  4.133800648615269E-002
  0.214983989370604       6.151554354170995E-002
  0.509418323667424       7.171802735443522E-002
  0.844301585266027       7.275763303491121E-002
   1.23018762635799       6.506877367137219E-002
   1.67728139722962       4.990705612565034E-002
   2.19768444507140       3.242734157876413E-002
   2.79698729378104       1.389384330346701E-002
   3.47499201961693       4.874879997276775E-003
   4.21651648532487      -9.939211992660143E-004
   5.00000000000000       0.000000000000000E+000
  2.122610839453942E-314  0.000000000000000E+000
 -5.177402478775178E-002 -2.570731750650784E-003
 -9.856168874911576E-002 -9.667681751464109E-003
 -0.141834130017583      -2.051452139814247E-002
 -0.182861184323346      -3.453016244294488E-002
 -0.222855191791243      -5.132981041398081E-002
 -0.262901520091865      -7.059064867627284E-002
 -0.304056515043919      -9.211950395724008E-002
 -0.347261012836201      -0.115686193354683     
 -0.393382395893482      -0.141140401733138     
 -0.443117777441215      -0.168190442996226     
 -0.496995170818708      -0.196612121112370     
 -0.555234864769289      -0.225921578127588     
 -0.617761703759595      -0.255712613084805     
 -0.683969340247145      -0.285194593421796     
 -0.752853782617056      -0.313699896433884     
 -0.822594623794543      -0.340088676908664     
 -0.891003244918675      -0.363409970380251     
 -0.954801235212181      -0.382294413260751     
  -1.01065793861258      -0.395624323591643     
  -1.05403056189568      -0.402196492937894     
  -1.08102899526300      -0.400958789826523     
  -1.08666461326652      -0.391542588298852     
  -1.06764525374268      -0.373300453677807     
  -1.01988503444950      -0.347380877381410     
 -0.941902797837891      -0.313728313701683     
 -0.831559817239604      -0.275241348544691     
 -0.689556048072799      -0.232435827001572     
 -0.515482452679115      -0.189394443490608     
 -0.310970072384068      -0.146829095499894     
 -7.511635320344984E-002 -0.108919795215464     
  0.192048841977653      -7.597363861326187E-002
  0.495232217312094      -5.099325438332340E-002
  0.838504374840157      -3.333907858734162E-002
   1.23238538368572      -2.348887686614617E-002
   1.68425453334122      -1.970851768018452E-002
   2.20720041616362      -1.889163196005151E-002
   2.80364928605929      -1.867395221105345E-002
   3.47645802514557      -1.214564024071971E-002
   4.21411733038040      -5.448061558124233E-003
   5.00000000000000       0.000000000000000E+000
  2.122610839453942E-314  0.000000000000000E+000
 -4.646220259008742E-002 -2.882900953168727E-003
 -8.891589081402958E-002 -1.079356522053556E-002
 -0.128569288226513      -2.287378440065083E-002
 -0.166452342140298      -3.851244771120558E-002
 -0.203646555615966      -5.730692153244469E-002
 -0.241113623453292      -7.898922654275056E-002
 -0.279875026297098      -0.103377352866059     
 -0.320818240561004      -0.130362904009306     
 -0.364854685648914      -0.159827395713187     
 -0.412689386013788      -0.191650998248006     
 -0.464963471678397      -0.225658418000882     
 -0.521974174881489      -0.261554125058685     
 -0.583807525011366      -0.298994380274366     
 -0.650021799059844      -0.337326815870496     
 -0.719764292165272      -0.375948617398859     
 -0.791481357812059      -0.413694450253910     
 -0.863003751520340      -0.449657901988763     
 -0.931410243401751      -0.482127209119162     
 -0.993071560035603      -0.509994843830286     
  -1.04382855416364      -0.531282153914631     
  -1.07901662643636      -0.544863128718298     
  -1.09394867780553      -0.549204559833241     
  -1.08408815435784      -0.543529276147976     
  -1.04549999404890      -0.527757402776137     
 -0.975313887465151      -0.501566855143533     
 -0.871405708449686      -0.467137496860997     
 -0.733422386527872      -0.424617944728873     
 -0.561047237286253      -0.378335330506373     
 -0.355511497292500      -0.328364991971024     
 -0.116354308497948      -0.280028245471510     
  0.156322082180058      -0.233055340284163     
  0.465945124622136      -0.191607931769681     
  0.816559233111706      -0.155232427626629     
   1.21627707000342      -0.124602019902444     
   1.67304904184598      -9.985933279069702E-002
   2.19664377774320      -7.628115876399232E-002
   2.79214017512599      -5.647360477272065E-002
   3.46117472242249      -3.019590388233717E-002
   4.19801446402135      -1.134086961951095E-002
   5.00000000000000       0.000000000000000E+000
  2.122610839453942E-314  0.000000000000000E+000
 -4.069470286481803E-002 -3.072848096059544E-003
 -7.841559717337900E-002 -1.153678950920549E-002
 -0.114081274497615      -2.452673999027773E-002
 -0.148471784951153      -4.133162571718516E-002
 -0.182487162236800      -6.163443417015919E-002
 -0.216975789875645      -8.513720450370754E-002
 -0.252849233915333      -0.111799985998900     
 -0.290992021339713      -0.141504696691045     
 -0.332256402794802      -0.174333502435941     
 -0.377439281124014      -0.210179659974127     
 -0.427175879222126      -0.249114971327178     
 -0.481945451804692      -0.290882180482917     
 -0.541903150649464      -0.335395092529699     
 -0.606858769231539      -0.382062876916056     
 -0.676136881362823      -0.430469546690084     
 -0.748429885778248      -0.479516615242819     
 -0.821879651152115      -0.528279137424543     
 -0.893645186500499      -0.575076222690074     
 -0.960530562785374      -0.618405923295808     
  -1.01804819305717      -0.656238991017388     
  -1.06199923685951      -0.686545926885573     
  -1.08676274379044      -0.707610219748415     
  -1.08815901189795      -0.717345930053995     
  -1.06082692150408      -0.715396268076742     
  -1.00199811664111      -0.700004998655532     
 -0.908018337881873      -0.673094519053381     
 -0.778483719538695      -0.633835919277083     
 -0.612054757863294      -0.586488579662954     
 -0.410002346785326      -0.530799010696454     
 -0.171424744823730      -0.472239995410968     
  0.102949315604037      -0.411056825602452     
  0.416372474559876      -0.351768730362404     
  0.771246243543646      -0.294470021486020     
   1.17618246592464      -0.241014759261023     
   1.63600909190141      -0.191332561133036     
   2.16270754427938      -0.143416864297127     
   2.75855900307410      -9.878273333510688E-002
   3.42918164618687      -5.217896797646660E-002
   4.17599009440885      -1.698697561509096E-002
   5.00000000000000       0.000000000000000E+000
  2.122610839453942E-314  0.000000000000000E+000
 -3.457419928193819E-002 -3.192951256026883E-003
 -6.733120324224107E-002 -1.194187089401131E-002
 -9.877780112948410E-002 -2.540341692176130E-002
 -0.129441227843083      -4.286750855346100E-002
 -0.160004035358638      -6.404762331966862E-002
 -0.191170547120409      -8.872177170103654E-002
 -0.223763134256412      -0.116869963552452     
 -0.258578626911647      -0.148523232953248     
 -0.296479174708955      -0.183780407271923     
 -0.338221261964662      -0.222766859308907     
 -0.384546283824974      -0.265571325615748     
 -0.435954893572115      -0.312253729154676     
 -0.492811757766210      -0.362742126017503     
 -0.555043157450837      -0.416827138334376     
 -0.622276634230371      -0.474083211005912     
 -0.693452905887637      -0.533784804216417     
 -0.767038618120039      -0.594933389629906     
 -0.840584963532894      -0.656060448736227     
 -0.911066316013404      -0.715469320006625     
 -0.974474037845845      -0.770962239285523     
  -1.02635787851945      -0.820108366515115     
  -1.06152478872323      -0.860425214962996     
  -1.07487848318003      -0.889305027848835     
  -1.06123808497627      -0.905091755686612     
  -1.01637966577716      -0.905194549036902     
 -0.936473138435245      -0.890275925530075     
 -0.819524184758778      -0.858653014570632     
 -0.663988396009507      -0.814190809441414     
 -0.470001873760062      -0.755261238924207     
 -0.236924036781007      -0.688388395441326     
  3.526832194639039E-002 -0.612943025286054     
  0.348344858958993      -0.535333207262401     
  0.705297719445389      -0.454980547484343     
   1.11203914524282      -0.375188412672144     
   1.57512209506326      -0.297895960442299     
   2.10267849277704      -0.219547900690364     
   2.70154105780022      -0.148852882043157     
   3.37670550114630      -7.581433230735295E-002
   4.13589415840795      -2.473681685285611E-002
   5.00000000000000       0.000000000000000E+000
  2.122610839453942E-314  0.000000000000000E+000
 -2.841928687765719E-002 -3.165062770872780E-003
 -5.607164589401904E-002 -1.189931522442154E-002
 -8.318112618758648E-002 -2.541295045192156E-002
 -0.109934036084944      -4.298085663833678E-002
 -0.136830376177856      -6.442134136724732E-002
 -0.164407462012839      -8.950824852238021E-002
 -0.193355713126005      -0.118371393735630     
 -0.224429676818727      -0.151019083464509     
 -0.258385490939818      -0.187772583284072     
 -0.296045095907736      -0.228732085420448     
 -0.338070976713979      -0.274301731554099     
 -0.385154056519762      -0.324521391468182     
 -0.437630418892693      -0.379738450168280     
 -0.495770045483150      -0.439726461558424     
 -0.559261555743543      -0.504564382937024     
 -0.627545975993035      -0.573484594911193     
 -0.699284324004341      -0.646004962086004     
 -0.772600131434846      -0.720526182501112     
 -0.844814100336894      -0.795709824099415     
 -0.912312757745029      -0.869034145941114     
 -0.971094378212432      -0.938036630013870     
  -1.01583420783187      -0.999586042569273     
  -1.04185320581834       -1.05041933201772     
  -1.04299165608593       -1.08795951558499     
  -1.01516981932379       -1.10821369298823     
 -0.952781181069380       -1.11075693636979     
 -0.853619589863095       -1.09236975201680     
 -0.714504168734965       -1.05605236577490     
 -0.534923309094687      -0.998912407739302     
 -0.313429931449505      -0.927032858674555     
 -4.980932545418988E-002 -0.839860659179467     
  0.257482537783721      -0.744399171078069     
  0.610337468159354      -0.639834972477361     
   1.01663120914470      -0.531520478116647     
   1.47955250673514      -0.421855698892158     
   2.01050640235540      -0.310689684926939     
   2.61367818702007      -0.206199201835936     
   3.30037196053945      -0.105409660304111     
   4.08799833991318      -3.215165221169027E-002
   5.00000000000000       0.000000000000000E+000
  2.122610839453942E-314  0.000000000000000E+000
 -2.231749338131443E-002 -3.053821502287889E-003
 -4.499559787389123E-002 -1.145091732914410E-002
 -6.775559945564738E-002 -2.454559272479679E-002
 -9.058299555542187E-002 -4.164484808660850E-002
 -0.113703973953852      -6.264778898523946E-002
 -0.137529553359983      -8.740193486808678E-002
 -0.162615308863585      -0.116059711910333     
 -0.189612334077862      -0.148763276722459     
 -0.219240709976373      -0.185824340281700     
 -0.252233827741444      -0.227573557356368     
 -0.289318311857908      -0.274386389374553     
 -0.331128605609682      -0.326668977850802     
 -0.378197354227107      -0.384721529568028     
 -0.430807951005950      -0.448858300884261     
 -0.489023883873244      -0.519070995011286     
 -0.552416545313939      -0.595321009406021     
 -0.620221624126720      -0.676951586662861     
 -0.690842457628817      -0.763224435235400     
 -0.762309258375037      -0.852445038502125     
 -0.831413077471759      -0.942879446590253     
 -0.894765060993197       -1.03143622151052     
 -0.947438622906368       -1.11530440445998     
 -0.984898374230710       -1.19030171387640     
  -1.00109092936043       -1.25331874650703     
 -0.991349462967292       -1.29884913375683     
 -0.949648349131917       -1.32499818634213     
 -0.872418779355121       -1.32722368499462     
 -0.755538807748524       -1.30681537990692     
 -0.597199851095291       -1.25839251181429     
 -0.394803020098401       -1.18809597803477     
 -0.146995099938275       -1.09342396114282     
  0.147532191440726      -0.984012316106389     
  0.491740749518462      -0.854653595860726     
  0.890983363266758      -0.714701377566233     
   1.35321172861978      -0.569243053827725     
   1.88398920906680      -0.417743375536878     
   2.49534365221026      -0.277216788475757     
   3.19701969520556      -0.138731645710804     
   4.01545196349096      -4.357949582905222E-002
   5.00000000000000       0.000000000000000E+000
  2.122610839453942E-314  0.000000000000000E+000
 -1.664817714910902E-002 -2.795311477960693E-003
 -3.449947273900183E-002 -1.057377694318400E-002
 -5.307284658405942E-002 -2.280189341337992E-002
 -7.198357717842363E-002 -3.887712471294207E-002
 -9.132334321191660E-002 -5.879612703301185E-002
 -0.111315712203606      -8.242963981289456E-002
 -0.132392400606840      -0.110045703350420     
 -0.155127959136302      -0.141747914573650     
 -0.180108694448302      -0.178030084028737     
 -0.208082064084277      -0.219153766061587     
 -0.239632882888207      -0.265788681666484     
 -0.275530307721294      -0.318254129831444     
 -0.316174702129010      -0.377310350693044     
 -0.362172984829772      -0.443166687299234     
 -0.413493320615710      -0.516497722418408     
 -0.470309549185237      -0.597116236345178     
 -0.531829094836476      -0.685312332665858     
 -0.597397884554935      -0.780089527072483     
 -0.665098728807040      -0.880932880809373     
 -0.732946750203632      -0.985591592575119     
 -0.797672046808893       -1.09224643831571     
 -0.855566331037576       -1.19710593371254     
 -0.902198447142911       -1.29690613031229     
 -0.932065974478648       -1.38692067476275     
 -0.940408604825977       -1.46183722516321     
 -0.920755251480758       -1.51724059065822     
 -0.869086575763713       -1.54780678596886     
 -0.779964515661581       -1.55224663241166     
 -0.650536198703227       -1.52286406914005     
 -0.476233212544270       -1.46394392522089     
 -0.254945334647925       -1.37059090066027     
  1.625656675980645E-002  -1.25305250001205     
  0.341391492858723       -1.10334722090213     
  0.727904017816337      -0.931972493765817     
   1.18248370957691      -0.747278026253324     
   1.71380604016795      -0.552761485980205     
   2.32858653196894      -0.363636863411396     
   3.05745531812473      -0.183802751710354     
   3.93057669717627      -5.469803253098655E-002
   5.00000000000000       0.000000000000000E+000
  2.122610839453942E-314  0.000000000000000E+000
 -1.145772504797230E-002 -2.453770363928779E-003
 -2.497034876527815E-002 -9.294227502795923E-003
 -3.956018768707774E-002 -2.024840367815907E-002
 -5.476207825546878E-002 -3.477169501375499E-002
 -7.039513370120978E-002 -5.297824583406909E-002
 -8.661272218802384E-002 -7.478835368112741E-002
 -0.103695387942775      -0.100481531749503     
 -0.122120111603542      -0.130242259971026     
 -0.142396905364838      -0.164516491464952     
 -0.165149585130240      -0.203729971179445     
 -0.190963412535247      -0.248466993585511     
 -0.220476876100895      -0.299353640655592     
 -0.254210530255978      -0.357029853298768     
 -0.292664745358923      -0.422236800002008     
 -0.336127462189284      -0.495475005618814     
 -0.384727624936218      -0.577420083198812     
 -0.438296127719910      -0.668087510791846     
 -0.496228259180445      -0.767775983773830     
 -0.557621318072181      -0.875502018780407     
 -0.620636997776884      -0.990740287962874     
 -0.683383174518686       -1.11092126711522     
 -0.742313698707290       -1.23416738813859     
 -0.794527537198005       -1.35598799509132     
 -0.834467979179086       -1.47310244674940     
 -0.858616559475103       -1.57844855080539     
 -0.859855389062683       -1.66756293631393     
 -0.834747882412161       -1.73354927729968     
 -0.776026602099744       -1.77318039744442     
 -0.681125373422533       -1.77490560820609     
 -0.542517930430081       -1.74081226732003     
 -0.357503463928699       -1.66316143519612     
 -0.120558029377852       -1.55117016754603     
  0.173652246841827       -1.38812756585774     
  0.533438549073114       -1.18962354797009     
  0.974607846633815      -0.965324353915544     
   1.49726455534606      -0.725907889023068     
   2.12341470026010      -0.483423999477972     
   2.87448131022221      -0.238725333323277     
   3.80636509278503      -7.480130684085373E-002
   5.00000000000000       0.000000000000000E+000
  2.122610839453942E-314  0.000000000000000E+000
 -7.115503157508370E-003 -1.999587472081040E-003
 -1.669898554893274E-002 -7.707635637537041E-003
 -2.772168138407857E-002 -1.700868815670790E-002
 -3.941290725879404E-002 -2.954848423731300E-002
 -5.154661435612027E-002 -4.550600192703447E-002
 -6.412453269619516E-002 -6.483951016686994E-002
 -7.733650254342604E-002 -8.787814139005498E-002
 -9.157120020394202E-002 -0.114747832067776     
 -0.107202774942202      -0.145986783598208     
 -0.124811829056121      -0.181909854359561     
 -0.144813171937397      -0.223287679214846     
 -0.167879468821978      -0.270595200657345     
 -0.194338060465388      -0.324822551171726     
 -0.224877156091252      -0.386515620665072     
 -0.259576726884280      -0.456792686598712     
 -0.299034907208846      -0.536068945331358     
 -0.342856162394284      -0.625388414694672     
 -0.391363116328047      -0.724674193646630     
 -0.443379005448025      -0.834545073875982     
 -0.498645427677329      -0.953867497085322     
 -0.554889746619391       -1.08236168115576     
 -0.610848357296738       -1.21712793044876     
 -0.663011729636275       -1.35649431916973     
 -0.708558909685420       -1.49530405781903     
 -0.743068007481072       -1.62971370805314     
 -0.762120986158378       -1.75200920370975     
 -0.761126210526098       -1.85743417151607     
 -0.733685916561946       -1.93847005924713     
 -0.675750211207174       -1.98414338401786     
 -0.579273504636185       -1.98979376687149     
 -0.439089300345511       -1.94710490761916     
 -0.250550863078775       -1.85953683064989     
 -2.617065284402389E-003  -1.70547850754499     
  0.311646429233664       -1.49879630146841     
  0.709832957167466       -1.23950117054245     
   1.20775780352311      -0.958661854733119     
   1.82428796730225      -0.642301961434561     
   2.61901512008775      -0.319363333097279     
   3.66388623465609      -9.492186432883522E-002
   5.00000000000000       0.000000000000000E+000
  2.122610839453942E-314  0.000000000000000E+000
 -3.610613268171032E-003 -1.482220058551797E-003
 -1.002423090573045E-002 -5.819142913636516E-003
 -1.784817915954881E-002 -1.323563910785983E-002
 -2.641217565430095E-002 -2.344628745782275E-002
 -3.529742455610493E-002 -3.674744393527365E-002
 -4.451262524904497E-002 -5.311062613992235E-002
 -5.412603023798672E-002 -7.284139176934314E-002
 -6.444685648464871E-002 -9.608014340885672E-002
 -7.575736781582110E-002 -0.123271806086052     
 -8.850166226610205E-002 -0.154791320277552     
 -0.103037134392671      -0.191270502942976     
 -0.119866278789845      -0.233340270312377     
 -0.139333425747641      -0.281803310232930     
 -0.161940080482858      -0.337544575378053     
 -0.187935952456841      -0.401423270624055     
 -0.217728101038273      -0.474523905256453     
 -0.251370121527227      -0.557512289476718     
 -0.288995439869795      -0.651530504797244     
 -0.330328543360275      -0.756619725137815     
 -0.374917161439100      -0.873680516751114     
 -0.422020092641882       -1.00153674304077     
 -0.470132275804609       -1.14034230312132     
 -0.518007925626073       -1.28696909572169     
 -0.562432727077753       -1.44014077783747     
 -0.601813010758450       -1.59418717571413     
 -0.630952348847269       -1.74525510065265     
 -0.648479658756292       -1.88611255059682     
 -0.646332604718393       -2.01135911226397     
 -0.623963927247582       -2.10641636540770     
 -0.569814961975159       -2.16444582003658     
 -0.482783985726902       -2.17789748637158     
 -0.350454978401665       -2.14209672700803     
 -0.168128128622274       -2.02610334951256     
  8.352465817446343E-002  -1.84179147810735     
  0.423367459968270       -1.57801137206287     
  0.871428050913756       -1.27323282770890     
   1.47647301963111      -0.872322874931713     
   2.28721996722986      -0.412746879598529     
   3.44784279724609      -0.121842389237249     
   5.00000000000000       0.000000000000000E+000
  2.122610839453942E-314  0.000000000000000E+000
 -1.208306657020221E-003 -9.352179841433948E-004
 -5.026850265431941E-003 -3.872695349938301E-003
 -1.021808562233120E-002 -9.218916057590070E-003
 -1.600821607073914E-002 -1.692460885618808E-002
 -2.202922171403071E-002 -2.730069878754711E-002
 -2.823964532576546E-002 -4.033241443212587E-002
 -3.465280351520962E-002 -5.630582388958440E-002
 -4.150625895933834E-002 -7.527804955918618E-002
 -4.896633689009534E-002 -9.768582595137190E-002
 -5.739409532012917E-002 -0.123767965978788     
 -6.699310140934457E-002 -0.154190832731355     
 -7.820463044185441E-002 -0.189394552673938     
 -9.118896323040435E-002 -0.230313082316974     
 -0.106465218809998      -0.277568171333193     
 -0.124063439750836      -0.332345722544528     
 -0.144585752901607      -0.395366964361416     
 -0.167806456891515      -0.467987035756476     
 -0.194399852192380      -0.550843615318218     
 -0.223695182875025      -0.645285345972249     
 -0.256388289177396      -0.751506557288565     
 -0.291109427886043      -0.870580496083674     
 -0.328438847109036       -1.00165011233969     
 -0.366049637503101       -1.14512630266318     
 -0.404179539337781       -1.29809850448936     
 -0.439481594579634       -1.46006504572197     
 -0.471555912039763       -1.62473851390174     
 -0.496313131195600       -1.79095645143837     
 -0.511352509006216       -1.94877794701082     
 -0.512745501414379       -2.09285835703523     
 -0.496937568012641       -2.20654949839881     
 -0.460219377124594       -2.28921514190420     
 -0.392896628049708       -2.32731670272218     
 -0.291646459297298       -2.28710135974572     
 -0.128151712541916       -2.16985201988974     
  0.113734925866187       -1.94506349933762     
  0.473692891151563       -1.64891201749258     
   1.04060491902909       -1.18690760858123     
   1.90610735494082      -0.579959551130023     
   3.19437865363401      -0.147265384531824     
   5.00000000000000       0.000000000000000E+000
  2.122610839453942E-314  0.000000000000000E+000
  1.972697530080122E-004 -3.910564159529695E-004
 -1.872824633060959E-003 -1.882037993328463E-003
 -4.883976380963906E-003 -5.233405714096027E-003
 -8.374235265634321E-003 -1.043988896939890E-002
 -1.195582102300956E-002 -1.783423941822903E-002
 -1.563077760598891E-002 -2.740064561901946E-002
 -1.936923961130212E-002 -3.932957247068912E-002
 -2.333419913334364E-002 -5.366100351791072E-002
 -2.761988589972683E-002 -7.069884833066453E-002
 -3.246157762901766E-002 -9.064929624220665E-002
 -3.798150687527038E-002 -0.114013068209516     
 -4.446580840296301E-002 -0.141202619633753     
 -5.201691346023286E-002 -0.172934488867111     
 -6.096978742874200E-002 -0.209865598086180     
 -7.137454545654984E-002 -0.252879852096970     
 -8.360665437433148E-002 -0.302913892893863     
 -9.762958861995299E-002 -0.360886759505422     
 -0.113824103510513      -0.428043503107696     
 -0.132023643445652      -0.505083756226774     
 -0.152526201405389      -0.593553132058516     
 -0.174992278752971      -0.693511302748995     
 -0.199444496959225      -0.806705052937770     
 -0.225357769321830      -0.931949119236553     
 -0.252187829157015       -1.07079312170042     
 -0.279356282569227       -1.22036347256604     
 -0.305367140743584       -1.38127197454322     
 -0.330028372050326       -1.54819549214837     
 -0.349506953478906       -1.72021766152858     
 -0.364598649640803       -1.88857001644690     
 -0.370179949474093       -2.04585884595992     
 -0.369154780754851       -2.18893931470808     
 -0.349293417608376       -2.31013916451125     
 -0.316415987542498       -2.36390205779312     
 -0.237072798367048       -2.34728794328149     
 -0.119895363722576       -2.23980247387369     
  0.114947937686534       -2.02731837977832     
  0.547071729883516       -1.55722986840839     
   1.31606471637919      -0.850504963340104     
   2.81489642801096      -0.273333912357743     
   5.00000000000000       0.000000000000000E+000
  2.122610839453942E-314  0.000000000000000E+000
  6.095607579236751E-004  1.182079396966628E-005
 -2.643864677599874E-004 -3.166711017992885E-004
 -1.660022083849345E-003 -1.865713803586835E-003
 -3.356877326283665E-003 -4.774264795796136E-003
 -5.050399379513216E-003 -9.324597213173131E-003
 -6.786960701624336E-003 -1.544003597653852E-002
 -8.508057931545663E-003 -2.326167252609532E-002
 -1.032073573128382E-002 -3.274637988197201E-002
 -1.225211887022835E-002 -4.411865026126236E-002
 -1.443885047938828E-002 -5.747105247179840E-002
 -1.691538761315261E-002 -7.319319521687609E-002
 -1.986225907601209E-002 -9.152124992124901E-002
 -2.327145873090544E-002 -0.113056375504859     
 -2.739891841649690E-002 -0.138180719604210     
 -3.214783843228167E-002 -0.167720668090389     
 -3.788959518939164E-002 -0.202197921485516     
 -4.437708448318657E-002 -0.242649307511361     
 -5.214934787162085E-002 -0.289714459419439     
 -6.071571261270223E-002 -0.344585849520712     
 -7.084829731491105E-002 -0.407958051256200     
 -8.167108684886466E-002 -0.481062824304514     
 -9.426100149156301E-002 -0.564482278920817     
 -0.107171846660088      -0.659320618874054     
 -0.121899012382277      -0.765626253759325     
 -0.136253120049313      -0.884372117877856     
 -0.152132882484773       -1.01444646739399     
 -0.166377759501236       -1.15647155938209     
 -0.181183258540249       -1.30647289338711     
 -0.192799101190793       -1.46615050106719     
 -0.205065702109252       -1.62503026235354     
 -0.213557579211301       -1.79107863790930     
 -0.216057249497894       -1.95047079107223     
 -0.204440122505800       -2.09287435299721     
 -0.180460836327153       -2.17172786152868     
 -0.141032179015989       -2.24129499455955     
 -0.107164805758440       -2.23467162596045     
 -2.761766072273001E-002  -1.94851450860766     
  0.387076754559465       -1.46190938005664     
   1.65806806129684      -0.495038947002231     
   5.00000000000000       0.000000000000000E+000
  2.122610839453942E-314  0.000000000000000E+000
  2.750338389137450E-004  2.750338389142415E-004
  3.419465778911053E-005  6.241776611360211E-004
 -3.079586330610278E-004  2.958814571412371E-004
 -7.508660598913257E-004 -8.629233848422111E-004
 -1.197221423161802E-003 -2.883951756748573E-003
 -1.650961783662463E-003 -5.796457348777882E-003
 -2.089729947094096E-003 -9.589692109896263E-003
 -2.550848793819192E-003 -1.424509784251092E-002
 -3.026354848551286E-003 -1.986689193098693E-002
 -3.581739857622127E-003 -2.646091464053135E-002
 -4.187176998336571E-003 -3.428020556532475E-002
 -4.944722315416135E-003 -4.337314059572702E-002
 -5.786743953339225E-003 -5.414673280578754E-002
 -6.861938926452933E-003 -6.672135281617050E-002
 -8.055440369367138E-003 -8.163604149186793E-002
 -9.570713075788899E-003 -9.912543180717595E-002
 -1.123548587966168E-002 -0.119812153333755     
 -1.331557918266549E-002 -0.144114615133512     
 -1.557104342419400E-002 -0.172637742159795     
 -1.833155071287946E-002 -0.206098171792045     
 -2.127926911652256E-002 -0.244883312080440     
 -2.479211320806970E-002 -0.290166944984901     
 -2.846591396075492E-002 -0.341815035229866     
 -3.272759710898554E-002 -0.401649715526669     
 -3.715022920383802E-002 -0.468575448730749     
 -4.206017290077899E-002 -0.545433165640843     
 -4.699756651327554E-002 -0.629313260184555     
 -5.200373484985448E-002 -0.723642627373054     
 -5.664273310969613E-002 -0.825129327276266     
 -6.220499546422562E-002 -0.937876097838745     
 -7.030832349465865E-002  -1.05505600553419     
 -7.548642078973375E-002  -1.18833892444999     
 -7.631598542212292E-002  -1.31574790863051     
 -7.168085104222530E-002  -1.42247490297837     
 -6.704803005682748E-002  -1.57277777017133     
 -9.771531287718782E-002  -1.80752430970527     
 -0.217569082740036       -1.80880828101167     
 -8.554921597930902E-002  -1.79532751549251     
   1.18727485242105       -1.05001539822475     
   5.00000000000000       0.000000000000000E+000
  2.122610839453942E-314  0.000000000000000E+000
  2.122610839453942E-314  0.000000000000000E+000
  2.122610839453942E-314  0.000000000000000E+000
  2.122610839453942E-314  0.000000000000000E+000
  2.122610839453942E-314  0.000000000000000E+000
  2.122610839453942E-314  0.000000000000000E+000
  2.122610839453942E-314  0.000000000000000E+000
  2.122610839453942E-314  0.000000000000000E+000
  2.122610839453942E-314  0.000000000000000E+000
  2.122610839453942E-314  0.000000000000000E+000
  2.122610839453942E-314  0.000000000000000E+000
  2.122610839453942E-314  0.000000000000000E+000
  2.122610839453942E-314  0.000000000000000E+000
  2.122610839453942E-314  0.000000000000000E+000
  2.122610839453942E-314  0.000000000000000E+000
  2.122610839453942E-314  0.000000000000000E+000
  2.122610839453942E-314  0.000000000000000E+000
  2.122610839453942E-314  0.000000000000000E+000
  2.122610839453942E-314  0.000000000000000E+000
  2.122610839453942E-314  0.000000000000000E+000
  2.122610839453942E-314  0.000000000000000E+000
  2.122610839453942E-314  0.000000000000000E+000
  2.122610839453942E-314  0.000000000000000E+000
  2.122610839453942E-314  0.000000000000000E+000
  2.122610839453942E-314  0.000000000000000E+000
  2.122610839453942E-314  0.000000000000000E+000
  2.122610839453942E-314  0.000000000000000E+000
  2.122610839453942E-314  0.000000000000000E+000
  2.122610839453942E-314  0.000000000000000E+000
  2.122610839453942E-314  0.000000000000000E+000
  2.122610839453942E-314  0.000000000000000E+000
  2.122610839453942E-314  0.000000000000000E+000
  2.122610839453942E-314  0.000000000000000E+000
  2.122610839453942E-314  0.000000000000000E+000
  2.122610839453942E-314  0.000000000000000E+000
  2.122610839453942E-314  0.000000000000000E+000
  2.122610839453942E-314  0.000000000000000E+000
  2.122610839453942E-314  0.000000000000000E+000
  2.122610839453942E-314  0.000000000000000E+000
  2.122610839453942E-314  0.000000000000000E+000
   5.00000000000000       0.000000000000000E+000
