  5.432309224871097E-312  0.000000000000000E+000
  2.122610839453942E-314  0.000000000000000E+000
  2.122610839453942E-314  0.000000000000000E+000
  2.122610839453942E-314  0.000000000000000E+000
  2.122610839453942E-314  0.000000000000000E+000
  2.122610839453942E-314  0.000000000000000E+000
  2.122610839453942E-314  0.000000000000000E+000
  2.122610839453942E-314  0.000000000000000E+000
  2.122610839453942E-314  0.000000000000000E+000
  2.122610839453942E-314  0.000000000000000E+000
  2.122610839453942E-314  0.000000000000000E+000
  2.122610839453942E-314  0.000000000000000E+000
  2.122610839453942E-314  0.000000000000000E+000
  2.122610839453942E-314  0.000000000000000E+000
  2.122610839453942E-314  0.000000000000000E+000
  2.122610839453942E-314  0.000000000000000E+000
  2.122610839453942E-314  0.000000000000000E+000
  2.122610839453942E-314  0.000000000000000E+000
  2.122610839453942E-314  0.000000000000000E+000
  2.122610839453942E-314  0.000000000000000E+000
  2.122610839453942E-314  0.000000000000000E+000
  2.122610839453942E-314  0.000000000000000E+000
  2.122610839453942E-314  0.000000000000000E+000
  2.122610839453942E-314  0.000000000000000E+000
  2.122610839453942E-314  0.000000000000000E+000
  2.122610839453942E-314  0.000000000000000E+000
  2.122610839453942E-314  0.000000000000000E+000
  2.122610839453942E-314  0.000000000000000E+000
  2.122610839453942E-314  0.000000000000000E+000
  2.122610839453942E-314  0.000000000000000E+000
  2.122610839453942E-314  0.000000000000000E+000
  2.122610839453942E-314  0.000000000000000E+000
  2.122610839453942E-314  0.000000000000000E+000
  2.122610839453942E-314  0.000000000000000E+000
  2.122610839453942E-314  0.000000000000000E+000
  2.122610839453942E-314  0.000000000000000E+000
  2.122610839453942E-314  0.000000000000000E+000
  2.122610839453942E-314  0.000000000000000E+000
  2.122610839453942E-314  0.000000000000000E+000
  2.122610839453942E-314  0.000000000000000E+000
   5.00000000000000       0.000000000000000E+000
  2.122610839453942E-314  0.000000000000000E+000
  2.703932072010059E-004 -2.739966025931387E-004
 -2.802676226606156E-004  1.632678169590758E-004
 -1.006393259953636E-003  1.400928485861121E-003
 -1.790800422554260E-003  4.281489054917530E-003
 -2.553983351847777E-003  8.514470463388813E-003
 -3.258397667482133E-003  1.421113745824939E-002
 -3.946808787378057E-003  2.120876388102666E-002
 -4.567593758842431E-003  2.948687787740168E-002
 -5.164928174622311E-003  3.891298465488253E-002
 -5.687231514101605E-003  4.942814592437639E-002
 -6.180295489935319E-003  6.091207369464174E-002
 -6.589467437382307E-003  7.326452439530579E-002
 -6.960027614536836E-003  8.637510627473867E-002
 -7.236102957021726E-003  0.100093048520012     
 -7.462913022049648E-003  0.114323886770962     
 -7.588925869682035E-003  0.128859856575743     
 -7.658025587791373E-003  0.143636638622040     
 -7.632382198320756E-003  0.158400192144780     
 -7.550272603956060E-003  0.173133004404653     
 -7.401120793705314E-003  0.187572276747778     
 -7.210840395179951E-003  0.201761402421741     
 -7.013126884406451E-003  0.215503838813471     
 -6.810858046563795E-003  0.228906934411332     
 -6.709929056396243E-003  0.241977629097656     
 -6.689773235390310E-003  0.254876299404229     
 -6.961367057443170E-003  0.268015929335762     
 -7.491817237064339E-003  0.281636530804441     
 -8.579203900982704E-003  0.296947765033324     
 -9.974208964461113E-003  0.313936158289849     
 -1.272632802975211E-002  0.335982161493851     
 -1.787175900898829E-002  0.363348795761816     
 -2.531216428794944E-002  0.398985456406732     
 -3.529961290974151E-002  0.446943470004439     
 -4.218513770178900E-002  0.521777343942655     
 -2.730361193168282E-002  0.589144633467365     
 -3.614333459237769E-002  0.708268408581343     
 -0.248067317208487        1.00628770476038     
 -0.233953972633075       0.876339773538015     
  0.614856246492933       0.614856246492858     
   5.00000000000000       0.000000000000000E+000
  2.122610839453942E-314  0.000000000000000E+000
 -1.596644215813378E-004  2.593617346370538E-004
 -1.917577666860130E-003  1.872255195790679E-003
 -4.496611028349331E-003  5.333052276795602E-003
 -7.155015486636935E-003  1.117226972734093E-002
 -9.901212923956409E-003  1.950012060270185E-002
 -1.245160533014387E-002  3.013142995641185E-002
 -1.495244636260316E-002  4.313985537393162E-002
 -1.722642395273777E-002  5.825469837580276E-002
 -1.939856434114701E-002  7.548795752244034E-002
 -2.133007218407360E-002  9.453432775489007E-002
 -2.311578081792747E-002  0.115371246817773     
 -2.464368247121049E-002  0.137666494339400     
 -2.597229872556616E-002  0.161361857742060     
 -2.702424524697439E-002  0.186092985612683     
 -2.782044200131189E-002  0.211767615691416     
 -2.833583921203734E-002  0.237991500206276     
 -2.855429707091365E-002  0.264653566384069     
 -2.852328699035407E-002  0.291348928165945     
 -2.819538779722618E-002  0.317982712975281     
 -2.770662091467650E-002  0.344177104761231     
 -2.699660549623215E-002  0.369915521672612     
 -2.629467169921048E-002  0.394904206726884     
 -2.557137006323077E-002  0.419304000404933     
 -2.513498410100333E-002  0.442980443764324     
 -2.508717583625626E-002  0.466428063015014     
 -2.576268297960651E-002  0.489745923418006     
 -2.758774251043444E-002  0.514061567009685     
 -3.084025319848370E-002  0.539864320262233     
 -3.670958994244954E-002  0.569364643754996     
 -4.505555590530318E-002  0.603317439216358     
 -5.911730835191067E-002  0.645669761567943     
 -7.675828201569060E-002  0.695548051977106     
 -0.102590861283895       0.763115854681413     
 -0.133027620877036       0.854599256158244     
 -0.181718727856618       0.971999315788942     
 -0.207576347242937        1.07184555188969     
 -0.237556837924751        1.14145646440206     
 -5.150835679165478E-002  0.943849612400504     
   1.36889024778748       0.436872651755597     
   5.00000000000000       0.000000000000000E+000
  2.122610839453942E-314  0.000000000000000E+000
 -1.354091906254319E-003  9.478558753138584E-004
 -5.312535834801260E-003  4.283593410498747E-003
 -1.036605790390272E-002  1.005718340146798E-002
 -1.583270036530302E-002  1.901945572557009E-002
 -2.132511410483797E-002  3.096814101121407E-002
 -2.665028682540976E-002  4.603745224669000E-002
 -3.173986844237457E-002  6.401055481371010E-002
 -3.651008128817838E-002  8.486597793928109E-002
 -4.096437141238227E-002  0.108348936826733     
 -4.502833930368982E-002  0.134337340145691     
 -4.871458758563012E-002  0.162555581650949     
 -5.193930767892930E-002  0.192818868436725     
 -5.470962770163583E-002  0.224821419695712     
 -5.694066497007668E-002  0.258313761747065     
 -5.864303244323643E-002  0.292968706004789     
 -5.974886735265041E-002  0.328467113167159     
 -6.028809366543440E-002  0.364489470188857     
 -6.023574822927716E-002  0.400657941347739     
 -5.965943174094195E-002  0.436711017690852     
 -5.861014148263367E-002  0.472250838356850     
 -5.721224348485081E-002  0.507143444598541     
 -5.563455845237577E-002  0.541047957805406     
 -5.408263897260029E-002  0.574045019812097     
 -5.289809971099921E-002  0.605968714195659     
 -5.241414431700086E-002  0.637228520652788     
 -5.321199672861662E-002  0.667981595807581     
 -5.583730880064672E-002  0.699123973401961     
 -6.122140397293831E-002  0.731291230607475     
 -7.043329876893480E-002  0.766183154602234     
 -8.458100420794874E-002  0.804428921534045     
 -0.105673460813402       0.849136790140508     
 -0.133244086365455       0.899640149197825     
 -0.169022746364118       0.960004427962520     
 -0.208523998904479        1.02315247846556     
 -0.266250737342481        1.10244975875639     
 -0.273515163209628        1.10614729440763     
 -0.196462438448357        1.05357911451485     
  0.331314767406989       0.793843101915674     
   1.90949895196109       0.298591629713474     
   5.00000000000000       0.000000000000000E+000
  2.122610839453942E-314  0.000000000000000E+000
 -4.011355460618024E-003  1.611321547905690E-003
 -1.083036814064904E-002  6.517768878706007E-003
 -1.911902425599983E-002  1.470005837104987E-002
 -2.785593012395918E-002  2.646554875961928E-002
 -3.668486061133826E-002  4.176213860884000E-002
 -4.524867171668324E-002  6.055013514616837E-002
 -5.347761557335801E-002  8.274927081948280E-002
 -6.121597805600604E-002  0.108200536631251     
 -6.845454973661429E-002  0.136755537487037     
 -7.508869127464450E-002  0.168165635867209     
 -8.109637435675976E-002  0.202224859089557     
 -8.638891155378726E-002  0.238640744127075     
 -9.091430949638969E-002  0.277134168301511     
 -9.460756996879398E-002  0.317371312904336     
 -9.739875799010941E-002  0.359001670726477     
 -9.927252639653945E-002  0.401652691019603     
 -0.100166838261657       0.444925957399254     
 -0.100149357171851       0.488421908448613     
 -9.920457049492754E-002  0.531748782563330     
 -9.751561261368986E-002  0.574507006982448     
 -9.516826046544662E-002  0.616401820902043     
 -9.248497817876747E-002  0.657077245537486     
 -8.973510053911840E-002  0.696462937465330     
 -8.738913477649982E-002  0.734298171536247     
 -8.603097540603029E-002  0.770903801153681     
 -8.626569547614442E-002  0.806152775629492     
 -8.920007186340248E-002  0.840947595244976     
 -9.549048404060818E-002  0.875225619840732     
 -0.107067354720520       0.910597914831612     
 -0.124271716050604       0.946560310567671     
 -0.149659707204569       0.985342498019931     
 -0.181875120186213        1.02515156831573     
 -0.221954995990371        1.06592060308236     
 -0.259408823203893        1.09759529374853     
 -0.281980005252054        1.10758874969168     
 -0.240284109749477        1.05089044148486     
  2.487419739249855E-002  0.890533152688444     
  0.740453447289262       0.596007065749625     
   2.31102032672454       0.210473458063958     
   5.00000000000000       0.000000000000000E+000
  2.122610839453942E-314  0.000000000000000E+000
 -7.786716022344465E-003  2.196344018605182E-003
 -1.834653421886550E-002  8.582777150013271E-003
 -3.027291542389157E-002  1.880580183075744E-002
 -4.275830182544208E-002  3.309003566172791E-002
 -5.525454889446539E-002  5.116953468048979E-002
 -6.745862410040587E-002  7.312132984172669E-002
 -7.916549966158312E-002  9.867918490927362E-002
 -9.024534792520490E-002  0.127842788826906     
 -0.100608529666443       0.160294936716217     
 -0.110151369843239       0.195939894682413     
 -0.118803476756007       0.234410050583069     
 -0.126446461408842       0.275543386019920     
 -0.133011887352131       0.318911344635656     
 -0.138370075261665       0.364273028054009     
 -0.142474765033968       0.411150579685595     
 -0.145212062090402       0.459209509017185     
 -0.146596556475015       0.507959148986247     
 -0.146573376983118       0.556961598142139     
 -0.145265381468209       0.605782148108770     
 -0.142731973596391       0.653884545418196     
 -0.139253249753892       0.700990374931293     
 -0.135067197878300       0.746486183851550     
 -0.130661893104790       0.790378918592400     
 -0.126521506879344       0.831995756143064     
 -0.123404817397754       0.871786911604717     
 -0.122091203289674       0.908970240423267     
 -0.123709557434328       0.944634844634330     
 -0.129238462262085       0.977572215825703     
 -0.140280498922410        1.00971951165124     
 -0.157237145340975        1.03845543371727     
 -0.181896208286162        1.06654687185501     
 -0.210870111932643        1.08717445779382     
 -0.244805184296522        1.10351999384551     
 -0.261976404877793        1.09449456726132     
 -0.248458936457915        1.05881382749002     
 -0.112707862640390       0.952819062716223     
  0.254226344904913       0.760216998776895     
   1.08066075729871       0.488813285971827     
   2.64115597634883       0.160405455567865     
   5.00000000000000       0.000000000000000E+000
  2.122610839453942E-314  0.000000000000000E+000
 -1.252835148425929E-002  2.623172000058743E-003
 -2.741987360255976E-002  1.015997141799433E-002
 -4.354696571959365E-002  2.215083869363103E-002
 -6.007433140081515E-002  3.845999460113888E-002
 -7.654095958383861E-002  5.886480097308650E-002
 -9.257797433170875E-002  8.328162896564864E-002
 -0.107988011286023       0.111522347673694     
 -0.122594854477280       0.143477391326659     
 -0.136281356481726       0.178916330949457     
 -0.148923275871624       0.217667286699074     
 -0.160396535897818       0.259432778089353     
 -0.170578929403738       0.303992754755043     
 -0.179325180523290       0.350957577736471     
 -0.186518708049967       0.400048339704890     
 -0.192016834877362       0.450777903018664     
 -0.195743019668195       0.502799987445861     
 -0.197605284772336       0.555548871583364     
 -0.197618423812978       0.608605590258506     
 -0.195806331668997       0.661379275078888     
 -0.192331476528206       0.713383606424983     
 -0.187409723393888       0.764089913971210     
 -0.181401312106344       0.812959268401915     
 -0.174796950058217       0.859635548463977     
 -0.168187455067892       0.903536312464685     
 -0.162418965280647       0.944583491889018     
 -0.158306341640342       0.982109908169138     
 -0.157080768432806        1.01634966741985     
 -0.159645698063341        1.04635098149088     
 -0.167338800084133        1.07245670927328     
 -0.180499093156873        1.09288071822659     
 -0.199046589656062        1.10708161470543     
 -0.219975342467421        1.11078835629373     
 -0.235683667666861        1.09969474102291     
 -0.229648890839164        1.06284080306245     
 -0.160632703930741       0.986728855341932     
  3.662570531310236E-002  0.852219828809705     
  0.497629917175015       0.648328262426770     
   1.39783129436085       0.387827151678751     
   2.88358739960598       0.128881090592104     
   5.00000000000000       0.000000000000000E+000
  2.122610839453942E-314  0.000000000000000E+000
 -1.806552725099153E-002  2.980571949345875E-003
 -3.786663225981381E-002  1.143103380156956E-002
 -5.849396381154434E-002  2.472127490322364E-002
 -7.933586741522852E-002  4.261440924396123E-002
 -9.991834428398316E-002  6.473636931512784E-002
 -0.119944452753696       9.103527202181395E-002
 -0.139167837368165       0.121192421818597     
 -0.157427640069091       0.155194111602033     
 -0.174563766864556       0.192699373823721     
 -0.190430650218597       0.233657408097880     
 -0.204875033591853       0.277669931598691     
 -0.217720149995225       0.324629002121294     
 -0.228810306518050       0.374057072051096     
 -0.237938893310890       0.425752144638583     
 -0.244981184387491       0.479161172576553     
 -0.249736215687069       0.533948898952085     
 -0.252172678828675       0.589524111505419     
 -0.252154461050944       0.645375339932364     
 -0.249819635870986       0.700952232709714     
 -0.245170410451878       0.755529718118451     
 -0.238588416688786       0.808714520289100     
 -0.230288304115870       0.859534565561263     
 -0.220955985090631       0.907893068230399     
 -0.211067517843691       0.952517875795173     
 -0.201652041311233       0.993748237870921     
 -0.193401976721537        1.02987116913824     
 -0.187676102294156        1.06175711229583     
 -0.185018241574937        1.08688667726935     
 -0.186882234853068        1.10659157952940     
 -0.192224500202458        1.11670029907285     
 -0.201480025374751        1.11845763565251     
 -0.206986585639289        1.10415358947466     
 -0.203319469290047        1.07307567144709     
 -0.160869939698018        1.01178569740847     
 -4.956347227773868E-002  0.913761306468836     
  0.214830849199429       0.765751490326644     
  0.731628553526921       0.561772685838098     
   1.64788120264394       0.327709971680080     
   3.08026367622280       0.104693850031612     
   5.00000000000000       0.000000000000000E+000
  2.122610839453942E-314  0.000000000000000E+000
 -2.410383402525235E-002  3.195009645312055E-003
 -4.921075195797713E-002  1.225386608527605E-002
 -7.466156074332123E-002  2.648739646179952E-002
 -9.998262330836045E-002  4.545325393269001E-002
 -0.124807916273661       6.878540719584458E-002
 -0.148874641320537       9.630793337949868E-002
 -0.171965051804482       0.127754434532190     
 -0.193913941061463       0.163024167992429     
 -0.214544227421193       0.201855232733455     
 -0.233697864150374       0.244142424938583     
 -0.251171640168537       0.289566425744507     
 -0.266775262980600       0.337981548276573     
 -0.280272333461682       0.388966380664890     
 -0.291449920252311       0.442298482226960     
 -0.300073871719941       0.497431815658054     
 -0.305955695430929       0.554034259951845     
 -0.308932726286962       0.611443430307428     
 -0.308912878777459       0.669187753525477     
 -0.305893734895198       0.726535937287157     
 -0.299960689573327       0.782858667604308     
 -0.291361254076561       0.837436797442172     
 -0.280429046734100       0.889476462141865     
 -0.267727324989114       0.938362683119967     
 -0.253873510909540       0.983127591481392     
 -0.239745693071087        1.02331747373991     
 -0.226196706607085        1.05773930786678     
 -0.214236613848619        1.08603959238639     
 -0.204660793817992        1.10663305502565     
 -0.197879079261791        1.11892391402171     
 -0.193506266670837        1.12050796000390     
 -0.188894617034755        1.10961465690575     
 -0.178620605788122        1.08208424685766     
 -0.149134278150444        1.03324044696545     
 -7.810571426529368E-002  0.956122328537139     
  7.916825850963934E-002  0.842691727887255     
  0.389074041683911       0.686314341303730     
  0.952011177737641       0.489665485522351     
   1.88798242196185       0.272777727978772     
   3.24738135174627       8.321926991251201E-002
   5.00000000000000       0.000000000000000E+000
  2.122610839453942E-314  0.000000000000000E+000
 -3.055056180709972E-002  3.350380556483990E-003
 -6.123246026468591E-002  1.278927268109951E-002
 -9.166146690811193E-002  2.754769192399925E-002
 -0.121557407484703       4.714154242190453E-002
 -0.150652026080741       7.110715640410697E-002
 -0.178768424994982       9.928722395006702E-002
 -0.205715519648735       0.131331987765497     
 -0.231351851118842       0.167213461222611     
 -0.255492985008475       0.206598343658815     
 -0.277960844602958       0.249490131451433     
 -0.298531328276151       0.295501898515424     
 -0.316954626405421       0.344601317544846     
 -0.332972802892788       0.396304301475209     
 -0.346270873321867       0.450473452706473     
 -0.356609188215677       0.506516200356173     
 -0.363653401067299       0.564114503301475     
 -0.367272004001652       0.622601719460308     
 -0.367187971789540       0.681397983502713     
 -0.363485024548786       0.739849557787371     
 -0.356036101550608       0.797040833148742     
 -0.345237593999558       0.852459239865132     
 -0.331194322362488       0.904794180347877     
 -0.314673896814817       0.953812207022999     
 -0.296036557995653       0.997754794529180     
 -0.276407584721995        1.03676404381809     
 -0.256264552614700        1.06855092609547     
 -0.236930734858124        1.09361082563748     
 -0.218418433413632        1.10894695191671     
 -0.201685337470017        1.11513407041418     
 -0.184404561228241        1.10811385775923     
 -0.165282432096908        1.08776196618261     
 -0.134202302340337        1.04846746049377     
 -8.153678822283771E-002  0.987949425974953     
  2.386305691089155E-002  0.899511870969558     
  0.216208926804501       0.778075605474982     
  0.567371234294682       0.621847843552061     
   1.15717806790017       0.432878149007054     
   2.08080992130508       0.237547807444598     
   3.38536168089880       7.004959527956128E-002
   5.00000000000000       0.000000000000000E+000
  2.122610839453942E-314  0.000000000000000E+000
 -3.712904394669029E-002  3.387510278853922E-003
 -7.352642876569170E-002  1.295123198511790E-002
 -0.109007976036704       2.790214557923443E-002
 -0.143499803287945       4.765418003583389E-002
 -0.176848693548292       7.176696299788302E-002
 -0.208973148759290       9.999509935491566E-002
 -0.239734825142689       0.132055872140510     
 -0.269020428968688       0.167851194807257     
 -0.296652278488783       0.207147017460086     
 -0.322442599926981       0.249894689878042     
 -0.346133848875017       0.295817508928709     
 -0.367445130549983       0.344840263062673     
 -0.386042667749508       0.396574005599422     
 -0.401575177768107       0.450849240015154     
 -0.413683321061711       0.507119980822968     
 -0.422010695176059       0.565057250255735     
 -0.426265911529243       0.623952314862827     
 -0.426186221943705       0.683259203998277     
 -0.421664822169718       0.742148988546984     
 -0.412644326977469       0.799821310642067     
 -0.399309318016670       0.855409812777047     
 -0.381900748777706       0.907849832695118     
 -0.360945416857154       0.956328430110814     
 -0.337013036274469       0.999528128486907     
 -0.310899812177018        1.03673162906317     
 -0.283394219370778        1.06637439636255     
 -0.255223770998614        1.08774899816278     
 -0.226931275238827        1.09899363270720     
 -0.198173884242249        1.09909411497592     
 -0.167755338096117        1.08571737088138     
 -0.131431368664069        1.05689035015209     
 -8.183653979826939E-002   1.00947500823179     
 -3.389868298679937E-003  0.939854288696964     
  0.128572416415351       0.844211639253454     
  0.355915338744384       0.718736074568514     
  0.738135165749090       0.562934208182860     
   1.34938033666886       0.384696918553574     
   2.26964021414472       0.205095909510451     
   3.50488428165713       5.994355253132349E-002
   5.00000000000000       0.000000000000000E+000
  2.122610839453942E-314  0.000000000000000E+000
 -4.378250116106482E-002  3.378060346582502E-003
 -8.587470698316868E-002  1.286631956205333E-002
 -0.126377218061228       2.765015568091954E-002
 -0.165381835813711       4.714811321487550E-002
 -0.202892563540418       7.087153134188723E-002
 -0.238922915906887       9.861437778192882E-002
 -0.273406337728839       0.130045335311297     
 -0.306271406820592       0.165154217007790     
 -0.337353560132435       0.203654781304537     
 -0.366461303270425       0.245627236018550     
 -0.393312342274860       0.290733254546562     
 -0.417574431730534       0.339044424484734     
 -0.438869011728977       0.390100851247528     
 -0.456738852861294       0.443862942915374     
 -0.470783674324549       0.499718066388746     
 -0.480481928114244       0.557399559307406     
 -0.485535151579905       0.616169719588619     
 -0.485459045205540       0.675414332407266     
 -0.480203857027284       0.734365517023885     
 -0.469445094639792       0.791959688276813     
 -0.453509050319117       0.847542667922261     
 -0.432333831965248       0.899544223514399     
 -0.406678209769457       0.947565901838659     
 -0.376757487869945       0.989531392168061     
 -0.343693037967549        1.02536318790887     
 -0.307777271047716        1.05252483437091     
 -0.270201160677294        1.07116255913254     
 -0.230615834751952        1.07833484254974     
 -0.189470478759902        1.07406156919379     
 -0.143718808533543        1.05502964328759     
 -9.079911852848331E-002   1.02045706994818     
 -1.966814164439608E-002  0.966754464053720     
  8.137516554499606E-002  0.891607643936336     
  0.242259003627645       0.792195989762517     
  0.496658419813778       0.665653319542905     
  0.904154635937127       0.515065481522337     
   1.52659144265027       0.346065554253994     
   2.42462579879767       0.182492796707086     
   3.60799075363071       5.264749485587734E-002
   5.00000000000000       0.000000000000000E+000
  2.122610839453942E-314  0.000000000000000E+000
 -5.026688561555066E-002  3.267385307454079E-003
 -9.794904849079912E-002  1.245816246246912E-002
 -0.143320325807799       2.677370502825498E-002
 -0.186703811244932       4.558531115288624E-002
 -0.228226142270301       6.846251944410554E-002
 -0.268026779682743       9.514324700000680E-002
 -0.306115684874514       0.125396461882213     
 -0.342466608911629       0.159153976411545     
 -0.376949349352079       0.196267507577550     
 -0.409358478155943       0.236757414090133     
 -0.439400161080816       0.280445807425129     
 -0.466687691766594       0.327340391309049     
 -0.490776323084136       0.377137736100401     
 -0.511134980781706       0.429734652449729     
 -0.527236148772895       0.484631876185017     
 -0.538492809834615       0.541515726144638     
 -0.544419438485037       0.599668122903363     
 -0.544508438520573       0.658477714876592     
 -0.538473329240172       0.717046785357726     
 -0.526041761482960       0.774413858995878     
 -0.507265822085583       0.829595624319098     
 -0.482236161487731       0.881282693388304     
 -0.451396516031945       0.928515176950070     
 -0.415232185247271       0.969695621102963     
 -0.374459671514314        1.00394520511628     
 -0.329789976782391        1.02947172535793     
 -0.281775366949283        1.04541043416619     
 -0.230742039475059        1.04985121566460     
 -0.175939672329907        1.04169799172471     
 -0.115576351811244        1.01892681317993     
 -4.471383483533517E-002  0.979808399530037     
  4.507528125819508E-002  0.922152897812240     
  0.169622255288933       0.843511592577496     
  0.353528215267395       0.742121679997030     
  0.634168259596829       0.616929502388125     
   1.06237752134727       0.470552884524029     
   1.69230383140913       0.312578651477639     
   2.57700119626729       0.161861450659338     
   3.70038709824336       4.617772147231967E-002
   5.00000000000000       0.000000000000000E+000
  2.122610839453942E-314  0.000000000000000E+000
 -5.653525275276536E-002  3.114592131828293E-003
 -0.109523883885187       1.182237357560298E-002
 -0.159532859347015       2.534093116949702E-002
 -0.207038019313973       4.308055990989119E-002
 -0.252350590381908       6.460205048032300E-002
 -0.295716110038090       8.971639631205428E-002
 -0.337237807082953       0.118167019584076     
 -0.376953363319607       0.150007161203795     
 -0.414752385159093       0.185041950560374     
 -0.450448612487665       0.223461959191222     
 -0.483710450942072       0.265015727049022     
 -0.514115825301790       0.309915640531615     
 -0.541143464034022       0.357757483422519     
 -0.564159591679265       0.408644005050683     
 -0.582550012322649       0.461963106947548     
 -0.595549121777899       0.517552613217187     
 -0.602614447838924       0.574608184511262     
 -0.602986354556760       0.632541899157069     
 -0.596395812759410       0.690458684255477     
 -0.582260100907565       0.747218169285220     
 -0.560758723369136       0.802000102446906     
 -0.531632092335530       0.853068596046062     
 -0.495576996065073       0.899839365789250     
 -0.452685593105136       0.940054531804656     
 -0.404056819115281       0.973426919228003     
 -0.349898173714717       0.997357624395468     
 -0.291307819720511        1.01173388106256     
 -0.227801449200245        1.01384832150887     
 -0.159497126302612        1.00342169874921     
 -8.309022887788901E-002  0.977857334903735     
  4.709689865557917E-003  0.936211972864464     
  0.114984800876260       0.876268314105394     
  0.260177285781262       0.796213866332843     
  0.467844133771204       0.695353735182474     
  0.769064967094837       0.572660276607948     
   1.21250521132196       0.433181627230197     
   1.84471462071652       0.284311283629262     
   2.70415074328385       0.146077574589915     
   3.78121689824929       4.123322669726638E-002
   5.00000000000000       0.000000000000000E+000
  2.122610839453942E-314  0.000000000000000E+000
 -6.236393069276606E-002  2.866864711949120E-003
 -0.120324387266642       1.088464120584928E-002
 -0.174611317167370       2.332230610438486E-002
 -0.225943926422431       3.958026705557977E-002
 -0.274765511229920       5.931444649503084E-002
 -0.321458487250386       8.230567076178452E-002
 -0.366226039102631       0.108434143334269     
 -0.409154223720238       0.137701817849479     
 -0.450195387815002       0.170094792326814     
 -0.489139066287426       0.205732014169604     
 -0.525667087866196       0.244579186611958     
 -0.559276074102484       0.286757408856400     
 -0.589393426173824       0.332093152434419     
 -0.615268216840402       0.380585054140348     
 -0.636158470931792       0.431823481754187     
 -0.651178716106656       0.485550355134177     
 -0.659581715721541       0.541075266563834     
 -0.660530614441733       0.597763191643785     
 -0.653488596907008       0.654676058502642     
 -0.637887322711319       0.710733042097961     
 -0.613597703340409       0.764857812366634     
 -0.580504416312521       0.815542849864941     
 -0.538967105393668       0.861713982522411     
 -0.489371676573341       0.901555223687568     
 -0.432424951511733       0.934087297404222     
 -0.368793767422249       0.957370454770111     
 -0.299024192561312       0.970489883399334     
 -0.223327215392465       0.971559600577787     
 -0.140864505335339       0.959551418791121     
 -4.951186025895439E-002  0.932730235266982     
  5.580026266992150E-002  0.889722295479464     
  0.183881619985632       0.829012805911000     
  0.349918812394027       0.749135298120971     
  0.577210806909048       0.649585698088373     
  0.898179884945217       0.531040224569862     
   1.35533291960928       0.397469097345646     
   1.98769305540872       0.258768699787939     
   2.82983779623643       0.131320775041367     
   3.85501262759172       3.667035345231542E-002
   5.00000000000000       0.000000000000000E+000
  2.122610839453942E-314  0.000000000000000E+000
 -6.770381848598388E-002  2.575485847271424E-003
 -0.130105791156353       9.719417942714904E-003
 -0.188244022420430       2.076407353877584E-002
 -0.242981980991581       3.517625450679005E-002
 -0.294958979928601       5.263796454871070E-002
 -0.344673211522989       7.303447351324001E-002
 -0.392427267280410       9.623537530739706E-002
 -0.438392706890343       0.122397735680496     
 -0.482538995842638       0.151458395183429     
 -0.524700432190764       0.183750387331664     
 -0.564504165484914       0.219146797585360     
 -0.601434066018294       0.258037054518788     
 -0.634805515480766       0.300111213629647     
 -0.663778577796905       0.345663779295141     
 -0.687469485673852       0.394118882518680     
 -0.704815018576775       0.445485601590601     
 -0.714942833276632       0.498917030241944     
 -0.716752148258632       0.553933149194655     
 -0.709657649172386       0.609517205863781     
 -0.692762148786156       0.664542030345771     
 -0.666019196832903       0.718010559555912     
 -0.628950899865831       0.768112864704552     
 -0.582158375001939       0.814067307251920     
 -0.525646546585205       0.853520010637674     
 -0.460521377573749       0.885989719778991     
 -0.387008095436567       0.908872676376147     
 -0.306217801298772       0.921876391802466     
 -0.217709013143514       0.922496747774951     
 -0.121483840316434       0.910329248064475     
 -1.427321197175898E-002  0.883263525205098     
  0.107514617038603       0.840437096272799     
  0.254511045958275       0.780441163550852     
  0.439056950789062       0.702081252233396     
  0.685902536199117       0.605770323108169     
   1.02265922656404       0.491842431348654     
   1.48877714916172       0.365967541110998     
   2.11871070275731       0.236011212312450     
   2.93577737139533       0.119088148636933     
   3.92018412744749       3.294125035478388E-002
   5.00000000000000       0.000000000000000E+000
  2.122610839453942E-314  0.000000000000000E+000
 -7.233859030528504E-002  2.192859047061168E-003
 -0.138634069493800       8.269725350368136E-003
 -0.200075748394954       1.765175056392392E-002
 -0.257773511980216       2.983544027691836E-002
 -0.312502740337766       4.462692253138084E-002
 -0.364896710744460       6.190445757187767E-002
 -0.415375489539380       8.169921582329807E-002
 -0.464155141418030       0.104121854644800     
 -0.511292940944871       0.129320156897505     
 -0.556588510010754       0.157544491015375     
 -0.599709517406139       0.188931605773896     
 -0.640033757316336       0.223753770491331     
 -0.676848762145310       0.262004592405834     
 -0.709151893251312       0.303834608013223     
 -0.735946008677063       0.348972665414056     
 -0.755981073635478       0.397279618964337     
 -0.768182691852784       0.448146860430110     
 -0.771293411136284       0.500986081838661     
 -0.764454936750799       0.554867997279236     
 -0.746709534991681       0.608659876320917     
 -0.717701414138135       0.661229770975542     
 -0.677043047219113       0.710927865005501     
 -0.625021680721481       0.756593644876853     
 -0.561906298520674       0.796231679487029     
 -0.488481715021067       0.828790748515051     
 -0.405407575082049       0.852197919436058     
 -0.313390498921361       0.865525504132421     
 -0.212622389095886       0.866878373261972     
 -0.102425075520395       0.855331929930004     
  1.945353626508964E-002  0.829316254645150     
  0.157846321262970       0.787793162077152     
  0.321506019858044       0.729645782927124     
  0.524455439073031       0.654170070498180     
  0.788109031467567       0.561566363611747     
   1.13999251713940       0.453594968205462     
   1.61520004354641       0.334743844994501     
   2.24132197487593       0.214539192592212     
   3.04014752000468       0.107239257367027     
   3.97994374896827       2.943621314221279E-002
   5.00000000000000       0.000000000000000E+000
  2.122610839453942E-314  0.000000000000000E+000
 -7.621998171031817E-002  1.764880640069548E-003
 -0.145649602951561       6.595020480261607E-003
 -0.209792755827841       1.403187855187163E-002
 -0.269882979402433       2.366188723204841E-002
 -0.326888917796983       3.534894004956728E-002
 -0.381559645393214       4.909506358706926E-002
 -0.434411362410383       6.493070308199593E-002
 -0.485760417139958       8.313813858175018E-002
 -0.535677371868188       0.103811907973782     
 -0.584030860269588       0.127440504140851     
 -0.630422198188303       0.154053680210330     
 -0.674245608542102       0.184237729182541     
 -0.714645770760490       0.217824227506060     
 -0.750560595285139       0.255341001214408     
 -0.780791110827720       0.296309037676019     
 -0.803935328406460       0.340980332004811     
 -0.818703503188348       0.388527045040282     
 -0.823594425615740       0.438675374742276     
 -0.817594499033055       0.490333054540177     
 -0.799435018246290       0.542494606301452     
 -0.768744434187414       0.594007726727394     
 -0.724798687574307       0.643081866670748     
 -0.668058251779026       0.688742420270962     
 -0.598461655833122       0.728590130320681     
 -0.517155932072018       0.761960380503491     
 -0.424455241887111       0.786223819664181     
 -0.321597892175657       0.800951663669646     
 -0.208300425786629       0.803718735523141     
 -8.464251195479483E-002  0.794079918996614     
  5.243093673527592E-002  0.770151873399892     
  0.206490515790866       0.731238813834212     
  0.387435916224183       0.676324877634494     
  0.606966698805504       0.604785625253297     
  0.886914881262229       0.517565950817655     
   1.25118867295503       0.415899526890515     
   1.73148938816568       0.305568619704468     
   2.35278511153343       0.194176808628452     
   3.12804363455396       9.663313568378624E-002
   4.03237002448274       2.621519313566673E-002
   5.00000000000000       0.000000000000000E+000
  2.122610839453942E-314  0.000000000000000E+000
 -7.914353214272284E-002  1.256898597743450E-003
 -0.150972198060188       4.679406448664670E-003
 -0.217108221891782       9.934212299525496E-003
 -0.279016946083632       1.668752603571318E-002
 -0.337788950374292       2.493870495669571E-002
 -0.394296677591240       3.470624527390759E-002
 -0.449176414068759       4.618208715002117E-002
 -0.502785076566390       5.960796575785475E-002
 -0.555297333495888       7.529053398624137E-002
 -0.606544918094633       9.362908508544536E-002
 -0.656197648473876       0.114935902825521     
 -0.703530251286928       0.139662173743283     
 -0.747695835397622       0.167997292761738     
 -0.787430008809526       0.200294413563066     
 -0.821459437937629       0.236481206181180     
 -0.848119285932429       0.276615365200215     
 -0.865953649535141       0.320255859727111     
 -0.873194653207391       0.366957857592150     
 -0.868587124116260       0.415892979579980     
 -0.850675870718805       0.465972114814874     
 -0.818814962951264       0.516083260361416     
 -0.772253912744808       0.564503803171868     
 -0.711195567426156       0.610032271813723     
 -0.635748511520758       0.650516975427575     
 -0.546837905234745       0.684851466558058     
 -0.445128849040946       0.710795453999404     
 -0.331619845157485       0.727404409301193     
 -0.206550130127621       0.732677415639393     
 -6.958835381858645E-002  0.725769453475817     
  8.150167633992290E-002  0.705112515250699     
  0.251052377915026       0.669934400084298     
  0.447478464059023       0.619272275749334     
  0.683310497428862       0.552991851251522     
  0.977836246770967       0.471633561166880     
   1.35393530131568       0.377604217776279     
   1.84033412373250       0.275480428194155     
   2.45588476404941       0.174072063305938     
   3.21353883933486       8.585105178040336E-002
   4.08027206188060       2.309902272805910E-002
   5.00000000000000       0.000000000000000E+000
  2.122610839453942E-314  0.000000000000000E+000
 -8.107426077384050E-002  7.076423329329305E-004
 -0.154352344814772       2.568454464977366E-003
 -0.221744490677174       5.428026546009939E-003
 -0.284792155994699       9.060739442787326E-003
 -0.344757637461122       1.354943577844602E-002
 -0.402609427168344       1.903504444280010E-002
 -0.459071419147075       2.571583548645494E-002
 -0.514601248493859       3.399024025196619E-002
 -0.569389903744007       4.411180044687232E-002
 -0.623356547651482       5.670329935331540E-002
 -0.676108685412750       7.196841736678974E-002
 -0.726972903681710       9.067790960853911E-002
 -0.774945917056060       0.112854821994981     
 -0.818754101357374       0.139278610988103     
 -0.856869583128109       0.169654780914250     
 -0.887535875244660       0.204542829608359     
 -0.908975675533802       0.243246808368551     
 -0.919241364830073       0.285809614876027     
 -0.916769257369597       0.331173592521946     
 -0.899856330929696       0.378587800416249     
 -0.867671066549997       0.426823331325443     
 -0.819190522724956       0.474220467477819     
 -0.754644103444158       0.519649257922488     
 -0.673885704477376       0.560707658980043     
 -0.578098494962562       0.596559079991605     
 -0.467710177538990       0.624491828617323     
 -0.344168526478641       0.643949690296208     
 -0.207412552304975       0.652425083189547     
 -5.775360225982164E-002  0.649450453560608     
  0.107532281781953       0.633121507090212     
  0.291747882277102       0.602908880030967     
  0.503880404649063       0.557883613171395     
  0.754633102656211       0.497876726154953     
   1.06294007018611       0.424033781918679     
   1.44904595841666       0.338094402557491     
   1.93817911850964       0.245742007923186     
   2.54793550486654       0.153807509550035     
   3.28437065987381       7.557099189154770E-002
   4.12101358366841       1.992549782240613E-002
   5.00000000000000       0.000000000000000E+000
  2.122610839453942E-314  0.000000000000000E+000
 -8.184402771267336E-002  1.050804448362420E-004
 -0.155697414903685       3.082146000294308E-004
 -0.223521097401583       6.066490171762656E-004
 -0.287043490017571       9.107712962345666E-004
 -0.347606296975690       1.424774423765938E-003
 -0.406278883529048       2.328707894038730E-003
 -0.463885163372489       3.948760162300871E-003
 -0.520923996893280       6.651225781568897E-003
 -0.577692355266769       1.086249150385146E-002
 -0.634086704563681       1.711730968190861E-002
 -0.689808964708132       2.587677356104450E-002
 -0.744076284717746       3.777198345415988E-002
 -0.795944138748317       5.319819097297918E-002
 -0.843918343725898       7.274733486823598E-002
 -0.886466820525124       9.661010064823254E-002
 -0.921499997654105       0.125124637563747     
 -0.947153939920748       0.158135874264616     
 -0.961081850112496       0.195467462742066     
 -0.961555618959920       0.236540988486710     
 -0.946505195404649       0.280447671773011     
 -0.914895630694213       0.326234561133169     
 -0.865484580310350       0.372208871984481     
 -0.798318959200734       0.417220976936958     
 -0.713252133329907       0.458991468900903     
 -0.611346111763445       0.496389665765649     
 -0.493240274051465       0.526948338067195     
 -0.360295309319231       0.549684221385811     
 -0.212833584942429       0.562355395774051     
 -5.100347663812871E-002  0.564141595524690     
  0.127306984178940       0.553292807158645     
  0.325724231455686       0.529213527739112     
  0.552131273191328       0.490879800230170     
  0.817338960730679       0.438554840445492     
   1.13844642026098       0.372861405498785     
   1.53400056552288       0.296518856645843     
   2.02736967371950       0.213954038567880     
   2.63079710774540       0.132981081845860     
   3.35133676567547       6.456854751135024E-002
   4.15755745383708       1.683893950358954E-002
   5.00000000000000       0.000000000000000E+000
  2.122610839453942E-314  0.000000000000000E+000
 -8.144773940881143E-002 -5.243744722998235E-004
 -0.154811105239277      -2.071812563629424E-003
 -0.222257972792804      -4.423639440626974E-003
 -0.285512073796089      -7.553392806726912E-003
 -0.346040488506893      -1.116002986698953E-002
 -0.404963431520947      -1.496814017035271E-002
 -0.463179440152839      -1.864102777502124E-002
 -0.521269158943813      -2.170837991753496E-002
 -0.579559919311323      -2.379077817395208E-002
 -0.638043934560464      -2.419362192729510E-002
 -0.696388986441704      -2.255072991431607E-002
 -0.753902769711417      -1.796342664348943E-002
 -0.809503685513779      -1.018109047088318E-002
 -0.861758607995391       1.805233311404219E-003
 -0.908858741228584       1.798726718988828E-002
 -0.948720308021704       3.927118736254504E-002
 -0.979061580577644       6.525708260484608E-002
 -0.997468055234708       9.641551296173247E-002
  -1.00172056060590       0.131917430337119     
 -0.989611109402650       0.171426469318872     
 -0.959677022256377       0.213808658730596     
 -0.910500538575528       0.257685092532643     
 -0.841911510734161       0.301877665466070     
 -0.753598865049781       0.344050934223569     
 -0.646687430326423       0.383230151728299     
 -0.521686459301196       0.416564763568540     
 -0.380264184804319       0.443362068107104     
 -0.222607845481797       0.460854788759329     
 -4.936669534670163E-002  0.468532694472826     
  0.141759531157683       0.464226355408916     
  0.353610243562823       0.447527353057420     
  0.594120733330573       0.417343127416156     
  0.872752185761201       0.373816167147112     
   1.20562696152647       0.318077763400959     
   1.60951082178995       0.252001156175237     
   2.10427768986828       0.181103686484221     
   2.70195864335699       0.110942286181029     
   3.40436567900343       5.361217432276801E-002
   4.18629983545403       1.339727502098302E-002
   5.00000000000000       0.000000000000000E+000
  2.122610839453942E-314  0.000000000000000E+000
 -7.979216526438007E-002 -1.161927396012239E-003
 -0.151729633751274      -4.455267491719172E-003
 -0.217927250843296      -9.504270546343127E-003
 -0.280211371944994      -1.609862377650123E-002
 -0.340056059935143      -2.385807600056361E-002
 -0.398646509299179      -3.245098164605906E-002
 -0.456936374544251      -4.148008066471619E-002
 -0.515553076929231      -5.049624471021639E-002
 -0.574913379534068      -5.903007978231398E-002
 -0.635021554277545      -6.646424054033023E-002
 -0.695657336202057      -7.225580452657389E-002
 -0.756064391208971      -7.563282974696615E-002
 -0.815277170073594      -7.602277367115824E-002
 -0.871668258612491      -7.259050931682783E-002
 -0.923521368701533      -6.484253507396920E-002
 -0.968388323228941      -5.208584604038177E-002
  -1.00402456295630      -3.406293720859553E-002
  -1.02749386816557      -1.053175747727694E-002
  -1.03653984143962       1.838039269173488E-002
  -1.02837011394866       5.213876660253196E-002
  -1.00142524120588       9.017442319711219E-002
 -0.953796399578148       0.130994984662894     
 -0.885211170452927       0.173681959052207     
 -0.795099596123725       0.215905131334879     
 -0.684540763026141       0.256593739870619     
 -0.554054375760504       0.292999541868689     
 -0.405335778328344       0.324097109837043     
 -0.238790295667307       0.347239445283742     
 -5.511963383990023E-002  0.361571163929174     
  0.147567096292498       0.364950545893143     
  0.372025441933233       0.356857019482544     
  0.625450173869140       0.335996343919944     
  0.916768977743870       0.302856315845436     
   1.26093199505121       0.257936703693650     
   1.67250758340008       0.203950154558448     
   2.17046453228199       0.145023687577691     
   2.76225129771577       8.763047989630528E-002
   3.45141390067875       4.138508977072570E-002
   4.21084017953249       1.005270246403019E-002
   5.00000000000000       0.000000000000000E+000
  2.122610839453942E-314  0.000000000000000E+000
 -7.691621745751173E-002 -1.800282617041671E-003
 -0.146361221032930      -6.831898955544416E-003
 -0.210512152961696      -1.449220214834427E-002
 -0.271084420201281      -2.446269548536394E-002
 -0.329603057267147      -3.627249650607491E-002
 -0.387237195836736      -4.954530426373537E-002
 -0.444994992663450      -6.387377765443163E-002
 -0.503547761337844      -7.878962904908725E-002
 -0.563365073751202      -9.385987987641874E-002
 -0.624541323121967      -0.108417474304185     
 -0.686875965229377      -0.121988485232406     
 -0.749736782356542      -0.133651358366881     
 -0.812086644606458      -0.142933497344705     
 -0.872438151360527      -0.148676674790772     
 -0.928838931193013      -0.150524132252450     
 -0.978969056712672      -0.147238767653299     
  -1.02013084641028      -0.138737368042562     
  -1.04946967731573      -0.124040272514681     
  -1.06408130543468      -0.103470710576651     
  -1.06118418085432      -7.677340571504677E-002
  -1.03851011493656      -4.468776648961079E-002
 -0.994095984973285      -8.099182114901791E-003
 -0.927109767949817       3.199844333342573E-002
 -0.836905615759840       7.347984527450832E-002
 -0.724316348103595       0.115349775731132     
 -0.589814353009999       0.154599266395294     
 -0.435180567025667       0.190428883303576     
 -0.260830883866570       0.219628459620498     
 -6.778242992604047E-002  0.241616303024155     
  0.145746557007611       0.253694439067475     
  0.381982470018828       0.255508744007461     
  0.647679693764279       0.245548408087060     
  0.950886672825152       0.224103498034975     
   1.30504239468602       0.192112545278464     
   1.72372507275000       0.151170320159339     
   2.22247144673539       0.106616377446087     
   2.80940352649922       6.212603938062094E-002
   3.48437739052940       2.889554429061810E-002
   4.22621195064222       6.079986611817034E-003
   5.00000000000000       0.000000000000000E+000
  2.122610839453942E-314  0.000000000000000E+000
 -7.284327637877613E-002 -2.386559486524764E-003
 -0.138902577655604      -9.026018769006090E-003
 -0.200177743592941      -1.918277266987520E-002
 -0.258363122695246      -3.233477619643896E-002
 -0.314899980039856      -4.799596502123429E-002
 -0.370970803354873      -6.572846405207820E-002
 -0.427575601148684      -8.515412915085688E-002
 -0.485437713819115      -0.105813744727203     
 -0.545080320765396      -0.127300825125659     
 -0.606661069641806      -0.149005270902211     
 -0.670090268926806      -0.170412596400114     
 -0.734757441259140      -0.190696729465820     
 -0.799786403310937      -0.209198710251902     
 -0.863591031010308      -0.224889548176944     
 -0.924410868628745      -0.237004860305693     
 -0.979619182389436      -0.244464428578327     
  -1.02670328614627      -0.246522157549607     
  -1.06224184250836      -0.242368509856125     
  -1.08346082097824      -0.231474783190781     
  -1.08680466107778      -0.213744580218337     
  -1.07004845176238      -0.189058917056685     
  -1.03042065550997      -0.158423415208384     
 -0.967067256121798      -0.122214010723369     
 -0.878727595001342      -8.262165776742507E-002
 -0.766220518469460      -4.042926695114266E-002
 -0.629726739694065       1.332101575891367E-003
 -0.471100826103834       4.169123312253773E-002
 -0.290772153648416       7.742726164337937E-002
 -8.996313016881945E-002  0.107609683974628     
  0.132875567143594       0.129460764472383     
  0.379526709214604       0.142425770995557     
  0.656346936123095       0.144696306468473     
  0.970280062837288       0.136785223417097     
   1.33423860239930       0.118865235012979     
   1.75922000531286       9.325402011597003E-002
   2.26074211404480       6.364271057568513E-002
   2.84313504217147       3.465539446420668E-002
   3.50857008102188       1.455029155715282E-002
   4.23713924342515       2.236999282135086E-003
   5.00000000000000       0.000000000000000E+000
  2.122610839453942E-314  0.000000000000000E+000
 -6.766044681487791E-002 -2.938705996413890E-003
 -0.129410652614032      -1.104853170839472E-002
 -0.187115616942427      -2.341468778752026E-002
 -0.242250904113180      -3.943307041914512E-002
 -0.296209351550518      -5.855727744017874E-002
 -0.350083679560603      -8.036787785895250E-002
 -0.404896317306172      -0.104483545914748     
 -0.461364585282513      -0.130524113241029     
 -0.520085131025031      -0.158107788127247     
 -0.581283183317027      -0.186712793837824     
 -0.644958242461575      -0.215861986051689     
 -0.710638192500630      -0.244755903722297     
 -0.777487639903056      -0.272778330609148     
 -0.844123367860207      -0.298772581326976     
 -0.908679756953109      -0.322020202854323     
 -0.968774603912578      -0.341063383762871     
  -1.02153470926397      -0.355201109702262     
  -1.06377798142009      -0.362946350351902     
  -1.09205131961291      -0.363821151256370     
  -1.10297408686078      -0.356823287906657     
  -1.09339688185410      -0.341872238533870     
  -1.06061360799238      -0.319079730000498     
  -1.00283094044988      -0.288822669787211     
 -0.918771658871588      -0.252743559234261     
 -0.808576588325456      -0.211523308511579     
 -0.672418893223016      -0.168229083293905     
 -0.511869292047082      -0.123611025467461     
 -0.327491241752513      -8.145436892662819E-002
 -0.120543039639573      -4.239555167067892E-002
  0.110142925435035      -9.989963868036205E-003
  0.366086867069738       1.545405103114642E-002
  0.652747382504282       3.164417677148140E-002
  0.976674124876289       3.883983428867864E-002
   1.34877895871384       3.755162090153781E-002
   1.77987439407232       2.857916600960929E-002
   2.28212658478899       1.705857388124534E-002
   2.86142047154337       3.940218945463011E-003
   3.51773539573358      -3.087499421272360E-004
   4.23684608880818      -2.516327408097935E-003
   5.00000000000000       0.000000000000000E+000
  2.122610839453942E-314  0.000000000000000E+000
 -6.153840772655369E-002 -3.374123379312458E-003
 -0.118247886160980      -1.269678236511657E-002
 -0.171703310622817      -2.697513693527625E-002
 -0.223209966490594      -4.542759342762501E-002
 -0.273991888519628      -6.756313927381727E-002
 -0.325088840271493      -9.291203398446785E-002
 -0.377448372627513      -0.121211760030447     
 -0.431835558382449      -0.152079869875581     
 -0.488849322588864      -0.185285742992008     
 -0.548830839467323      -0.220336793111247     
 -0.611859971830426      -0.256886708976668     
 -0.677600801409038      -0.294185872548812     
 -0.745383231728446      -0.331651020175170     
 -0.813897910256723      -0.368185061217061     
 -0.881528455215032      -0.402902450366093     
 -0.945779876180297      -0.434399630072497     
  -1.00408420662808      -0.461508706731162     
  -1.05282724170806      -0.482771369880436     
  -1.08885453476095      -0.496914534937166     
  -1.10798161692275      -0.502933454394655     
  -1.10726489289854      -0.499716708528209     
  -1.08292468162249      -0.487355123758364     
  -1.03323684571218      -0.465231664319918     
 -0.955882065546710      -0.434981891030358     
 -0.850964618402684      -0.396624553252230     
 -0.717943362486118      -0.353261767564216     
 -0.558389551243166      -0.305514194199549     
 -0.372637015568274      -0.257259419888430     
 -0.162161425391861      -0.209380943442029     
  7.416356146325150E-002 -0.165643566995122     
  0.337159343537716      -0.126637596567543     
  0.632207816392659      -9.506370394223358E-002
  0.964290713696102      -7.065903596238350E-002
   1.34440141218946      -5.384490204129895E-002
   1.78048418137625      -4.325365510527791E-002
   2.28563373179417      -3.581427742599760E-002
   2.86269004858720      -2.954551794315290E-002
   3.51455130045231      -1.771454665292193E-002
   4.23163987805090      -7.090537195630516E-003
   5.00000000000000       0.000000000000000E+000
  2.122610839453942E-314  0.000000000000000E+000
 -5.460082032508354E-002 -3.738779832739009E-003
 -0.105639852876150      -1.400139609070475E-002
 -0.154341527445786      -2.971981189748335E-002
 -0.201718054044977      -5.007205117000679E-002
 -0.248832934256118      -7.455983512607629E-002
 -0.296578475874612      -0.102789212365955     
 -0.345877652445776      -0.134507818586591     
 -0.397439809134434      -0.169495437556197     
 -0.451941877740937      -0.207535084305963     
 -0.509752865650210      -0.248354107880500     
 -0.571104086675626      -0.291611834736828     
 -0.635777538667736      -0.336787569715123     
 -0.703279638918839      -0.383283743500469     
 -0.772518550778286      -0.430158829006280     
 -0.841988834388136      -0.476475279479887     
 -0.909504516988021      -0.520789224933811     
 -0.972400906877826      -0.561822293559190     
  -1.02741901263537      -0.597741277873354     
  -1.07094106402015      -0.627110009305251     
  -1.09909162746346      -0.648151844352623     
  -1.10803789712432      -0.659519681126063     
  -1.09416076080881      -0.660258004209406     
  -1.05454479247083      -0.649510614864599     
 -0.986869405633539      -0.627949883709529     
 -0.890087252434700      -0.595276165446440     
 -0.763578997874945      -0.554204136671052     
 -0.608123906506111      -0.504992079264653     
 -0.424147132942845      -0.451976142271163     
 -0.212802558354268      -0.395447141216061     
  2.653592673682222E-002 -0.340290782559699     
  0.294768500571352      -0.286586168200128     
  0.595927288273426      -0.237989099293577     
  0.935198452893624      -0.194492217075364     
   1.32108591534334      -0.156485271721903     
   1.76224971331715      -0.124558786973576     
   2.26844521731700      -9.394878577503533E-002
   2.84518753129236      -6.769828623535799E-002
   3.49449906113112      -3.595217757733415E-002
   4.21239938761014      -1.293991483077227E-002
   5.00000000000000       0.000000000000000E+000
  2.122610839453942E-314  0.000000000000000E+000
 -4.717090553786779E-002 -3.933182800831461E-003
 -9.208171728028877E-002 -1.478175187671450E-002
 -0.135605266981791      -3.147715753451264E-002
 -0.178437182187523      -5.309887751546982E-002
 -0.221422210952145      -7.926099991426670E-002
 -0.265327254843573      -0.109547622947784     
 -0.310949427596143      -0.143887031519276     
 -0.359024264385983      -0.182047204948835     
 -0.410173641989364      -0.224058538932196     
 -0.464913870504948      -0.269644884086429     
 -0.523493991654620      -0.318758556785104     
 -0.585939931017448      -0.370875755977167     
 -0.651865748367055      -0.425691108404733     
 -0.720467790647403      -0.482243738095114     
 -0.790456842371919      -0.539797375864740     
 -0.859864282457126      -0.596838642629976     
 -0.926348229809222      -0.652067748053071     
 -0.986612705669772      -0.703485446685819     
  -1.03742266304694      -0.749266929291168     
  -1.07440458045373      -0.787352976305636     
  -1.09405713454106      -0.815560104171980     
  -1.09172391219834      -0.832544182498362     
  -1.06465163348265      -0.836317855819315     
  -1.00918968880931      -0.827177400609469     
 -0.924204969792124      -0.803651359816869     
 -0.807842072332684      -0.768237449553464     
 -0.660719521109364      -0.720457660664202     
 -0.482561263831051      -0.664711483780353     
 -0.274533772137306      -0.601040565446208     
 -3.570202425630210E-002 -0.534611982449505     
  0.234186163578845      -0.465912536394241     
  0.539093205558398      -0.399009610333348     
  0.882517482511920      -0.334263171303608     
   1.27366197965874      -0.273233796701296     
   1.71803251638238      -0.216189799918942     
   2.22768452006122      -0.161069472538387     
   2.80550483929834      -0.109875519079301     
   3.45743811576729      -5.774938492906180E-002
   4.18744054198900      -1.854566178934649E-002
   5.00000000000000       0.000000000000000E+000
  2.122610839453942E-314  0.000000000000000E+000
 -3.938098958855732E-002 -4.028056202472879E-003
 -7.795028316944320E-002 -1.508163896854049E-002
 -0.116048114816139      -3.216261954825506E-002
 -0.154070438312068      -5.435978089271393E-002
 -0.192599397807074      -8.134725659272897E-002
 -0.232235410977054      -0.112818130554423     
 -0.273693999240102      -0.148726823442726     
 -0.317619433706708      -0.189043399635787     
 -0.364689872770580      -0.233799400699279     
 -0.415397633032642      -0.283021808048240     
 -0.470170132223762      -0.336637115617841     
 -0.529089655786192      -0.394521165000634     
 -0.592056734941335      -0.456303550971953     
 -0.658428551867498      -0.521484301787147     
 -0.727265302275423      -0.589192205237580     
 -0.796876895152898      -0.658338049915427     
 -0.865218091563570      -0.727377786431659     
 -0.929361797061661      -0.794520750277105     
 -0.986119233938697      -0.857555462477476     
  -1.03147722355889      -0.914196453579004     
  -1.06151618038647      -0.961693240664821     
  -1.07178519379794      -0.997887573557173     
  -1.05854423952121       -1.02019758870907     
  -1.01805750047258       -1.02769030425619     
 -0.947893029872515       -1.01807206959818     
 -0.845830058322566      -0.992837562597528     
 -0.711224842230062      -0.950722290094308     
 -0.543567852348138      -0.896054168772106     
 -0.343166713440319      -0.827528905355873     
 -0.109438523435702      -0.751556611864111     
  0.158592855186359      -0.667747272465813     
  0.463281130787407      -0.581975969763738     
  0.808927643718537      -0.493961017660918     
   1.20192903034720      -0.406473471497133     
   1.64978712081685      -0.321865991756629     
   2.16074135897814      -0.236408307289085     
   2.74235500913999      -0.159280190282952     
   3.40027558444390      -8.105627482734272E-002
   4.14452010739531      -2.609520028997551E-002
   5.00000000000000       0.000000000000000E+000
  2.122610839453942E-314  0.000000000000000E+000
 -3.167589566897074E-002 -3.926910939021261E-003
 -6.379955854906988E-002 -1.479681917720092E-002
 -9.638206905728444E-002 -3.169580318508325E-002
 -0.129398756299151      -5.373645960825288E-002
 -0.163221085364106      -8.073158570204482E-002
 -0.198264756631934      -0.112391905593496     
 -0.235100380815648      -0.148864534229043     
 -0.274361393343838      -0.190098794277989     
 -0.316621504647733      -0.236406227792715     
 -0.362511048377215      -0.287773683509791     
 -0.412393568579612      -0.344515940163478     
 -0.466646103131769      -0.406450033166008     
 -0.525164306757156      -0.473710016871422     
 -0.587763162038722      -0.545702143286023     
 -0.653583027060610      -0.622146491006519     
 -0.721514175305331      -0.701777068655057     
 -0.789694997810264      -0.783637166118834     
 -0.855758237556468      -0.865598472932939     
 -0.916786205899416      -0.945845299423133     
 -0.969021394205942       -1.02150252633264     
  -1.00882587465627       -1.08980405801423     
  -1.03141299325626       -1.14767846037771     
  -1.03321311991614       -1.19192791671663     
  -1.00940972173391       -1.22054528401186     
 -0.957462590547815       -1.22995713826577     
 -0.873535005277242       -1.22060283240301     
 -0.756620740517839       -1.18988508769727     
 -0.604956836020835       -1.14146749135909     
 -0.418195337181425       -1.07294204932747     
 -0.195272033144502      -0.990493534554160     
  6.488254531867690E-002 -0.893838990613851     
  0.364362022110525      -0.789538299927469     
  0.706246314359348      -0.676962504283543     
   1.09913688462563      -0.560917312437770     
   1.54710872867923      -0.444071368911424     
   2.06194765994874      -0.326058518732452     
   2.64869595332284      -0.215507641384961     
   3.31938689772833      -0.109941894753265     
   4.09412854801700      -3.332311463607725E-002
   5.00000000000000       0.000000000000000E+000
  2.122610839453942E-314  0.000000000000000E+000
 -2.415928651750857E-002 -3.714678353565097E-003
 -5.009985226720696E-002 -1.397190579327870E-002
 -7.720632164387964E-002 -3.008711041739466E-002
 -0.105235207404094      -5.122913907251399E-002
 -0.134234461666395      -7.733691094063649E-002
 -0.164485509305202      -0.108228468351515     
 -0.196427204125320      -0.144087320482648     
 -0.230590495484390      -0.185046002574252     
 -0.267560958806626      -0.231397408801786     
 -0.307892332322014      -0.283433831511946     
 -0.352101277344595      -0.341407567302208     
 -0.400530543127736      -0.405608522721780     
 -0.453393594010300      -0.476056919761689     
 -0.510544485856406      -0.552834278813095     
 -0.571627349469503      -0.635462475935722     
 -0.635673274750621      -0.723541894097603     
 -0.701483530000330      -0.815781015063243     
 -0.766931352942738      -0.910998761849636     
 -0.829795453158264       -1.00682908270476     
 -0.886589740595276       -1.10115268485047     
 -0.934149885198072       -1.19040030319659     
 -0.967833862646490       -1.27164768068889     
 -0.984031668270415       -1.34070950232252     
 -0.977697534347762       -1.39482619280216     
 -0.945660834179294       -1.42897178296164     
 -0.883368609395779       -1.44207089668640     
 -0.788678823709804       -1.43036626418755     
 -0.658776425069609       -1.39604387595755     
 -0.492403446053618       -1.33428528113885     
 -0.287471699775287       -1.25174759666157     
 -4.199094749629748E-002  -1.14619770037116     
  0.245622871329555       -1.02702505063448     
  0.579657875718129      -0.889181811147623     
  0.966019254949591      -0.741394912286503     
   1.41386607782237      -0.589004948914354     
   1.92917490235212      -0.431098741278950     
   2.52509076217602      -0.285072786695368     
   3.21225924696715      -0.142532507338168     
   4.01958761277808      -4.444678419982760E-002
   5.00000000000000       0.000000000000000E+000
  2.122610839453942E-314  0.000000000000000E+000
 -1.732913651267173E-002 -3.320762452621246E-003
 -3.735722448338288E-002 -1.262499393231011E-002
 -5.925778482446029E-002 -2.738760581308313E-002
 -8.234862759183305E-002 -4.694011782423367E-002
 -0.106538000612673      -7.134828955006280E-002
 -0.131905061778240      -0.100485131392119     
 -0.158761283672370      -0.134683356944398     
 -0.187590469096726      -0.174042331539179     
 -0.218844986229491      -0.219088444859169     
 -0.253166206820871      -0.270033316417601     
 -0.290933678402799      -0.327503085595562     
 -0.332744917988299      -0.391670598264200     
 -0.378685896686068      -0.463131426968751     
 -0.429095472617316      -0.541803794564283     
 -0.483515783648794      -0.628040890997783     
 -0.541756993381341      -0.721190321843905     
 -0.602552481868760      -0.821066736938183     
 -0.664850288997538      -0.926061193806053     
 -0.726380034821433       -1.03511040108800     
 -0.784883637101808       -1.14533375785941     
 -0.837130158698194       -1.25447382726803     
 -0.879521256854005       -1.35833539853229     
 -0.908295011876625       -1.45358573930542     
 -0.918668632987314       -1.53560410663051     
 -0.907123164098280       -1.59948029954462     
 -0.868499301721584       -1.64151852722737     
 -0.800043393631631       -1.65719971771689     
 -0.697791085965309       -1.64628297997093     
 -0.559426375885111       -1.60177684158108     
 -0.381330824394493       -1.52880080548198     
 -0.160864435682110       -1.42286717409920     
  0.104829124814113       -1.29433000472753     
  0.420954125080918       -1.13529213618809     
  0.795599036116036      -0.955770663299969     
   1.23653743046592      -0.764232893465970     
   1.75330355152940      -0.563713330938864     
   2.35366112734201      -0.369740264185067     
   3.06940878254750      -0.186567512045497     
   3.93310226474087      -5.528520702974540E-002
   5.00000000000000       0.000000000000000E+000
  2.122610839453942E-314  0.000000000000000E+000
 -1.122532937066981E-002 -2.826157572988914E-003
 -2.604568442521256E-002 -1.078533918483842E-002
 -4.304855455421041E-002 -2.371759219515963E-002
 -6.149743924193418E-002 -4.104414028112868E-002
 -8.099164008779978E-002 -6.299775734498164E-002
 -0.101552715279265      -8.952505150166988E-002
 -0.123343336402904      -0.120986608804080     
 -0.146757144817821      -0.157595594289237     
 -0.172211782850559      -0.199826339916195     
 -0.200231591613363      -0.248114668802306     
 -0.231281697552172      -0.302978342259684     
 -0.265835750900773      -0.365000645047300     
 -0.304231623768743      -0.434610098171628     
 -0.346705254320233      -0.512414950111782     
 -0.393289419423278      -0.598513170702370     
 -0.443738255330166      -0.693320323217499     
 -0.497587412240039      -0.796249922404811     
 -0.553785134836265      -0.907194780807356     
 -0.611197877942829       -1.02445159139892     
 -0.667593046056721       -1.14697649715314     
 -0.721103101316124       -1.27158304326302     
 -0.768068812888090       -1.39588394897658     
 -0.806080546244036       -1.51521040407838     
 -0.829983889182853       -1.62601799440490     
 -0.837268653141524       -1.72169656529043     
 -0.821788302097951       -1.79802560316362     
 -0.781310799935502       -1.84917163308670     
 -0.709826078789566       -1.87266280340388     
 -0.605556543648144       -1.85793327731806     
 -0.461918368349456       -1.80814032253937     
 -0.276118767791244       -1.71609816268141     
 -4.287433118533625E-002  -1.59164045803911     
  0.244083526709151       -1.41802179297558     
  0.593478812292674       -1.21078198246387     
   1.02244523269343      -0.979578130596207     
   1.53163804709621      -0.734488394941682     
   2.14469368892806      -0.487846763511895     
   2.88410134578021      -0.240633207929218     
   3.80798772941716      -7.507646103958568E-002
   5.00000000000000       0.000000000000000E+000
  2.122610839453942E-314  0.000000000000000E+000
 -6.295393642870062E-003 -2.210631267048980E-003
 -1.649495217674049E-002 -8.625588786127753E-003
 -2.917634360474967E-002 -1.929185542363488E-002
 -4.326915466984518E-002 -3.390870004366428E-002
 -5.834893219127048E-002 -5.278772110229315E-002
 -7.428544081864177E-002 -7.594473372824026E-002
 -9.115737792033618E-002 -0.103805171635439     
 -0.109297349712607      -0.136528374110348     
 -0.128987224387765      -0.174712936860527     
 -0.150769436957977      -0.218673712751564     
 -0.174935186487486      -0.269179650000942     
 -0.202096678040101      -0.326640398015289     
 -0.232390133958645      -0.391948226375044     
 -0.266394937229674      -0.465477589400117     
 -0.303913871120130      -0.548115523480270     
 -0.345375324897168      -0.639953461852011     
 -0.390034756342793      -0.741651728699823     
 -0.437993681866564      -0.852625844423820     
 -0.487733030918433      -0.972993424675437     
 -0.538775335407467       -1.10094942845465     
 -0.588683178410513       -1.23573065014659     
 -0.636091038844135       -1.37372367770063     
 -0.677729307976906       -1.51303162998668     
 -0.710944521864642       -1.64799241489082     
 -0.732088182330086       -1.77501836050668     
 -0.737307532005602       -1.88639382271324     
 -0.723113349997682       -1.97818493611918     
 -0.684009099783156       -2.04355037091799     
 -0.616833934193498       -2.07243701100324     
 -0.514519631738393       -2.06141155448857     
 -0.371997316105008       -2.00280894032765     
 -0.185226813429310       -1.90122945040384     
  5.757432406145142E-002  -1.73505114067215     
  0.363500496795005       -1.51859908991394     
  0.751242963269065       -1.25173049395004     
   1.23744793206002      -0.965284510142414     
   1.84232390855899      -0.645118957464581     
   2.62690009949310      -0.320299375690735     
   3.66494398855600      -9.492360388662044E-002
   5.00000000000000       0.000000000000000E+000
  2.122610839453942E-314  0.000000000000000E+000
 -2.498198711042222E-003 -1.528991113248638E-003
 -9.075948680646474E-003 -6.152652825342600E-003
 -1.793798082427390E-002 -1.434351735097390E-002
 -2.818102455721629E-002 -2.589862523499681E-002
 -3.918360480096943E-002 -4.128158927845633E-002
 -5.085070197365402E-002 -6.052983218949777E-002
 -6.314832655826323E-002 -8.405570921524425E-002
 -7.634087988441302E-002 -0.112044170747435     
 -9.065155458742512E-002 -0.144995715543933     
 -0.106487007092968      -0.183319026286907     
 -0.124147298879203      -0.227628488244938     
 -0.144068374713647      -0.278565784359353     
 -0.166512013369477      -0.336807663068013     
 -0.191858049651824      -0.403205778430130     
 -0.220235554613306      -0.478339824287605     
 -0.251856571493272      -0.563184072823386     
 -0.286622237068080      -0.657938985175650     
 -0.324394632403751      -0.763517610805988     
 -0.364754658810495      -0.879332509841190     
 -0.406937142759998       -1.00589499709946     
 -0.450158990936463       -1.14137652645783     
 -0.492659243407628       -1.28537087666894     
 -0.533384848059977       -1.43435432445889     
 -0.569076191281497       -1.58639843821846     
 -0.598660797681867       -1.73603641302286     
 -0.617275231840841       -1.87885819473210     
 -0.624311220637617       -2.00864901079333     
 -0.612420122965745       -2.11986529440084     
 -0.581780371625294       -2.19927048291414     
 -0.521675764242258       -2.24068948299628     
 -0.431318081802207       -2.23772444136541     
 -0.298959433697927       -2.18676943703770     
 -0.119495946826970       -2.05720931713700     
  0.126200190251821       -1.86191827881725     
  0.458074661772496       -1.58964862259594     
  0.896458171764407       -1.27897424237597     
   1.49181891181335      -0.874377303637467     
   2.29401331847940      -0.413249616604917     
   3.44888501151975      -0.121704117340267     
   5.00000000000000       0.000000000000000E+000
  2.122610839453942E-314  0.000000000000000E+000
 -9.346025682254216E-005 -8.492904354234556E-004
 -3.807676139824031E-003 -3.721155393955216E-003
 -9.587541585690024E-003 -9.294613373130591E-003
 -1.645608175528381E-002 -1.767452730562748E-002
 -2.388183531178916E-002 -2.933125528329237E-002
 -3.174205347369063E-002 -4.433209543057284E-002
 -3.996039584382312E-002 -6.306510473962254E-002
 -4.875696461671030E-002 -8.563022678738461E-002
 -5.823823189642423E-002 -0.112527601446070     
 -6.877056025703195E-002 -0.144018486240735     
 -8.049271039523131E-002 -0.180788294184119     
 -9.384835558518032E-002 -0.223270546531213     
 -0.108903333521484      -0.272356099982548     
 -0.126162513892491      -0.328609186355900     
 -0.145515090975097      -0.393081768404907     
 -0.167524305901937      -0.466351294991945     
 -0.191771842409195      -0.549521237279643     
 -0.218865086303876      -0.642955962755861     
 -0.247909726119600      -0.747633242716306     
 -0.279513209880687      -0.863305854858841     
 -0.312121803080606      -0.990620650450326     
 -0.346228590476828       -1.12810704882978     
 -0.379493103919812       -1.27585397984349     
 -0.412108816872480       -1.43023510673269     
 -0.441037322918223       -1.59077994366632     
 -0.465916957629549       -1.75056119249135     
 -0.483346381818367       -1.90901103153349     
 -0.491046496678856       -2.05590737152002     
 -0.486002985839959       -2.18693280558313     
 -0.464899213093367       -2.28578374679953     
 -0.424731648382410       -2.35297811238306     
 -0.356115256426290       -2.37598585033031     
 -0.255801918909377       -2.32155442663515     
 -9.584095678661023E-002  -2.19245388079966     
  0.140681890446115       -1.95790331212932     
  0.493573030217024       -1.65522243667661     
   1.05297950214808       -1.18900100827016     
   1.91187233697362      -0.580257013064620     
   3.19549575740999      -0.147049552087754     
   5.00000000000000       0.000000000000000E+000
  2.122610839453942E-314  0.000000000000000E+000
  1.073813251388814E-003 -2.009387134314050E-004
 -8.039751881088383E-004 -1.358206445855312E-003
 -4.084326305063419E-003 -4.525666702961915E-003
 -8.185131427987519E-003 -9.857917073893701E-003
 -1.258501268992514E-002 -1.785454665527706E-002
 -1.723740858497850E-002 -2.856827674830040E-002
 -2.204254306259119E-002 -4.228764545389879E-002
 -2.715522436684224E-002 -5.908784883298698E-002
 -3.263680621627386E-002 -7.932357824673267E-002
 -3.872203014247858E-002 -0.103232068401741     
 -4.551039626205164E-002 -0.131319664521634     
 -5.327747798574355E-002 -0.164029955330847     
 -6.209825438477959E-002 -0.202022739312942     
 -7.227566703945396E-002 -0.245982653923215     
 -8.382065165586446E-002 -0.296640614963608     
 -9.704499951867247E-002 -0.354944914935976     
 -0.111860990851265      -0.421527542956490     
 -0.128545260513929      -0.497605108560028     
 -0.146878971207572      -0.583437476012486     
 -0.167014733093727      -0.680460749734261     
 -0.188590224524389      -0.788184347418744     
 -0.211459313596538      -0.908107618582043     
 -0.235155571665336       -1.03853678758698     
 -0.258993683176246       -1.18057454854365     
 -0.282588876911303       -1.33117315542668     
 -0.304413243290698       -1.49027440317691     
 -0.324606715680902       -1.65301956670222     
 -0.339466813979309       -1.81773602404243     
 -0.350190766387897       -1.97684430356860     
 -0.352014608997287       -2.12232336202531     
 -0.348099636446715       -2.25282820946856     
 -0.326708020531864       -2.36046288317782     
 -0.293658183843308       -2.40106294923333     
 -0.215792507145469       -2.37267904176696     
 -0.101582582556350       -2.25493124698238     
  0.129136633526478       -2.03528212910726     
  0.556621217334050       -1.56008427119612     
   1.32076774773803      -0.851146291401303     
   2.81602972761793      -0.273250676927148     
   5.00000000000000       0.000000000000000E+000
  2.122610839453942E-314  0.000000000000000E+000
  1.121244924145740E-003  2.166250112788781E-004
  3.994447648100860E-004  3.349285002183039E-004
 -1.076824882460737E-003 -7.900250720473209E-004
 -3.050266183927041E-003 -3.473365325531861E-003
 -5.118102435303690E-003 -8.131924878025850E-003
 -7.318237982018031E-003 -1.474324285471943E-002
 -9.532758420082613E-003 -2.352526895992397E-002
 -1.188538912214110E-002 -3.445722583418574E-002
 -1.436756621382037E-002 -4.780242206127926E-002
 -1.713843786416075E-002 -6.367164031637033E-002
 -2.020032085526786E-002 -8.246810770270692E-002
 -2.375756725276311E-002 -0.104445906440998     
 -2.776094679535547E-002 -0.130190451750836     
 -3.249079932456950E-002 -0.160095535769119     
 -3.779168978060903E-002 -0.194925305258537     
 -4.405942166824060E-002 -0.235193822908517     
 -5.096640102992430E-002 -0.281805378474258     
 -5.907361249005218E-002 -0.335354250102938     
 -6.779166990085404E-002 -0.396808585542740     
 -7.790608945947619E-002 -0.466755861655041     
 -8.844442259484346E-002 -0.546111882220904     
 -0.100477704699071      -0.635263276929635     
 -0.112512675191994      -0.734960048843672     
 -0.126005332742166      -0.844945704083432     
 -0.138841940118833      -0.965939420872853     
 -0.152822382360920       -1.09642368157310     
 -0.165055081898331       -1.23705550576905     
 -0.177561987761241       -1.38339685379052     
 -0.187086487448080       -1.53767266379088     
 -0.197228087883896       -1.68898531401785     
 -0.204200770119686       -1.84635755596665     
 -0.205454025661550       -1.99576215496819     
 -0.193458264632087       -2.12805918431227     
 -0.169716170573901       -2.19696629087791     
 -0.131379687127146       -2.25768443630472     
 -9.933088331092739E-002  -2.24397812340482     
 -2.196418635522809E-002  -1.95248812413837     
  0.390084129708390       -1.46317990431376     
   1.65910367358140      -0.495077332184860     
   5.00000000000000       0.000000000000000E+000
  2.122610839453942E-314  0.000000000000000E+000
  4.124925194937884E-004  4.124925194938724E-004
  2.434038599224738E-004  1.137761827429001E-003
 -9.857063579761501E-005  1.196705219759346E-003
 -6.144585491633018E-004  3.390606323610297E-004
 -1.156970691854773E-003 -1.565876893613016E-003
 -1.735871700631584E-003 -4.569929625459485E-003
 -2.302345852981557E-003 -8.706049017200108E-003
 -2.904028481399418E-003 -1.396741513796204E-002
 -3.521899878167742E-003 -2.047362461871982E-002
 -4.228775538896051E-003 -2.824272741234137E-002
 -4.986754271459936E-003 -3.753208378557377E-002
 -5.903354315368090E-003 -4.840863519276126E-002
 -6.904082074703785E-003 -6.126404183732335E-002
 -8.138970061703542E-003 -7.625042530110540E-002
 -9.487559656474768E-003 -9.385278037892192E-002
 -1.114735410463654E-002 -0.114356140272757     
 -1.294382425123764E-002 -0.138264847304872     
 -1.512515538338084E-002 -0.166070089561624     
 -1.745660419715929E-002 -0.198168038261083     
 -2.023357455641918E-002 -0.235367212940051     
 -2.315737990472785E-002 -0.277743717998235     
 -2.655170588346029E-002 -0.326562434784324     
 -3.005343859524038E-002 -0.381307149015698     
 -3.401992572258452E-002 -0.443843610298965     
 -3.809500998255473E-002 -0.512726948716018     
 -4.252795130815827E-002 -0.590727652491787     
 -4.695328899564347E-002 -0.674789048236561     
 -5.135182168889736E-002 -0.768055459546920     
 -5.538224720828105E-002 -0.867555502661494     
 -6.036120371563351E-002 -0.976838049160264     
 -6.796474894922466E-002  -1.08992880408501     
 -7.275990042203070E-002  -1.21789120525432     
 -7.331761411962734E-002  -1.33987858202355     
 -6.867451925681024E-002  -1.44052475004292     
 -6.412952403684558E-002  -1.58549947853714     
 -9.530016263902376E-002  -1.81532183863117     
 -0.215810005929181       -1.81262193232012     
 -8.451948242335799E-002  -1.79688674933409     
   1.18782662725040       -1.05004355149792     
   5.00000000000000       0.000000000000000E+000
  2.122610839453942E-314  0.000000000000000E+000
  2.122610839453942E-314  0.000000000000000E+000
  2.122610839453942E-314  0.000000000000000E+000
  2.122610839453942E-314  0.000000000000000E+000
  2.122610839453942E-314  0.000000000000000E+000
  2.122610839453942E-314  0.000000000000000E+000
  2.122610839453942E-314  0.000000000000000E+000
  2.122610839453942E-314  0.000000000000000E+000
  2.122610839453942E-314  0.000000000000000E+000
  2.122610839453942E-314  0.000000000000000E+000
  2.122610839453942E-314  0.000000000000000E+000
  2.122610839453942E-314  0.000000000000000E+000
  2.122610839453942E-314  0.000000000000000E+000
  2.122610839453942E-314  0.000000000000000E+000
  2.122610839453942E-314  0.000000000000000E+000
  2.122610839453942E-314  0.000000000000000E+000
  2.122610839453942E-314  0.000000000000000E+000
  2.122610839453942E-314  0.000000000000000E+000
  2.122610839453942E-314  0.000000000000000E+000
  2.122610839453942E-314  0.000000000000000E+000
  2.122610839453942E-314  0.000000000000000E+000
  2.122610839453942E-314  0.000000000000000E+000
  2.122610839453942E-314  0.000000000000000E+000
  2.122610839453942E-314  0.000000000000000E+000
  2.122610839453942E-314  0.000000000000000E+000
  2.122610839453942E-314  0.000000000000000E+000
  2.122610839453942E-314  0.000000000000000E+000
  2.122610839453942E-314  0.000000000000000E+000
  2.122610839453942E-314  0.000000000000000E+000
  2.122610839453942E-314  0.000000000000000E+000
  2.122610839453942E-314  0.000000000000000E+000
  2.122610839453942E-314  0.000000000000000E+000
  2.122610839453942E-314  0.000000000000000E+000
  2.122610839453942E-314  0.000000000000000E+000
  2.122610839453942E-314  0.000000000000000E+000
  2.122610839453942E-314  0.000000000000000E+000
  2.122610839453942E-314  0.000000000000000E+000
  2.122610839453942E-314  0.000000000000000E+000
  2.122610839453942E-314  0.000000000000000E+000
  2.122610839453942E-314  0.000000000000000E+000
   5.00000000000000       0.000000000000000E+000
