  5.432309224871097E-312  0.000000000000000E+000
  2.122610839453942E-314  0.000000000000000E+000
  2.122610839453942E-314  0.000000000000000E+000
  2.122610839453942E-314  0.000000000000000E+000
  2.122610839453942E-314  0.000000000000000E+000
  2.122610839453942E-314  0.000000000000000E+000
  2.122610839453942E-314  0.000000000000000E+000
  2.122610839453942E-314  0.000000000000000E+000
  2.122610839453942E-314  0.000000000000000E+000
  2.122610839453942E-314  0.000000000000000E+000
  2.122610839453942E-314  0.000000000000000E+000
  2.122610839453942E-314  0.000000000000000E+000
  2.122610839453942E-314  0.000000000000000E+000
  2.122610839453942E-314  0.000000000000000E+000
  2.122610839453942E-314  0.000000000000000E+000
  2.122610839453942E-314  0.000000000000000E+000
  2.122610839453942E-314  0.000000000000000E+000
  2.122610839453942E-314  0.000000000000000E+000
  2.122610839453942E-314  0.000000000000000E+000
  2.122610839453942E-314  0.000000000000000E+000
  2.122610839453942E-314  0.000000000000000E+000
  2.122610839453942E-314  0.000000000000000E+000
  2.122610839453942E-314  0.000000000000000E+000
  2.122610839453942E-314  0.000000000000000E+000
  2.122610839453942E-314  0.000000000000000E+000
  2.122610839453942E-314  0.000000000000000E+000
  2.122610839453942E-314  0.000000000000000E+000
  2.122610839453942E-314  0.000000000000000E+000
  2.122610839453942E-314  0.000000000000000E+000
  2.122610839453942E-314  0.000000000000000E+000
  2.122610839453942E-314  0.000000000000000E+000
  2.122610839453942E-314  0.000000000000000E+000
  2.122610839453942E-314  0.000000000000000E+000
  2.122610839453942E-314  0.000000000000000E+000
  2.122610839453942E-314  0.000000000000000E+000
  2.122610839453942E-314  0.000000000000000E+000
  2.122610839453942E-314  0.000000000000000E+000
  2.122610839453942E-314  0.000000000000000E+000
  2.122610839453942E-314  0.000000000000000E+000
  2.122610839453942E-314  0.000000000000000E+000
   5.00000000000000       0.000000000000000E+000
  2.122610839453942E-314  0.000000000000000E+000
  2.724684980698188E-004 -2.761085990735932E-004
 -2.798723002429304E-004  1.604871246477398E-004
 -1.009004541832936E-003  1.400460688692647E-003
 -1.797252773711853E-003  4.290878766222107E-003
 -2.564393804627392E-003  8.540290217593829E-003
 -3.272629890544882E-003  1.426125204389554E-002
 -3.964780881142296E-003  2.129008896073884E-002
 -4.588787237001862E-003  2.960618493306974E-002
 -5.189058247730349E-003  3.907606158779343E-002
 -5.713492725521329E-003  4.963974006535719E-002
 -6.208232914507210E-003  6.117597005804636E-002
 -6.618082415965961E-003  7.358264513726415E-002
 -6.988732442401856E-003  8.674860231601972E-002
 -7.263817103551996E-003  0.100520485435811     
 -7.488971545986056E-003  0.114803443683950     
 -7.612302205198767E-003  0.129386569029178     
 -7.678051736387529E-003  0.144205719865157     
 -7.648229435640012E-003  0.159003417183604     
 -7.561347795325026E-003  0.173762987703919     
 -7.406915586986839E-003  0.188218251478400     
 -7.210900928207676E-003  0.202414066552108     
 -7.007339844076668E-003  0.216150959558743     
 -6.798948819497704E-003  0.229538188132256     
 -6.692198140598687E-003  0.242580583852561     
 -6.666132735638665E-003  0.255440598905610     
 -6.932540074821730E-003  0.268530291766551     
 -7.457930705735177E-003  0.282091624307038     
 -8.541527253806155E-003  0.297334952795575     
 -9.933259211579512E-003  0.314248573306231     
 -1.268421628884369E-002  0.336216074574548     
 -1.782966552811527E-002  0.363502142356374     
 -2.527363941610889E-002  0.399063260853607     
 -3.526767614798005E-002  0.446952453929230     
 -4.216339824248785E-002  0.521735250604675     
 -2.729377498737490E-002  0.589067244764840     
 -3.614645667948196E-002  0.708189949007478     
 -0.248083720013886        1.00622341090976     
 -0.233972676014846       0.876301895471781     
  0.614848496150955       0.614848496150911     
   5.00000000000000       0.000000000000000E+000
  2.122610839453942E-314  0.000000000000000E+000
 -1.568470236637309E-004  2.587802594014547E-004
 -1.920613962461243E-003  1.874881241039562E-003
 -4.510680285089167E-003  5.346241433207407E-003
 -7.181986253605100E-003  1.120705888031429E-002
 -9.942298912685211E-003  1.956872848874345E-002
 -1.250624651768279E-002  3.024583653813696E-002
 -1.502029716544112E-002  4.331244719060635E-002
 -1.730583885638268E-002  5.849608436015776E-002
 -1.948811415647166E-002  7.580837388612836E-002
 -2.142738667353698E-002  9.494121568675769E-002
 -2.321853692887078E-002  0.115871108270774     
 -2.474909327099232E-002  0.138262300381854     
 -2.607734236768529E-002  0.162055272435503     
 -2.712606130386615E-002  0.186881696703774     
 -2.791558676580104E-002  0.212647868141340     
 -2.842176290234585E-002  0.238955448745565     
 -2.862749664286485E-002  0.265692059871473     
 -2.858189468246902E-002  0.292448984438976     
 -2.823624373056402E-002  0.319130448787658     
 -2.772882021880529E-002  0.345355437051482     
 -2.699770703103141E-002  0.371107074615789     
 -2.627486032742084E-002  0.396089362091018     
 -2.552921643811699E-002  0.420463547008107     
 -2.507173594619150E-002  0.444094144912986     
 -2.500264085101358E-002  0.467476785142699     
 -2.565911961057911E-002  0.490710953290074     
 -2.746654283942417E-002  0.514926035827935     
 -3.070486869027441E-002  0.540613476873374     
 -3.656382635324312E-002  0.569986866597583     
 -4.490481359028085E-002  0.603805378493271     
 -5.896939801182581E-002  0.646021604536957     
 -7.662136255452305E-002  0.695768421760985     
 -0.102477680815611       0.763218807573916     
 -0.132946449306989       0.854606734804247     
 -0.181681241618091       0.971942965190272     
 -0.207580650744870        1.07176351985992     
 -0.237597704248990        1.14137926864518     
 -5.155779361022617E-002  0.943799137825954     
   1.36885738612334       0.436857288640091     
   5.00000000000000       0.000000000000000E+000
  2.122610839453942E-314  0.000000000000000E+000
 -1.353162895777006E-003  9.499409080881800E-004
 -5.325565899970122E-003  4.295826533862245E-003
 -1.040106239621846E-002  1.008962840019407E-002
 -1.589402110946424E-002  1.908687033231546E-002
 -2.141440119094516E-002  3.108514089547074E-002
 -2.676735207829155E-002  4.621986876107662E-002
 -3.188332298714660E-002  6.427300372393124E-002
 -3.667721181892042E-002  8.522254351522160E-002
 -4.115180294873105E-002  0.108811509619465     
 -4.523157838657844E-002  0.134915902446508     
 -4.892881030756514E-002  0.163257329217249     
 -5.215877859087874E-002  0.193648012391219     
 -5.492857546353123E-002  0.225779171671322     
 -5.715270839509674E-002  0.259397486038099     
 -5.884207371430528E-002  0.294173023271444     
 -5.992859527883799E-002  0.329782159446531     
 -6.044279056119001E-002  0.365903387030171     
 -6.035994623786504E-002  0.402154052646435     
 -5.974848265855934E-002  0.438271818690566     
 -5.866013547654494E-002  0.473854070919163     
 -5.722014932831458E-002  0.508767429000453     
 -5.559856361999776E-002  0.542666800694784     
 -5.400165239757711E-002  0.575634829982210     
 -5.277274216012321E-002  0.607502443403575     
 -5.224542423069417E-002  0.638682398947661     
 -5.300328915609449E-002  0.669330275271528     
 -5.559205283423457E-002  0.700346596520104     
 -6.094648380746185E-002  0.732367423735678     
 -7.013565855965712E-002  0.767098722188466     
 -8.427276152059758E-002  0.805172721754349     
 -0.105367315279604       0.849706407828293     
 -0.132959076768179       0.900039255735908     
 -0.168778102259563       0.960248163442680     
 -0.208341452803676        1.02326634923744     
 -0.266147077290443        1.10246592631840     
 -0.273495702627191        1.10611140030996     
 -0.196513126243360        1.05352321031340     
  0.331234457241459       0.793795784482298     
   1.90943343981540       0.298577360884860     
   5.00000000000000       0.000000000000000E+000
  2.122610839453942E-314  0.000000000000000E+000
 -4.018434991474576E-003  1.616313971316008E-003
 -1.086250823275928E-002  6.539707631661853E-003
 -1.918746686429342E-002  1.475269389327502E-002
 -2.796631680035161E-002  2.656545173897570E-002
 -3.683972292096508E-002  4.192637411793496E-002
 -4.544752886565842E-002  6.079600423915636E-002
 -5.371815139207729E-002  8.309338506868058E-002
 -6.149394204352544E-002  0.108658133553296     
 -6.876430475436501E-002  0.137339954961703     
 -7.542331657996361E-002  0.168887525691928     
 -8.144779127047479E-002  0.203092089553740     
 -8.674839398442120E-002  0.239657635966247     
 -9.127217443510850E-002  0.278301683775127     
 -9.495422670863857E-002  0.318686338630272     
 -9.772391471233242E-002  0.360457574729619     
 -9.956681275640643E-002  0.403238559864516     
 -0.100420482930130       0.446627682260888     
 -0.100354344876814       0.490221214891904     
 -9.935278355394851E-002  0.533625020502539     
 -9.760140966512552E-002  0.576435792056216     
 -9.518614514278291E-002  0.618357646624059     
 -9.243242763884908E-002  0.659031600452974     
 -8.960992801262352E-002  0.698387757542507     
 -8.719237906694145E-002  0.736163383290829     
 -8.576425347049751E-002  0.772681575399471     
 -8.593401172191512E-002  0.807814490767577     
 -8.880957092477956E-002  0.842468991215500     
 -9.505116353167604E-002  0.876583061563214     
 -0.106591544184427       0.911774911530868     
 -0.123776814370054       0.947542629300101     
 -0.149166818424779       0.986126690076530     
 -0.181411566495354        1.02573854037217     
 -0.221550085278310        1.06632534832936     
 -0.259095688936031        1.09784073115333     
 -0.281781633033125        1.10770750216626     
 -0.240212368839267        1.05092622166238     
  2.483959817211669E-002  0.890522219248329     
  0.740360026471342       0.595983775186005     
   2.31093384864033       0.210463538809231     
   5.00000000000000       0.000000000000000E+000
  2.122610839453942E-314  0.000000000000000E+000
 -7.806605042558691E-003  2.203962935896577E-003
 -1.840647189452669E-002  8.613972278868363E-003
 -3.038538518894958E-002  1.887678813436492E-002
 -4.293045296893625E-002  3.321949980897263E-002
 -5.548907200633716E-002  5.137546875177194E-002
 -6.775484485095196E-002  7.342248759803358E-002
 -7.951984639615393E-002  9.909242100892092E-002
 -9.065182411024772E-002  0.128384367732860     
 -0.101059156867067       0.160978053848941     
 -0.110636252485167       0.196775804472654     
 -0.119311467468379       0.235406198144539     
 -0.126964933806423       0.276704200676829     
 -0.133527745236193       0.320237178158539     
 -0.138869249179708       0.365760305571499     
 -0.142943599886796       0.412791953455897     
 -0.145636538280101       0.460992988517530     
 -0.146963971692996       0.509869860153407     
 -0.146871363971461       0.558979575805522     
 -0.145483655914986       0.607885940474377     
 -0.142861337036171       0.656047537804131     
 -0.139287041068002       0.703186196160136     
 -0.135000613773131       0.748683705417727     
 -0.130492710459325       0.792549110944340     
 -0.126250201549578       0.834105748174596     
 -0.123034156983142       0.873807801504036     
 -0.121627779985717       0.910870631394690     
 -0.123161971711573       0.946389328033249     
 -0.128620956804894       0.979154534201713     
 -0.139609570515291        1.01111187264737     
 -0.156537570779967        1.03964121096774     
 -0.181195832685744        1.06752076969735     
 -0.210206464216646        1.08793572190254     
 -0.244217903423639        1.10407994201063     
 -0.261507827538834        1.09487622648850     
 -0.248144463041151        1.05904283844505     
 -0.112558991556316       0.952939739308231     
  0.254225773057853       0.760262842803850     
   1.08057394443405       0.488817685407861     
   2.64106257826674       0.160405377982722     
   5.00000000000000       0.000000000000000E+000
  2.122610839453942E-314  0.000000000000000E+000
 -1.256549691019030E-002  2.632762044894080E-003
 -2.751472904516081E-002  1.019840214933925E-002
 -4.371292856635641E-002  2.223697629709439E-002
 -6.031883049835061E-002  3.861356099116935E-002
 -7.686666416417820E-002  5.910481083730977E-002
 -9.298343321966535E-002  8.362698948261436E-002
 -0.108468263164753       0.111990252504968     
 -0.123141979478113       0.144083788183063     
 -0.136884738633247       0.179674363892953     
 -0.149570185925313       0.218587712229010     
 -0.161072229609152       0.260522731983936     
 -0.171267348039034       0.305256149288632     
 -0.180009008479163       0.352394227717456     
 -0.187180198340445       0.401654244359577     
 -0.192637870529931       0.452544940877842     
 -0.196306037241010       0.504715899176349     
 -0.198093307891937       0.557597768453592     
 -0.198016051147707       0.610767409798959     
 -0.196099651074425       0.663631339884522     
 -0.192509096122001       0.715699346328645     
 -0.187462441328995       0.766441602071631     
 -0.181323221468464       0.815315898242571     
 -0.174584749928488       0.861966718699048     
 -0.167841776660864       0.905809262457100     
 -0.161943253470833       0.946768015870893     
 -0.157708771276100       0.984174605769750     
 -0.156372615424970        1.01826783430887     
 -0.158844565724004        1.04809610703544     
 -0.166466075414694        1.07400939333475     
 -0.179585463581302        1.09422360528808     
 -0.198127001447691        1.10820697810932     
 -0.219097114946799        1.11169379749686     
 -0.234894854399032        1.10038825177196     
 -0.229005342741638        1.06334143420750     
 -0.160174865490475       0.987060323816861     
  3.687782310279614E-002  0.852420757983313     
  0.497695334204734       0.648432203238391     
   1.39777723874515       0.387866250070479     
   2.88350351044474       0.128891380766112     
   5.00000000000000       0.000000000000000E+000
  2.122610839453942E-314  0.000000000000000E+000
 -1.812358300382795E-002  2.991813126601600E-003
 -3.800261545549995E-002  1.147530945050003E-002
 -5.872093228721974E-002  2.481909496009316E-002
 -7.966116978253210E-002  4.278658223746152E-002
 -0.100343978624211       6.500204208536180E-002
 -0.120467974924104       9.141360362732812E-002
 -0.139782655496915       0.121699930591302     
 -0.158123685461164       0.155846554555267     
 -0.175327887000048       0.193508924034161     
 -0.191246927780744       0.234634451325141     
 -0.205725525682895       0.278820679607552     
 -0.218584811588526       0.325956902415417     
 -0.229668284860168       0.375561277389786     
 -0.238767972681269       0.427428100633933     
 -0.245759726761934       0.481000481851209     
 -0.250442095604224       0.535938633262543     
 -0.252785784225707       0.591648546748615     
 -0.252655196913025       0.647613631970451     
 -0.250191684822169       0.703282297254478     
 -0.245399046542899       0.757924169076213     
 -0.238663037522070       0.811146573429221     
 -0.230200978661405       0.861972512541370     
 -0.220703196387520       0.910307650863505     
 -0.210649531444725       0.954875892967286     
 -0.201073388536197       0.996020599693553     
 -0.192672359398580        1.03202634067466     
 -0.186809358036455        1.06376913372862     
 -0.184035533891096        1.08872910036557     
 -0.185809425816593        1.10824483251163     
 -0.191097833958598        1.11814715445356     
 -0.200341791235652        1.11968836383638     
 -0.205890796552891        1.10516596737797     
 -0.202325578564229        1.07387257751458     
 -0.160038505712302        1.01238554574860     
 -4.894875598781360E-002  0.914180298142431     
  0.215209045533012       0.766024132514051     
  0.731782655718801       0.561928215013380     
   1.64788424409186       0.327776421588703     
   3.08021245131882       0.104713709933621     
   5.00000000000000       0.000000000000000E+000
  2.122610839453942E-314  0.000000000000000E+000
 -2.418512855172005E-002  3.207261493458046E-003
 -4.939196403327840E-002  1.230198587048863E-002
 -7.495483506833102E-002  2.659321822894275E-002
 -0.100394416882594       4.563790145838165E-002
 -0.125339160861894       6.906817701455964E-002
 -0.149521450937829       9.670739106578240E-002
 -0.172719008872010       0.128286648248676     
 -0.194762730551780       0.163703861282481     
 -0.215471990888555       0.202693893332126     
 -0.234685718832377       0.245149396786979     
 -0.252198180672662       0.290747244724286     
 -0.267816979214614       0.339338867156127     
 -0.281304380423680       0.390498765361626     
 -0.292446411406095       0.444000979792704     
 -0.301008966586452       0.499295527120946     
 -0.306803740088182       0.556046320306786     
 -0.309669606418593       0.613587676050282     
 -0.309515987390941       0.671443886471917     
 -0.306343416872018       0.728881516847656     
 -0.300240068184822       0.785267339304470     
 -0.291457491132401       0.839881589379991     
 -0.280333176724796       0.891927166769526     
 -0.267435015096267       0.940790122729874     
 -0.253385253832459       0.985500466058941     
 -0.239066778481098        1.02560704314570     
 -0.225338423700333        1.05991615949931     
 -0.213215179072212        1.08807817376801     
 -0.203500539065577        1.10850889179718     
 -0.196609953459818        1.12061747689731     
 -0.192169868387492        1.12200315017210     
 -0.187539217623209        1.11090104719636     
 -0.177308714285160        1.08315852681714     
 -0.147932395635345        1.03410422094398     
 -7.708511888271316E-002  0.956788894180251     
  7.994937556099568E-002  0.843175866397493     
  0.389588686366120       0.686642593770023     
  0.952272420801809       0.489864115256805     
   1.88806341818557       0.272871229989182     
   3.24737250971805       8.324757630457329E-002
   5.00000000000000       0.000000000000000E+000
  2.122610839453942E-314  0.000000000000000E+000
 -3.065701496587975E-002  3.363384353082123E-003
 -6.146195420967422E-002  1.283992197582404E-002
 -9.202462362938268E-002  2.765828155613776E-002
 -0.122059299245871       4.733335872802151E-002
 -0.151292058188399       7.139891317234540E-002
 -0.179541014222366       9.969699764422467E-002
 -0.206610231901901       0.131874660533349     
 -0.232354030455413       0.167902997270466     
 -0.256584155261656       0.207444912697145     
 -0.279119073268378       0.250502346832205     
 -0.299732086799349       0.296684216258553     
 -0.318170741382974       0.345955801162342     
 -0.334176010603533       0.397828899184851     
 -0.347431222747889       0.452162749323607     
 -0.357697418512188       0.508361256401918     
 -0.364639739803292       0.566102049976947     
 -0.368129275416747       0.624716172883995     
 -0.367889868372530       0.683618689907578     
 -0.364009560974828       0.742155268947000     
 -0.356363633788399       0.799405018220823     
 -0.345353989415239       0.854856670129820     
 -0.331089202803157       0.907194916521253     
 -0.314342844848626       0.956189220018488     
 -0.295480213200978        1.00007777549045     
 -0.275632411767031        1.03900653642642     
 -0.255283512647933        1.07068534333784     
 -0.235762505633840        1.09561359097711     
 -0.217090367113296        1.11079607182302     
 -0.200231326355948        1.11681100969256     
 -0.182870312529635        1.10960514172899     
 -0.163722219267765        1.08905623413956     
 -0.132683081040209        1.04956305558230     
 -8.013384256538794E-002  0.988844209708862     
  2.507532386555911E-002  0.900217758561060     
  0.217161821964885       0.778601146247146     
  0.568036260300970       0.622213675278599     
   1.15756186410664       0.433105282720491     
   2.08098202433655       0.237657075983085     
   3.38541150043059       7.008276425368953E-002
   5.00000000000000       0.000000000000000E+000
  2.122610839453942E-314  0.000000000000000E+000
 -3.726133903211461E-002  3.400734836061582E-003
 -7.380541881384790E-002  1.300271054131104E-002
 -0.109442241324401       2.801423156802531E-002
 -0.144092611773896       4.784758940792366E-002
 -0.177597632542791       7.205982843309371E-002
 -0.209870643613493       0.100404261126297     
 -0.240768376959875       0.132595332884629     
 -0.270172946838881       0.168533462200547     
 -0.297902746789526       0.207981407260551     
 -0.323766168761120       0.250888542743662     
 -0.347502921083127       0.296974654163064     
 -0.368829227418625       0.346161922912843     
 -0.387410004146268       0.398057760072187     
 -0.402892315240606       0.452489380425497     
 -0.414917261084075       0.508907388170732     
 -0.423128316554097       0.566978936520473     
 -0.427236490820077       0.625992628283381     
 -0.426980646192525       0.685398352030650     
 -0.422258263267425       0.744365788154823     
 -0.413015274887444       0.802090702875023     
 -0.399441980626414       0.857706927775835     
 -0.381784086589624       0.910146859849645     
 -0.360574813112132       0.958599225441901     
 -0.336389729816604        1.00174515590003     
 -0.310031532451814        1.03886999045549     
 -0.282295669821071        1.06840972608721     
 -0.253916202757955        1.08965985810291     
 -0.225444807547019        1.10076117314255     
 -0.196546228585434        1.10070214750857     
 -0.166036132703284        1.08715445513725     
 -0.129679918175748        1.05814708472008     
 -8.012528976767046E-002   1.01054900074752     
 -1.798971097820467E-003  0.940744122961415     
  0.129961989569024       0.844924281646830     
  0.357033500528614       0.719278369361861     
  0.738948049988147       0.563319150394775     
   1.34989342534111       0.384941320566514     
   2.26991785245489       0.205217152821964     
   3.50499649349129       5.998007626955561E-002
   5.00000000000000       0.000000000000000E+000
  2.122610839453942E-314  0.000000000000000E+000
 -4.394103381511804E-002  3.391307613864844E-003
 -8.620337920914241E-002  1.291752209532198E-002
 -0.126882296949145       2.776093929561941E-002
 -0.166064410118175       4.733840965455197E-002
 -0.203748124677877       7.115814293019382E-002
 -0.239941842322892       9.901308143382899E-002
 -0.274573904680396       0.130568532256463     
 -0.307568281994761       0.165813415396609     
 -0.338756183227238       0.204457814910596     
 -0.367942183969252       0.246580746715886     
 -0.394840974634562       0.291840013384204     
 -0.419117219194584       0.340305308113885     
 -0.440390978266284       0.391512973220092     
 -0.458203048687108       0.445420495933342     
 -0.472153860893792       0.501412119666947     
 -0.481721390535214       0.559217110448387     
 -0.486610256643372       0.618095963941931     
 -0.486337533632277       0.677429490189992     
 -0.480858767149891       0.736449891433662     
 -0.469852829046804       0.794088439382453     
 -0.453652826729395       0.849693004823633     
 -0.432202036475698       0.901689173960976     
 -0.406266526943789       0.949681885091455     
 -0.376068180791234       0.991592790372176     
 -0.342735312623818        1.02734793080647     
 -0.306568147862734        1.05441176603545     
 -0.268764252530476        1.07293295069892     
 -0.228984368277850        1.07997404563412     
 -0.187685148795179        1.07555538119034     
 -0.141832618640255        1.05637082303778     
 -8.887498854387930E-002   1.02163661938226     
 -1.778131291162277E-002  0.967772373563723     
  8.313983934686645E-002  0.892460366989055     
  0.243819286241263       0.792888984678078     
  0.497938097127167       0.666188497025153     
  0.905117927832310       0.515450545989708     
   1.52723732676252       0.346312177558915     
   2.42500795595902       0.182616114782602     
   3.60817155749309       5.268404805981344E-002
   5.00000000000000       0.000000000000000E+000
  2.122610839453942E-314  0.000000000000000E+000
 -5.045100391725411E-002  3.280182767697480E-003
 -9.832605352801754E-002  1.250754012681528E-002
 -0.143893820559843       2.688022990404508E-002
 -0.187472512328230       4.576736751370607E-002
 -0.229183402245257       6.873564751371961E-002
 -0.269160731279156       9.552138539329896E-002
 -0.307409628279308       0.125890853837435     
 -0.343898839805327       0.159774399690038     
 -0.378494189394164       0.197021000725524     
 -0.410985782217813       0.237649325062532     
 -0.441076934779362       0.281478578726989     
 -0.468377350988101       0.328514228766519     
 -0.492440949344653       0.378449819529684     
 -0.512734408395087       0.431179169667500     
 -0.528730897975985       0.486200173309949     
 -0.539843028800225       0.543195416509198     
 -0.545588392627657       0.601444724194691     
 -0.545461291226306       0.660332635907906     
 -0.539180793365398       0.718960703925472     
 -0.526478727300046       0.776363708450721     
 -0.507414556931588       0.831559292623266     
 -0.482084911565285       0.883235631059584     
 -0.450941677063962       0.930435200262216     
 -0.414477190182073       0.971560204244020     
 -0.373415943086099        1.00573473990055     
 -0.328476583964859        1.03116863013848     
 -0.280219187788245        1.04699952726987     
 -0.228978634784062        1.05132134154226     
 -0.174013567141779        1.04303909474251     
 -0.113542753582870        1.02013400227253     
 -4.263939660737345E-002  0.980876325660949     
  4.711320172986569E-002  0.923081274738709     
  0.171536955935009       0.844298418755931     
  0.355235041984591       0.742768517165160     
  0.635592370499485       0.617436543038701     
   1.06347932776431       0.470921811810655     
   1.69307902256575       0.312817430394602     
   2.57749389887940       0.161982136159490     
   3.70063395662657       4.621343312954188E-002
   5.00000000000000       0.000000000000000E+000
  2.122610839453942E-314  0.000000000000000E+000
 -5.674398915035535E-002  3.126753240198056E-003
 -0.109946807533256       1.186890092428732E-002
 -0.160170800835987       2.544055610442274E-002
 -0.207887212748134       4.324998225470734E-002
 -0.253402085830853       6.485475720840854E-002
 -0.296956078447925       9.006481347887700E-002
 -0.338647414755214       0.118620444673741     
 -0.378509108548760       0.150574323116230     
 -0.416426360931009       0.185728366221774     
 -0.452208695438035       0.224272542981911     
 -0.485521128543951       0.265952039889660     
 -0.515938092269667       0.310978022083363     
 -0.542936538554551       0.358942960196561     
 -0.565880393857640       0.409947235749504     
 -0.584156027273645       0.463376000064343     
 -0.596997380901334       0.519063302121434     
 -0.603865439141735       0.576203402885698     
 -0.604002562046251       0.634203486315450     
 -0.597146007766459       0.692169118252471     
 -0.582717720594095       0.748954919121529     
 -0.560905416365771       0.803743370048818     
 -0.531456441302104       0.854795006828192     
 -0.495076237808347       0.901529468043292     
 -0.451865287373542       0.941688227774434     
 -0.402930355746656       0.974987592982505     
 -0.348487930613691       0.998831644185816     
 -0.289643058760895        1.01310904455364     
 -0.225921283497001        1.01511850200280     
 -0.157448062723988        1.00457933189996     
 -8.093026953094207E-002  0.978902334064276     
  6.912837981747721E-003  0.937140231714797     
  0.117152824882587       0.877082180742324     
  0.262222892402172       0.796910384069899     
  0.469683680039493       0.695933430449963     
  0.770621332232604       0.573119817610934     
   1.21373698163950       0.433519105684483     
   1.84561073790217       0.284530198171218     
   2.70474081058657       0.146188698000896     
   3.78152640189880       4.126527843952277E-002
   5.00000000000000       0.000000000000000E+000
  2.122610839453942E-314  0.000000000000000E+000
 -6.259537589579192E-002  2.877921040072666E-003
 -0.120789471399721       1.092678318863719E-002
 -0.175307972048790       2.341219668739930E-002
 -0.226865838165775       3.973215221561899E-002
 -0.275901711451344       5.953996512163925E-002
 -0.322793034084573       8.261493200582595E-002
 -0.367738585954655       0.108835124065914     
 -0.410819294868193       0.138201403366394     
 -0.451983648994979       0.170697884613444     
 -0.491016268154976       0.206442404650674     
 -0.527595976189181       0.245398531423774     
 -0.561215152464460       0.287685750974617     
 -0.591299612112830       0.333128140893233     
 -0.617095563691399       0.381721836378718     
 -0.637861683834990       0.433054807903694     
 -0.652711886382664       0.486865500091593     
 -0.660902573700120       0.542461749777845     
 -0.661599229677723       0.599204510616982     
 -0.654271826482633       0.656155380426549     
 -0.638357394472127       0.712229948959738     
 -0.613735992967120       0.766353407586155     
 -0.580299904238254       0.817016349439244     
 -0.538418739669995       0.863147609477289     
 -0.488486845727562       0.902931965211217     
 -0.431220394735769       0.935393481410682     
 -0.367294335037480       0.958595876031606     
 -0.297263241981360       0.971626600172439     
 -0.221345864316083       0.972604774536592     
 -0.138712995957184       0.960502397377965     
 -4.724879892965662E-002  0.933589211333524     
  5.810510720813236E-002  0.890489312484111     
  0.186150865801963       0.829690377842021     
  0.352066392811905       0.749722204839655     
  0.579154147982876       0.650079933512585     
  0.899845269217887       0.531437250843331     
   1.35667628612446       0.397762954982696     
   1.98869840930152       0.258960337800016     
   2.83052301617951       0.131418106684104     
   3.85537856757038       3.669827752056355E-002
   5.00000000000000       0.000000000000000E+000
  2.122610839453942E-314  0.000000000000000E+000
 -6.795567308540061E-002  2.585231915599393E-003
 -0.130608129767273       9.756147201323803E-003
 -0.188991933911608       2.084163936261222E-002
 -0.243966822505281       3.530645410979808E-002
 -0.296167690871682       5.282981391184455E-002
 -0.346088396758484       7.329627267886990E-002
 -0.394026908345721       9.657296474749999E-002
 -0.440150302363810       0.122817030246665     
 -0.484423598099186       0.151962885913541     
 -0.526676695045497       0.184343792477768     
 -0.566532926475424       0.219830223766183     
 -0.603472220758630       0.258811227637642     
 -0.636807571335093       0.300974111807634     
 -0.665696285478679       0.346611655094653     
 -0.689254741929577       0.395145610178434     
 -0.706419190125477       0.446581574412562     
 -0.716320941171870       0.500071545012344     
 -0.717861891486645       0.555130583984092     
 -0.710464039959585       0.610742999256794     
 -0.693236422387256       0.665776554946112     
 -0.666142425882411       0.719237529004725     
 -0.628713191289849       0.769312780035408     
 -0.581560084287252       0.815225198639042     
 -0.524698258536355       0.854621356367519     
 -0.459242386520630       0.887023723980564     
 -0.385427575515394       0.909833138736835     
 -0.304371642361564       0.922758160153120     
 -0.215642320069260       0.923301991396688     
 -0.119247992840218       0.911057719594789     
 -1.192894094712091E-002  0.883922073624973     
  0.109898731549199       0.841027235649211     
  0.256858539933753       0.780968037025797     
  0.441284563124797       0.702543456163814     
  0.687930724897037       0.606165634139343     
   1.02441491040922       0.492164158590129     
   1.49021477959886       0.366208011862171     
   2.11980778930630       0.236167795334216     
   2.93653684813907       0.119167894055921     
   3.92059555121481       3.296322877822672E-002
   5.00000000000000       0.000000000000000E+000
  2.122610839453942E-314  0.000000000000000E+000
 -7.260766639799306E-002  2.200838132353173E-003
 -0.139167592490023       8.299572806250065E-003
 -0.200866108030183       1.771436843336385E-002
 -0.258809799212324       2.993948339855989E-002
 -0.313770414752898       4.477913907222489E-002
 -0.366376817121599       6.211057633597786E-002
 -0.417045286477683       8.196371038236049E-002
 -0.465986902985610       0.104448871425743     
 -0.513255208608456       0.129712798288761     
 -0.558644615260598       0.158005670775935     
 -0.601819442440565       0.189462951628762     
 -0.642152592913383       0.224356206660730     
 -0.678929416858781       0.262677277445947     
 -0.711143689597385       0.304574901286021     
 -0.737798495631816       0.349775885160154     
 -0.757642855486462       0.398137972258123     
 -0.769606250053779       0.449050962533157     
 -0.772434086648697       0.501922589652734     
 -0.765276038370732       0.555823398873371     
 -0.747181254843058       0.609617092297604     
 -0.717805008312636       0.662173574207537     
 -0.676769458292255       0.711841477206731     
 -0.624373783113231       0.757463785243111     
 -0.560897143073919       0.797046687870219     
 -0.487134910014309       0.829542726269075     
 -0.403755256926504       0.852883575757537     
 -0.311473280492036       0.866143849657971     
 -0.210487225475105       0.867434240453086     
 -0.100126736146904       0.855829763479563     
  2.185494234424403E-002  0.829764779551857     
  0.160281873860745       0.788197728334597     
  0.323902518938838       0.730011986678483     
  0.526733293231571       0.654498226615807     
  0.790192298159939       0.561853028948255     
   1.14181263832153       0.453833073199794     
   1.61670983361087       0.334923512960318     
   2.24249353643776       0.214656459949983     
   3.04097216323214       0.107298458158164     
   3.98039281359547       2.945216048389018E-002
   5.00000000000000       0.000000000000000E+000
  2.122610839453942E-314  0.000000000000000E+000
 -7.650267937871612E-002  1.770882054459036E-003
 -0.146207084895645       6.617034033296754E-003
 -0.210615016988419       1.407724710580438E-002
 -0.270957391234331       2.373628505275225E-002
 -0.328199493852094       3.545618060698379E-002
 -0.383086826943011       4.923894105700934E-002
 -0.436131554410969       6.511357040861095E-002
 -0.487645864389903       8.336329947686863E-002
 -0.537695902973313       0.104081299163201     
 -0.586145732117496       0.127757266174811     
 -0.632592319338323       0.154419307454668     
 -0.676425366074514       0.184654269861637     
 -0.716786270126187       0.218291728089768     
 -0.752609508641183       0.255858484604909     
 -0.782695461152738       0.296873620598811     
 -0.805641341036774       0.341585940523472     
 -0.820160959482573       0.389166796364952     
 -0.824756431279124       0.439337306601193     
 -0.818422467961613       0.491006575613470     
 -0.799898314281454       0.543163675215349     
 -0.768824161681079       0.594660135372320     
 -0.724487348316857       0.643702042013571     
 -0.667360583809703       0.689319921550368     
 -0.597394634699662       0.729115411355082     
 -0.515746288200828       0.762428053747838     
 -0.422740166713890       0.786633999121058     
 -0.319620764852907       0.801305518544671     
 -0.206112414795752       0.804025366408359     
 -8.229894222492641E-002  0.794345542776834     
  5.486853625396694E-002  0.770389189131361     
  0.208956051167772       0.731454362800516     
  0.389858622055967       0.676526727666799     
  0.609272154275185       0.604974355047569     
  0.889031559401061       0.517738787559427     
   1.25305067960016       0.416048480723802     
   1.73304863651467       0.305683705779145     
   2.35400822167347       0.194251451258865     
   3.12890952564511       9.667069880763063E-002
   4.03284107988626       2.622433089445569E-002
   5.00000000000000       0.000000000000000E+000
  2.122610839453942E-314  0.000000000000000E+000
 -7.943548437276043E-002  1.260546740138900E-003
 -0.151545575872082       4.692410939149145E-003
 -0.217951049222266       9.960303711899831E-003
 -0.280115107765447       1.672888453198425E-002
 -0.339125867497086       2.499666949346876E-002
 -0.395852157986587       3.478204989998832E-002
 -0.450927134007940       4.627675367505204E-002
 -0.504703084281697       5.972324599140771E-002
 -0.557350983092971       7.542814355818800E-002
 -0.608697165666905       9.379170223201823E-002
 -0.658407529688146       0.115125825746594     
 -0.705751212247053       0.139882103330617     
 -0.749878178535705       0.168248879997033     
 -0.789519539181797       0.200578378492834     
 -0.823401316230412       0.236796672061781     
 -0.849857178925174       0.276958792389550     
 -0.867434949642141       0.320622289447181     
 -0.874370064969374       0.367338356961729     
 -0.869416320478440       0.416278475639336     
 -0.851127135878718       0.466349689579030     
 -0.818869626770833       0.516441923085947     
 -0.771905522467984       0.564830869910675     
 -0.710451690707082       0.610318764244916     
 -0.634629067620752       0.650755844321059     
 -0.545374416730712       0.685039644763735     
 -0.443361944237874       0.710935141694383     
 -0.329597856048804       0.727500097202775     
 -0.204326121416297       0.732739868487332     
 -6.722052300701629E-002  0.725808613017001     
  8.395312941757722E-002  0.705142225194588     
  0.253522402862560       0.669964259849427     
  0.449900982755929       0.619310852088074     
  0.685616218948061       0.553041369629053     
  0.979958784953096       0.471691105527041     
   1.35581367194871       0.377662301412805     
   1.84191961264443       0.275528405551441     
   2.45713950041357       0.174102979863760     
   3.21443208669350       8.586573564730331E-002
   4.08075747287497       2.310147836650164E-002
   5.00000000000000       0.000000000000000E+000
  2.122610839453942E-314  0.000000000000000E+000
 -8.137077266044958E-002  7.087707480502513E-004
 -0.154932581387094       2.571785164187870E-003
 -0.222595117051218       5.433322232525409E-003
 -0.285898357925504       9.066980118838927E-003
 -0.346102411474424       1.355501548808968E-002
 -0.404173013255659       1.903927787163784E-002
 -0.460830706936560       2.571781367473265E-002
 -0.516529311859287       3.399093857730213E-002
 -0.571455473291325       4.411204423105099E-002
 -0.625523560641854       5.670607541948700E-002
 -0.678336121477610       7.197623155942748E-002
 -0.729214491172757       9.069475893601364E-002
 -0.777150949491356       0.112883701974217     
 -0.820867512830543       0.139322272902810     
 -0.858834433312008       0.169714779462069     
 -0.889293874890830       0.204617923468709     
 -0.910471544706087       0.243335336881612     
 -0.920423593281048       0.285904657373945     
 -0.917595424870748       0.331269807227445     
 -0.900293666478154       0.378673693526835     
 -0.867700629463824       0.426891489774071     
 -0.818807241939049       0.474259286254480     
 -0.753857587256279       0.519652642316527     
 -0.672719868984423       0.560669959706002     
 -0.576588379427021       0.596479172938440     
 -0.465901674725890       0.624374155641346     
 -0.342112995759676       0.643799882761632     
 -0.205167249545073       0.652256848160325     
 -5.537703395921932E-002  0.649274417482446     
  0.109979032254804       0.632954413412165     
  0.294203457020174       0.602760849622229     
  0.506282015166868       0.557765380994715     
  0.756917866244972       0.497790955570202     
   1.06504664667561       0.423978971975131     
   1.45091728590055       0.338063164335614     
   1.93976648807304       0.245724712172919     
   2.54919729782231       0.153795555338862     
   3.28526845239395       7.556379025474780E-002
   4.12149592802902       1.992152098714955E-002
   5.00000000000000       0.000000000000000E+000
  2.122610839453942E-314  0.000000000000000E+000
 -8.213992253798152E-002  1.034935370625759E-004
 -0.156275188790629       3.012899901336789E-004
 -0.224366704387394       5.902322761360225E-004
 -0.288141837260369       8.803948863878883E-004
 -0.348940882329629       1.376370186520475E-003
 -0.407830461806972       2.259262729496522E-003
 -0.465631911551925       3.856075623461736E-003
 -0.522839935380945       6.534965695055180E-003
 -0.579747752119535       1.072324316755914E-002
 -0.636246322369669       1.695779671418456E-002
 -0.692032935908774       2.570029307328950E-002
 -0.746318417157914       3.758341081216297E-002
 -0.798153876791514       5.300226847066202E-002
 -0.846039514000015       7.254889934597640E-002
 -0.888441314085888       9.641313498625208E-002
 -0.923267320460989       0.124931085617340     
 -0.948656661732986       0.157946666369580     
 -0.962265997637817       0.195279561084599     
 -0.962376778962828       0.236351233665092     
 -0.946929239210637       0.280248475751548     
 -0.914903314118291       0.326020028147165     
 -0.865071699527740       0.371970612360765     
 -0.797497475063376       0.416954029610158     
 -0.712049023258548       0.458692288951019     
 -0.609800935028410       0.496058469514406     
 -0.491402680059044       0.526590598017184     
 -0.358221370958511       0.549307470562447     
 -0.210582676295704       0.561973669963863     
 -4.863647843110227E-002  0.563767763128942     
  0.129730436762281       0.552943699177524     
  0.328144547469119       0.528901285339962     
  0.554490809753191       0.490615410103023     
  0.819580338632160       0.438342480398833     
   1.14051407489651       0.372700169393436     
   1.53584225531347       0.296402565518870     
   2.02893713080945       0.213873576162612     
   2.63204636647847       0.132928031817464     
   3.35222298911172       6.454009769334192E-002
   4.15803068604669       1.682875310186924E-002
   5.00000000000000       0.000000000000000E+000
  2.122610839453942E-314  0.000000000000000E+000
 -8.173771065837016E-002 -5.287339303552857E-004
 -0.155376544248991      -2.089108046896973E-003
 -0.223084998369655      -4.461960714207570E-003
 -0.286586175143142      -7.620277547828494E-003
 -0.347345958264412      -1.126222590939183E-002
 -0.406482469525296      -1.511048665942992E-002
 -0.464891552118081      -1.882739008132286E-002
 -0.523150315111751      -2.193996558051646E-002
 -0.581581876059607      -2.406773146128367E-002
 -0.640173410030735      -2.451316264697177E-002
 -0.698587179074586      -2.290926800488836E-002
 -0.756124833630181      -1.835501521273789E-002
 -0.811699082333374      -1.059948822847580E-002
 -0.863871318734826       1.366948520758160E-003
 -0.910829277476112       1.753591005169949E-002
 -0.950486916871565       3.881148973169422E-002
 -0.980564383991761       6.479400364637375E-002
 -0.998650933057228       9.594883900474142E-002
  -1.00253673826270       0.131448662177786     
 -0.990024783870982       0.170950153605839     
 -0.959668194621254       0.213323241707133     
 -0.910065394971192       0.257183348778853     
 -0.841063728455491       0.301357690519847     
 -0.752368537870654       0.343509768965754     
 -0.645117639430640       0.382669319128641     
 -0.519831611230994       0.415990430998363     
 -0.378183567335057       0.442781629965426     
 -0.220364787381406       0.460283448541945     
 -4.702250863532610E-002  0.467982578471662     
  0.144144484123490       0.463715803702569     
  0.355980083637045       0.447068053136820     
  0.596421122700895       0.416947739348397     
  0.874932297219524       0.373489202775670     
   1.20763618671157       0.317820185310747     
   1.61130147595622       0.251807586019124     
   2.10580272476546       0.180966616208171     
   2.70317262761268       0.110852525537944     
   3.40522188370742       5.356491077497209E-002
   4.18674758422258       1.338205191973367E-002
   5.00000000000000       0.000000000000000E+000
  2.122610839453942E-314  0.000000000000000E+000
 -8.007090038497691E-002 -1.168986545955622E-003
 -0.152273331625870      -4.482673985092681E-003
 -0.218722939024055      -9.563862886090754E-003
 -0.281245673655182      -1.620095575352267E-002
 -0.341314854344991      -2.401215326922491E-002
 -0.400113634338460      -3.266361514654287E-002
 -0.458593455928899      -4.175645029949693E-002
 -0.517378069540313      -5.083872662445473E-002
 -0.576880408024498      -5.943934382298074E-002
 -0.637099248161795      -6.693784325593648E-002
 -0.697809042611950      -7.278978309264246E-002
 -0.758246495501342      -7.622050806773084E-002
 -0.817440443453024      -7.665645486515911E-002
 -0.873756644970024      -7.326116755204287E-002
 -0.925475290992330      -6.554081849719914E-002
 -0.970144534230287      -5.280342200317426E-002
  -1.00552161008610      -3.479164235077205E-002
  -1.02867327184144      -1.126706569228752E-002
  -1.03735254661666       1.764305248367687E-002
  -1.02877847014927       5.139886373684294E-002
  -1.00140782466486       8.943255936646705E-002
 -0.953349525097569       0.130247788220275     
 -0.884349392490634       0.172928522775389     
 -0.793855541477162       0.215144389074150     
 -0.682960786220136       0.255827468441316     
 -0.552196563274481       0.292233830050874     
 -0.403263384306518       0.323339507801211     
 -0.236569065002951       0.346503916326343     
 -5.281295763692195E-002  0.360870274018389     
  0.149899837642611       0.364301366942923     
  0.374329995090416       0.356272044611696     
  0.627676884423155       0.335487902432414     
  0.918871862116629       0.302430151945383     
   1.26286608505757       0.257594688300531     
   1.67422965040052       0.203688490027513     
   2.17192909215580       0.144836116280211     
   2.76341349199892       8.750817745048353E-002
   3.45222446766243       4.132145966628849E-002
   4.21125886946511       1.003266284669922E-002
   5.00000000000000       0.000000000000000E+000
  2.122610839453942E-314  0.000000000000000E+000
 -7.717854747766753E-002 -1.809934495742928E-003
 -0.146873855892489      -6.868774404455761E-003
 -0.211263986734283      -1.457155924118154E-002
 -0.272063942277992      -2.459769087921325E-002
 -0.330798079057575      -3.647434784607324E-002
 -0.388633774169307      -4.982252594662376E-002
 -0.446576995402624      -6.423298004597651E-002
 -0.505295717709982      -7.923434115004982E-002
 -0.565255531560001      -9.439155901033279E-002
 -0.626545641712235      -0.109034225558600     
 -0.688959672900530      -0.122686331743824     
 -0.751858705563853      -0.134423244726013     
 -0.814198854336928      -0.143770529119206     
 -0.874486084654395      -0.149568163785386     
 -0.930762831468281      -0.151457941332676     
 -0.980705595941282      -0.148203592493521     
  -1.02161682223848      -0.139720581337805     
  -1.05064486609318      -0.125033660422529     
  -1.06489416215628      -0.104464145411619     
  -1.06159457723944      -7.776414673786064E-002
  -1.03849500636778      -4.566987848900924E-002
 -0.993650251085777      -9.074231391808914E-003
 -0.926248599479294       3.103310658017519E-002
 -0.835662715367968       7.252326362237453E-002
 -0.722740878710965       0.114404609963584     
 -0.587967750388544       0.153670721187170     
 -0.433129204373426       0.189523085445550     
 -0.258644001507384       0.218758498164834     
 -6.552429928151063E-002  0.240792409860378     
  0.148015488625491       0.252933523145941     
  0.384210848462569       0.254821624776407     
  0.649820290920808       0.244948331215194     
  0.952899236478520       0.223596093408511     
   1.30688618817683       0.191701605467540     
   1.72536157518959       0.150853102449009     
   2.22385777240633       0.106388299281789     
   2.81049590182682       6.197817572849695E-002
   3.48513043353455       2.881875845940332E-002
   4.22658871556518       6.057026372902540E-003
   5.00000000000000       0.000000000000000E+000
  2.122610839453942E-314  0.000000000000000E+000
 -7.308464764324440E-002 -2.398421742049785E-003
 -0.139376116245831      -9.071173949079270E-003
 -0.200874883975002      -1.927953166235355E-002
 -0.259274756073799      -3.249857504190166E-002
 -0.316016337146122      -4.823991511720187E-002
 -0.372280398809978      -6.606266329210711E-002
 -0.429064895800363      -8.558660220447398E-002
 -0.487089934735555      -0.106349191211301     
 -0.546874888945189      -0.127941762299281     
 -0.608572144164805      -0.149750503435551     
 -0.672086369967395      -0.171258602690981     
 -0.736799844730350      -0.191636294777623     
 -0.801829794283874      -0.210222323468986     
 -0.865582267966199      -0.225984913158500     
 -0.926291660323896      -0.238157764889654     
 -0.981326007529301      -0.245660042774104     
  -1.02817256196563      -0.247744407343816     
  -1.06341155929794      -0.243603859650353     
  -1.08427721713556      -0.232709100267328     
  -1.08722525162699      -0.214969088249173     
  -1.07004732479877      -0.190264409373193     
  -1.02999144052485      -0.159606525699459     
 -0.966223537831463      -0.123370603867526     
 -0.877504118440852      -8.375048089263573E-002
 -0.764667304569882      -4.152807286211726E-002
 -0.627908082751765       2.676496840902365E-004
 -0.469085682529825       4.066575728232735E-002
 -0.288632341366024       7.645105123172531E-002
 -8.776493623250152E-002  0.106691490912813     
  0.135071732915909       0.128614660663037     
  0.381670097115235       0.141661975971299     
  0.658393737783755       0.144026773947209     
  0.972193331134474       0.136216238734814     
   1.33598247745614       0.118401283292309     
   1.76075987726822       9.289385809558226E-002
   2.26203776888595       6.338321237986362E-002
   2.84414635046326       3.448785786407854E-002
   3.50925302160726       1.446430815722930E-002
   4.23747335480761       2.211262625194070E-003
   5.00000000000000       0.000000000000000E+000
  2.122610839453942E-314  0.000000000000000E+000
 -6.787671589018897E-002 -2.952487436743722E-003
 -0.129837881411569      -1.110050529760209E-002
 -0.187748522984917      -2.352562168810320E-002
 -0.243083225065073      -3.962025030778658E-002
 -0.297233999126826      -5.883543645204938E-002
 -0.351291757608684      -8.074865802802246E-002
 -0.406277015044472      -0.104976229842255     
 -0.462903916771258      -0.131134930118672     
 -0.521765511848214      -0.158840289499754     
 -0.583081951141454      -0.187567169839638     
 -0.646847050878680      -0.216835307080648     
 -0.712581735386706      -0.245841694732436     
 -0.779443362025249      -0.273966682248466     
 -0.846041174350537      -0.300050591982533     
 -0.910502941704714      -0.323371572678677     
 -0.970441312947274      -0.342470812145521     
  -1.02298107691625      -0.356644283586939     
  -1.06494135630443      -0.364407568773206     
  -1.09287585452013      -0.365280242515014     
  -1.10341435088519      -0.358266827473563     
  -1.09342432520157      -0.343284623136400     
  -1.06021814143585      -0.320454293946930     
  -1.00202482134669      -0.290150696110027     
 -0.917587515778913      -0.254023181005679     
 -0.807065438913555      -0.212751124435976     
 -0.670645805055884      -0.169402646416272     
 -0.509905606730569      -0.124727920779661     
 -0.325411347316814      -8.250717456880122E-002
 -0.118414670045518      -4.337930693685367E-002
  0.112257524454911      -1.089265728323588E-002
  0.368138357563222       1.463952983131029E-002
  0.654692682023829       3.092955948259649E-002
  0.978480416360629       3.823038024306406E-002
   1.35041334934313       3.705326600600323E-002
   1.78130674986486       2.819137919662285E-002
   2.28332055580425       1.677947607386342E-002
   2.86233948685118       3.761374006483868E-003
   3.51834398921119      -4.006235434670947E-004
   4.23713002720029      -2.542513105175466E-003
   5.00000000000000       0.000000000000000E+000
  2.122610839453942E-314  0.000000000000000E+000
 -6.172670851654216E-002 -3.389165356073111E-003
 -0.118623593039605      -1.275359600989340E-002
 -0.172264882763401      -2.709635698617015E-002
 -0.223954292260149      -4.563185836868792E-002
 -0.274914675827617      -6.786656671833123E-002
 -0.326183948030336      -9.332746428025683E-002
 -0.378707599486677      -0.121749977771532     
 -0.433247847565394      -0.152748355202178     
 -0.490400037285208      -0.186089720009486     
 -0.550500649459726      -0.221277671082547     
 -0.613624031522719      -0.257963085883300     
 -0.679427376410914      -0.295392000480422     
 -0.747233591099518      -0.332977734150953     
 -0.815725141626559      -0.369618913500478     
 -0.883279187468709      -0.404426341914129     
 -0.947394072866366      -0.435993599388768     
  -1.00549957255033      -0.463149637912121     
  -1.05398076342207      -0.484436434707726     
  -1.08968910231357      -0.498579123822368     
  -1.10844939074005      -0.504577354804774     
  -1.10733341109150      -0.501319644864527     
  -1.08258083914379      -0.488904065002799     
  -1.03248826769047      -0.466714904280579     
 -0.954759808148717      -0.436394118798955     
 -0.849516943009063      -0.397962241264743     
 -0.716236154073915      -0.354523159834621     
 -0.556494361125102      -0.306699264020268     
 -0.370630359115084      -0.258364554289473     
 -0.160112873051035      -0.210404421596580     
  7.619066680112040E-002 -0.166577789091034     
  0.339114602167237      -0.127477733714766     
  0.634049656577138      -9.580071213866333E-002
  0.965987398757358      -7.128806887447610E-002
   1.34592366248983      -5.436020091955760E-002
   1.78180500032449      -4.365488970215074E-002
   2.28672040591778      -3.610229102683307E-002
   2.86351213527677      -2.972890714758981E-002
   3.51507801623088      -1.780734831204978E-002
   4.23187563255452      -7.117148389868164E-003
   5.00000000000000       0.000000000000000E+000
  2.122610839453942E-314  0.000000000000000E+000
 -5.475885260043842E-002 -3.754638525580291E-003
 -0.105960311029498      -1.406091453673983E-002
 -0.154826810230703      -2.984678862305707E-002
 -0.202368305389147      -5.028601213286984E-002
 -0.249646675400600      -7.487786227422666E-002
 -0.297552054305090      -0.103225427160805     
 -0.347005533081067      -0.135074102172938     
 -0.398713495374474      -0.170201076944646     
 -0.453349811605918      -0.208386616581932     
 -0.511278909578968      -0.249355127808390     
 -0.572727118622403      -0.292762254349627     
 -0.637469850566625      -0.338083696537573     
 -0.705006634476928      -0.384717161071057     
 -0.774237796851434      -0.431717157634722     
 -0.843650688051939      -0.478140742740006     
 -0.911052724009255      -0.522540937751452     
 -0.973775236580510      -0.563634177013690     
  -1.02855783468662      -0.599586980754134     
  -1.07178663753200      -0.628959454538596     
  -1.09959379462214      -0.649979291365105     
  -1.10816107123693      -0.661297883874477     
  -1.09388632961785      -0.661968457862041     
  -1.05387656890158      -0.651135566319589     
 -0.985832488420075      -0.629481304461138     
 -0.888727749391540      -0.596707850573222     
 -0.761959641775089      -0.555535637350986     
 -0.606316598862582      -0.506225069786240     
 -0.422229085694267      -0.453111093186974     
 -0.210844856121118      -0.396486887429545     
  2.846736246502015E-002 -0.341231823831588     
  0.296622843040681      -0.287428262252250     
  0.597661523549534      -0.238725210709855     
  0.936782779227815      -0.195119988661493     
   1.32249223643402      -0.156998626458154     
   1.76345494927645      -0.124957796704505     
   2.26942123499331      -9.423392931026378E-002
   2.84590941773554      -6.787791316955186E-002
   3.49494723927339      -3.604319466916642E-002
   4.21258574595985      -1.296457006517368E-002
   5.00000000000000       0.000000000000000E+000
  2.122610839453942E-314  0.000000000000000E+000
 -4.729820059508713E-002 -3.949039000969569E-003
 -9.234560990284688E-002 -1.484158426984931E-002
 -0.136012268195468      -3.160509827322756E-002
 -0.178990551915388      -5.331480882433071E-002
 -0.222123084953955      -7.958273478607474E-002
 -0.266174433912693      -0.109990070488709     
 -0.311939560202597      -0.144463498791111     
 -0.360151492660113      -0.182768230377098     
 -0.411428977101405      -0.224932745184052     
 -0.466284556455587      -0.270677502054532     
 -0.524962403259871      -0.319951992531347     
 -0.587482681554805      -0.372227960091353     
 -0.653452794574452      -0.427195992541994     
 -0.722061582318433      -0.483889827695937     
 -0.792012761860037      -0.541568149973037     
 -0.861330400928052      -0.598712335245395     
 -0.927668316926475      -0.654017452059173     
 -0.987727279450574      -0.705481214710702     
  -1.03827491677625      -0.751275214578167     
  -1.07494309257628      -0.789341704485269     
  -1.09424283215353      -0.817496589548627     
  -1.09153389020353      -0.834402424479526     
  -1.06408272412011      -0.838074822180798     
  -1.00826205015077      -0.828819392731062     
 -0.922957603338354      -0.805169606206472     
 -0.806334904957938      -0.769630214789291     
 -0.659020764323181      -0.721728014631139     
 -0.480748530729127      -0.665863264322890     
 -0.272678761742998      -0.602080671197824     
 -3.387256784705014E-002 -0.535542470847172     
  0.235936595447389      -0.466737290562859     
  0.540720879991476      -0.399726053538691     
  0.883991107608649      -0.334871200108915     
   1.27495544960707      -0.273729145207241     
   1.71912464331464      -0.216573038453946     
   2.22855138697535      -0.161341171170826     
   2.80612873538351      -0.110044741246974     
   3.45780636296780      -5.783333238615461E-002
   4.18758162941255      -1.856848092210668E-002
   5.00000000000000       0.000000000000000E+000
  2.122610839453942E-314  0.000000000000000E+000
 -3.947760662916569E-002 -4.043395872058746E-003
 -7.815819026569785E-002 -1.513933159658851E-002
 -0.116377352566361      -3.228652012357014E-002
 -0.154527212519899      -5.456959157549688E-002
 -0.193187114474071      -8.166105886720118E-002
 -0.232954831326641      -0.113251667897425     
 -0.274543862698001      -0.149294239670565     
 -0.318595849880875      -0.189756997449198     
 -0.365786519010098      -0.234669191370836     
 -0.416604495274044      -0.284055619656006     
 -0.471473355994370      -0.337839162511337     
 -0.530469875963584      -0.395892520085607     
 -0.593488915486555      -0.457839972187274     
 -0.659880437416618      -0.523177273013845     
 -0.728697962981360      -0.591026354463947     
 -0.798244065575446      -0.660293230031863     
 -0.866468460489306      -0.729426509764117     
 -0.930439923744831      -0.796631951391412     
 -0.986970449865383      -0.859692358598459     
  -1.03205005375083      -0.916322364379228     
  -1.06176950694416      -0.963769504288421     
  -1.07169071132079      -0.999881126396789     
  -1.05809321298389       -1.02207837236139     
  -1.01726109617838       -1.02943834462039     
 -0.946784133221268       -1.01967322405341     
 -0.844460546660687      -0.994288076616282     
 -0.709659475288885      -0.952024291824392     
 -0.541881084735509      -0.897214696561566     
 -0.341430472875566      -0.828558205590910     
 -0.107722463415869      -0.752462509987783     
  0.160233395945531      -0.668539074122139     
  0.464798912098416      -0.582655535864360     
  0.810291010811106      -0.494532860515150     
   1.20311056667911      -0.406935010721936     
   1.65076858397461      -0.322220268618216     
   2.16150306971281      -0.236656932489897     
   2.74288568309762      -0.159432408037998     
   3.40057367168878      -8.113173276386784E-002
   4.14462083701242      -2.611418551093631E-002
   5.00000000000000       0.000000000000000E+000
  2.122610839453942E-314  0.000000000000000E+000
 -3.174400257022472E-002 -3.940935826158124E-003
 -6.395441655387517E-002 -1.485011755767254E-002
 -9.663715387095405E-002 -3.181093460153397E-002
 -0.129762525173481      -5.393252805146089E-002
 -0.163698844512683      -8.102662943350475E-002
 -0.198858923594943      -0.112801965195472     
 -0.235811135050881      -0.149404805952296     
 -0.275186780382364      -0.190782581205435     
 -0.317557039465785      -0.237245565055296     
 -0.363549639715466      -0.288778054513790     
 -0.413524292381249      -0.345692471374557     
 -0.467854003615659      -0.407801955458955     
 -0.526428815585725      -0.475236623908396     
 -0.589057950879405      -0.547397151465928     
 -0.654875024392796      -0.623998024886255     
 -0.722763727712915      -0.703766414521964     
 -0.790856865342087      -0.785739111489116     
 -0.856782358203268      -0.867781344164759     
 -0.917621850653793      -0.948071887637558     
 -0.969618717901623       -1.02373239166627     
  -1.00914285379755       -1.09199457355233     
  -1.03141772453586       -1.14978972797960     
  -1.03289005935969       -1.19392319580206     
  -1.00876244310806       -1.22239683903469     
 -0.956513620888075       -1.23164442606775     
 -0.872328629940107       -1.22211694485945     
 -0.755212977298198       -1.19122548898278     
 -0.603418585314303       -1.14264149050938     
 -0.416595553476274       -1.07396215791482     
 -0.193681270884860      -0.991372425201553     
  6.640643835588604E-002 -0.894591286454951     
  0.365769456581074      -0.790171978326601     
  0.707501746372822      -0.677486912640206     
   1.10021289140428      -0.561334334855855     
   1.54798663804411      -0.444386668757026     
   2.06261187142023      -0.326275743334214     
   2.64914128749105      -0.215637526363551     
   3.31961934421295      -0.110004090291733     
   4.09419425437411      -3.333853647003220E-002
   5.00000000000000       0.000000000000000E+000
  2.122610839453942E-314  0.000000000000000E+000
 -2.420133643061299E-002 -3.726918793831755E-003
 -5.020651151748646E-002 -1.401854089648934E-002
 -7.739311662871919E-002 -3.018907557792665E-002
 -0.105512534598952      -5.140432881093643E-002
 -0.134608823641090      -7.760292694239428E-002
 -0.164960465265214      -0.108601532125245     
 -0.197004131107591      -0.144583008827692     
 -0.231268615065170      -0.185678885333876     
 -0.268337683059021      -0.232180581216360     
 -0.308762508917674      -0.284379109035064     
 -0.353057216480487      -0.342523806948034     
 -0.401560631360421      -0.406902367093905     
 -0.454482274252037      -0.477530007573281     
 -0.511670533397196      -0.554484597985970     
 -0.572764386502755      -0.637280799686493     
 -0.636788152475832      -0.725513830248243     
 -0.702538293906762      -0.817883542907767     
 -0.767882275834554      -0.913202971807411     
 -0.830597406174627       -1.00909825741502     
 -0.887196245916550       -1.10344551956930     
 -0.934520067130282       -1.19267171936201     
 -0.967933329438850       -1.27385210282714     
 -0.983840149039346       -1.34280461743868     
 -0.977209654203055       -1.39677532342596     
 -0.944890298899718       -1.43074708577112     
 -0.882347703986382       -1.44365576218382     
 -0.787455163974017       -1.43175480547710     
 -0.657411936543442       -1.39724154562738     
 -0.490963192836952       -1.33530346145602     
 -0.286024534906919       -1.25260349387953     
 -4.059544894283795E-002  -1.14691009182210     
  0.246912872416397       -1.02760867365564     
  0.580804919170430      -0.889652345700318     
  0.966992203440295      -0.741759578963922     
   1.41464734374457      -0.589274480067392     
   1.92975096692651      -0.431279735306767     
   2.52546224384054      -0.285177401736502     
   3.21243997241278      -0.142582012370571     
   4.01962775131530      -4.445746952063213E-002
   5.00000000000000       0.000000000000000E+000
  2.122610839453942E-314  0.000000000000000E+000
 -1.734954555406396E-002 -3.330650940105682E-003
 -3.742229917465675E-002 -1.266344866968773E-002
 -5.938481743106114E-002 -2.747287906270002E-002
 -8.254878786393066E-002 -4.708870949087403E-002
 -0.106818598384461      -7.157694777696302E-002
 -0.132270282013804      -0.100809779542597     
 -0.159213084781622      -0.135119922959761     
 -0.188129137291942      -0.174605790611081     
 -0.219468906242405      -0.219793248310340     
 -0.253872327115792      -0.270892367599312     
 -0.291716288418295      -0.328527700275263     
 -0.333596145626451      -0.392869298271346     
 -0.379593749728514      -0.464509558387510     
 -0.430044518969286      -0.543362063909872     
 -0.484485067597361      -0.629774921726456     
 -0.542720988579010      -0.723088981482228     
 -0.603480001765342      -0.823112253310551     
 -0.665705638796600      -0.928227538425927     
 -0.727124423572120       -1.03736486096944     
 -0.785476226340155       -1.14763590392878     
 -0.837533043381066       -1.25677918310607     
 -0.879700070023922       -1.36059560337764     
 -0.908226311972567       -1.45575406785787     
 -0.918340000593220       -1.53763702567826     
 -0.906538630327896       -1.60134173435596     
 -0.867679902671713       -1.64318313275582     
 -0.799024361986924       -1.65865324980690     
 -0.696624752888037       -1.64752503584972     
 -0.558168752431981       -1.60281502926335     
 -0.380047506574283       -1.52965275084651     
 -0.159612312899002       -1.42355396275210     
  0.105993897490294       -1.29487308094534     
  0.421990143184041       -1.13571288551007     
  0.796473143685680      -0.956083799194061     
   1.23722874353245      -0.764454706935112     
   1.75380176906258      -0.563854935340005     
   2.35396915295515      -0.369817013529200     
   3.06954637892339      -0.186601072650944     
   3.93312227914618      -5.529157444656656E-002
   5.00000000000000       0.000000000000000E+000
  2.122610839453942E-314  0.000000000000000E+000
 -1.122841331723208E-002 -2.833392380787592E-003
 -2.607726296544285E-002 -1.081407583686537E-002
 -4.312575600631183E-002 -2.378349550280189E-002
 -6.163187564081161E-002 -4.116170690151617E-002
 -8.119054197924656E-002 -6.318263536407204E-002
 -0.101820498589026      -8.979255811705474E-002
 -0.123682246478734      -0.121352369308431     
 -0.147167871174111      -0.158074926609896     
 -0.172693749675033      -0.200433959178071     
 -0.200782781245013      -0.248864805230079     
 -0.231898698807554      -0.303883234733919     
 -0.266512912014247      -0.366071421719365     
 -0.304961059158564      -0.435853941983117     
 -0.347475476589120      -0.513836770621642     
 -0.394085712107591      -0.600111551778683     
 -0.444540939520839      -0.695089879529540     
 -0.498373284730458      -0.798176836931040     
 -0.554525540951288      -0.909259375546094     
 -0.611862115243702       -1.02662529703446     
 -0.668146456511991       -1.14922362552021     
 -0.721513027429094       -1.27386190232655     
 -0.768303032287594       -1.39814632188168     
 -0.806114934345703       -1.51740906547208     
 -0.829801394608996       -1.62810300216409     
 -0.836865772090394       -1.72362701781769     
 -0.821174766398582       -1.79976486133209     
 -0.780510392827795       -1.85069809657439     
 -0.708877773760527       -1.87396549248226     
 -0.604506751835549       -1.85901286117219     
 -0.460823618461094       -1.80901132995325     
 -0.275032435098737       -1.71678009893773     
 -4.185130722213653E-002  -1.59216008650092     
  0.245000507545812       -1.41840416213019     
  0.594252574394498       -1.21105081173154     
   1.02305468485947      -0.979757060806901     
   1.53206901453669      -0.734593855818007     
   2.14495281718192      -0.487898563413933     
   2.88421031186434      -0.240654181239127     
   3.80799850584818      -7.507858991072905E-002
   5.00000000000000       0.000000000000000E+000
  2.122610839453942E-314  0.000000000000000E+000
 -6.286779775715989E-003 -2.215065250678349E-003
 -1.650175535856427E-002 -8.644375859848461E-003
 -2.921516717471858E-002 -1.933719154046810E-002
 -4.335074349198464E-002 -3.399318005423014E-002
 -5.848012724066304E-002 -5.292543465899394E-002
 -7.447035516480856E-002 -7.615002410751467E-002
 -9.139809255047410E-002 -0.104093080241768     
 -0.109594872037964      -0.136913717175174     
 -0.129341217518387      -0.175210602628002     
 -0.151179091270196      -0.219297896815037     
 -0.175398082635987      -0.269943734031322     
 -0.202609728867883      -0.327556223679874     
 -0.232947694090225      -0.393025539604638     
 -0.266989996532292      -0.466723196748359     
 -0.304535668172688      -0.549532438595838     
 -0.346010897010642      -0.641539744614660     
 -0.390666648221558      -0.743399901164468     
 -0.438601729811449      -0.854521155847116     
 -0.488293275560888      -0.975014679359970     
 -0.539261534723060       -1.10306637604484     
 -0.589068424268239       -1.23790786100828     
 -0.636348076563993       -1.37591680457279     
 -0.677835876820344       -1.51519556299774     
 -0.710881541527555       -1.65007662790820     
 -0.731847804965111       -1.77697807900714     
 -0.736889635317156       -1.88818583125778     
 -0.722531626405649       -1.97977804467811     
 -0.683288269674828       -2.04492346441120     
 -0.616008305052572       -2.07358035206878     
 -0.513634669622159       -2.06233171123815     
 -0.371097961771461       -2.00351903729069     
 -0.184364281658792       -1.90175693396370     
  5.835871908984776E-002  -1.73542177056847     
  0.364168376019961       -1.51884399109266     
  0.751769300611186       -1.25187830052372     
   1.23781888902303      -0.965361407097088     
   1.84254255701842      -0.645148366917247     
   2.62698920515756      -0.320307228898809     
   3.66494971884507      -9.492210094090216E-002
   5.00000000000000       0.000000000000000E+000
  2.122610839453942E-314  0.000000000000000E+000
 -2.483027893123458E-003 -1.530559997341480E-003
 -9.067290666258989E-003 -6.161220429802493E-003
 -1.795002709904546E-002 -1.436834779065146E-002
 -2.822338270426572E-002 -2.594994569848694E-002
 -3.926199301051455E-002 -4.137182135393502E-002
 -5.096869863666026E-002 -6.067191595913021E-002
 -6.330766899359265E-002 -8.426351926879376E-002
 -7.654242814057727E-002 -0.112331686442489     
 -9.089535569500200E-002 -0.145376926103173     
 -0.106772561429602      -0.183807924167641     
 -0.124473503682706      -0.228237980116505     
 -0.144433223047504      -0.279308564206351     
 -0.166912538696225      -0.337693844152043     
 -0.192289575678140      -0.404244716507596     
 -0.220691855663860      -0.479536287476868     
 -0.252328712560583      -0.564540986176062     
 -0.287099356734575      -0.659452474239639     
 -0.324862317104320      -0.765180249740817     
 -0.365196977343164      -0.881128595152326     
 -0.407334473843421       -1.00780307076381     
 -0.450491966167663       -1.14336773709535     
 -0.492906067796064       -1.28740848162821     
 -0.533527256312329       -1.43639891918446     
 -0.569096536765878       -1.58840194696767     
 -0.598548816330072       -1.73795656059925     
 -0.617025946656199       -1.88064595269519     
 -0.623929112353048       -2.01027082407333     
 -0.611919051538992       -2.12128681627409     
 -0.581182190338059       -2.20047482525635     
 -0.521012370297526       -2.24166947494856     
 -0.430624012807451       -2.23848595616502     
 -0.298276586719914       -2.18733256316403     
 -0.118860394863984       -2.05759657537096     
  0.126750710788174       -1.86216464191542     
  0.458516161076815       -1.58978700262670     
  0.896771187493128       -1.27903895082665     
   1.49200566467516      -0.874396876806612     
   2.29409136279129      -0.413252051163591     
   3.44889303716724      -0.121701055950416     
   5.00000000000000       0.000000000000000E+000
  2.122610839453942E-314  0.000000000000000E+000
 -7.686189051822116E-005 -8.484882596107074E-004
 -3.791895359156517E-003 -3.721073189161905E-003
 -9.584047282389572E-003 -9.301147656877387E-003
 -1.647239075067785E-002 -1.769584508886688E-002
 -2.392234025922124E-002 -2.937773945572466E-002
 -3.180950854582441E-002 -4.441498984560743E-002
 -4.005594532914510E-002 -6.319668307862213E-002
 -4.888138935166027E-002 -8.582286605290697E-002
 -5.839141958731406E-002 -0.112794014325124     
 -6.895254805198776E-002 -0.144371193993367     
 -8.070268906097901E-002 -0.181239514222463     
 -9.408566730845470E-002 -0.223831962253470     
 -0.109166042171328      -0.273038267344934     
 -0.126448554885206      -0.329421468134134     
 -0.145820432865487      -0.394031209536539     
 -0.167844394852294      -0.467442552409997     
 -0.192099516481352      -0.550755180583432     
 -0.219192299084398      -0.644329293994553     
 -0.248225688248294      -0.749137611366774     
 -0.279806071345991      -0.864926569722338     
 -0.312377965408354      -0.992337882205790     
 -0.346433539646511       -1.12989264785951     
 -0.379633253296625       -1.27767690063214     
 -0.412170241836131       -1.43205516813932     
 -0.441011277808067       -1.59255933194940     
 -0.465795240022113       -1.75225455068157     
 -0.483130331168602       -1.91058252087795     
 -0.490738733105731       -2.05731867073289     
 -0.485617656662387       -2.18815952210173     
 -0.464452928956961       -2.28680709296588     
 -0.424249224462301       -2.35379330950729     
 -0.355624770477256       -2.37660183925594     
 -0.255331608670646       -2.32198501799070     
 -9.542304375446957E-002  -2.19273206558989     
  0.141025298095249       -1.95805724861058     
  0.493822220121388       -1.65529485584600     
   1.05313098431363       -1.18902185896853     
   1.91194007223926      -0.580257574509732     
   3.19550678206097      -0.147045824819799     
   5.00000000000000       0.000000000000000E+000
  2.122610839453942E-314  0.000000000000000E+000
  1.087523312568795E-003 -1.982132766534080E-004
 -7.886469272657064E-004 -1.351214356339504E-003
 -4.075103378985372E-003 -4.517815606366347E-003
 -8.187366879549237E-003 -9.855074134840566E-003
 -1.260155182621875E-002 -1.786501271107614E-002
 -1.727009795633510E-002 -2.860116096157205E-002
 -2.209202765808105E-002 -4.235306290843223E-002
 -2.722193038975204E-002 -5.919610625663017E-002
 -3.272072684370730E-002 -7.948513596638077E-002
 -3.882313920901176E-002 -0.103457555017842     
 -4.562847269929135E-002 -0.131619191623808     
 -5.341214943642100E-002 -0.164413897361426     
 -6.224887256235798E-002 -0.202500102999816     
 -7.244109843144292E-002 -0.246562725310876     
 -8.399926889836096E-002 -0.297330010096391     
 -9.723422780732907E-002 -0.355750284423889     
 -0.112057586981808      -0.422451123665002     
 -0.128744522121352      -0.498648512984393     
 -0.147075605739488      -0.584596133320294     
 -0.167201567838800      -0.681728216822604     
 -0.188760061384605      -0.789547170803063     
 -0.211602971848707      -0.909548511488671     
 -0.235265049463608       -1.04003298631883     
 -0.259059570692626       -1.18209682936656     
 -0.282604631155700       -1.33269215463475     
 -0.304372436106851       -1.49175161854837     
 -0.324507229690902       -1.65442493129989     
 -0.339308623877979       -1.81902976560825     
 -0.349978606504087       -1.97800355268641     
 -0.351757903892466       -2.12331789445341     
 -0.347810488291746       -2.25365086894241     
 -0.326404494952020       -2.36110472759912     
 -0.293357865776283       -2.40153153088937     
 -0.215516008591802       -2.37299546375624     
 -0.101348337363562       -2.25511629144652     
  0.129315231873654       -2.03537729104698     
  0.556738999281290       -1.56011623548431     
   1.32082415219915      -0.851152113218905     
   2.81604226704685      -0.273248950150883     
   5.00000000000000       0.000000000000000E+000
  2.122610839453942E-314  0.000000000000000E+000
  1.129551053344913E-003  2.198090504794739E-004
  4.095033533722956E-004  3.448164081408770E-004
 -1.068938445448355E-003 -7.745566030085221E-004
 -3.047712096560053E-003 -3.456243628332719E-003
 -5.122190344213570E-003 -8.119135070990477E-003
 -7.330090908393944E-003 -1.474138442361576E-002
 -9.552465277319795E-003 -2.354181044710757E-002
 -1.191329293143850E-002 -3.449966676244494E-002
 -1.440347086722304E-002 -4.787846366401780E-002
 -1.718251259348177E-002 -6.378897789045314E-002
 -2.025230173372171E-002 -8.263429408278655E-002
 -2.381757535852850E-002 -0.104668539691688     
 -2.782853044112510E-002 -0.130476630311180     
 -3.256587926989021E-002 -0.160452345778342     
 -3.787334595834613E-002 -0.195358716744668     
 -4.414706965131301E-002 -0.235709507216378     
 -5.105833715915944E-002 -0.282406933474502     
 -5.916839079863294E-002 -0.336044412787577     
 -6.788659177323055E-002 -0.397586837835761     
 -7.799855174977482E-002 -0.467619970068970     
 -8.853080432392961E-002 -0.547055356062513     
 -0.100554167894730      -0.636276787070703     
 -0.112575252483130      -0.736029939532414     
 -0.126049331022879      -0.846054191542022     
 -0.138864298614974      -0.967066260623480     
 -0.152818476434416       -1.09754341797483     
 -0.165024376477064       -1.23814435688068     
 -0.177501417069246       -1.38442534259478     
 -0.186999656276517       -1.53861923540634     
 -0.197115300570232       -1.68982346722644     
 -0.204070400216281       -1.84707490492436     
 -0.205310159122242       -1.99634430945384     
 -0.193312060626744       -2.12850678520645     
 -0.169575734126406       -2.19728401581854     
 -0.131255410936816       -2.25788804280886     
 -9.923175186181220E-002  -2.24409208046230     
 -2.189376808059965E-002  -1.95253551483329     
  0.390120833310001       -1.46319441382172     
   1.65911602409522      -0.495077454325092     
   5.00000000000000       0.000000000000000E+000
  2.122610839453942E-314  0.000000000000000E+000
  4.147938063338947E-004  4.147938063340642E-004
  2.466425155628914E-004  1.146081928940081E-003
 -9.557691770324918E-005  1.210764850491362E-003
 -6.128851968994398E-004  3.569316477796019E-004
 -1.157144020495517E-003 -1.547514645805888E-003
 -1.738147540774714E-003 -4.554771850253823E-003
 -2.306691300815177E-003 -8.698131894841411E-003
 -2.910510473406294E-003 -1.397092701130044E-002
 -3.530481397353809E-003 -2.049263565610053E-002
 -4.239480055975926E-003 -2.828147101856688E-002
 -4.999552749229241E-003 -3.759455677458692E-002
 -5.918259257241578E-003 -4.849911880021799E-002
 -6.921057159186015E-003 -6.138633914956254E-002
 -8.157962952564634E-003 -7.640884372882815E-002
 -9.508472718390490E-003 -9.405060044478875E-002
 -1.116996425928784E-002 -0.114597414750034     
 -1.296790993539963E-002 -0.138551686554298     
 -1.515020146355941E-002 -0.166405646888030     
 -1.748221769089449E-002 -0.198552322128874     
 -2.025884882316156E-002 -0.235801441881166     
 -2.318174187836684E-002 -0.278224776124547     
 -2.657383063321810E-002 -0.327088256496112     
 -3.007263154463449E-002 -0.381870800522970     
 -3.403459281927626E-002 -0.444438388399808     
 -3.810454371726028E-002 -0.513342282002860     
 -4.253081513294046E-002 -0.591351539076535     
 -4.694915733428320E-002 -0.675408761258527     
 -5.133972210375611E-002 -0.768654058872583     
 -5.536230769021541E-002 -0.868121527171557     
 -6.033406761250480E-002 -0.977352553148810     
 -6.793159157850148E-002  -1.09038472366557     
 -7.272247286515959E-002  -1.21827384120680     
 -7.327737902918473E-002  -1.34018775216185     
 -6.863496090852124E-002  -1.44075386956056     
 -6.409184445544334E-002  -1.58565892973652     
 -9.526947861544342E-002  -1.81541871406931     
 -0.215788094721934       -1.81266839257285     
 -8.450682818939675E-002  -1.79690557283087     
   1.18783330086380       -1.05004375212882     
   5.00000000000000       0.000000000000000E+000
  2.122610839453942E-314  0.000000000000000E+000
  2.122610839453942E-314  0.000000000000000E+000
  2.122610839453942E-314  0.000000000000000E+000
  2.122610839453942E-314  0.000000000000000E+000
  2.122610839453942E-314  0.000000000000000E+000
  2.122610839453942E-314  0.000000000000000E+000
  2.122610839453942E-314  0.000000000000000E+000
  2.122610839453942E-314  0.000000000000000E+000
  2.122610839453942E-314  0.000000000000000E+000
  2.122610839453942E-314  0.000000000000000E+000
  2.122610839453942E-314  0.000000000000000E+000
  2.122610839453942E-314  0.000000000000000E+000
  2.122610839453942E-314  0.000000000000000E+000
  2.122610839453942E-314  0.000000000000000E+000
  2.122610839453942E-314  0.000000000000000E+000
  2.122610839453942E-314  0.000000000000000E+000
  2.122610839453942E-314  0.000000000000000E+000
  2.122610839453942E-314  0.000000000000000E+000
  2.122610839453942E-314  0.000000000000000E+000
  2.122610839453942E-314  0.000000000000000E+000
  2.122610839453942E-314  0.000000000000000E+000
  2.122610839453942E-314  0.000000000000000E+000
  2.122610839453942E-314  0.000000000000000E+000
  2.122610839453942E-314  0.000000000000000E+000
  2.122610839453942E-314  0.000000000000000E+000
  2.122610839453942E-314  0.000000000000000E+000
  2.122610839453942E-314  0.000000000000000E+000
  2.122610839453942E-314  0.000000000000000E+000
  2.122610839453942E-314  0.000000000000000E+000
  2.122610839453942E-314  0.000000000000000E+000
  2.122610839453942E-314  0.000000000000000E+000
  2.122610839453942E-314  0.000000000000000E+000
  2.122610839453942E-314  0.000000000000000E+000
  2.122610839453942E-314  0.000000000000000E+000
  2.122610839453942E-314  0.000000000000000E+000
  2.122610839453942E-314  0.000000000000000E+000
  2.122610839453942E-314  0.000000000000000E+000
  2.122610839453942E-314  0.000000000000000E+000
  2.122610839453942E-314  0.000000000000000E+000
  2.122610839453942E-314  0.000000000000000E+000
   5.00000000000000       0.000000000000000E+000
