  5.432309224871097E-312  0.000000000000000E+000
  2.122610839453942E-314  0.000000000000000E+000
  2.122610839453942E-314  0.000000000000000E+000
  2.122610839453942E-314  0.000000000000000E+000
  2.122610839453942E-314  0.000000000000000E+000
  2.122610839453942E-314  0.000000000000000E+000
  2.122610839453942E-314  0.000000000000000E+000
  2.122610839453942E-314  0.000000000000000E+000
  2.122610839453942E-314  0.000000000000000E+000
  2.122610839453942E-314  0.000000000000000E+000
  2.122610839453942E-314  0.000000000000000E+000
  2.122610839453942E-314  0.000000000000000E+000
  2.122610839453942E-314  0.000000000000000E+000
  2.122610839453942E-314  0.000000000000000E+000
  2.122610839453942E-314  0.000000000000000E+000
  2.122610839453942E-314  0.000000000000000E+000
  2.122610839453942E-314  0.000000000000000E+000
  2.122610839453942E-314  0.000000000000000E+000
  2.122610839453942E-314  0.000000000000000E+000
  2.122610839453942E-314  0.000000000000000E+000
  2.122610839453942E-314  0.000000000000000E+000
  2.122610839453942E-314  0.000000000000000E+000
  2.122610839453942E-314  0.000000000000000E+000
  2.122610839453942E-314  0.000000000000000E+000
  2.122610839453942E-314  0.000000000000000E+000
  2.122610839453942E-314  0.000000000000000E+000
  2.122610839453942E-314  0.000000000000000E+000
  2.122610839453942E-314  0.000000000000000E+000
  2.122610839453942E-314  0.000000000000000E+000
  2.122610839453942E-314  0.000000000000000E+000
  2.122610839453942E-314  0.000000000000000E+000
  2.122610839453942E-314  0.000000000000000E+000
  2.122610839453942E-314  0.000000000000000E+000
  2.122610839453942E-314  0.000000000000000E+000
  2.122610839453942E-314  0.000000000000000E+000
  2.122610839453942E-314  0.000000000000000E+000
  2.122610839453942E-314  0.000000000000000E+000
  2.122610839453942E-314  0.000000000000000E+000
  2.122610839453942E-314  0.000000000000000E+000
  2.122610839453942E-314  0.000000000000000E+000
   5.00000000000000       0.000000000000000E+000
  2.122610839453942E-314  0.000000000000000E+000
  2.790026919785698E-004 -2.827591113805483E-004
 -2.786463111986944E-004  1.517581369797757E-004
 -1.017263993197869E-003  1.399062796729589E-003
 -1.817621739669092E-003  4.320600643758413E-003
 -2.597236090555111E-003  8.621849783250231E-003
 -3.317503335355192E-003  1.441941353988740E-002
 -4.021418082271278E-003  2.154661691344207E-002
 -4.655536731394135E-003  2.998234751405826E-002
 -5.265010216366136E-003  3.959001964859743E-002
 -5.796093314594656E-003  5.030632488897523E-002
 -6.296037654925446E-003  6.200698362448587E-002
 -6.707939315776461E-003  7.458397522538154E-002
 -7.078785016194160E-003  8.792372894256743E-002
 -7.350672748704724E-003  0.101864720719690     
 -7.570540340863052E-003  0.116310926392380     
 -7.685380940007881E-003  0.131041546516130     
 -7.740551596517188E-003  0.145993059763218     
 -7.697585868013095E-003  0.160897207589676     
 -7.595716186656104E-003  0.175740024227825     
 -7.424746323917774E-003  0.190244764338798     
 -7.210791338072736E-003  0.204460948261184     
 -6.988976715220899E-003  0.218179973808287     
 -6.761490295985414E-003  0.231517129937333     
 -6.636610984930137E-003  0.244470697520460     
 -6.592151172059721E-003  0.257209645786657     
 -6.842423011347007E-003  0.270143153484308     
 -7.352066837134896E-003  0.283519266508796     
 -8.423845542340509E-003  0.298550461666179     
 -9.805346109622949E-003  0.315230528436706     
 -1.255260114261184E-002  0.336952717358721     
 -1.769798007422635E-002  0.363986885530655     
 -2.515293482541748E-002  0.399311499744408     
 -3.516736192749869E-002  0.446984907369506     
 -4.209482984349974E-002  0.521606980722460     
 -2.726236635200103E-002  0.588827431749959     
 -3.615569194275395E-002  0.707945645514353     
 -0.248134702667695        1.00602245227170     
 -0.234031141789925       0.876183257303593     
  0.614824130717223       0.614824130717187     
   5.00000000000000       0.000000000000000E+000
  2.122610839453942E-314  0.000000000000000E+000
 -1.480017175740057E-004  2.569639173123294E-004
 -1.930251221536371E-003  1.883217554422765E-003
 -4.555110491292455E-003  5.387926291786617E-003
 -7.267082424111220E-003  1.131687555634010E-002
 -1.007185631955245E-002  1.978516796726698E-002
 -1.267846686111287E-002  3.060659912040073E-002
 -1.523404026082379E-002  4.385648779083402E-002
 -1.755587555432942E-002  5.925669776065495E-002
 -1.976987834863558E-002  7.681765521411105E-002
 -2.173337664118119E-002  9.622238521540925E-002
 -2.354137981180955E-002  0.117444423808283     
 -2.508000932947271E-002  0.140136837046763     
 -2.640678950971664E-002  0.164236026006805     
 -2.744507894172712E-002  0.189361104284350     
 -2.821335239178725E-002  0.215413913712695     
 -2.869034628565701E-002  0.241983233411358     
 -2.885594062698815E-002  0.268952716666536     
 -2.876445335996002E-002  0.295901609478978     
 -2.836308169454139E-002  0.322731484910710     
 -2.779723057525424E-002  0.349051290341394     
 -2.700013333028735E-002  0.374843427887586     
 -2.621199617553453E-002  0.399804862119628     
 -2.539667032381682E-002  0.424098301902223     
 -2.487347791172072E-002  0.447585012584964     
 -2.473810837526968E-002  0.470764220153260     
 -2.533535955051148E-002  0.493736634623072     
 -2.708786487211516E-002  0.517637477101650     
 -3.028194805792474E-002  0.542964658844851     
 -3.610841358902338E-002  0.571941518810367     
 -4.443360878069937E-002  0.605340382926381     
 -5.850661101056998E-002  0.647131042137165     
 -7.619238579851703E-002  0.696466319218913     
 -0.102122291164341       0.763548619333065     
 -0.132690652929806       0.854636499851893     
 -0.181561801205860       0.971771367192023     
 -0.207592137199911        1.07150982408424     
 -0.237724179405772        1.14113916882401     
 -5.171197208725944E-002  0.943641683910379     
   1.36875443438828       0.436809276016596     
   5.00000000000000       0.000000000000000E+000
  2.122610839453942E-314  0.000000000000000E+000
 -1.350302794559545E-003  9.565315808794949E-004
 -5.366745867747078E-003  4.334433747968123E-003
 -1.051151556774839E-002  1.019196319195990E-002
 -1.608739207687680E-002  1.929940946035568E-002
 -2.169583409451551E-002  3.145388930188837E-002
 -2.713617592444315E-002  4.679461314445960E-002
 -3.233506954491133E-002  6.509965939431479E-002
 -3.720322741448454E-002  8.634528680322935E-002
 -4.174135293176570E-002  0.110267562569451     
 -4.587041428445041E-002  0.136736410577872     
 -4.960166817349932E-002  0.165464643481617     
 -5.284755754673872E-002  0.196255037987031     
 -5.561510385690800E-002  0.228789400578370     
 -5.781694618505939E-002  0.262802286685501     
 -5.946492028838463E-002  0.297955219537538     
 -6.049033569661063E-002  0.333910494473977     
 -6.092561519499713E-002  0.370340471709749     
 -6.074687967023298E-002  0.406847417884683     
 -6.002514233751953E-002  0.443166558336268     
 -5.881448588126254E-002  0.478880437456653     
 -5.724290123248087E-002  0.513857651547044     
 -5.548424786801573E-002  0.547739975506330     
 -5.374701962679131E-002  0.580616453359194     
 -5.237986434481044E-002  0.612308174029599     
 -5.171751746511454E-002  0.643238217781489     
 -5.235089292773448E-002  0.673557216768240     
 -5.482581769380255E-002  0.704179710980846     
 -6.008772734830337E-002  0.735743179381129     
 -6.920580007901717E-002  0.769972784450704     
 -8.330933031696737E-002  0.807510114131695     
 -0.104409636441548       0.851499294787436     
 -0.132066403435444       0.901298571519401     
 -0.168010421320622       0.961020751142098     
 -0.207766914789831        1.02363118140814     
 -0.265818659269448        1.10252332450897     
 -0.273430848053880        1.10600391181894     
 -0.196668821058204        1.05335110273119     
  0.330984593752089       0.793649013460977     
   1.90922865625940       0.298533019876403     
   5.00000000000000       0.000000000000000E+000
  2.122610839453942E-314  0.000000000000000E+000
 -4.040830283137738E-003  1.632052221148091E-003
 -1.096392046872877E-002  6.608842166756643E-003
 -1.940326471702075E-002  1.491851290000500E-002
 -2.831421533753601E-002  2.688009410175895E-002
 -3.732759821361367E-002  4.244350183225365E-002
 -4.607374304887815E-002  6.156996700795132E-002
 -5.447525272117336E-002  8.417631247520953E-002
 -6.236838086709223E-002  0.110097751825239     
 -6.973816104928041E-002  0.139177967861852     
 -7.647465846000376E-002  0.171157100564626     
 -8.255107314999366E-002  0.205817629649805     
 -8.787609719972186E-002  0.242852318049075     
 -9.239382972339830E-002  0.281968178421379     
 -9.603974042503878E-002  0.322814466628437     
 -9.874106232469233E-002  0.365026225939911     
 -0.100486350892089       0.408213170777708     
 -0.101211975833836       0.451963845760321     
 -0.100992934258525       0.495861470705898     
 -9.981333193874707E-002  0.539504685738281     
 -9.786657248166394E-002  0.582478502679626     
 -9.523903447243051E-002  0.624483758449069     
 -9.226545035597773E-002  0.665152068055795     
 -8.921649497308323E-002  0.704415141389347     
 -8.657592544844109E-002  0.742003926659884     
 -8.492991893230084E-002  0.778248677395394     
 -8.489741616999257E-002  0.813018983123104     
 -8.758974590934913E-002  0.847235373608809     
 -9.367906038089140E-002  0.880837624149577     
 -0.105105242026587       0.915466195107491     
 -0.122230185012035       0.950625996571433     
 -0.147625255900620       0.988591078552795     
 -0.179960070450372        1.02758621753088     
 -0.220280052033036        1.06760262133386     
 -0.258110989857843        1.09861845309683     
 -0.281154792692355        1.10808722321854     
 -0.239981811016971        1.05104430062408     
  2.473617688845723E-002  0.890491909204188     
  0.740070630025619       0.595912831411863     
   2.31066432725425       0.210433035088913     
   5.00000000000000       0.000000000000000E+000
  2.122610839453942E-314  0.000000000000000E+000
 -7.869353565567205E-003  2.227951449232308E-003
 -1.859540666493180E-002  8.712160526853229E-003
 -3.073976092576121E-002  1.910017349796660E-002
 -4.347269189972047E-002  3.362681860345509E-002
 -5.622750865056207E-002  5.202322723017365E-002
 -6.868716918280232E-002  7.436953371428046E-002
 -8.063459515610689E-002  0.100391559077967     
 -9.192987855335082E-002  0.130086477017087     
 -0.102475177544326       0.163124297860749     
 -0.112158889089904       0.199401176670697     
 -0.120905504802162       0.238533695194881     
 -0.128590568468277       0.280347296350660     
 -0.135143812904393       0.324396580165151     
 -0.140431615325079       0.370424380929803     
 -0.144409563233468       0.417937338747591     
 -0.146962343760898       0.466581786397317     
 -0.148110112776233       0.515855292453228     
 -0.147799454776826       0.565298980749716     
 -0.146161909094925       0.614472175059223     
 -0.143261396346636       0.662817397228848     
 -0.139388499917590       0.710057386682484     
 -0.134788852987486       0.755559165899312     
 -0.129961114696125       0.799338427871585     
 -0.125400500993525       0.840706597025468     
 -0.121875110685434       0.880130253857099     
 -0.120179938354656       0.916817009514793     
 -0.121451980408505       0.951880549757740     
 -0.126692894913767       0.984108823720421     
 -0.137514395767709        1.01547370606808     
 -0.154351990406172        1.04335853942988     
 -0.179006125856719        1.07057677018709     
 -0.208129326399311        1.09032744544551     
 -0.242376935822971        1.10584220989861     
 -0.260035644928318        1.09608012989031     
 -0.247152631034312        1.05976794345747     
 -0.112084916295746       0.953324121879621     
  0.254230971029313       0.760410806191980     
   1.08030706932287       0.488833801592958     
   2.64077268656284       0.160405819654270     
   5.00000000000000       0.000000000000000E+000
  2.122610839453942E-314  0.000000000000000E+000
 -1.268252751139238E-002  2.662915481463735E-003
 -2.781347794756700E-002  1.031921992665377E-002
 -4.423548527012374E-002  2.250772492080637E-002
 -6.108845763673548E-002  3.909615723210119E-002
 -7.789157295805017E-002  5.985889261361836E-002
 -9.425880451583488E-002  8.471179552201857E-002
 -0.109978194356134       0.113459563457306     
 -0.124861231484829       0.145987389393408     
 -0.138779622131017       0.182053175572147     
 -0.151600394066483       0.221475077175684     
 -0.163191224874034       0.263940616837052     
 -0.173424540942600       0.309216348806774     
 -0.182150020464428       0.356895743063559     
 -0.189249402098732       0.406684095254012     
 -0.194578658583103       0.458077362603411     
 -0.198063638789944       0.510712190207918     
 -0.199614956905505       0.564008045399754     
 -0.199253981042424       0.617528789124906     
 -0.197010871258379       0.670672959347767     
 -0.193058509586760       0.722938254232807     
 -0.187621836353099       0.773791412152930     
 -0.181074622826697       0.822680056847556     
 -0.173918267895163       0.869250684665922     
 -0.166759667155731       0.912911175676770     
 -0.160456406128544       0.953594027376342     
 -0.155842645076317       0.990627126239209     
 -0.154162127034458        1.02426386575213     
 -0.156344166981460        1.05355315893711     
 -0.163741818554892        1.07886701537301     
 -0.176732314845174        1.09842752542346     
 -0.195253204293277        1.11173281058576     
 -0.216349745000782        1.11453348814853     
 -0.232423680758580        1.10256615055352     
 -0.226985205082717        1.06491616823453     
 -0.158733197852583       0.988105264424371     
  3.767670862177604E-002  0.853055948403248     
  0.497909061483855       0.648762005357565     
   1.39761489166735       0.387991075911332     
   2.88324471500140       0.128924379299554     
   5.00000000000000       0.000000000000000E+000
  2.122610839453942E-314  0.000000000000000E+000
 -1.830632117949740E-002  3.027113928664947E-003
 -3.843055836502850E-002  1.161432598116700E-002
 -5.943507302507989E-002  2.512618090104088E-002
 -8.068446504946515E-002  4.332698127156730E-002
 -0.101682470366516       6.583571020580083E-002
 -0.122113649769387       9.260047691277416E-002
 -0.141714412276469       0.123291561278238     
 -0.160309460847872       0.157892036684400     
 -0.177725964481185       0.196046031354805     
 -0.193806945318262       0.237695287514759     
 -0.208390887153226       0.282424243823230     
 -0.221292426647590       0.330113489270300     
 -0.232352718713617       0.380267788394265     
 -0.241359657055299       0.432669825915905     
 -0.248191112040498       0.486750817618856     
 -0.252644246428254       0.542156847214764     
 -0.254696245869746       0.598285339533142     
 -0.254213238706667       0.654603800649898     
 -0.251346931247694       0.710556932270758     
 -0.246106137540170       0.765397951687297     
 -0.238889502970530       0.818736170994784     
 -0.229922644072164       0.869579404505826     
 -0.219909569857737       0.917840965934480     
 -0.209341777793273       0.962232638572665     
 -0.199265795676536        1.00311049057323     
 -0.190395101885002        1.03875159686194     
 -0.184105276324617        1.07004914054599     
 -0.180970031840521        1.09448174698945     
 -0.182462369230242        1.11340917908539     
 -0.187581293662597        1.12266944086899     
 -0.196786717493608        1.12353798696278     
 -0.202464930354866        1.10833544291567     
 -0.199214107294566        1.07637027637736     
 -0.157430874257473        1.01426803460976     
 -4.701562152181016E-002  0.915497319878035     
  0.216403891076036       0.766882675280163     
  0.732275821857785       0.562418901550518     
   1.64790245590548       0.327986642497035     
   3.08005726272193       0.104776584059914     
   5.00000000000000       0.000000000000000E+000
  2.122610839453942E-314  0.000000000000000E+000
 -2.444078221946109E-002  3.245681162132224E-003
 -4.996179776967967E-002  1.245286912243644E-002
 -7.587692864550069E-002  2.692497687589467E-002
 -0.101688871267626       4.621667330211940E-002
 -0.127008604430582       6.995428773853256E-002
 -0.151553258705019       9.795880689421051E-002
 -0.175086279092245       0.129953408989859     
 -0.197426266286122       0.165831713679896     
 -0.218381539071992       0.205318373932391     
 -0.237781565967655       0.248299261505574     
 -0.255412875789129       0.294439313366403     
 -0.271076577141322       0.343580905926192     
 -0.284531002541301       0.395285816011314     
 -0.295559060369103       0.449317101359416     
 -0.303927062530106       0.505112572224272     
 -0.309447423198542       0.562323828809319     
 -0.311964073527108       0.620275052608236     
 -0.311391231445055       0.678477759942998     
 -0.307738815710206       0.736191992282423     
 -0.301103674601391       0.792772482221576     
 -0.291750014695993       0.847497649908231     
 -0.280027304212804       0.899560488759907     
 -0.266517809522687       0.948350279308497     
 -0.251858612021614       0.992890572693682     
 -0.236947364914794        1.03273810172773     
 -0.222661302387569        1.06669716541332     
 -0.210030517112094        1.09442995830237     
 -0.199883465294733        1.11435562428241     
 -0.192652896374374        1.12589848100049     
 -0.188001352531568        1.12666827629203     
 -0.183308636330729        1.11491757649805     
 -0.173210036836506        1.08651562903058     
 -0.144172668117670        1.03680625952354     
 -7.388710395818578E-002  0.958876409448813     
  8.240272157387442E-002  0.844694063985228     
  0.391210974617365       0.687673342157922     
  0.953102106080026       0.490488647246550     
   1.88832716819869       0.273165624237332     
   3.24735114918139       8.333675512690127E-002
   5.00000000000000       0.000000000000000E+000
  2.122610839453942E-314  0.000000000000000E+000
 -3.099150764658000E-002  3.404104773256055E-003
 -6.218305127263538E-002  1.299851240746244E-002
 -9.316559093946830E-002  2.800449722641848E-002
 -0.123635829382103       4.793374515373271E-002
 -0.153301912366076       7.231186011574980E-002
 -0.181966164710603       0.100978834837797     
 -0.209417364943560       0.133571602067477     
 -0.235496544741886       0.170058313898871     
 -0.260003529250132       0.210089923487049     
 -0.282746016017688       0.253663443431501     
 -0.303489352535998       0.300374789057585     
 -0.321972957266088       0.350181729795611     
 -0.337934648068309       0.402583296374503     
 -0.351052680400225       0.457428231707867     
 -0.361090525943394       0.514109607408962     
 -0.367711933612790       0.572291605476786     
 -0.370796326617265       0.631298251481716     
 -0.370070415229843       0.690528928380371     
 -0.365635849794273       0.749327628203513     
 -0.357375278673484       0.806757191664375     
 -0.345707775811174       0.862310491768617     
 -0.330753559841103       0.914657793891103     
 -0.313304628790132       0.963577566853468     
 -0.293741836826410        1.00729804832026     
 -0.273214182955887        1.04597698124621     
 -0.252225649363081        1.07732088560885     
 -0.232122740206612        1.10184132660551     
 -0.212953071683219        1.11654809532046     
 -0.195701021085888        1.12202983309879     
 -0.178088086695470        1.11424891723448     
 -0.158855891036505        1.09308940481038     
 -0.127940253974298        1.05297999052979     
 -7.574865316926449E-002  0.991637622949590     
  2.887048056572211E-002  0.902423835221369     
  0.220151318232264       0.780245553434693     
  0.570128894338188       0.623359716735596     
   1.15877568074674       0.433817564470971     
   2.08153183329684       0.238000129781715     
   3.38557448221676       7.018691686409835E-002
   5.00000000000000       0.000000000000000E+000
  2.122610839453942E-314  0.000000000000000E+000
 -3.767668918601777E-002  3.442085375026804E-003
 -7.468135955918626E-002  1.316366300860002E-002
 -0.110805593321242       2.836461244033660E-002
 -0.145953340707616       4.845205128472427E-002
 -0.179947731369799       7.297483848783035E-002
 -0.212685745481433       0.101682168681281     
 -0.244008633299699       0.134279503464233     
 -0.273784043424994       0.170662512070142     
 -0.301818179797301       0.210583905073904     
 -0.327907475682508       0.253986838131551     
 -0.351783281399069       0.300580126151767     
 -0.373152956001368       0.350277810988440     
 -0.391677656497338       0.402676009191872     
 -0.406999483239709       0.457591737134911     
 -0.418761253605195       0.514465098202955     
 -0.426606255406504       0.572951312874063     
 -0.430253271517984       0.632330844796932     
 -0.429446316512148       0.692040876211936     
 -0.424096412275176       0.751246897666563     
 -0.414159846018285       0.809132852574678     
 -0.399844767395168       0.864833227382987     
 -0.381411552524435       0.917271533572915     
 -0.359413303941593       0.965641634220699     
 -0.334443538213005        1.00862056954239     
 -0.307324914234693        1.04550170943965     
 -0.278874182056311        1.07472286182837     
 -0.249845488690583        1.09558835242840     
 -0.220817662603542        1.10624703441968     
 -0.191478873344133        1.10569534315924     
 -0.160681604897626        1.09161956816728     
 -0.124221484805912        1.06205474959740     
 -7.478731158164255E-002   1.01389135561188     
  3.169410233299156E-003  0.943516150488088     
  0.134308153858087       0.847146720550801     
  0.360537549289668       0.720971519962364     
  0.741501984001925       0.564522325005712     
   1.35151156853853       0.385705942088326     
   2.27079829318586       0.205596789691552     
   3.50535518332028       6.009447124013280E-002
   5.00000000000000       0.000000000000000E+000
  2.122610839453942E-314  0.000000000000000E+000
 -4.443836093423245E-002  3.432668233998331E-003
 -8.723451305980010E-002  1.307737382552315E-002
 -0.128466769151708       2.810672074565421E-002
 -0.168205294812839       4.793221615504188E-002
 -0.206430760066685       7.205217237694123E-002
 -0.243135377425440       0.100256260411079     
 -0.278231430645236       0.132199124915531     
 -0.311628422424992       0.167866830840092     
 -0.343144416619110       0.206957928628880     
 -0.372571797151979       0.249547665676923     
 -0.399616056722966       0.295281797691801     
 -0.423932417848506       0.344224088076232     
 -0.445136950571592       0.395899278263162     
 -0.462764567849344       0.450255768009903     
 -0.476418247618848       0.506668281526190     
 -0.485574756430378       0.564853470916593     
 -0.489948578679211       0.624066463960294     
 -0.489061283703195       0.683672721734640     
 -0.482885040380957       0.742904907982615     
 -0.471109291161261       0.800678511751735     
 -0.454088305527687       0.856347863947416     
 -0.431781376976680       0.908325832362201     
 -0.404977061852660       0.956227819657912     
 -0.373917460697706       0.997969443346189     
 -0.339752146434945        1.03348752514260     
 -0.302805248988474        1.06024959500392     
 -0.264294470569432        1.07841149607749     
 -0.223910002750076        1.08504854506735     
 -0.182131457472175        1.08018208430122     
 -0.135962886405236        1.06052748725287     
 -8.288338844365527E-002   1.02529523072123     
 -1.190069213881614E-002  0.970932547818718     
  8.864608618417759E-002  0.895110518556962     
  0.248694748891600       0.795045166001160     
  0.501943993244476       0.667855614681686     
  0.908140246737798       0.516651382752981     
   1.52926984372178       0.347081968328722     
   2.42621500396606       0.183001361668518     
   3.60874468544581       5.279824824207017E-002
   5.00000000000000       0.000000000000000E+000
  2.122610839453942E-314  0.000000000000000E+000
 -5.102815348117910E-002  3.320080105240339E-003
 -9.950793417128595E-002  1.266145968305628E-002
 -0.145691585112933       2.721219355958692E-002
 -0.189881730744248       4.633452853909184E-002
 -0.232182653537578       6.958616912396984E-002
 -0.272712038607318       9.669835437932779E-002
 -0.311459852084718       0.127428843704931     
 -0.348379112505507       0.161703347773980     
 -0.383323359403191       0.199362249177150     
 -0.416068823880048       0.240418919193641     
 -0.446310215570341       0.284683527747746     
 -0.473646243964205       0.332154599808026     
 -0.497627043298580       0.382516346630958     
 -0.517712562754767       0.435653357609556     
 -0.533378497710754       0.491054828531594     
 -0.544036572837026       0.548391880928169     
 -0.549214405352212       0.606937989053149     
 -0.548412399889029       0.666065130379090     
 -0.541367074093069       0.724872726264643     
 -0.527823302163139       0.782384190960115     
 -0.507863488408678       0.837620194397671     
 -0.481602713880878       0.889261637676022     
 -0.449518011873708       0.936358282109317     
 -0.412123257643010       0.977311538703580     
 -0.370167451933897        1.01125436922359     
 -0.324392517227395        1.03640305860748     
 -0.275382435901740        1.05190242006587     
 -0.223498542380955        1.05585887658750     
 -0.168027100958659        1.04718054247305     
 -0.107219739514913        1.02386450464499     
 -3.618538811109515E-002  0.984179306971264     
  5.345914411283890E-002  0.925955568644774     
  0.177505893857203       0.846737295422330     
  0.360563341162203       0.744775950015932     
  0.640045692919395       0.619012100096426     
   1.06693180593237       0.472069493688302     
   1.69551412867141       0.313560912103301     
   2.57904568605583       0.162358193573089     
   3.70141327133143       4.632472699029633E-002
   5.00000000000000       0.000000000000000E+000
  2.122610839453942E-314  0.000000000000000E+000
 -5.739782156247953E-002  3.164609062752231E-003
 -0.111271671876234       1.201370892650319E-002
 -0.162169128320734       2.575050143504904E-002
 -0.210546749926124       4.377686817524239E-002
 -0.256694119592496       6.564024483042186E-002
 -0.300836439901730       9.114719520625116E-002
 -0.343056212428783       0.120028158588775     
 -0.383371836655662       0.152333984858566     
 -0.421654869878909       0.187856553016106     
 -0.457701817905403       0.226783923145157     
 -0.491167399101861       0.268850907508103     
 -0.521615428393735       0.314264855597983     
 -0.548517689427094       0.362608096987305     
 -0.571231291715130       0.413973653879970     
 -0.589144739898691       0.467738372085632     
 -0.601490905277898       0.523724606647922     
 -0.607741820201622       0.581122545378069     
 -0.607146323570521       0.639324272711709     
 -0.599461350465846       0.697437572408417     
 -0.584123478571867       0.754301708165184     
 -0.561345853849616       0.809107755514098     
 -0.530897297327833       0.860105430379443     
 -0.493509837769488       0.906726476981599     
 -0.449309518019725       0.946710668564630     
 -0.399426986361095       0.979784875006653     
 -0.344106177509266        1.00336266115523     
 -0.284473058147597        1.01733678420898     
 -0.220083263365744        1.01902485820604     
 -0.151084882917946        1.00814139222290     
 -7.422023394373650E-002  0.982120239167605     
  1.376126117429481E-002  0.940001362894783     
  0.123897817461502       0.879593625455130     
  0.268594089424671       0.799062544493101     
  0.475420787551059       0.697727127703831     
  0.775483181934270       0.574543720753354     
   1.21759206741327       0.434566097659347     
   1.84842132096462       0.285209995031735     
   2.70659536026798       0.146534048549862     
   3.78250054919920       4.136488787336932E-002
   5.00000000000000       0.000000000000000E+000
  2.122610839453942E-314  0.000000000000000E+000
 -6.331983928666035E-002  2.912283784017480E-003
 -0.122245393761745       1.105771792306341E-002
 -0.177488688254576       2.369134913648784E-002
 -0.229751051140663       4.020358023918837E-002
 -0.279456348340378       6.023950109937628E-002
 -0.326966239778832       8.357357623864234E-002
 -0.372465713022191       0.110077160018293     
 -0.416019626295789       0.139747675392099     
 -0.457564594914247       0.172563043855430     
 -0.496870041410873       0.208637646950682     
 -0.533605746804626       0.247928456960008     
 -0.567251150238128       0.290549986723741     
 -0.597227535300741       0.336318979148178     
 -0.622772549196926       0.385223879023936     
 -0.643147306906822       0.436845362439733     
 -0.657464166990438       0.490911208596321     
 -0.664991175489461       0.546723979093693     
 -0.664901356695185       0.603632326407278     
 -0.656685940664202       0.660696980154206     
 -0.639798743193797       0.716822650165762     
 -0.614148180930570       0.770939330732522     
 -0.579650019446461       0.821532041645659     
 -0.536704537316115       0.867538904899381     
 -0.485731909062578       0.907147322706055     
 -0.427476894827616       0.939391549386378     
 -0.362639068524425       0.962346201385231     
 -0.291798944186876       0.975105489681851     
 -0.215198783987644       0.975804346527034     
 -0.132037391569273       0.963415064261446     
 -4.022456033036351E-002  0.936222234319722     
  6.526333584692694E-002  0.892843023693444     
  0.193204504855469       0.831772468659723     
  0.358749115952469       0.751528536446413     
  0.585209295027475       0.651603573819922     
  0.905042470175192       0.532663194666442     
   1.36087586055909       0.398671577593905     
   1.99184725817651       0.259553489059430     
   2.83267272515931       0.131719590990993     
   3.85652792470386       3.678476065617899E-002
   5.00000000000000       0.000000000000000E+000
  2.122610839453942E-314  0.000000000000000E+000
 -6.874349710744024E-002  2.615467419089488E-003
 -0.132179630098100       9.870044694227243E-003
 -0.191331509814789       2.108200220017008E-002
 -0.247046857127434       3.570964333588476E-002
 -0.299946498044424       5.342342468579703E-002
 -0.350510551870913       7.410563215298711E-002
 -0.399022488865669       9.761567951417581E-002
 -0.445635398579288       0.124110916764539     
 -0.490300581208238       0.153518232639691     
 -0.532834414090769       0.186171583589601     
 -0.572848655058119       0.221933428974804     
 -0.609811280197424       0.261191619507304     
 -0.643028256681836       0.303625119648169     
 -0.671648706747751       0.349521326656529     
 -0.694789877747743       0.398294872167130     
 -0.711386764330153       0.449940538155486     
 -0.720582359966004       0.503607212449455     
 -0.721287200235793       0.558794745184448     
 -0.712946135710514       0.614490988232571     
 -0.694687683942156       0.669548149053445     
 -0.666505649740115       0.722982995240432     
 -0.627959133438859       0.772972685334850     
 -0.579690926526984       0.818754097784977     
 -0.521747577329714       0.857975484299926     
 -0.455270236380743       0.890170644888624     
 -0.380524122568688       0.912754863030123     
 -0.298647327299122       0.925439647161398     
 -0.209235621010930       0.925750916072730     
 -0.112316454277396       0.913273983988585     
 -4.658861653012382E-003  0.885927407635436     
  0.117296719822570       0.842826609051767     
  0.264148904078776       0.782577356489356     
  0.448210064914103       0.703958137542078     
  0.694244335318976       0.607378177061718     
   1.02988850575007       0.493153013746971     
   1.49470416617975       0.366948362062432     
   2.12323956060942       0.236650414714068     
   2.93891595772652       0.119413889248657     
   3.92188534954395       3.303099598154532E-002
   5.00000000000000       0.000000000000000E+000
  2.122610839453942E-314  0.000000000000000E+000
 -7.344885248580246E-002  2.225536023742254E-003
 -0.140835607609426       8.391891165931446E-003
 -0.203336894392813       1.790786118791941E-002
 -0.262048596621247       3.026066141689878E-002
 -0.317730888722693       4.524850680296286E-002
 -0.370998619151078       6.274542903329924E-002
 -0.422256237459363       8.277740546720282E-002
 -0.471699263440874       0.105453746318808     
 -0.519369794067804       0.130917965373563     
 -0.565046197515751       0.159419685483118     
 -0.608382702877878       0.191090447021369     
 -0.648737325356690       0.226199678386356     
 -0.685389041379030       0.264733855761914     
 -0.717320892335154       0.306836187280789     
 -0.743537083716960       0.352227299448815     
 -0.762784125403025       0.400755355832087     
 -0.774003877255035       0.451805398128752     
 -0.775950969424290       0.504773002547687     
 -0.767799967054537       0.558728363843305     
 -0.748621539805031       0.612524311419245     
 -0.718105185488796       0.665036600653555     
 -0.675902996558695       0.714609295089023     
 -0.622350781449271       0.760096209298869     
 -0.557758855607673       0.799508774394111     
 -0.482954763006151       0.831811052664501     
 -0.398632523798999       0.854949108550987     
 -0.305532929702407       0.868004475546214     
 -0.203873301443895       0.869105842271426     
 -9.300711009657450E-002  0.857326803450411     
  2.929613733490893E-002  0.831114807363302     
  0.167833150172813       0.789417634783114     
  0.331338756283138       0.731119167636245     
  0.533808842167744       0.655493495646155     
  0.796671589084488       0.562725261405006     
   1.14748179708425       0.454559666503070     
   1.62141969495073       0.335472984164540     
   2.24615395875385       0.215015562882479     
   3.04355175497274       0.107479886997610     
   3.98179848134747       2.950096512822576E-002
   5.00000000000000       0.000000000000000E+000
  2.122610839453942E-314  0.000000000000000E+000
 -7.738594209897263E-002  1.789393345040450E-003
 -0.147948988447107       6.684854347271675E-003
 -0.213183978116129       1.421679589959673E-002
 -0.274313260033764       2.396476624565276E-002
 -0.332291371822810       3.578494054819999E-002
 -0.387852484255642       4.967926111255514E-002
 -0.441496131200632       6.567223513811118E-002
 -0.493521566460037       8.405006269603639E-002
 -0.543981351904167       0.104901724618141     
 -0.592725533439242       0.128720665832561     
 -0.639337880443300       0.155530014268740     
 -0.683194375511178       0.185918313152968     
 -0.723426638167044       0.219709125118538     
 -0.758958890072388       0.257426012884231     
 -0.788589935540226       0.298582400747198     
 -0.810914938987211       0.343417122722357     
 -0.824659116963926       0.391099307071256     
 -0.828335266048459       0.441334306409873     
 -0.820964047565501       0.493035725785640     
 -0.801309557018374       0.545175851945625     
 -0.769048270928584       0.596618224316373     
 -0.723502776124716       0.645558738099306     
 -0.665183279260748       0.691043771833954     
 -0.594078078317958       0.730678008576764     
 -0.511373556473122       0.763813671193435     
 -0.417426148719504       0.787844127368217     
 -0.313498877814249       0.802344663901715     
 -0.199339630202838       0.804922595168925     
 -7.504465837588928E-002  0.795120784893866     
  6.241593951960096E-002  0.771082281380535     
  0.216594095824977       0.732085933213466     
  0.397369895767420       0.677121865576705     
  0.616427341000784       0.605534821492052     
  0.895608976460337       0.518255656665629     
   1.25884496734939       0.416496487458060     
   1.73790798409779       0.306031197245029     
   2.35782546172747       0.194477205543218     
   3.13161484564883       9.678439538301163E-002
   4.03431346720058       2.625185881359927E-002
   5.00000000000000       0.000000000000000E+000
  2.122610839453942E-314  0.000000000000000E+000
 -8.034719465312783E-002  1.271715326047849E-003
 -0.153336179999216       4.732111681507027E-003
 -0.220582795459392       1.003969475177433E-002
 -0.283543163750660       1.685427284848070E-002
 -0.343297486564923       2.517171495375952E-002
 -0.400703119580531       3.501008976889240E-002
 -0.456383453341590       4.656047939302382E-002
 -0.510676382012868       6.006765547116072E-002
 -0.563741571004614       7.583818043528229E-002
 -0.615388777505335       9.427534981509934E-002
 -0.665272032372972       0.115689978852432     
 -0.712643455492875       0.140534941650299     
 -0.756643642460955       0.168995441096950     
 -0.795990179685847       0.201420818394102     
 -0.829407504220567       0.237732335988661     
 -0.855225123571341       0.277976765411790     
 -0.872002775493057       0.321707426160860     
 -0.877986587380421       0.368463230034653     
 -0.871958343302151       0.417415397264843     
 -0.852498387178467       0.467459177150306     
 -0.819014149084336       0.517490585895561     
 -0.770805132443062       0.565780265019018     
 -0.708131191708698       0.611141936430074     
 -0.631151103699867       0.651432000284835     
 -0.540836895021263       0.685560215874698     
 -0.437890344822936       0.711307953773579     
 -0.323340825890108       0.727739903750298     
 -0.197446376272582       0.732880791254692     
 -5.989620446557310E-002  0.725882075292530     
  9.153792924333701E-002  0.705191576410965     
  0.261168582643970       0.670019588586611     
  0.457405862074502       0.619398860918333     
  0.692766513937687       0.553168980409258     
  0.986548988850226       0.471849121025514     
   1.36165380586379       0.377827157694864     
   1.84685608043768       0.275666618801037     
   2.46105133834149       0.174192289941581     
   3.21721949412372       8.590803144264574E-002
   4.08227281531832       2.310814025972541E-002
   5.00000000000000       0.000000000000000E+000
  2.122610839453942E-314  0.000000000000000E+000
 -8.229627818983633E-002  7.120858263072039E-004
 -0.156743707828233       2.581344543600186E-003
 -0.225249835461714       5.447922692857332E-003
 -0.289349657059891       9.082984182063219E-003
 -0.350296204266006       1.356694177374913E-002
 -0.409046459463391       1.904453988191698E-002
 -0.466310508140682       2.571316585230927E-002
 -0.522530341170076       3.397903437944351E-002
 -0.577879269967945       4.409516781782520E-002
 -0.632256976146138       5.669324109057768E-002
 -0.685250921013983       7.197510781996438E-002
 -0.736166456999140       9.071760145615416E-002
 -0.783982503200646       0.112939846294223     
 -0.827407950830743       0.139420189893429     
 -0.864907687248953       0.169859451724116     
 -0.894720140117803       0.204805529454814     
 -0.915080762504079       0.243560999743993     
 -0.924057802515696       0.286147118632388     
 -0.920125076626406       0.331512918328776     
 -0.901619344486531       0.378882307592743     
 -0.867765676846615       0.427043208023786     
 -0.817597871722645       0.474318941566495     
 -0.751405011143674       0.519602071371044     
 -0.669099152601567       0.560492644808674     
 -0.571908315577328       0.596172413410253     
 -0.460303989457501       0.623952645951237     
 -0.335755619880024       0.643281788941888     
 -0.198225759887296       0.651685315038899     
 -4.803039407715805E-002  0.648682927805065     
  0.117544108502487       0.632395227415917     
  0.301799461006572       0.602265690688205     
  0.513716553173985       0.557367671434464     
  0.763997704752885       0.497499092200382     
   1.07158204470521       0.423788251739731     
   1.45673063120225       0.337950526836980     
   1.94470437310994       0.245659986124156     
   2.55312724485297       0.153751543178020     
   3.28806708004807       7.553798911492056E-002
   4.12299987461951       1.990820667371991E-002
   5.00000000000000       0.000000000000000E+000
  2.122610839453942E-314  0.000000000000000E+000
 -8.306311292931741E-002  9.835847025863093E-005
 -0.158077814200779       2.789316823214448E-004
 -0.227004513351683       5.372796568597265E-004
 -0.291566935262943       7.825034839893934E-004
 -0.353100773389084       1.220449513808543E-003
 -0.412663934621202       2.035546785422998E-003
 -0.471069732612020       3.557385209135450E-003
 -0.528799983224110       6.159976058460562E-003
 -0.586136412523101       1.027358315135350E-002
 -0.642953086766366       1.644178445768847E-002
 -0.698933201377035       2.512812555776449E-002
 -0.753268280914756       3.697019183489478E-002
 -0.804996253956423       5.236279243048877E-002
 -0.852600322708893       7.189820438101008E-002
 -0.894540875014216       9.576372635736564E-002
 -0.928719059949252       0.124289068104510     
 -0.953283889183420       0.157315140724599     
 -0.965903220698168       0.194649288346280     
 -0.964888349683602       0.235712744418130     
 -0.948211669795616       0.279578638518550     
 -0.914899107918174       0.325301056960068     
 -0.863769877807805       0.371177155213422     
 -0.794936600446006       0.416071356622725     
 -0.708313693325703       0.457710226156153     
 -0.605013917115504       0.494978392452243     
 -0.485717294706741       0.525430226404405     
 -0.351810043099238       0.548090775737282     
 -0.203627449488871       0.560744689490370     
 -4.132355425942016E-002  0.562566841064157     
  0.137218930744899       0.551823314234505     
  0.335626641545839       0.527899376960352     
  0.561790162821542       0.489766227935464     
  0.826520799782271       0.437659153851805     
   1.14692396606890       0.372179992607419     
   1.54155898935194       0.296026356364645     
   2.03380886247535       0.213612961777434     
   2.63593356206960       0.132756510119722     
   3.35498255253167       6.444837568661203E-002
   4.15950454996223       1.679616190705961E-002
   5.00000000000000       0.000000000000000E+000
  2.122610839453942E-314  0.000000000000000E+000
 -8.264207162538002E-002 -5.424903023488893E-004
 -0.157139973907851      -2.143701347013762E-003
 -0.225663738012389      -4.582983288396686E-003
 -0.289934169353633      -7.831578055837479E-003
 -0.351413207525805      -1.158517427739347E-002
 -0.411212322769964      -1.556045634852900E-002
 -0.470218969475232      -1.941665052646194E-002
 -0.528999314609060      -2.267246719774531E-002
 -0.587863546233007      -2.494400140771382E-002
 -0.646783379566880      -2.552462995095526E-002
 -0.705404222417812      -2.404470372533374E-002
 -0.763009254382754      -1.959593474352655E-002
 -0.818493891950017      -1.192633919451609E-002
 -0.870402907782993      -2.430879688856668E-005
 -0.916913720131606       1.610160360371026E-002
 -0.955933722725887       3.734885518019110E-002
 -0.985189329889872       6.331864163150010E-002
  -1.00228189025111       9.446019168024423E-002
  -1.00503084475006       0.129951634692222     
 -0.991273428120910       0.169428131471202     
 -0.959611671577077       0.211771744788605     
 -0.908694010659772       0.255580532607855     
 -0.838421455745266       0.299698096544290     
 -0.748549651504387       0.341784944089696     
 -0.640255822350950       0.380884491241456     
 -0.514094858560006       0.414165372833511     
 -0.371754195449609       0.440939739325311     
 -0.213436987716460       0.458472272048744     
 -3.978374023565084E-002  0.466240091579960     
  0.151509907808907       0.462099071773388     
  0.363301748093830       0.445613620918882     
  0.603532940314678       0.415695021788942     
  0.881678494730325       0.372452461259570     
   1.21386048886263       0.317002583894332     
   1.61685557104478       0.251192592512448     
   2.11053872918694       0.180530967710550     
   2.70694667318291       0.110567479948315     
   3.40788543136844       5.341498374829708E-002
   4.18814057935880       1.333391978043224E-002
   5.00000000000000       0.000000000000000E+000
  2.122610839453942E-314  0.000000000000000E+000
 -8.093993061119793E-002 -1.191128580837236E-003
 -0.153968346396865      -4.568670058437470E-003
 -0.221203021018487      -9.750918309359518E-003
 -0.284468316889161      -1.652225193643493E-002
 -0.345235054250446      -2.449601087579352E-002
 -0.404679899415811      -3.333145771101447E-002
 -0.463747418651177      -4.262454858194256E-002
 -0.523050001567276      -5.191455724697526E-002
 -0.582988827488031      -6.072498342870180E-002
 -0.643545795612024      -6.842565180569407E-002
 -0.704479199764063      -7.446730780477193E-002
 -0.765004430916316      -7.806689370415031E-002
 -0.824133223094657      -7.864759615826927E-002
 -0.880210557280749      -7.536893136797247E-002
 -0.931506096478478      -6.773598460604330E-002
 -0.975557121795957      -5.506006852523596E-002
  -1.01012684374874      -3.708428971082669E-002
  -1.03229176103189      -1.358161499152637E-002
  -1.03983437301416       1.532092512218957E-002
  -1.03000939760521       4.906767883607842E-002
  -1.00132378638617       8.709439899211902E-002
 -0.951941333728345       0.127892558773886     
 -0.881663784289640       0.170553742261427     
 -0.789994690546818       0.212747256116941     
 -0.678068499578765       0.253413894660949     
 -0.546452208810502       0.289823161624219     
 -0.396861491000128       0.320955527840053     
 -0.229711245748859       0.344190209778391     
 -4.569305024777153E-002  0.358666092922730     
  0.157100602876291       0.362259804204492     
  0.381446225391056       0.354432094909000     
  0.634557026520295       0.333887993156549     
  0.925375087774585       0.301088386426318     
   1.26885368383445       0.256517161374728     
   1.67956715033591       0.202863659802158     
   2.17647366613126       0.144244752852131     
   2.76702333654579       8.712276118555544E-002
   3.45474350681406       4.112107810065636E-002
   4.21256006437924       9.969673050502790E-003
   5.00000000000000       0.000000000000000E+000
  2.122610839453942E-314  0.000000000000000E+000
 -7.799619489171525E-002 -1.840123710199175E-003
 -0.148471536011066      -6.984144155051267E-003
 -0.213606597142568      -1.481990604883388E-002
 -0.275114834562060      -2.502022795278138E-002
 -0.334518317185957      -3.710620244601878E-002
 -0.392978850957179      -5.069034163561509E-002
 -0.451495601245105      -6.535737817575046E-002
 -0.510726208970829      -8.062630309486593E-002
 -0.571124040038231      -9.605550140689630E-002
 -0.632762340284689      -0.110964142262735     
 -0.695416869404426      -0.124869624218912     
 -0.758428150225222      -0.136837825955274     
 -0.820731656298267      -0.146388493051462     
 -0.880813118786771      -0.152356189594129     
 -0.936699283948139      -0.154378118486693     
 -0.986056031569259      -0.151220791241494     
  -1.02618667835579      -0.142795487992777     
  -1.05424928692146      -0.128140802368929     
  -1.06737556538364      -0.107572066996293     
  -1.06283104093752      -8.086429438645300E-002
  -1.03841754365328      -4.874382555606657E-002
 -0.992245266813861      -1.212660491619955E-002
 -0.923564893290834       2.801060730056984E-002
 -0.831805824187927       6.952805331311197E-002
 -0.717863333265249       0.111445117794728     
 -0.582259267518258       0.150763449530720     
 -0.426793938682740       0.186687265669040     
 -0.251894336247764       0.216034914427295     
 -5.855676989597664E-002  0.238213034213967     
  0.155016360728128       0.250550872753592     
  0.391088632439213       0.252669532402099     
  0.656430898913265       0.243068040978496     
  0.959119583184358       0.222005430373500     
   1.31259065787384       0.190412663522472     
   1.73043038927635       0.149857721199260     
   2.22815634215692       0.105672513132304     
   2.81388605734041       6.151426966055028E-002
   3.48746861297402       2.857796604990081E-002
   4.22775843392357       5.985119351911221E-003
   5.00000000000000       0.000000000000000E+000
  2.122610839453942E-314  0.000000000000000E+000
 -7.383679201559075E-002 -2.435464429360804E-003
 -0.140851558342123      -9.212208613684981E-003
 -0.203046456807300      -1.958178782219183E-002
 -0.262113332992908      -3.301029325242295E-002
 -0.319490584465689      -4.900203756593246E-002
 -0.376353540447666      -6.710667483736500E-002
 -0.433693772842317      -8.693744407095975E-002
 -0.492221381817124      -0.108021388791070     
 -0.552444033327266      -0.129942956516253     
 -0.614497921820418      -0.152076765626898     
 -0.678270402244190      -0.173898692877015     
 -0.743121505063606      -0.194567542858793     
 -0.808148272247659      -0.213414872892127     
 -0.871732821781257      -0.229400382357286     
 -0.932093941934581      -0.241751797961618     
 -0.986583938276152      -0.249386540954882     
  -1.03269030347709      -0.251553404373501     
  -1.06699870325966      -0.247453419868100     
  -1.08676924421444      -0.236555441421218     
  -1.08849297801687      -0.218785083537626     
  -1.07001287325024      -0.194021623354493     
  -1.02863742189777      -0.163294519672278     
 -0.963593814408628      -0.126976612686572     
 -0.873707515816351      -8.727048265680847E-002
 -0.759859039597918      -4.495503891248627E-002
 -0.622286729900121      -3.052652329431697E-003
 -0.462863392429757       3.746659941853734E-002
 -0.282029456439192       7.340505629549193E-002
 -8.098424089733774E-002  0.103825985160068     
  0.141845828689283       0.125973361811505     
  0.388282961406708       0.139276830113200     
  0.664711841798509       0.141935065017738     
  0.978103720026596       0.134437834612073     
   1.34137467465409       0.116950499468275     
   1.76552623709007       9.176722737043141E-002
   2.26605218620330       6.257137184388771E-002
   2.84728227183503       3.396383197052327E-002
   3.51137148063815       1.419547039042169E-002
   4.23850952472822       2.130880654843833E-003
   5.00000000000000       0.000000000000000E+000
  2.122610839453942E-314  0.000000000000000E+000
 -6.855051683779845E-002 -2.995474171087140E-003
 -0.131168757512548      -1.126264235055105E-002
 -0.189719549252079      -2.387172743266716E-002
 -0.245674194854275      -4.020425375138383E-002
 -0.300421996518620      -5.970325165024180E-002
 -0.355048149323671      -8.193650538544241E-002
 -0.410567222076081      -0.106512878629467     
 -0.467683518471562      -0.133039598527500     
 -0.526979022922707      -0.161123748874841     
 -0.588658227917494      -0.190229740131277     
 -0.652697485683239      -0.219867510106481     
 -0.718596305924240      -0.249223105437559     
 -0.785489808079443      -0.277666142479975     
 -0.851964139161627      -0.304027795193302     
 -0.916126934200416      -0.327575641859645     
 -0.975575304599413      -0.346847959859114     
  -1.02742828462633      -0.361131400732814     
  -1.06850924627704      -0.368949828100205     
  -1.09539341900432      -0.369815228304051     
  -1.10474318525308      -0.362753097551812     
  -1.09347842226328      -0.347674108827992     
  -1.05896858595205      -0.324726477424116     
 -0.999511442661204      -0.294278873772014     
 -0.913912640559647      -0.258001577877951     
 -0.802387425121649      -0.216569370603335     
 -0.665165673614440      -0.173053078069456     
 -0.503842907592725      -0.128203026046156     
 -0.318994404225521      -8.578388024158602E-002
 -0.111850767458887      -4.644204763846951E-002
  0.118778253244388      -1.370412984622046E-002
  0.374465586259205       1.210168882870889E-002
  0.660695049870822       2.870193699786051E-002
  0.984057698841401       3.632972705563371E-002
   1.35546422795812       3.549840743791891E-002
   1.78573752296820       2.698110782160055E-002
   2.28701728234258       1.590831408670091E-002
   2.86518692949278       3.203234384282250E-003
   3.52023015509205      -6.872406831261662E-004
   4.23800968514766      -2.624135138433884E-003
   5.00000000000000       0.000000000000000E+000
  2.122610839453942E-314  0.000000000000000E+000
 -6.231330097897517E-002 -3.436048411040035E-003
 -0.119793789890777      -1.293068835354573E-002
 -0.174013440402546      -2.747422168682612E-002
 -0.226270871163424      -4.626857395258954E-002
 -0.277785141116226      -6.881229119309562E-002
 -0.329588330757566      -9.462207682891431E-002
 -0.382619523186573      -0.123426861457407     
 -0.437632088807035      -0.154830545634216     
 -0.495210334989074      -0.188593139117994     
 -0.555676270756771      -0.224206356170810     
 -0.619087260736685      -0.261312262626556     
 -0.685079287284113      -0.299143432654046     
 -0.752953755624926      -0.337102536374112     
 -0.821368026526793      -0.374075019095631     
 -0.888679546739913      -0.409160363647190     
 -0.952366420170760      -0.440943451533709     
  -1.00985184434640      -0.468243515109711     
  -1.05751920711917      -0.489603627154180     
  -1.09223864463445      -0.503743507169221     
  -1.10986411565628      -0.509676563700103     
  -1.10751510634807      -0.506291243021363     
  -1.08149127136428      -0.493708030037652     
  -1.03015293955273      -0.471315420810654     
 -0.951276242875400      -0.440774996889122     
 -0.845035054757492      -0.402112857610522     
 -0.710959552773900      -0.358438179440472     
 -0.550643342590826      -0.310378660746768     
 -0.364439870971598      -0.261797119749129     
 -0.153795970766939      -0.213584660649230     
  8.244040542038611E-002 -0.169482034533239     
  0.345143461034609      -0.130090692886478     
  0.639730889423789      -9.809406384266149E-002
  0.971224028757787      -7.324633550296190E-002
   1.35062556410935      -5.596506008409163E-002
   1.78588822901944      -4.490487177176485E-002
   2.29008247783543      -3.699963859766611E-002
   2.86605711980123      -3.030018612264323E-002
   3.51670879784209      -1.809634266105095E-002
   4.23260511068838      -7.199944833845637E-003
   5.00000000000000       0.000000000000000E+000
  2.122610839453942E-314  0.000000000000000E+000
 -5.525113477412433E-002 -3.804036487323739E-003
 -0.106958346221145      -1.424631958132513E-002
 -0.156337649844834      -3.024233560212035E-002
 -0.204391805958433      -5.095248955453086E-002
 -0.252177538879950      -7.586837130481021E-002
 -0.300578141435815      -0.104583786273543     
 -0.350508854787438      -0.136837045895405     
 -0.402666865967629      -0.172397219730101     
 -0.457716616028141      -0.211035906372152     
 -0.516008379618800      -0.252468356327643     
 -0.577753139257714      -0.296338678498557     
 -0.642705993148155      -0.342111419698997     
 -0.710345282683290      -0.389169572645663     
 -0.779547247915915      -0.436555449056263     
 -0.848777176782422      -0.483309380964045     
 -0.915822350254693      -0.527974910851368     
 -0.978002209567256      -0.569252473262200     
  -1.03205249019029      -0.605307934278258     
  -1.07437182536418      -0.634690043045487     
  -1.10111623263161      -0.655640056578408     
  -1.10851281344546      -0.666804942890474     
  -1.09301201182327      -0.667264959545578     
  -1.05178992515498      -0.656167199276866     
 -0.982612666548317      -0.634223635978892     
 -0.884518084065404      -0.601142198538693     
 -0.756954132125831      -0.559660852138871     
 -0.600736712351961      -0.510046524310083     
 -0.416312055504047      -0.456630279428584     
 -0.204808506976898      -0.399712419013121     
  3.442137967921106E-002 -0.344152725525953     
  0.302339395035812      -0.290043378047213     
  0.603009323854520      -0.241012427616585     
  0.941670772122277      -0.197071484763091     
   1.32683395664668      -0.158595097645236     
   1.76717865511229      -0.126199008221975     
   2.27243882979944      -9.512101025234909E-002
   2.84814237228326      -6.843663979222672E-002
   3.49633352808750      -3.632620053056853E-002
   4.21316165867456      -1.304117502364855E-002
   5.00000000000000       0.000000000000000E+000
  2.122610839453942E-314  0.000000000000000E+000
 -4.769475598082926E-002 -3.998409402027986E-003
 -9.316747226602334E-002 -1.502788531013204E-002
 -0.137279324241156      -3.200345619609794E-002
 -0.180712421723536      -5.398707887740158E-002
 -0.224302685305936      -8.058425270969134E-002
 -0.268807350740201      -0.111367060866816     
 -0.315014680049994      -0.146257100652467     
 -0.363649921443459      -0.185010905930636     
 -0.415322148053003      -0.227650902748032     
 -0.470532266055409      -0.273886974849001     
 -0.529509423642102      -0.323659762625128     
 -0.592256011979640      -0.376427186575107     
 -0.658358925827037      -0.431867259869063     
 -0.726983910211706      -0.488997081390866     
 -0.796813014873130      -0.547059704969526     
 -0.865847969790526      -0.604520392260327     
 -0.931729638518514      -0.660058380705071     
 -0.991149177275862      -0.711662177677525     
  -1.04088291262313      -0.757492413493218     
  -1.07657983109336      -0.795496112152533     
  -1.09478938913691      -0.823487514289385     
  -1.09092153790368      -0.840149962493529     
  -1.06230354782190      -0.843508431002409     
  -1.00537995121322      -0.833897314307694     
 -0.919094049891806      -0.809865363380758     
 -0.801675335320341      -0.773938872009131     
 -0.653775431737493      -0.725659380420748     
 -0.475156036897529      -0.669429329596933     
 -0.266959009401822      -0.605302673821715     
 -2.823321942118546E-002 -0.538426599452388     
  0.241332107512752      -0.469295158237870     
  0.545738969657229      -0.401949280321145     
  0.888536056011597      -0.336758937093337     
   1.27894695830281      -0.275267665947047     
   1.72249691488386      -0.217763662798479     
   2.23122956167092      -0.162185322166991     
   2.80805687536236      -0.110570401928278     
   3.45894412209787      -5.809400854089728E-002
   4.18801687682969      -1.863927349864317E-002
   5.00000000000000       0.000000000000000E+000
  2.122610839453942E-314  0.000000000000000E+000
 -3.977866193455558E-002 -4.091141525547668E-003
 -7.880576527950477E-002 -1.531890866591394E-002
 -0.117402356511652      -3.267216113127539E-002
 -0.155948495435581      -5.522256315928688E-002
 -0.195014738911117      -8.263749932428600E-002
 -0.235190566523450      -0.114600377102299     
 -0.277183189198637      -0.151058929571328     
 -0.321626067304689      -0.191975602788219     
 -0.369187422717139      -0.237372412144605     
 -0.420344451422130      -0.287267346964618     
 -0.475508890336656      -0.341571972577816     
 -0.534740485544242      -0.400149243860409     
 -0.597916623440701      -0.462606897339509     
 -0.664365020976720      -0.528427476813463     
 -0.733118712862224      -0.596711678623693     
 -0.802457801843440      -0.666350815924417     
 -0.870316709447757      -0.735770888829819     
 -0.933751810100928      -0.803166728286532     
 -0.989577912039733      -0.866303698700318     
  -1.03379531306472      -0.922896918389036     
  -1.06252713151562      -0.970188133675119     
  -1.07137508388093       -1.00604210390380     
  -1.05667913333230       -1.02788955266295     
  -1.01478466475658       -1.03483869739064     
 -0.943347982978798       -1.02461984188630     
 -0.840225416461849      -0.998769954211512     
 -0.704825108410350      -0.956048465973834     
 -0.536676557211786      -0.900803161159245     
 -0.336076559950939      -0.831742591269518     
 -0.102432630113677      -0.755266856478606     
  0.165289813109170      -0.670991729666358     
  0.469477415526034      -0.584761831231679     
  0.814494704214753      -0.496306189453922     
   1.20675514815296      -0.408366874623543     
   1.65379745983357      -0.323319642219083     
   2.16385470668535      -0.237428490441838     
   2.74452427632517      -0.159904681581974     
   3.40149359463340      -8.136574894355680E-002
   4.14493095834649      -2.617301163528455E-002
   5.00000000000000       0.000000000000000E+000
  2.122610839453942E-314  0.000000000000000E+000
 -3.195632333758715E-002 -3.984581956222632E-003
 -6.443688808398915E-002 -1.501598442892430E-002
 -9.743141091190677E-002 -3.216920077129043E-002
 -0.130894488912289      -5.454257982008342E-002
 -0.165184564975985      -8.194445684973366E-002
 -0.200705410453776      -0.114077274913259     
 -0.238018428114473      -0.151084580259346     
 -0.277748282577093      -0.192907851157627     
 -0.320458322541134      -0.239853325831700     
 -0.366768214099365      -0.291897327797138     
 -0.417025823396412      -0.349344881628178     
 -0.471591705339388      -0.411997016419163     
 -0.530338576572018      -0.479971585968846     
 -0.593057907533618      -0.552651988211819     
 -0.658862573440432      -0.629735382901260     
 -0.726616076814534      -0.709927832075529     
 -0.794434203114928      -0.792246096436661     
 -0.859930270417918      -0.874535563354976     
 -0.920184233314179      -0.954958090440676     
 -0.971442585869584       -1.03062556129867     
  -1.01009971130920       -1.09876322571009     
  -1.03141062213697       -1.15631102854447     
  -1.03187258941597       -1.20008433422369     
  -1.00674718541613       -1.22811290792668     
 -0.953571251619303       -1.23685282966268     
 -0.868596556139116       -1.22679091315290     
 -0.750864165912734       -1.19536396948476     
 -0.598671346937203       -1.14626743294731     
 -0.411661738397573       -1.07711430444249     
 -0.188777314420177      -0.994089818376612     
  7.110328774783872E-002 -0.896918753205409     
  0.370107347427444      -0.792133723622053     
  0.711371745721425      -0.679111289128908     
   1.10353070770938      -0.562626634705599     
   1.55069448128497      -0.445363990703832     
   2.06466100863705      -0.326949082594303     
   2.65051504726454      -0.216040021668323     
   3.32033567496433      -0.110196732285376     
   4.09439583422313      -3.338624109834801E-002
   5.00000000000000       0.000000000000000E+000
  2.122610839453942E-314  0.000000000000000E+000
 -2.433257498853425E-002 -3.765007832929137E-003
 -5.053900410458383E-002 -1.416365829825112E-002
 -7.797491948652513E-002 -3.050633595981783E-002
 -0.106375661659392      -5.194934977213489E-002
 -0.135773123161836      -7.843033210377362E-002
 -0.166436577445034      -0.109761594378559     
 -0.198795904543667      -0.146123892385814     
 -0.233373183670747      -0.187645571571053     
 -0.270746589552607      -0.234613364658982     
 -0.311459344230472      -0.287314271627098     
 -0.356017743655423      -0.345988354226944     
 -0.404748470635068      -0.410916412072043     
 -0.457848881815428      -0.482098079509128     
 -0.515149864631064      -0.559599905253680     
 -0.576274548197321      -0.642914189538802     
 -0.640226428591370      -0.731620177527220     
 -0.705787308532445      -0.824391113338699     
 -0.770807048616685      -0.920021881276138     
 -0.833058938153316       -1.01611472717533     
 -0.889051701944629       -1.11053171390611     
 -0.935644232800286       -1.19968852575746     
 -0.968221298099363       -1.28065902550835     
 -0.983230710683294       -1.34927161717679     
 -0.975687624254516       -1.40278986796912     
 -0.942499091165441       -1.43622408645085     
 -0.879187779116224       -1.44854479495480     
 -0.783673710663424       -1.43603839246742     
 -0.653199826373160       -1.40093706877001     
 -0.486520500565668       -1.33844626856555     
 -0.281562689247081       -1.25524672436802     
 -3.629413634838459E-002  -1.14911144735164     
  0.250888609379304       -1.02941326264961     
  0.584340177266130      -0.891108100024081     
  0.969991292489575      -0.742888296834782     
   1.41705593665298      -0.590108948352682     
   1.93152697711917      -0.431840098728608     
   2.52660713166716      -0.285501171151825     
   3.21299610146147      -0.142735124845836     
   4.01975029557781      -4.449046259973196E-002
   5.00000000000000       0.000000000000000E+000
  2.122610839453942E-314  0.000000000000000E+000
 -1.741343871447546E-002 -3.361425127992149E-003
 -3.762539634818036E-002 -1.278312048940007E-002
 -5.978070437353201E-002 -2.773821391026654E-002
 -8.317194472264429E-002 -4.755098614920953E-002
 -0.107691453038322      -7.228814268558655E-002
 -0.133405500560844      -0.101819243556113     
 -0.160616398521675      -0.136476932689447     
 -0.189801069602442      -0.176356599268719     
 -0.221404087830971      -0.221982394286277     
 -0.256060943196331      -0.273559528214942     
 -0.294140296921870      -0.331707547842189     
 -0.336230826905835      -0.396587794503892     
 -0.382401646139911      -0.468782758205853     
 -0.432977559711720      -0.548191615321634     
 -0.487478151271623      -0.635146704923269     
 -0.545694958444256      -0.728967962424758     
 -0.606338352695300      -0.829442903348362     
 -0.668338095611765      -0.934928854448608     
 -0.729411409780686       -1.04433534258976     
 -0.787292084447852       -1.15475035414764     
 -0.838761479659599       -1.26390019104801     
 -0.880235955988799       -1.36757398313120     
 -0.907998404761251       -1.46244600406025     
 -0.917311165702403       -1.54390876585931     
 -0.904722335643853       -1.60708272720743     
 -0.865141911097300       -1.64831602253709     
 -0.795873788052384       -1.66313484486792     
 -0.693023080877838       -1.65135475893183     
 -0.554288389176787       -1.60601672839847     
 -0.376090088069067       -1.53228097743699     
 -0.155752526607522       -1.42567366207995     
  0.109583701422640       -1.29655012799448     
  0.425182847431253       -1.13701288541526     
  0.799166863716046      -0.957051716533699     
   1.23935910256037      -0.765140504144436     
   1.75533680142704      -0.564292725880800     
   2.35491757386089      -0.370054154519716     
   3.06996908002324      -0.186704667664567     
   3.93318265010866      -5.531115861207572E-002
   5.00000000000000       0.000000000000000E+000
  2.122610839453942E-314  0.000000000000000E+000
 -1.123838542496004E-002 -2.855916099095425E-003
 -2.617612008279799E-002 -1.090353436178667E-002
 -4.336661523133360E-002 -2.398860938944684E-002
 -6.205064600156265E-002 -4.152753283652383E-002
 -8.180947099540133E-002 -6.375773840481205E-002
 -0.102653041122501      -9.062442479790356E-002
 -0.124735100994371      -0.122489355486283     
 -0.148442884321465      -0.159564383136561     
 -0.174188853923835      -0.202321272592809     
 -0.202491432078477      -0.251193814165624     
 -0.233810054610880      -0.306691510852852     
 -0.268609188026592      -0.369393056774654     
 -0.307217578430026      -0.439710722789849     
 -0.349856420450772      -0.518243408942906     
 -0.396545317619098      -0.605063129600366     
 -0.447018139270051      -0.700569166591739     
 -0.500796220838774      -0.804140557372169     
 -0.556805623035489      -0.915646119620198     
 -0.613904613290014       -1.03334635147674     
 -0.669844622622642       -1.15616831036144     
 -0.722766519673265       -1.28090133507732     
 -0.769013086281718       -1.40513156021080     
 -0.806207922762023       -1.52419464328347     
 -0.829225668311532       -1.63453520708001     
 -0.835611392831097       -1.72958031229241     
 -0.819272575759576       -1.80512699810526     
 -0.778034240914807       -1.85540317075296     
 -0.705948110509020       -1.87798040859692     
 -0.601266587649857       -1.86234013624012     
 -0.457446881089323       -1.81169613011821     
 -0.271683187619347       -1.71888261311273     
 -3.869816787530399E-002  -1.59376270859720     
  0.247826244948654       -1.41958391298354     
  0.596636653125325       -1.21188048763736     
   1.02493218362681      -0.980309361293205     
   1.53339619559402      -0.734919315212876     
   2.14575010597556      -0.488058240002359     
   2.88454461807355      -0.240718714015298     
   3.80803052190685      -7.508505311575231E-002
   5.00000000000000       0.000000000000000E+000
  2.122610839453942E-314  0.000000000000000E+000
 -6.260319728266217E-003 -2.228884177125330E-003
 -1.652348011679090E-002 -8.702910342237649E-003
 -2.933659510422584E-002 -1.947838271380060E-002
 -4.360513779816136E-002 -3.425617916194142E-002
 -5.888858116876083E-002 -5.335398073632056E-002
 -7.504544900112706E-002 -7.678859520144747E-002
 -9.214607850391469E-002 -0.104988252692478     
 -0.110518655815854      -0.138111312580042     
 -0.130439534505588      -0.176756593292695     
 -0.152449215283560      -0.221236051535702     
 -0.176832303004420      -0.272315227668777     
 -0.204198275776456      -0.330397405576510     
 -0.234672879701635      -0.396366202659468     
 -0.268829920548972      -0.470583980302728     
 -0.306456842922475      -0.553922196355790     
 -0.347973053844359      -0.646451958619497     
 -0.392615698054670      -0.748810929350369     
 -0.440475275861315      -0.860384854027200     
 -0.490017343005538      -0.981265081412296     
 -0.540755205186007       -1.10960958297114     
 -0.590248938248870       -1.24463419550496     
 -0.637131731054951       -1.38268917718382     
 -0.678154576973012       -1.52187483133460     
 -0.710677090953383       -1.65650712136053     
 -0.731096700376781       -1.78302212443920     
 -0.735592178401129       -1.89371075215247     
 -0.720730541548662       -1.98468829236986     
 -0.681060139807862       -2.04915466242989     
 -0.613458977446938       -2.07710299820142     
 -0.510904193778843       -2.06516654531183     
 -0.368324596690026       -2.00570670881684     
 -0.181705490835194       -1.90338212144169     
  6.077591641987638E-002  -1.73656379353045     
  0.366226007274664       -1.51959860914213     
  0.753390360779960       -1.25233363656933     
   1.23896082703710      -0.965598113060394     
   1.84321489730869      -0.645238620745536     
   2.62726233734800      -0.320331137830728     
   3.66496631449866      -9.491732748085355E-002
   5.00000000000000       0.000000000000000E+000
  2.122610839453942E-314  0.000000000000000E+000
 -2.436114194668515E-003 -1.535474939923098E-003
 -9.040831010451680E-003 -6.187994154908920E-003
 -1.798807525490480E-002 -1.444581244994931E-002
 -2.835570768572718E-002 -2.610990342088007E-002
 -3.950624802890936E-002 -4.165284333300618E-002
 -5.133585819652915E-002 -6.111414693456010E-002
 -6.380297842112236E-002 -8.490994042224946E-002
 -7.716839414588646E-002 -0.113225562833896     
 -9.165196893326739E-002 -0.146561479738060     
 -0.107658111896632      -0.185326349294088     
 -0.125484425934785      -0.230130028127417     
 -0.145563145042281      -0.281613294469766     
 -0.168152130384409      -0.340442246469600     
 -0.193624207936801      -0.407465401923970     
 -0.222102124773657      -0.483243606355038     
 -0.253786839037665      -0.568743547517898     
 -0.288571649788923      -0.664137843106978     
 -0.326304142231968      -0.770324967303422     
 -0.366559099173375      -0.886683704000682     
 -0.408556341206056       -1.01370179546310     
 -0.451513933536160       -1.14952069476134     
 -0.493661122786081       -1.29370191074083     
 -0.533959391220612       -1.44271119234418     
 -0.569151779273635       -1.59458471855263     
 -0.598195985217900       -1.74387972380379     
 -0.616250230932360       -1.88615868057044     
 -0.622744739969266       -2.01527014932247     
 -0.610369124196354       -2.12566747780706     
 -0.579334241166173       -2.20418524087987     
 -0.518964763971895       -2.24468811466354     
 -0.428483105164547       -2.24083119560414     
 -0.296171293941140       -2.18906655908135     
 -0.116901683969968       -2.05878881537432     
  0.128446781684808       -1.86292285743966     
  0.459875810114345       -1.59021260449427     
  0.897734596435847       -1.27923765015622     
   1.49257982453918      -0.874456595656966     
   2.29433061730475      -0.413259176587201     
   3.44891695813109      -0.121691477293003     
   5.00000000000000       0.000000000000000E+000
  2.122610839453942E-314  0.000000000000000E+000
 -2.543741039389862E-005 -8.460325790439523E-004
 -3.743168155169695E-003 -3.720957872277841E-003
 -9.573631940437746E-003 -9.321743094386756E-003
 -1.652359242255612E-002 -1.776255719391687E-002
 -2.404873208073062E-002 -2.952282412052470E-002
 -3.201955377839480E-002 -4.467334292958785E-002
 -4.035309582139191E-002 -6.360635033412090E-002
 -4.926796223002370E-002 -8.642217085614545E-002
 -5.886696001672464E-002 -0.113622268891348     
 -6.951706774911628E-002 -0.145467072884833     
 -8.135357875389655E-002 -0.182640697553682     
 -9.482079104402619E-002 -0.225574433030232     
 -0.109979305985622      -0.275154465681684     
 -0.127333468126359      -0.331940096378164     
 -0.146764423429035      -0.396973751996499     
 -0.168833276152660      -0.470823059074531     
 -0.193111062816545      -0.554575966358057     
 -0.220201560332596      -0.648579746379508     
 -0.249199304109470      -0.753791533060671     
 -0.280707426736380      -0.869938149954766     
 -0.313165159545462      -0.997645556276153     
 -0.347061872371079       -1.13540917749599     
 -0.380061027944094       -1.28330631465586     
 -0.412354733140578       -1.43767337410371     
 -0.440925849830536       -1.59804978247154     
 -0.465414911797335       -1.75747754978188     
 -0.482459566926553       -1.91542788736821     
 -0.489785884051837       -2.06166870234624     
 -0.484426527949469       -2.19193944086438     
 -0.463074832734653       -2.28995950214951     
 -0.422760652826329       -2.35630380495613     
 -0.354112193242509       -2.37849834035475     
 -0.253881948996657       -2.32331025249871     
 -9.413543917388617E-002  -2.19358783996585     
  0.142082832367581       -1.95853038090293     
  0.494589129979221       -1.65551706115747     
   1.05359668458512       -1.18908541624022     
   1.91214783350617      -0.580258920621860     
   3.19554016823588      -0.147034209366735     
   5.00000000000000       0.000000000000000E+000
  2.122610839453942E-314  0.000000000000000E+000
  1.130041047625170E-003 -1.897760365307423E-004
 -7.412039277747281E-004 -1.329605513216773E-003
 -4.046725256984564E-003 -4.493672156398901E-003
 -8.194658144916286E-003 -9.846662251106680E-003
 -1.265330944036137E-002 -1.789813152934027E-002
 -1.737200224037222E-002 -2.870409930360328E-002
 -2.224602327285196E-002 -4.255718811565173E-002
 -2.742927491565659E-002 -5.953335463258258E-002
 -3.298133948977540E-002 -7.998786805464661E-002
 -3.913687511127743E-002 -0.104158629754252     
 -4.599459202235646E-002 -0.132549810311412     
 -5.382943839683528E-002 -0.165606057198023     
 -6.271527089996679E-002 -0.203981508637190     
 -7.295303565124930E-002 -0.248361928845382     
 -8.455165436077601E-002 -0.299467245762552     
 -9.781903255224339E-002 -0.358245870947981     
 -0.112664730638349      -0.425311691063446     
 -0.129359413879869      -0.501878728047307     
 -0.147681862192437      -0.588181560735769     
 -0.167777012542846      -0.685648590832472     
 -0.189282487997605      -0.793760667080595     
 -0.212044086770959      -0.914001413716539     
 -0.235600251115276       -1.04465487404204     
 -0.259259960768000       -1.18679729418347     
 -0.282650186244808       -1.33738063430653     
 -0.304243533241461       -1.49630934042893     
 -0.324197519676170       -1.65875938630346     
 -0.338818230168849       -1.82301855683933     
 -0.349322257891769       -1.98157648715487     
 -0.350964770215886       -2.12638220717319     
 -0.346917918441943       -2.25618478983655     
 -0.325468173668975       -2.36308109296980     
 -0.292431961936014       -2.40297382730560     
 -0.214663967525804       -2.37396897565730     
 -0.100626891958698       -2.25568517605147     
  0.129864933651716       -2.03566952676285     
  0.557101162928925       -1.56021406566341     
   1.32099729237418      -0.851169710136105     
   2.81608051403322      -0.273243517746924     
   5.00000000000000       0.000000000000000E+000
  2.122610839453942E-314  0.000000000000000E+000
  1.155328995045885E-003  2.296821640012555E-004
  4.406732451169754E-004  3.754606372672844E-004
 -1.044568110439469E-003 -7.266770403348686E-004
 -3.039950604816767E-003 -3.403365256790766E-003
 -5.135084285843157E-003 -8.079873723731753E-003
 -7.367104361635336E-003 -1.473624436468338E-002
 -9.613845613211786E-003 -2.359396755884065E-002
 -1.200007549496557E-002 -3.463236809959460E-002
 -1.451501836114656E-002 -4.811555166056813E-002
 -1.731932156713155E-002 -6.415425193340316E-002
 -2.041352829471898E-002 -8.315108255053515E-002
 -2.400356853443030E-002 -0.105360288410317     
 -2.803786717686834E-002 -0.131365209504499     
 -3.279828674868824E-002 -0.161559564844683     
 -3.812595241620270E-002 -0.196702902421095     
 -4.441803520679720E-002 -0.237308037010213     
 -5.134237137507480E-002 -0.284270746483715     
 -5.946098940976029E-002 -0.338181759467255     
 -6.817940564136911E-002 -0.399995897217096     
 -7.828351088923713E-002 -0.470293596225755     
 -8.879674370720725E-002 -0.549973277155881     
 -0.100789228801517      -0.639409950363369     
 -0.112767247273256      -0.739336012811110     
 -0.126183798456169      -0.849478101571079     
 -0.138931893536339      -0.970545471887400     
 -0.152804986561975       -1.10099933737152     
 -0.164928266383662       -1.24150370318254     
 -0.177313304003077       -1.38759730899974     
 -0.186730747222354       -1.54153754899310     
 -0.196766595965462       -1.69240665682207     
 -0.203667751590295       -1.84928502478989     
 -0.204866196078550       -1.99813729020989     
 -0.192861162731547       -2.12988481945450     
 -0.169142883804878       -2.19826177574988     
 -0.130872579617376       -2.25851424054731     
 -9.892659295892962E-002  -2.24444228871114     
 -2.167717021190074E-002  -1.95268092452601     
  0.390233580598408       -1.46323880287054     
   1.65915387279607      -0.495077748768651     
   5.00000000000000       0.000000000000000E+000
  2.122610839453942E-314  0.000000000000000E+000
  4.219401160440487E-004  4.219401160439045E-004
  2.566830885336066E-004  1.171901519107208E-003
 -8.631354828774961E-005  1.254360336804772E-003
 -6.080471580301470E-004  4.122820144952551E-004
 -1.157740848484428E-003 -1.490736981866709E-003
 -1.745275915029406E-003 -4.508061579343315E-003
 -2.320243793970710E-003 -8.674014146392420E-003
 -2.930684634579418E-003 -1.398239723532665E-002
 -3.557157330067293E-003 -2.055229449682702E-002
 -4.272720878882530E-003 -2.840242418351447E-002
 -5.039264345788663E-003 -3.778914934340392E-002
 -5.964471574796796E-003 -4.878057842995426E-002
 -6.973653926347574E-003 -6.176638481341917E-002
 -8.216772968684637E-003 -7.690075921272389E-002
 -9.573189624503948E-003 -9.466446069573561E-002
 -1.123988735462768E-002 -0.115345687024442     
 -1.304234957886644E-002 -0.139440799212830     
 -1.522755394015654E-002 -0.167445251557493     
 -1.756126540699124E-002 -0.199742328921026     
 -2.033678201316359E-002 -0.237145488418145     
 -2.325679149225221E-002 -0.279713118627315     
 -2.664190408225252E-002 -0.328714366229769     
 -3.013159217008128E-002 -0.383613176349747     
 -3.407953091696630E-002 -0.446276191290895     
 -3.813359929305900E-002 -0.515242851858960     
 -4.253927008862948E-002 -0.593277736703853     
 -4.693602588487077E-002 -0.677321365337538     
 -5.130203487916320E-002 -0.770500792119192     
 -5.530047590130113E-002 -0.869867147850367     
 -6.025010207188226E-002 -0.978938714849783     
 -6.782912404727190E-002  -1.09178977643449     
 -7.260691849804486E-002  -1.21945262664713     
 -7.315324877189645E-002  -1.34113982604272     
 -6.851299859278141E-002  -1.44145914631224     
 -6.397575414947614E-002  -1.58614946921611     
 -9.517500600604813E-002  -1.81571658424171     
 -0.215720696997493       -1.81281107406308     
 -8.446794302629802E-002  -1.79696332751409     
   1.18785376938562       -1.05004431466708     
   5.00000000000000       0.000000000000000E+000
  2.122610839453942E-314  0.000000000000000E+000
  2.122610839453942E-314  0.000000000000000E+000
  2.122610839453942E-314  0.000000000000000E+000
  2.122610839453942E-314  0.000000000000000E+000
  2.122610839453942E-314  0.000000000000000E+000
  2.122610839453942E-314  0.000000000000000E+000
  2.122610839453942E-314  0.000000000000000E+000
  2.122610839453942E-314  0.000000000000000E+000
  2.122610839453942E-314  0.000000000000000E+000
  2.122610839453942E-314  0.000000000000000E+000
  2.122610839453942E-314  0.000000000000000E+000
  2.122610839453942E-314  0.000000000000000E+000
  2.122610839453942E-314  0.000000000000000E+000
  2.122610839453942E-314  0.000000000000000E+000
  2.122610839453942E-314  0.000000000000000E+000
  2.122610839453942E-314  0.000000000000000E+000
  2.122610839453942E-314  0.000000000000000E+000
  2.122610839453942E-314  0.000000000000000E+000
  2.122610839453942E-314  0.000000000000000E+000
  2.122610839453942E-314  0.000000000000000E+000
  2.122610839453942E-314  0.000000000000000E+000
  2.122610839453942E-314  0.000000000000000E+000
  2.122610839453942E-314  0.000000000000000E+000
  2.122610839453942E-314  0.000000000000000E+000
  2.122610839453942E-314  0.000000000000000E+000
  2.122610839453942E-314  0.000000000000000E+000
  2.122610839453942E-314  0.000000000000000E+000
  2.122610839453942E-314  0.000000000000000E+000
  2.122610839453942E-314  0.000000000000000E+000
  2.122610839453942E-314  0.000000000000000E+000
  2.122610839453942E-314  0.000000000000000E+000
  2.122610839453942E-314  0.000000000000000E+000
  2.122610839453942E-314  0.000000000000000E+000
  2.122610839453942E-314  0.000000000000000E+000
  2.122610839453942E-314  0.000000000000000E+000
  2.122610839453942E-314  0.000000000000000E+000
  2.122610839453942E-314  0.000000000000000E+000
  2.122610839453942E-314  0.000000000000000E+000
  2.122610839453942E-314  0.000000000000000E+000
  2.122610839453942E-314  0.000000000000000E+000
   5.00000000000000       0.000000000000000E+000
