  5.432309224871097E-312  0.000000000000000E+000
  2.122610839453942E-314  0.000000000000000E+000
  2.122610839453942E-314  0.000000000000000E+000
  2.122610839453942E-314  0.000000000000000E+000
  2.122610839453942E-314  0.000000000000000E+000
  2.122610839453942E-314  0.000000000000000E+000
  2.122610839453942E-314  0.000000000000000E+000
  2.122610839453942E-314  0.000000000000000E+000
  2.122610839453942E-314  0.000000000000000E+000
  2.122610839453942E-314  0.000000000000000E+000
  2.122610839453942E-314  0.000000000000000E+000
  2.122610839453942E-314  0.000000000000000E+000
  2.122610839453942E-314  0.000000000000000E+000
  2.122610839453942E-314  0.000000000000000E+000
  2.122610839453942E-314  0.000000000000000E+000
  2.122610839453942E-314  0.000000000000000E+000
  2.122610839453942E-314  0.000000000000000E+000
  2.122610839453942E-314  0.000000000000000E+000
  2.122610839453942E-314  0.000000000000000E+000
  2.122610839453942E-314  0.000000000000000E+000
  2.122610839453942E-314  0.000000000000000E+000
  2.122610839453942E-314  0.000000000000000E+000
  2.122610839453942E-314  0.000000000000000E+000
  2.122610839453942E-314  0.000000000000000E+000
  2.122610839453942E-314  0.000000000000000E+000
  2.122610839453942E-314  0.000000000000000E+000
  2.122610839453942E-314  0.000000000000000E+000
  2.122610839453942E-314  0.000000000000000E+000
  2.122610839453942E-314  0.000000000000000E+000
  2.122610839453942E-314  0.000000000000000E+000
  2.122610839453942E-314  0.000000000000000E+000
  2.122610839453942E-314  0.000000000000000E+000
  2.122610839453942E-314  0.000000000000000E+000
  2.122610839453942E-314  0.000000000000000E+000
  2.122610839453942E-314  0.000000000000000E+000
  2.122610839453942E-314  0.000000000000000E+000
  2.122610839453942E-314  0.000000000000000E+000
  2.122610839453942E-314  0.000000000000000E+000
  2.122610839453942E-314  0.000000000000000E+000
  2.122610839453942E-314  0.000000000000000E+000
   5.00000000000000       0.000000000000000E+000
  2.122610839453942E-314  0.000000000000000E+000
  2.811350353208293E-004 -2.849296335294304E-004
 -2.782496116653661E-004  1.489138955352089E-004
 -1.019966220409967E-003  1.398619339161821E-003
 -1.824278868257280E-003  4.330327308587702E-003
 -2.607965931996093E-003  8.648512136117403E-003
 -3.332158582193312E-003  1.447109251786171E-002
 -4.039909028459921E-003  2.163041167716027E-002
 -4.677319449629761E-003  3.010518440339199E-002
 -5.289784183870887E-003  3.975780797530251E-002
 -5.823020199724990E-003  5.052387298695723E-002
 -6.324642602111445E-003  6.227811127073019E-002
 -6.737191534668245E-003  7.491055840572952E-002
 -7.108076828891958E-003  8.830686377521049E-002
 -7.378899707810846E-003  0.102302829487826     
 -7.597021349118191E-003  0.116802061329597     
 -7.709078995720830E-003  0.131580532838640     
 -7.760789059629957E-003  0.146574943475627     
 -7.713538789757584E-003  0.161513528907008     
 -7.606789100691883E-003  0.176383226798333     
 -7.430448404331171E-003  0.190903865840203     
 -7.210672372710498E-003  0.205126503851274     
 -6.982947291420532E-003  0.218839586822250     
 -6.749282211838381E-003  0.232160379164139     
 -6.618545856352651E-003  0.245085048227787     
 -6.568145341437260E-003  0.257784685626942     
 -6.813208425331752E-003  0.270667539362547     
 -7.317766911435753E-003  0.283983624972454     
 -8.385722327626566E-003  0.298946090423422     
 -9.763904808118694E-003  0.315550494696947     
 -1.250993767099418E-002  0.337193176343204     
 -1.765525432344607E-002  0.364145659315333     
 -2.511371595647016E-002  0.399393484504581     
 -3.513469204835488E-002  0.446996731001505     
 -4.207241351217345E-002  0.521566373916433     
 -2.725198445546282E-002  0.588750293961444     
 -3.615852961128326E-002  0.707866709869680     
 -0.248151147627162        1.00595729159253     
 -0.234050100996674       0.876144715415532     
  0.614816187997579       0.614816187997773     
   5.00000000000000       0.000000000000000E+000
  2.122610839453942E-314  0.000000000000000E+000
 -1.451192973706582E-004  2.563732852739204E-004
 -1.933409243897085E-003  1.885948230765145E-003
 -4.569631977316078E-003  5.401553189701488E-003
 -7.294882850744830E-003  1.135275422268107E-002
 -1.011416811731180E-002  1.985586113839910E-002
 -1.273469515438878E-002  3.072440231024706E-002
 -1.530379930172632E-002  4.403409969323661E-002
 -1.763744647685903E-002  5.950495314334944E-002
 -1.986175277012129E-002  7.714699094196957E-002
 -2.183309610502964E-002  9.664032101508414E-002
 -2.364652152876607E-002  0.117957512187235     
 -2.518770712776720E-002  0.140747961945153     
 -2.651392108623133E-002  0.164946751567363     
 -2.754873353190690E-002  0.190168883913480     
 -2.831000331157762E-002  0.216314774736305     
 -2.877743418224145E-002  0.242968995996350     
 -2.892990981421160E-002  0.270013949054633     
 -2.882346819087775E-002  0.297024957061349     
 -2.840396451607004E-002  0.323902782142908     
 -2.781913979943657E-002  0.350253105057524     
 -2.700063975292735E-002  0.376058151247932     
 -2.619135914490088E-002  0.401012593885477     
 -2.535348755100336E-002  0.425279672620380     
 -2.480905749718045E-002  0.448719583678451     
 -2.465227833158595E-002  0.471832764015281     
 -2.523040089766975E-002  0.494720292217184     
 -2.696516130285326E-002  0.518519302080011     
 -3.014492663320362E-002  0.543729754779179     
 -3.596083926946053E-002  0.572578139807391     
 -4.428084176752674E-002  0.605840986492355     
 -5.835643830620044E-002  0.647493629158149     
 -7.605300736282639E-002  0.696695305786730     
 -0.102006582813295       0.763657945728695     
 -0.132607095178166       0.854648058098192     
 -0.181522395385032       0.971717082589031     
 -0.207595273617041        1.07142837373321     
 -0.237764811871745        1.14106167140754     
 -5.176186169257652E-002  0.943590722437719     
   1.36872098063332       0.436793709781318     
   5.00000000000000       0.000000000000000E+000
  2.122610839453942E-314  0.000000000000000E+000
 -1.349379150751296E-003  9.586856389811422E-004
 -5.380206749763071E-003  4.347042206125642E-003
 -1.054759488398744E-002  1.022537491194243E-002
 -1.615053767008352E-002  1.936878800397631E-002
 -2.178771320421853E-002  3.157423922038255E-002
 -2.725655049664633E-002  4.698216175016159E-002
 -3.248245708216217E-002  6.536935941269140E-002
 -3.737477476454936E-002  8.671150657964269E-002
 -4.193352783175384E-002  0.110742388285914     
 -4.607853950451354E-002  0.137329927476766     
 -4.982074173834560E-002  0.166184061178281     
 -5.307166072379860E-002  0.197104470702708     
 -5.583830674334351E-002  0.229769899871438     
 -5.803272363907365E-002  0.263910945113686     
 -5.966706741827578E-002  0.299186368902036     
 -6.067246336687260E-002  0.335253882219608     
 -6.108196688268771E-002  0.371783887607084     
 -6.087198456975419E-002  0.408373754683070     
 -6.011437961904428E-002  0.444757964436407     
 -5.886400689272866E-002  0.480514251968256     
 -5.724974796181935E-002  0.515511904989892     
 -5.544670388237789E-002  0.549388448915609     
 -5.366407789580538E-002  0.582235045461175     
 -5.225223438982227E-002  0.613869600170351     
 -5.154625963874457E-002  0.644718562795942     
 -5.213941998034684E-002  0.674930954861879     
 -5.457755153084751E-002  0.705425854785791     
 -5.980951816211370E-002  0.736841170885867     
 -6.890450486364737E-002  0.770908255561815     
 -8.299701169757935E-002  0.808271673463715     
 -0.104098931837887       0.852084309734090     
 -0.131776447297419       0.901710418077491     
 -0.167760627738413       0.961274467185022     
 -0.207579449531114        1.02375214095718     
 -0.265710853665870        1.10254399035231     
 -0.273408613073109        1.10597046781116     
 -0.196718484267625        1.05329608390799     
  0.330903922130808       0.793601760053816     
   1.90916224970431       0.298518719364105     
   5.00000000000000       0.000000000000000E+000
  2.122610839453942E-314  0.000000000000000E+000
 -4.048149893398224E-003  1.637187719760305E-003
 -1.099703676698068E-002  6.631397314657336E-003
 -1.947371330196181E-002  1.497260360304479E-002
 -2.842776792461137E-002  2.698271734945349E-002
 -3.748680276257965E-002  4.261214409483004E-002
 -4.627803481122961E-002  6.182232530960495E-002
 -5.472215891135686E-002  8.452934695275981E-002
 -6.265343616237855E-002  0.110566965427410     
 -7.005547158844024E-002  0.139776887789185     
 -7.681702914753767E-002  0.171896447102155     
 -8.291013785277031E-002  0.206705264247262     
 -8.824286432385371E-002  0.243892423181734     
 -9.275836191619549E-002  0.283161528735069     
 -9.639224728570998E-002  0.324157638717447     
 -9.907107948999612E-002  0.366512272800693     
 -0.100784410043923       0.409830762465697     
 -0.101468239170147       0.453698503665642     
 -0.101199398486823       0.497694473360400     
 -9.996191448259507E-002  0.541415029858691     
 -9.795173333538983E-002  0.584441393160041     
 -9.525538184959710E-002  0.626473403617422     
 -9.221060687549494E-002  0.667139623062965     
 -8.908839410886830E-002  0.706372343022426     
 -8.637573450615436E-002  0.743900449891119     
 -8.465932641678509E-002  0.780056558515670     
 -8.456147725796238E-002  0.814709396215007     
 -8.719457556809082E-002  0.848783934058548     
 -9.323460198467368E-002  0.882220476727064     
 -0.104623701216691       0.916666674346518     
 -0.121728872570779       0.951629576615633     
 -0.147125201439446       0.989394079617169     
 -0.179488712193923        1.02818919584433     
 -0.219866961939970        1.06802041666811     
 -0.257789941848415        1.09887379606707     
 -0.280949511747024        1.10821291031826     
 -0.239905159489353        1.05108446137517     
  2.470405926806717E-002  0.890483240023314     
  0.739977573510667       0.595890383646979     
   2.31057716708289       0.210423293942362     
   5.00000000000000       0.000000000000000E+000
  2.122610839453942E-314  0.000000000000000E+000
 -7.889834856694979E-003  2.235772059571547E-003
 -1.865706019917672E-002  8.744164969601674E-003
 -3.085538622668862E-002  1.917297714363852E-002
 -4.364958701349322E-002  3.375955153796164E-002
 -5.646836115978564E-002  5.223428164977721E-002
 -6.899117884871730E-002  7.467805215394759E-002
 -8.099796531042268E-002  0.100814694968692     
 -9.234630762054236E-002  0.130640738986253     
 -0.102936338532537       0.163823009929322     
 -0.112654499700175       0.200255634983856     
 -0.121424042745016       0.239551280959992     
 -0.129119032739268       0.281532277189223     
 -0.135668792186496       0.325749079380839     
 -0.140938754922731       0.371940502297867     
 -0.144885013443766       0.419609401732481     
 -0.147391936797766       0.468397391997138     
 -0.148481096927765       0.517799201511865     
 -0.148099461754687       0.567350812131168     
 -0.146380736160270       0.616610143310694     
 -0.143389962801881       0.665014529801002     
 -0.139420308444075       0.712287049950897     
 -0.134719275856554       0.757789966015402     
 -0.129788101629660       0.801541150821659     
 -0.125124679947829       0.842848192483358     
 -0.121499349071953       0.882181686027314     
 -0.119710877689908       0.918746741497361     
 -0.120898184449804       0.953663036414818     
 -0.126068519381370       0.985717631536146     
 -0.136835776700674        1.01689085062280     
 -0.153643774340260        1.04456711012183     
 -0.178296057510860        1.07157122121530     
 -0.207455059997031        1.09110663236503     
 -0.241778459247289        1.10641724764894     
 -0.259556048346691        1.09647379610499     
 -0.246828370961573        1.06000585758574     
 -0.111928571350041       0.953450922947986     
  0.254234753529944       0.760460188231759     
   1.08022187600378       0.488839737952230     
   2.64067929879194       0.160406168234600     
   5.00000000000000       0.000000000000000E+000
  2.122610839453942E-314  0.000000000000000E+000
 -1.272069229514935E-002  2.672734770745303E-003
 -2.791090220496194E-002  1.035856063803530E-002
 -4.440588365645858E-002  2.259587649980902E-002
 -6.133939346814259E-002  3.925326391886016E-002
 -7.822567966487690E-002  6.010434229000948E-002
 -9.467444710104728E-002  8.506483100443714E-002
 -0.110470111183695       0.113937630062643     
 -0.125421107155392       0.146606610547333     
 -0.139396393671549       0.182826772301238     
 -0.152260848221894       0.222413783138211     
 -0.163880146877371       0.265051461323352     
 -0.174125417481008       0.310503037551500     
 -0.182845149535672       0.358357838724066     
 -0.189920704543619       0.408317261619014     
 -0.195207788247849       0.459873146774725     
 -0.198632874817348       0.512657945069773     
 -0.200107277513562       0.566087545731699     
 -0.199654006496528       0.619721608342408     
 -0.197304805318046       0.672956140071935     
 -0.193235118920940       0.725284941580117     
 -0.187672131252068       0.776173689048829     
 -0.180992913297215       0.825066732591265     
 -0.173701467415104       0.871611254290245     
 -0.166408583748552       0.915212775117351     
 -0.159974599371517       0.955806394837903     
 -0.155238334136387       0.992718782318421     
 -0.153446527905052        1.02620803389089     
 -0.155534757035127        1.05532319497375     
 -0.162859769926500        1.08044336501893     
 -0.175808127980621        1.09979257174558     
 -0.194321676823954        1.11287856446527     
 -0.215458314586367        1.11545715830982     
 -0.231620782565920        1.10327543308236     
 -0.226327617216608        1.06542978807162     
 -0.158262556311684       0.988446778092023     
  3.793900821870853E-002  0.853264074453613     
  0.497981146212108       0.648870429717638     
   1.39756423699608       0.388032340310255     
   2.88316182372433       0.128935330519286     
   5.00000000000000       0.000000000000000E+000
  2.122610839453942E-314  0.000000000000000E+000
 -1.836587286063273E-002  3.038597166945795E-003
 -3.857002386172157E-002  1.165954313727506E-002
 -5.966780447195568E-002  2.522605477047653E-002
 -8.101791314183757E-002  4.350271383742398E-002
 -0.102118546971693       6.610676405133242E-002
 -0.122649660318620       9.298629447125378E-002
 -0.142343382345558       0.123808830642661     
 -0.161020833393194       0.158556629406856     
 -0.178506047428563       0.196870115686664     
 -0.194639241032868       0.238689172227865     
 -0.209256904013951       0.283593973302395     
 -0.222171587953093       0.331462269551296     
 -0.233223739389305       0.381794493424451     
 -0.242199946805524       0.434369559644459     
 -0.248978796704041       0.488614863250748     
 -0.253357040601197       0.544171917552054     
 -0.255314019755476       0.600435420596006     
 -0.254716450765264       0.656867750939755     
 -0.251719429385537       0.712912457949615     
 -0.246333405617758       0.767817484951046     
 -0.238961204266953       0.821192817381456     
 -0.229831113533017       0.872041402834483     
 -0.219651545123426       0.920279030013512     
 -0.208917725192235       0.964613609128128     
 -0.198680374724516        1.00540528329161     
 -0.189658040479473        1.04092873761929     
 -0.183230332269593        1.07208264107753     
 -0.179978178890216        1.09634513930283     
 -0.181379204299312        1.11508276255221     
 -0.186442784081750        1.12413579590573     
 -0.195634948736862        1.12478711977640     
 -0.201353966187873        1.10936475256760     
 -0.198203803536667        1.07718227755544     
 -0.156582716332147        1.01488076432324     
 -4.638527478857684E-002  0.915926631400607     
  0.216795156699407       0.767162999495715     
  0.732439195538419       0.562579393341436     
   1.64791098167020       0.328055571809459     
   3.08000842259943       0.104797213223526     
   5.00000000000000       0.000000000000000E+000
  2.122610839453942E-314  0.000000000000000E+000
 -2.452403619651422E-002  3.258163476068503E-003
 -5.014738335540692E-002  1.250188861976018E-002
 -7.617723949590775E-002  2.703274785427203E-002
 -0.102110415058289       4.640466064253342E-002
 -0.127552165566075       7.024204496362281E-002
 -0.152214619416284       9.836510408236313E-002
 -0.175856559501639       0.130494413097787     
 -0.198292566125897       0.166522176889876     
 -0.219327378057851       0.206169711522926     
 -0.238787392681215       0.249320670485702     
 -0.256456671975571       0.295636112198165     
 -0.272134241560282       0.344955468594764     
 -0.285577227254576       0.396836406151869     
 -0.296567563939433       0.451038428997564     
 -0.304871777695218       0.506995427159895     
 -0.310302553749329       0.564355034958059     
 -0.312705533186489       0.622438198306150     
 -0.311996511222659       0.680752335379020     
 -0.308188494878749       0.738555421493167     
 -0.301381139778771       0.795198342436101     
 -0.291842765315749       0.849958960820217     
 -0.279926683115401       0.902027117900205     
 -0.266219789836688       0.950793140892266     
 -0.251363900784184       0.995278536749512     
 -0.236261390968393        1.03504255773745     
 -0.221795354105429        1.06888887725460     
 -0.209000692875761        1.09648345645919     
 -0.198713835889432        1.11624650851907     
 -0.191373067733849        1.12760717344840     
 -0.186652540730312        1.12817855120086     
 -0.181938831763401        1.11621877217982     
 -0.171881709871557        1.08760407454166     
 -0.142952714730053        1.03768316271300     
 -7.284775941023114E-002  0.959554600720524     
  8.320179568791070E-002  0.845187897364595     
  0.391741142084632       0.688009037813061     
  0.953375101501600       0.490692288473263     
   1.88841588475930       0.273261738170797     
   3.24734611494858       8.336588654238554E-002
   5.00000000000000       0.000000000000000E+000
  2.122610839453942E-314  0.000000000000000E+000
 -3.110036112479517E-002  3.417318525406376E-003
 -6.241774500203830E-002  1.304997270826584E-002
 -9.353694534034022E-002  2.811682545542186E-002
 -0.124148902566108       4.812850929425396E-002
 -0.153955885476087       7.260795250114449E-002
 -0.182755042562228       0.101394463783552     
 -0.210330159482790       0.134121659545122     
 -0.236517932173718       0.170756719653690     
 -0.261114325663770       0.210946697074713     
 -0.283923554057108       0.254686991902946     
 -0.304708430770266       0.301569303600505     
 -0.323205777884156       0.351548959524093     
 -0.339152462250551       0.404120880551558     
 -0.352225150706121       0.459130412859826     
 -0.362188181671718       0.515967170294028     
 -0.368704909775368       0.574290999706503     
 -0.371657522861113       0.633423716396423     
 -0.370773702744034       0.692759666288734     
 -0.366159539291418       0.751642351474469     
 -0.357700081285930       0.809129408262996     
 -0.345819952589026       0.864715071716523     
 -0.330643117281332       0.917065014757753     
 -0.312967487176152       0.965960597390424     
 -0.293178884174578        1.00962691245970     
 -0.272432017351078        1.04822544801693     
 -0.251237205742083        1.07946170663970     
 -0.230946528488312        1.10385108906488     
 -0.211616098956436        1.11840501802076     
 -0.194236741651743        1.12371539508796     
 -0.176541708114612        1.11574961341361     
 -0.157281276711991        1.09439367600040     
 -0.126404219275022        1.05408586158895     
 -7.432677145301265E-002  0.992542538460736     
  3.010288677007370E-002  0.903139205587931     
  0.221124035334498       0.780779379218602     
  0.570811688767943       0.623732166857255     
   1.15917357371404       0.434049268503894     
   2.08171370776438       0.238111841513796     
   3.38562952772315       7.022083823014845E-002
   5.00000000000000       0.000000000000000E+000
  2.122610839453942E-314  0.000000000000000E+000
 -3.781176328510358E-002  3.455486556675914E-003
 -7.496626069661580E-002  1.321582398582293E-002
 -0.111249037194570       2.847814574563456E-002
 -0.146558506140359       4.864787946691109E-002
 -0.180711907240022       7.327120007791904E-002
 -0.213600850513580       0.102095947739672     
 -0.245061539879191       0.134824639823830     
 -0.274956899741943       0.171351386931143     
 -0.303089203415166       0.211425622855609     
 -0.329251012410938       0.254988476956350     
 -0.353171032483368       0.301745209741915     
 -0.374553787444662       0.351607229529751     
 -0.393059308316332       0.404167017865887     
 -0.408328142719150       0.459238310121583     
 -0.420003762870871       0.516257851668847     
 -0.427729450061788       0.574877041955348     
 -0.431226587547554       0.634373760110812     
 -0.430240891601480       0.694181137826406     
 -0.424687816404352       0.753463352170267     
 -0.414526997788675       0.811400598017174     
 -0.399972365024801       0.867127591261912     
 -0.381288992622164       0.919565050639542     
 -0.359036371937072       0.967908480923595     
 -0.333813730307818        1.01083366960389     
 -0.306450103971521        1.04763652418555     
 -0.277769000187614        1.07675547918035     
 -0.248530968057994        1.09749762638263     
 -0.219323471281074        1.10801442326662     
 -0.189842187612218        1.10730477829868     
 -0.158951404269273        1.09305965057368     
 -0.122456560940382        1.06331594780519     
 -7.305979463980349E-002   1.01497099146635     
  4.779140308594198E-003  0.944412409046148     
  0.135718303509594       0.847866010882431     
  0.361676542509655       0.721520093875494     
  0.742334132044159       0.564912541661657     
   1.35204065379374       0.385954140815485     
   2.27108762734669       0.205720117182740     
   3.50547390762492       6.013164279307101E-002
   5.00000000000000       0.000000000000000E+000
  2.122610839453942E-314  0.000000000000000E+000
 -4.459998552846586E-002  3.446055904026845E-003
 -8.756966949891803E-002  1.312911237027510E-002
 -0.128981795657829       2.821861635095741E-002
 -0.168901115463866       4.812433248072792E-002
 -0.207302478479449       7.234133193884851E-002
 -0.244172787672790       0.100658209453983     
 -0.279419088407115       0.132726121712281     
 -0.312946172392763       0.168530193050580     
 -0.344567860429362       0.207765221556710     
 -0.374072608554730       0.250505223290129     
 -0.401162991876292       0.296392064520437     
 -0.425491232907137       0.345487585559940     
 -0.446672199370299       0.397312814875095     
 -0.464238976686196       0.451813218699201     
 -0.477795461271740       0.508360507353685     
 -0.486818106056795       0.566667275285992     
 -0.491024659965554       0.625986988670496     
 -0.489938204978438       0.685680189318503     
 -0.483536316305083       0.744979750562272     
 -0.471511876404064       0.802796127986622     
 -0.454225972774276       0.858485763128445     
 -0.431643048386736       0.910457500703939     
 -0.404558853330950       0.958330094711323     
 -0.373221938920822        1.00001730084299     
 -0.338788639371806        1.03545934330190     
 -0.301590679599083        1.06212480631146     
 -0.262852152725640        1.08017174420632     
 -0.222272622462895        1.08667960624597     
 -0.180339033362822        1.08166994883400     
 -0.134067640414754        1.06186504305955     
 -8.094753110439236E-002   1.02647341138416     
 -9.999033675353665E-003  0.971951110732765     
  9.042867317475237E-002  0.895965546107148     
  0.250275286778004       0.795741558653908     
  0.503244857742926       0.668394641222792     
  0.909123789306542       0.517040046524709     
   1.52993311558460       0.347331324307116     
   2.42661024349621       0.183126252067054     
   3.60893297298374       5.283527260680282E-002
   5.00000000000000       0.000000000000000E+000
  2.122610839453942E-314  0.000000000000000E+000
 -5.121559879448190E-002  3.332978143006928E-003
 -9.989184206739674E-002  1.271121360689475E-002
 -0.146275564964648       2.731947255038957E-002
 -0.190664249905421       4.651776442321280E-002
 -0.233156605282379       6.986085142455542E-002
 -0.273864877955346       9.707830920067739E-002
 -0.312774100451576       0.127925112883141     
 -0.349832165489606       0.162325456775261     
 -0.384888668456868       0.200116928466907     
 -0.417715365242413       0.241311180739622     
 -0.448004260040343       0.285715468126264     
 -0.475350560337788       0.333326080737631     
 -0.499303283850878       0.383824241077766     
 -0.519320280242211       0.437091582433407     
 -0.534878172878669       0.492614534644610     
 -0.545388476191005       0.550060560718399     
 -0.550382138286820       0.608701134876809     
 -0.549361588406490       0.667904242284874     
 -0.542069029795521       0.726768659170001     
 -0.528253559010248       0.784314211619094     
 -0.508004981747083       0.839562563832558     
 -0.481444287841917       0.891192357393081     
 -0.449056566891117       0.938255682791946     
 -0.411362538728021       0.979153771831227     
 -0.369119013114424        1.01302238428339     
 -0.323075271536936        1.03807993378815     
 -0.273822901543873        1.05347345350235     
 -0.221731612639045        1.05731339831960     
 -0.166096512146182        1.04850878265498     
 -0.105179730445591        1.02506175749023     
 -3.410177589984742E-002  0.985240226054862     
  5.550965198022259E-002  0.926879683098257     
  0.179436692289177       0.847522272524217     
  0.362289205356219       0.745422804216251     
  0.641490483016950       0.619520381288856     
   1.06805404004079       0.472440126473690     
   1.69630750855452       0.313801212976006     
   2.57955250575322       0.162479822732340     
   3.70166835216745       4.636072804189623E-002
   5.00000000000000       0.000000000000000E+000
  2.122610839453942E-314  0.000000000000000E+000
 -5.761003879365685E-002  3.176831685018111E-003
 -0.111701756236187       1.206045645043729E-002
 -0.162817846990151       2.585052375338798E-002
 -0.211410017424466       4.394683971460531E-002
 -0.257762439214959       6.589352349995513E-002
 -0.302095243929001       9.149603447912688E-002
 -0.344485811275640       0.120481595966435     
 -0.384947794274443       0.152900456870077     
 -0.423348361235062       0.188541242730539     
 -0.459479841874084       0.227591389631722     
 -0.492993699044016       0.269782378338670     
 -0.523450389547670       0.315320322702552     
 -0.550320130551941       0.363784327628883     
 -0.572957924453666       0.415265040809244     
 -0.590753073386432       0.469136701028115     
 -0.602938199301118       0.525217900887279     
 -0.608988985258045       0.582697597193675     
 -0.608156437568092       0.640963034412643     
 -0.600203875677344       0.699122781741075     
 -0.584572632867459       0.756011209414964     
 -0.561484027925980       0.810822195684266     
 -0.530713782494643       0.861802051704385     
 -0.493002406200365       0.908386400549055     
 -0.448484092512506       0.948314555206335     
 -0.398297057150227       0.981316714810919     
 -0.342693941172201        1.00480956231466     
 -0.282807318573582        1.01868707050667     
 -0.218202376184885        1.02027295554542     
 -0.149034404079081        1.00928007472533     
 -7.205707591443954E-002  0.983149660673171     
  1.597044827329346E-002  0.940917482182193     
  0.126075496146863       0.880398656314140     
  0.270653314005654       0.799753259821038     
  0.477277466398127       0.698303547014063     
  0.777059043489829       0.575001895176311     
   1.21884381962291       0.434903380240605     
   1.84933574948341       0.285429177038722     
   2.70719991911565       0.146645479815036     
   3.78281853724246       4.139702804353385E-002
   5.00000000000000       0.000000000000000E+000
  2.122610839453942E-314  0.000000000000000E+000
 -6.355484585477890E-002  2.923364290823230E-003
 -0.122717742566168       1.109992636468381E-002
 -0.178196188347681       2.378129647210093E-002
 -0.230686987513241       4.035540932809200E-002
 -0.280609149481115       6.046466664892878E-002
 -0.328319147970217       8.388195361697433E-002
 -0.373997490814061       0.110476433007430     
 -0.417703813487637       0.140244406908270     
 -0.459370934581172       0.173161791709118     
 -0.498763394556820       0.209341854715393     
 -0.535548141587384       0.248739453354031     
 -0.569200508401525       0.291467508311773     
 -0.599140430587807       0.337340428017099     
 -0.624602889322978       0.386344200144810     
 -0.644849904741661       0.438057194485857     
 -0.658993433091145       0.492203787484362     
 -0.666305372442161       0.548084893671216     
 -0.665961254834742       0.605045253529466     
 -0.657459213272602       0.662145365334177     
 -0.640258501096611       0.718286504492335     
 -0.614276657697161       0.772400238448823     
 -0.579436973614875       0.822969873324512     
 -0.536149524517663       0.868936510476872     
 -0.484842691332400       0.908488469738831     
 -0.426270313411836       0.940663234911990     
 -0.361139731720332       0.963538970858518     
 -0.290039679365717       0.976211986942041     
 -0.213219824419276       0.976822297414764     
 -0.129887906865970       0.964342205276290     
 -3.796188722587114E-002  0.937061027895966     
  6.757062171077201E-002  0.893593624245661     
  0.195480011409869       0.832437312152056     
  0.360907263721892       0.752106177621663     
  0.587167254123962       0.652091566874781     
  0.906725516070447       0.533056429710232     
   1.36223807836070       0.398963397826200     
   1.99287047200263       0.259744167207688     
   2.83337235690897       0.131816575155484     
   3.85690239284647       3.681257821918388E-002
   5.00000000000000       0.000000000000000E+000
  2.122610839453942E-314  0.000000000000000E+000
 -6.899891532814273E-002  2.625202670238721E-003
 -0.132689188889416       9.906702702271616E-003
 -0.192090107219156       2.115931191713387E-002
 -0.248045394406458       3.583924202314475E-002
 -0.301171239268034       5.361408637243597E-002
 -0.351943251581553       7.436538889227218E-002
 -0.400640186310790       9.795005100131927E-002
 -0.447410603858157       0.124525486401884     
 -0.492201405768346       0.154016157263214     
 -0.534824648043215       0.186756242792188     
 -0.574888434793092       0.222605647036076     
 -0.611856970312005       0.261951830383416     
 -0.645034067928865       0.304471123563299     
 -0.673566317735746       0.350449180802745     
 -0.696571366061344       0.399298416604213     
 -0.712983914582717       0.451010122644596     
 -0.721950818280283       0.504732272952201     
 -0.722385489505451       0.559959830612530     
 -0.713740183511057       0.615681865710058     
 -0.695149740185164       0.670745621734206     
 -0.666617726342526       0.724171282748612     
 -0.627712221596119       0.774132961744072     
 -0.579086024193210       0.819872023405461     
 -0.520795686674544       0.859037345362982     
 -0.453990722524153       0.891166307113017     
 -0.378945884254708       0.913678898235044     
 -0.296805626042262       0.926287485697042     
 -0.207174585380121       0.926525301645225     
 -0.110086238361042       0.913975074419761     
 -2.318812693587821E-003  0.886562334116951     
  0.119679414316716       0.843397043022494     
  0.266498889475500       0.783088399292916     
  0.450444800210762       0.704408238219151     
  0.696284156647975       0.607764739893158     
   1.03165949026661       0.493468862142983     
   1.49615897470618       0.367185204479249     
   2.12435342900767       0.236804966947611     
   2.93968920676848       0.119492725935086     
   3.92230486615011       3.305270528969150E-002
   5.00000000000000       0.000000000000000E+000
  2.122610839453942E-314  0.000000000000000E+000
 -7.372143495944936E-002  2.233473696274781E-003
 -0.141376176937634       8.421540351340082E-003
 -0.204137600666547       1.796994800277502E-002
 -0.263098008038131       3.036362309313165E-002
 -0.319013756540813       4.539881968788268E-002
 -0.372495088624078       6.294852327029252E-002
 -0.423942618308468       8.303743091642643E-002
 -0.473546824243040       0.105774523947163     
 -0.521346154693395       0.131302282102334     
 -0.567113842530007       0.159870157403856     
 -0.610500951866123       0.191608446810571     
 -0.650860783103729       0.226785902489290     
 -0.687470373019830       0.265387305545736     
 -0.719309416464730       0.307554096492505     
 -0.745382600715024       0.353004956545269     
 -0.764435746828255       0.401584982550759     
 -0.775414803249128       0.452677738611904     
 -0.777077470541948       0.505674919507100     
 -0.768606379664784       0.559646661027725     
 -0.749079175470518       0.613442347347602     
 -0.718196345557631       0.665939651873389     
 -0.675619581572896       0.715481237978187     
 -0.621696369441298       0.760924403933820     
 -0.556746928414006       0.800282330952489     
 -0.481608987308203       0.832522747830112     
 -0.396984704885177       0.855596378370971     
 -0.303622968919072       0.868586918942955     
 -0.201747066570294       0.869628831584648     
 -9.071802421534179E-002  0.857795188710052     
  3.168949511238221E-002  0.831537595439652     
  0.170263373925352       0.789800344673022     
  0.333733928423366       0.731467406203846     
  0.536090211376750       0.655807471944882     
  0.798763266739595       0.563001260264589     
   1.14931451241386       0.454790209593141     
   1.62294453820661       0.335647684132761     
   2.24734078613718       0.215129875531871     
   3.04438909591132       0.107537682283602     
   3.98225506065155       2.951649210827648E-002
   5.00000000000000       0.000000000000000E+000
  2.122610839453942E-314  0.000000000000000E+000
 -7.767202401116864E-002  1.795325741477872E-003
 -0.148513227065266       6.706564825745129E-003
 -0.214016071107850       1.426140026826168E-002
 -0.275400023691407       2.403768921769453E-002
 -0.333616065080958       3.588969482345468E-002
 -0.389394644581482       4.981933796389866E-002
 -0.443231196056665       6.584966980189949E-002
 -0.495420798020161       8.426785355515531E-002
 -0.546011668721409       0.105161534964564     
 -0.594849385571628       0.129025370298123     
 -0.641513548909372       0.155880920542763     
 -0.685375809064123       0.186317267632471     
 -0.725564750640184       0.220156095185301     
 -0.761001404680798       0.257919901241225     
 -0.790484194582063       0.299120363712012     
 -0.812607747361965       0.343993081812176     
 -0.826101061162079       0.391706553211656     
 -0.829480479212424       0.441961049353058     
 -0.821775069620857       0.493671700200433     
 -0.801756983231092       0.545805423439192     
 -0.769114337379449       0.597229662930768     
 -0.723181032572585       0.646137106851754     
 -0.664479208339017       0.691579218890403     
 -0.593009114153428       0.731161743842376     
 -0.509966462039949       0.764240922194485     
 -0.415717737055774       0.788215709770241     
 -0.311531729941409       0.802662287023779     
 -0.197163732891352       0.805195862221291     
 -7.271386703443064E-002  0.795356299615543     
  6.484172475035331E-002  0.771292997639181     
  0.219050441837064       0.732278587331658     
  0.399787411241030       0.677304551462702     
  0.618732619678501       0.605708092291225     
  0.897730655920240       0.518416541571405     
   1.26071659116624       0.416636707978161     
   1.73947983377868       0.306140361014228     
   2.35906190351255       0.194548237889839     
   3.13249203802129       9.682019493331032E-002
   4.03479110139592       2.626048760958895E-002
   5.00000000000000       0.000000000000000E+000
  2.122610839453942E-314  0.000000000000000E+000
 -8.064236690644669E-002  1.275272512898039E-003
 -0.153915932466840       4.744723234362007E-003
 -0.221434822119301       1.006483670544758E-002
 -0.284652751688330       1.689384565867311E-002
 -0.344647296398231       2.522675488663696E-002
 -0.402272040308918       3.508152994112960E-002
 -0.458147214214956       4.664904839664327E-002
 -0.512606063962517       6.017483695482256E-002
 -0.565804654224944       7.596545706805702E-002
 -0.617547448433793       9.442519801475463E-002
 -0.667484738119954       0.115864550043367     
 -0.714863252407451       0.140736809409159     
 -0.758820678249283       0.169226199832126     
 -0.798070367773691       0.201681133444983     
 -0.831336367717759       0.238021365320322     
 -0.856946981598540       0.278291004362694     
 -0.873465889678368       0.322042059879211     
 -0.879142782890125       0.368809500907864     
 -0.872768507084673       0.417764517988314     
 -0.852932135697183       0.467798602149199     
 -0.819054031921268       0.517809767696418     
 -0.770445820296371       0.566067090249300     
 -0.707381042182974       0.611387990397400     
 -0.630030511551179       0.651630906359313     
 -0.539377388116118       0.685709496140002     
 -0.436132124824194       0.711410425266106     
 -0.321331336967842       0.727800560940711     
 -0.195237412588022       0.732910835836942     
 -5.754438674361383E-002  0.725891796323739     
  9.397413109115509E-002  0.705195049596540     
  0.263625862999801       0.670026591364823     
  0.459819629732281       0.619418027191628     
  0.695068558658419       0.553202542316442     
  0.988673223806405       0.471894071623908     
   1.36353877089669       0.377875808604699     
   1.84845152865274       0.275708052506451     
   2.46231723114528       0.174219138582408     
   3.21812232026245       8.592070734269730E-002
   4.08276382652360       2.311000757694261E-002
   5.00000000000000       0.000000000000000E+000
  2.122610839453942E-314  0.000000000000000E+000
 -8.259579990472544E-002  7.131047674248347E-004
 -0.157329863799084       2.584217188749447E-003
 -0.226108922311153       5.452131262077517E-003
 -0.290466256026880       9.087223703343845E-003
 -0.351652536870109       1.356930429360383E-002
 -0.410621870482541       1.904406085920302E-002
 -0.468080954705643       2.570867755320806E-002
 -0.524467971900326       3.397128434918541E-002
 -0.579951976903897       4.408481147915558E-002
 -0.634427970328559       5.668310759987380E-002
 -0.687478636138916       7.196763402610851E-002
 -0.738404264774815       9.071668801498510E-002
 -0.786179585006295       0.112948506629523     
 -0.829509374602061       0.139441124638244     
 -0.866856923773034       0.169894303541851     
 -0.896459587450634       0.204853064810674     
 -0.916556078350086       0.243619719083079     
 -0.925218658867436       0.286210227195684     
 -0.920930357793420       0.331575332297209     
 -0.902037694927967       0.378932852177611     
 -0.867779464682183       0.427074842644052     
 -0.817203218213553       0.474320586810875     
 -0.750612362370424       0.519568098073316     
 -0.667932910923962       0.560418034578426     
 -0.570403507529557       0.596056531668014     
 -0.458506022332776       0.623800498456498     
 -0.333714894548587       0.643099433847327     
 -0.195998169308433       0.651486831346261     
 -4.567278197636832E-002  0.648479251078635     
  0.119972463467143       0.632203280316839     
  0.304239027599713       0.602095784075092     
  0.516106076123731       0.557230602966363     
  0.766275480540551       0.497397604259667     
   1.07368709567155       0.423720816157587     
   1.45860553728252       0.337909676556531     
   1.94629899770804       0.245635918052291     
   2.55439787310671       0.153735349385966     
   3.28897268309221       7.552866944556531E-002
   4.12348666593894       1.990363271835818E-002
   5.00000000000000       0.000000000000000E+000
  2.122610839453942E-314  0.000000000000000E+000
 -8.336178373632173E-002  9.664956517282562E-005
 -0.158661001332366       2.715001090593689E-004
 -0.227857790354681       5.196866227316098E-004
 -0.292674591869389       7.499938798457623E-004
 -0.354445552778950       1.168674874503015E-003
 -0.414225714726882       1.961243248233241E-003
 -0.472825799611585       3.458138222125017E-003
 -0.530723472905587       6.035278115291241E-003
 -0.588196799000043       1.012390249806987E-002
 -0.645114452874871       1.626976009285017E-002
 -0.701155164896287       2.493702895190713E-002
 -0.755504332632222       3.676487523291832E-002
 -0.807195739759542       5.214803708896541E-002
 -0.854707237244411       7.167885252353565E-002
 -0.896497529285328       9.554383806567072E-002
 -0.930465692160447       0.124070618033651     
 -0.954764033233943       0.157099178437133     
 -0.967064156852293       0.194432880751746     
 -0.965687024928781       0.235492929911782     
 -0.948615461636952       0.279348080911031     
 -0.914890146845222       0.325054172317203     
 -0.863345227183795       0.370905977547507     
 -0.794109091174138       0.415771337884139     
 -0.707110809357021       0.457378337053185     
 -0.603475171565075       0.494615287973187     
 -0.483891810975246       0.525041837469376     
 -0.349752850936835       0.547685004226301     
 -0.201396492285465       0.560335866837481     
 -3.897796832240853E-002  0.562168087233850     
  0.139621372544049       0.551451608951671     
  0.338028208411650       0.527567020069519     
  0.564134795983629       0.489484298717534     
  0.828752299131639       0.437431930424661     
   1.14898721378632       0.372006635150993     
   1.54340142457036       0.295900684188912     
   2.03538090800651       0.213525811837794     
   2.63718929556062       0.132699234875319     
   3.35587464741597       6.441781925054595E-002
   4.15998112172185       1.678537415878894E-002
   5.00000000000000       0.000000000000000E+000
  2.122610839453942E-314  0.000000000000000E+000
 -8.293456028587905E-002 -5.469805325475573E-004
 -0.157710291152506      -2.161528308429625E-003
 -0.226497608219656      -4.622523690638485E-003
 -0.291016482186037      -7.900640488751262E-003
 -0.352727517748198      -1.169076282123356E-002
 -0.412739998168351      -1.570762329172733E-002
 -0.471938666551643      -1.960942595363655E-002
 -0.530886171443294      -2.291218173209222E-002
 -0.589888574854818      -2.523084864116046E-002
 -0.648912658137339      -2.585586773473911E-002
 -0.707598474611978      -2.441669343412163E-002
 -0.765223332326050      -2.000272006949722E-002
 -0.820677182527524      -1.236157641367610E-002
 -0.872499554231963      -4.810628797465385E-004
 -0.918864673937159       1.563026188784209E-002
 -0.957677956987701       3.686766405049024E-002
 -0.986667971061468       6.283267551767159E-002
  -1.00344008973340       9.396928800382402E-002
  -1.00582326167552       0.129457435710170     
 -0.991665813487205       0.168925367382834     
 -0.959585487522170       0.211259067276117     
 -0.908246759384361       0.255051073938369     
 -0.837567738687728       0.299150231645361     
 -0.747320073601712       0.341216169896000     
 -0.638693410178384       0.380296644617424     
 -0.512253436787674       0.413565017088817     
 -0.369691954593678       0.440334551282621     
 -0.211215746740828       0.457877681990264     
 -3.746301538997772E-002  0.465668439820519     
  0.153871661163001       0.461568789588687     
  0.365650533361673       0.445136565149482     
  0.605816001096198       0.415283929403087     
  0.883846209050955       0.372112004402946     
   1.21586270705487       0.316733835509261     
   1.61864437009132       0.250990274454439     
   2.11206585923985       0.180387598727358     
   2.70816487746963       0.110473737818348     
   3.40874575517926       5.336572282075890E-002
   4.18859057104128       1.331814981915238E-002
   5.00000000000000       0.000000000000000E+000
  2.122610839453942E-314  0.000000000000000E+000
 -8.122091841193994E-002 -1.198321889132372E-003
 -0.154516375845773      -4.596618149926632E-003
 -0.222004734988433      -9.811731666408734E-003
 -0.285509755205915      -1.662673672672910E-002
 -0.346501399554744      -2.465339314324878E-002
 -0.406154202359206      -3.354871825858065E-002
 -0.465410510673085      -4.290698358012544E-002
 -0.524879061389687      -5.226460433016054E-002
 -0.584957281998241      -6.114331206293167E-002
 -0.645621680978870      -6.890978721663654E-002
 -0.706625409657214      -7.501319842198270E-002
 -0.767177072913507      -7.866778887505102E-002
 -0.826282985389290      -7.929567602693187E-002
 -0.882281552016116      -7.605510934134922E-002
 -0.933439161550668      -6.845080264595302E-002
 -0.977289746209885      -5.579517258582244E-002
  -1.01159856375644      -3.783144325381606E-002
  -1.03344540813907      -1.433627467969486E-002
  -1.04062234116774       1.456340200833746E-002
  -1.03039566138016       4.830685577698948E-002
  -1.00128842342164       8.633100285291159E-002
 -0.951482044973203       0.127123445018827     
 -0.880796076274582       0.169778209110175     
 -0.788751727064920       0.211964555312663     
 -0.676496559957529       0.252626052985718     
 -0.544608768319724       0.289036552190007     
 -0.394808646014412       0.320177924153484     
 -0.227513182789305       0.343435734879026     
 -4.341131830247794E-002  0.357947474800791     
  0.159408553559456       0.361594186264060     
  0.383728009468666       0.353832110918038     
  0.636764571186691       0.333366075549904     
  0.927463560598437       0.300650451980960     
   1.27077861248153       0.256165261130652     
   1.68128507372510       0.202594149006987     
   2.17793802238244       0.144051494414091     
   2.76818761809737       8.699685220421732E-002
   3.45555642495511       4.105565501482013E-002
   4.21298000119456       9.949140984245285E-003
   5.00000000000000       0.000000000000000E+000
  2.122610839453942E-314  0.000000000000000E+000
 -7.826050860697514E-002 -1.849909356837584E-003
 -0.148987965799179      -7.021550111647672E-003
 -0.214363663031821      -1.490044775334657E-002
 -0.276100480001039      -2.515728493909722E-002
 -0.335719698897610      -3.731117601868670E-002
 -0.394381296083068      -5.097187465978576E-002
 -0.453082242318690      -6.572214248560861E-002
 -0.512476855025206      -8.107784448844596E-002
 -0.573014596076444      -9.659521329124521E-002
 -0.634763606769162      -0.111590056944565     
 -0.697493953351996      -0.125577613775786     
 -0.760539601402985      -0.137620727557114     
 -0.822829465851445      -0.147237237810371     
 -0.882842860934087      -0.153260011675151     
 -0.938601605168425      -0.155324746212430     
 -0.987768294252255      -0.152198908935969     
  -1.02764667208677      -0.143792407628620     
  -1.05539806776078      -0.129148338336450     
  -1.06816307959718      -0.108580090839822     
  -1.06321879045046      -8.187004715990637E-002
  -1.03838405754047      -4.974137712432289E-002
 -0.991786842818083      -1.311738042953538E-002
 -0.922697732690485       2.702930294601017E-002
 -0.830564184041425       6.855550494052413E-002
 -0.716296308011253       0.110484096364965     
 -0.580427654442158       0.149819383022627     
 -0.424762919674052       0.185766423001067     
 -0.249731544654765       0.215150492260819     
 -5.632461286053537E-002  0.237375407235240     
  0.157259379476880       0.249776980707738     
  0.393293005655188       0.251970358439044     
  0.658550940961342       0.242456919317708     
  0.961116166084228       0.221488212563617     
   1.31442351761237       0.189993345264984     
   1.73206082332884       0.149533779297716     
   2.22954049409268       0.105439526548351     
   2.81497866838219       6.136330604346124E-002
   3.48822256653939       2.849963949584722E-002
   4.22813560178399       5.961755607040730E-003
   5.00000000000000       0.000000000000000E+000
  2.122610839453942E-314  0.000000000000000E+000
 -7.407988631155835E-002 -2.447456168651738E-003
 -0.141328374720701      -9.257873485675422E-003
 -0.203748083641136      -1.967966778895903E-002
 -0.263030154375634      -3.317601770061984E-002
 -0.320612231078865      -4.924886270989196E-002
 -0.377667858284013      -6.744478178791410E-002
 -0.435186548046696      -8.737487629479603E-002
 -0.493875183639389      -0.108562808132526     
 -0.554237685429040      -0.130590776579655     
 -0.616405067323328      -0.152829660944876     
 -0.680259154822856      -0.174752957726632     
 -0.745152874513006      -0.195515800476431     
 -0.810176841733731      -0.214447415338874     
 -0.873705567862673      -0.230504791877606     
 -0.933952924551775      -0.242913724652812     
 -0.988266299354086      -0.250591126123735     
  -1.03413339323310      -0.252784541338980     
  -1.06814178756212      -0.248697634098978     
  -1.08756001827895      -0.237798664604011     
  -1.08889062279722      -0.220018620237336     
  -1.06999305839620      -0.195236363133478     
  -1.02819525228736      -0.164487106975413     
 -0.962743917689336      -0.128142958981253     
 -0.872485228071829      -8.840925028433730E-002
 -0.758314330323867      -4.606394337413162E-002
 -0.620483248140842      -4.127244938561328E-003
 -0.460868891467573       3.643103353896333E-002
 -0.279914122332616       7.241886898155007E-002
 -7.881249226113130E-002  0.102898040751168     
  0.144015523569201       0.125117769511688     
  0.390401653022383       0.138503960496805     
  0.666737232233659       0.141256993768062     
  0.979999909218896       0.133861076189517     
   1.34310627882949       0.116479788365949     
   1.76705846264539       9.140156524762739E-002
   2.26734396658770       6.230784499527538E-002
   2.84829218241702       3.379376017209181E-002
   3.51205399478256       1.410824817778409E-002
   4.23884331056041       2.104826184871417E-003
   5.00000000000000       0.000000000000000E+000
  2.122610839453942E-314  0.000000000000000E+000
 -6.876826051803710E-002 -3.009377516932222E-003
 -0.131598784389403      -1.131508923285466E-002
 -0.190356260301509      -2.398369362400846E-002
 -0.246510870025263      -4.039318608235952E-002
 -0.301451004558258      -5.998399005602343E-002
 -0.356259988087908      -8.232074027091729E-002
 -0.411950472583926      -0.107009864608650     
 -0.469223592588451      -0.133655493962452     
 -0.528657793964444      -0.161861952794194     
 -0.590452549206955      -0.191090281297037     
 -0.654578630392392      -0.220847228060638     
 -0.720528697601774      -0.250315331838956     
 -0.787430778582863      -0.278860729775590     
 -0.853863666715672      -0.305311691410166     
 -0.917928624185617      -0.328932382134843     
 -0.977217888325688      -0.348260201609660     
  -1.02884878850703      -0.362578805215940     
  -1.06964621148740      -0.370414778124496     
  -1.09619244757430      -0.371277683864864     
  -1.10516046538985      -0.364199785156511     
  -1.09348702455164      -0.349089658437546     
  -1.05855990914182      -0.326104336132917     
 -0.998698844760860      -0.295610547276427     
 -0.912729388281350      -0.259285211040713     
 -0.800884517501725      -0.217801674964572     
 -0.663407564832001      -0.174231556596870     
 -0.501899735812690      -0.129325243509060     
 -0.316938929733872      -8.684237950796372E-002
 -0.109748861768648      -4.743174966338597E-002
  0.120866270872442      -1.461299571124420E-002
  0.376492132304003       1.128096502979963E-002
  0.662618501620366       2.798120674672447E-002
  0.985846233881348       3.571452271416439E-002
   1.35708540024229       3.499492084345545E-002
   1.78716104854819       2.658908416131091E-002
   2.28820606584323       1.562609694771641E-002
   2.86610327320792       3.022447358874100E-003
   3.52083735037995      -7.800502876537873E-004
   4.23829279428504      -2.650545605767841E-003
   5.00000000000000       0.000000000000000E+000
  2.122610839453942E-314  0.000000000000000E+000
 -6.250284595657692E-002 -3.451202886367236E-003
 -0.120171853695319      -1.298793552978588E-002
 -0.174578204674942      -2.759637443095260E-002
 -0.227018818266923      -4.647440167348021E-002
 -0.278711495892115      -6.911798591512935E-002
 -0.330686413403742      -9.504049019487645E-002
 -0.383880584985515      -0.123968720958596     
 -0.439044533687854      -0.155503220648137     
 -0.496759028051566      -0.189401676636307     
 -0.557341437900857      -0.225151963027450     
 -0.620843690545113      -0.262393282937307     
 -0.686894979989951      -0.300353882431599     
 -0.754789843240848      -0.338432988659329     
 -0.823177635505598      -0.375511833835229     
 -0.890409551188797      -0.410686257381015     
 -0.953957307567652      -0.442538394102460     
  -1.01124211500238      -0.469884365939780     
  -1.05864698200503      -0.491267659387254     
  -1.09304817212900      -0.505406283392222     
  -1.11030915526572      -0.511318112070222     
  -1.10756477870196      -0.507891605340305     
  -1.08113398889121      -0.495254445500939     
  -1.02939746234423      -0.472796510585395     
 -0.950154316988678      -0.442185633808952     
 -0.843594995627376      -0.403449714394702     
 -0.709266667848035      -0.359699565262135     
 -0.548768041781246      -0.311564574427491     
 -0.362457057117113      -0.262903939058820     
 -0.151773397142179      -0.214610554375700     
  8.444129815121704E-002 -0.170419338176078     
  0.347073970156076      -0.130934373449075     
  0.641550858902635      -9.883490764126293E-002
  0.972902654000090      -7.387921540797027E-002
   1.35213400161918      -5.648393010305323E-002
   1.78719934739965      -4.530912150099185E-002
   2.29116292494653      -3.728987523797540E-002
   2.86687550611019      -3.048493488222757E-002
   3.51723331065340      -1.818977588286301E-002
   4.23283962937330      -7.226692301065075E-003
   5.00000000000000       0.000000000000000E+000
  2.122610839453942E-314  0.000000000000000E+000
 -5.541020308343221E-002 -3.819995985002150E-003
 -0.107280770517694      -1.430622313995676E-002
 -0.156825590705824      -3.037013555677854E-002
 -0.205045054678175      -5.116781596850990E-002
 -0.252994195758482      -7.618835004305034E-002
 -0.301554077285395      -0.105022527853709     
 -0.351638053738917      -0.137406342520989     
 -0.403940345915977      -0.173106230133326     
 -0.459122374495844      -0.211890960184736     
 -0.517529867560821      -0.253472828317761     
 -0.579368894482711      -0.297492197035427     
 -0.644388041836233      -0.343410031193784     
 -0.712058877756549      -0.390604567187165     
 -0.781249950050313      -0.438114218471135     
 -0.850419532040193      -0.484973935203297     
 -0.917348532901971      -0.529724257902374     
 -0.979352700880109      -0.571060500875130     
  -1.03316666650241      -0.607148378264601     
  -1.07519323121320      -0.636533041333573     
  -1.10159620299946      -0.657460149642502     
  -1.10861732428414      -0.668575318595506     
  -1.09272394658507      -0.668967484557977     
  -1.05111427450459      -0.657784618086747     
 -0.981575294293353      -0.635748225314758     
 -0.883165221102372      -0.602568111241396     
 -0.755348045360081      -0.560987785941247     
 -0.598948217973118      -0.511276253943825     
 -0.414416832510882      -0.457763282760812     
 -0.202875867832586      -0.400751400451284     
  3.632737212527658E-002 -0.345094099034793     
  0.304169554662662      -0.290886633897841     
  0.604722014897117      -0.241750342294982     
  0.943237075114553      -0.197701374816983     
   1.32822620704257      -0.159110600070954     
   1.76837366984008      -0.126599905405295     
   2.27340794624410      -9.540755462003166E-002
   2.84885988076158      -6.861709591347968E-002
   3.49677901816009      -3.641757657179358E-002
   4.21334660209875      -1.306589287783534E-002
   5.00000000000000       0.000000000000000E+000
  2.122610839453942E-314  0.000000000000000E+000
 -4.782290097656175E-002 -4.014354979055800E-003
 -9.343298482304815E-002 -1.508805724393828E-002
 -0.137688518974223      -3.213211436195063E-002
 -0.181268260404174      -5.420418608075451E-002
 -0.225005941326579      -8.090764530751832E-002
 -0.269656413920027      -0.111811613545366     
 -0.316005775836451      -0.146836018942480     
 -0.364776766967796      -0.185734577630236     
 -0.416575353690614      -0.228527735436359     
 -0.471898705646426      -0.274921956399650     
 -0.530971151663406      -0.324855005546275     
 -0.593789385097152      -0.377780351999181     
 -0.659933734655597      -0.433371946144931     
 -0.728562563294892      -0.490641549252188     
 -0.798351019162932      -0.548827188400541     
 -0.867293741998897      -0.606388982755586     
 -0.933027542552942      -0.662001106517742     
 -0.992240626028764      -0.713649169965697     
  -1.04171224241280      -0.759490335089348     
  -1.07709701999914      -0.797473224157967     
  -1.09495682858297      -0.825411611207661     
  -1.09071779585595      -0.841995547600538     
  -1.06172664712227      -0.845253066595880     
  -1.00445087350985      -0.835527778587453     
 -0.917852041608422      -0.811373350829840     
 -0.800179953979703      -0.775322924489287     
 -0.652093955972293      -0.726922734605402     
 -0.473364627238022      -0.670575861125347     
 -0.265127701306875      -0.606339158486711     
 -2.642803912304046E-002 -0.539354954981938     
  0.243059272600358      -0.470118977658246     
  0.547345723858904      -0.402665731414985     
  0.889991969191554      -0.337367574631463     
   1.28022635262975      -0.275763908795937     
   1.72357854827240      -0.218147794780898     
   2.23208908417017      -0.162457692375792     
   2.80867593162916      -0.110739983300775     
   3.45930936852406      -5.817807851637759E-002
   4.18815643018275      -1.866208594765532E-002
   5.00000000000000       0.000000000000000E+000
  2.122610839453942E-314  0.000000000000000E+000
 -3.987596784164338E-002 -4.106558140561312E-003
 -7.901499580247211E-002 -1.537689314241368E-002
 -0.117733395764467      -3.279667651317413E-002
 -0.156407301827578      -5.543337480519356E-002
 -0.195604415054957      -8.295269356456832E-002
 -0.235911520513834      -0.115035654694823     
 -0.278033799413354      -0.151628318011751     
 -0.322602069664714      -0.192691252377467     
 -0.370282145872158      -0.238244107558793     
 -0.421547546437650      -0.288302671285194     
 -0.476806212919201      -0.342774834443851     
 -0.536112423358045      -0.401520414486023     
 -0.599337969181875      -0.464141802968427     
 -0.665803445615752      -0.530117304374782     
 -0.734535355119864      -0.598540784463709     
 -0.803806649357043      -0.668298856938857     
 -0.871546934727846      -0.737810287618444     
 -0.934808715897932      -0.805266441859258     
 -0.990407836125898      -0.868427156284788     
  -1.03434801877343      -0.925007757776229     
  -1.06276286591897      -0.972248235196410     
  -1.07126693512739       -1.00801896937090     
  -1.05621955534149       -1.02975384573085     
  -1.01398571697537       -1.03657105029863     
 -0.942242891441805       -1.02620672887361     
 -0.838865870481075       -1.00020802303087     
 -0.703275065768289      -0.957340107152021     
 -0.535009196393040      -0.901955495796095     
 -0.334362249486589      -0.832765745069097     
 -0.100739311103948      -0.756168483689209     
  0.166908318560658      -0.671780786580562     
  0.470975190160787      -0.585439883392652     
  0.815840925198632      -0.496877354463691     
   1.20792287099851      -0.408828252720376     
   1.65476843000564      -0.323673978352741     
   2.16460892457338      -0.237677186634529     
   2.74504993330325      -0.160056883661095     
   3.40178859421490      -8.144113847128999E-002
   4.14503021167136      -2.619194827298525E-002
   5.00000000000000       0.000000000000000E+000
  2.122610839453942E-314  0.000000000000000E+000
 -3.202497899226136E-002 -3.998673153054992E-003
 -6.459281310776464E-002 -1.506953395570490E-002
 -9.768796205495342E-002 -3.228485713975845E-002
 -0.131259925366080      -5.473949634084828E-002
 -0.165663942226387      -8.224066869808182E-002
 -0.201300852032966      -0.114488770743868     
 -0.238729805211301      -0.151626442698057     
 -0.278573323563155      -0.193593225402539     
 -0.321392236905561      -0.240694028811594     
 -0.367803619687056      -0.292902592889708     
 -0.418151533117123      -0.350521535303600     
 -0.472792535956179      -0.413347977410445     
 -0.531593787993433      -0.481495808667371     
 -0.594341075797868      -0.554342869949334     
 -0.660140648248219      -0.631580746176530     
 -0.727849575021541      -0.711908732650677     
 -0.795578255328608      -0.794337177950909     
 -0.860935413115933      -0.876705141034635     
 -0.921000574763545      -0.957169107851949     
 -0.972021353934647       -1.03283789533091     
  -1.01040008882100       -1.10093476613752     
  -1.03140199699918       -1.15840250747686     
  -1.03154056103956       -1.20205977953636     
  -1.00609625105494       -1.22994532320822     
 -0.952624402035640       -1.23852240034804     
 -0.867398037335042       -1.22828927878308     
 -0.749469419690985       -1.19669097021287     
 -0.597150167656325       -1.14743053456189     
 -0.410081713002493       -1.07812595016148     
 -0.187207396036535      -0.994962484976204     
  7.260669025799188E-002 -0.897666699572911     
  0.371495928683087      -0.792764563510439     
  0.712610817574539      -0.679633945049971     
   1.10459334081504      -0.563042629369697     
   1.55156208138578      -0.445678681281444     
   2.06531774673388      -0.327165906285133     
   2.65095534063280      -0.216169602239102     
   3.32056507963514      -0.110258726710856     
   4.09446014079036      -3.340157572914698E-002
   5.00000000000000       0.000000000000000E+000
  2.122610839453942E-314  0.000000000000000E+000
 -2.437505541794251E-002 -3.777304080148891E-003
 -5.064651390425522E-002 -1.421050612313561E-002
 -7.816289990632652E-002 -3.060874673466528E-002
 -0.106654354656898      -5.212525926478673E-002
 -0.136148831082462      -7.869733239535348E-002
 -0.166912616720875      -0.110135858379315     
 -0.199373398614582      -0.146620883745768     
 -0.234051084773816      -0.188279713724324     
 -0.271522054197945      -0.235397539771928     
 -0.312326966785119      -0.288260058540962     
 -0.356969607913771      -0.347104315232748     
 -0.405772755737096      -0.412208883476622     
 -0.458929868432967      -0.483568359799667     
 -0.516266219641155      -0.561245648510898     
 -0.577399875464311      -0.644725852869597     
 -0.641327679885025      -0.733583089961115     
 -0.706826790664704      -0.826482080492955     
 -0.771741490401019      -0.922211900365656     
 -0.833843875796954       -1.01836719774905     
 -0.889641541620361       -1.11280556266303     
 -0.935999129736689       -1.20193917706428     
 -0.968308005421797       -1.28284150777328     
 -0.983030019944497       -1.35134442621943     
 -0.975195091511753       -1.40471714589720     
 -0.941728961293853       -1.43797882139036     
 -0.878172487814501       -1.45011108202971     
 -0.782460488322523       -1.43741083608841     
 -0.651849755838703       -1.40212140158648     
 -0.485097468565997       -1.33945387528052     
 -0.280134120212633       -1.25609463328093     
 -3.491727817335515E-002  -1.14981806149335     
  0.252161194433343       -1.02999290825262     
  0.585471871485121      -0.891575985963100     
  0.970951536550501      -0.743251246704332     
   1.41782728470632      -0.590377360694964     
   1.93209580257681      -0.432020355299566     
   2.52697374044292      -0.285605291392955     
   3.21317395060375      -0.142784337307120     
   4.01978921073192      -4.450105212937858E-002
   5.00000000000000       0.000000000000000E+000
  2.122610839453942E-314  0.000000000000000E+000
 -1.743417676605734E-002 -3.371361160044453E-003
 -3.769113553349239E-002 -1.282175718019469E-002
 -5.990868083290767E-002 -2.782386772966506E-002
 -8.337321312535965E-002 -4.770019276077437E-002
 -0.107973166711574      -7.251764255109179E-002
 -0.133771651444708      -0.102144913665942     
 -0.161068737636501      -0.136914601831014     
 -0.190339664775890      -0.176921104351486     
 -0.222027109485930      -0.222687994836004     
 -0.256765131571375      -0.274418901876273     
 -0.294919746713631      -0.332731737155049     
 -0.337077488766707      -0.397785023970903     
 -0.383303379481782      -0.470158045067521     
 -0.433918822147052      -0.549745332213017     
 -0.488437946341531      -0.636874145899465     
 -0.546647800104468      -0.730857698561969     
 -0.607253231610503      -0.831476935818762     
 -0.669179633188143      -0.937081021748182     
 -0.730141324431573       -1.04657295422462     
 -0.787870218583525       -1.15703316107456     
 -0.839150771462375       -1.26618411427741     
 -0.880402996803328       -1.36981123541030     
 -0.907920695586185       -1.46459061708554     
 -0.916977165745842       -1.54591806097495     
 -0.904136667593209       -1.60892151450201     
 -0.864325899377260       -1.64995977482961     
 -0.794862507195471       -1.66456995084384     
 -0.691868267215468       -1.65258123140039     
 -0.553045147292761       -1.60704231353619     
 -0.374822785709798       -1.53312319404942     
 -0.154516874603731       -1.42635327283788     
  0.110732756872204       -1.29708813718646     
  0.426204763281531       -1.13743018680887     
  0.800029108210248      -0.957362571996630     
   1.24004104991845      -0.765360823337952     
   1.75582813124830      -0.564433377940636     
   2.35522098351560      -0.370130309466417     
   3.07010403408746      -0.186737909654859     
   3.93320159966681      -5.531742379612280E-002
   5.00000000000000       0.000000000000000E+000
  2.122610839453942E-314  0.000000000000000E+000
 -1.124171303508281E-002 -2.863190741130354E-003
 -2.620820496424902E-002 -1.093242538332906E-002
 -4.344455395912645E-002 -2.405483834529093E-002
 -6.218596895470513E-002 -4.164563033714716E-002
 -8.200929141150955E-002 -6.394334712436561E-002
 -0.102921624449198      -9.089282632033986E-002
 -0.125074530895763      -0.122856087285420     
 -0.148853674445692      -0.160044645473289     
 -0.174670259805955      -0.202929606378532     
 -0.203041264914889      -0.251944249999542     
 -0.234424747885490      -0.307596034786911     
 -0.269282939716557      -0.370462524384901     
 -0.307942376980364      -0.440952006398520     
 -0.350620674173727      -0.519661095551216     
 -0.397334254061695      -0.606655481182201     
 -0.447812083201000      -0.702330480199011     
 -0.501572065776062      -0.806056774087896     
 -0.557534927046978      -0.917697355253761     
 -0.614557022828343       -1.03550401200171     
 -0.670385989669556       -1.15839676353804     
 -0.723164820845098       -1.28315921380884     
 -0.769236874451718       -1.40737109306926     
 -0.806233851143056       -1.52636929860272     
 -0.829037477988003       -1.63659585358095     
 -0.835206160753247       -1.73148692899383     
 -0.818660426139487       -1.80684386511761     
 -0.777238971064184       -1.85690939459612     
 -0.705008366401357       -1.87926561974522     
 -0.600228125909882       -1.86340527159244     
 -0.456365274903760       -1.81255575512143     
 -0.270610811739726       -1.71955600529409     
 -3.768882312045982E-002  -1.59427619956578     
  0.248730655388284       -1.41996209110223     
  0.597399645023019       -1.21214654766580     
   1.02553298852911      -0.980486518194302     
   1.53382077987997      -0.735023705793784     
   2.14600497490085      -0.488109411974993     
   2.88465120423283      -0.240739364111017     
   3.80804041670746      -7.508709811928177E-002
   5.00000000000000       0.000000000000000E+000
  2.122610839453942E-314  0.000000000000000E+000
 -6.251876624213388E-003 -2.233351686221110E-003
 -1.653065323487332E-002 -8.721828705874412E-003
 -2.937597479438029E-002 -1.952399797076344E-002
 -4.368741477570080E-002 -3.434111921448488E-002
 -5.902051174866981E-002 -5.349233711678131E-002
 -7.523103480185982E-002 -7.699468447961647E-002
 -9.238727674566544E-002 -0.105277048525633     
 -0.110816341477837      -0.138497530295941     
 -0.130793238827187      -0.177254976336948     
 -0.152857999512128      -0.221860618398863     
 -0.177293624584767      -0.273079141446449     
 -0.204708931721319      -0.331312261185800     
 -0.235227121301819      -0.397441466862403     
 -0.269420648118926      -0.471826161078013     
 -0.307073239443668      -0.555333999695819     
 -0.348602132541938      -0.648031138157914     
 -0.393240056303873      -0.750549739942377     
 -0.441074863898511      -0.862268321001848     
 -0.490568442044546      -0.983271898009314     
 -0.541231901807214       -1.11170949342826     
 -0.590624794499504       -1.24679195020313     
 -0.637380044719814       -1.38486077437205     
 -0.678253707390830       -1.52401570294078     
 -0.710608594530796       -1.65856745911529     
 -0.730853259380554       -1.78495796215107     
 -0.735174092147127       -1.89547978085894     
 -0.720151639042770       -1.98626010404450     
 -0.680345047584244       -2.05050886260134     
 -0.612641602071297       -2.07823029275318     
 -0.510029333154335       -2.06607371694966     
 -0.367436425364203       -2.00640682048730     
 -0.180854293687256       -1.90390229406654     
  6.154957420565885E-002  -1.73692938492310     
  0.366884451635637       -1.51984020961148     
  0.753908971002329       -1.25247940889990     
   1.23932599955221      -0.965673852366638     
   1.84342968574413      -0.645267428478470     
   2.62734933214293      -0.320338718212943     
   3.66497130252894      -9.491575997478190E-002
   5.00000000000000       0.000000000000000E+000
  2.122610839453942E-314  0.000000000000000E+000
 -2.421053349513979E-003 -1.537071218979409E-003
 -9.032427393243470E-003 -6.196670457133549E-003
 -1.800052078531910E-002 -1.447087828647292E-002
 -2.839857740546968E-002 -2.616161951813200E-002
 -3.958520240057488E-002 -4.174363935503181E-002
 -5.145439617176180E-002 -6.125694981580550E-002
 -6.396274933012253E-002 -8.511857309404632E-002
 -7.737016045419264E-002 -0.113513928557788     
 -9.189568428220825E-002 -0.146943447113565     
 -0.107943180200388      -0.185815767579514     
 -0.125809657461857      -0.230739616136292     
 -0.145926444829207      -0.282355538912559     
 -0.168550455935965      -0.341327015994492     
 -0.194052810844767      -0.408501790515711     
 -0.222554728514672      -0.484436105847741     
 -0.254254477676241      -0.570094793519650     
 -0.289043473617416      -0.665643707885278     
 -0.326765799153283      -0.771977770757970     
 -0.366994788474184      -0.888467607799870     
 -0.408946656753163       -1.01559523302870     
 -0.451839798337682       -1.15149491755717     
 -0.493901135050709       -1.29572034966718     
 -0.534095710439244       -1.44473486333538     
 -0.569167254604412       -1.59656608775994     
 -0.598080772116295       -1.74577720416223     
 -0.615999746561271       -1.88792408159956     
 -0.622363661979757       -2.01687064872687     
 -0.609871361489836       -2.12706956340440     
 -0.578741460149031       -2.20537253969226     
 -0.518308462756224       -2.24565390322520     
 -0.427797296271874       -2.24158143251241     
 -0.295497176857530       -2.18962120488702     
 -0.116274715720283       -2.05917012966804     
  0.128989521187979       -1.86316529828356     
  0.460310743572055       -1.59034862220830     
  0.898042616067735       -1.27930106671822     
   1.49276320476837      -0.874475547398799     
   2.29440682068662      -0.413261351906495     
   3.44892436296102      -0.121688368704399     
   5.00000000000000       0.000000000000000E+000
  2.122610839453942E-314  0.000000000000000E+000
 -8.900520077013071E-006 -8.452514798262068E-004
 -3.727545976698435E-003 -3.720961124627483E-003
 -9.570401252465256E-003 -9.328467763005745E-003
 -1.654025314235380E-002 -1.778420325122317E-002
 -2.408963967926292E-002 -2.956979051134761E-002
 -3.208741114060343E-002 -4.475687018245889E-002
 -4.044898739707090E-002 -6.373868089974737E-002
 -4.939260506703470E-002 -8.661562479337993E-002
 -5.902017788044103E-002 -0.113889469985558     
 -6.969883519286273E-002 -0.145820427305467     
 -8.156302711049275E-002 -0.183092276271923     
 -9.505720467594232E-002 -0.226135748747882     
 -0.110240696383273      -0.275835876577903     
 -0.127617719218314      -0.332750746007711     
 -0.147067466398889      -0.397920450722248     
 -0.169150523874030      -0.471910214890618     
 -0.193435354634508      -0.555804211759810     
 -0.220524863875185      -0.649945550497133     
 -0.249510908363627      -0.755286372609465     
 -0.280995582978840      -0.871547201529170     
 -0.313416458706051      -0.999348979051974     
 -0.347262015791926       -1.13717890310300     
 -0.380196722695569       -1.28511153849038     
 -0.412412360472695       -1.43947430014152     
 -0.440896979694014       -1.59980910566532     
 -0.465291637238432       -1.75915058479758     
 -0.482243416837964       -1.91697945003623     
 -0.489479612493261       -2.06306123936415     
 -0.484044215064862       -2.19314913543210     
 -0.462632935548789       -2.29096813223522     
 -0.422283657081314       -2.35710685278797     
 -0.353627755652576       -2.37910484690667     
 -0.253417862242789       -2.32373393807766     
 -9.372338802674526E-002  -2.19386132532184     
  0.142421107934466       -1.95868146300221     
  0.494834301123294       -1.65558790539680     
   1.05374540881901       -1.18910555448790     
   1.91221403341519      -0.580259237306262     
   3.19555066812487      -0.147030451694680     
   5.00000000000000       0.000000000000000E+000
  2.122610839453942E-314  0.000000000000000E+000
  1.143725845647331E-003 -1.870647417772578E-004
 -7.259606600439816E-004 -1.322672163623954E-003
 -4.037656012310001E-003 -4.485960425880463E-003
 -8.197108677713547E-003 -9.844071874696320E-003
 -1.267010396293417E-002 -1.790898312798506E-002
 -1.740495649545731E-002 -2.873751023217496E-002
 -2.229574792784311E-002 -4.262325539959064E-002
 -2.749615702277424E-002 -5.964235149478207E-002
 -3.306533643622945E-002 -8.015018971246590E-002
 -3.923792226633343E-002 -0.104384825376244     
 -4.611243572653215E-002 -0.132849879805725     
 -5.396367069119217E-002 -0.165990251238279     
 -6.286521386549990E-002 -0.204458680769536     
 -7.311752322185616E-002 -0.248941199973511     
 -8.472903448186433E-002 -0.300155047241142     
 -9.800670682451164E-002 -0.359048654620505     
 -0.112859446835236      -0.426231500894316     
 -0.129556471648372      -0.502916967873393     
 -0.147875995719379      -0.589333506088742     
 -0.167961101750740      -0.686907632662609     
 -0.189449418365238      -0.795113310120318     
 -0.212184801765010      -0.915430332235485     
 -0.235706894313297       -1.04613744919970     
 -0.259323312647780       -1.18830448488879     
 -0.282663880364560       -1.33888343474084     
 -0.304201344612432       -1.49776970035438     
 -0.324097468605419       -1.66014774243821     
 -0.338660415534768       -1.82429578557558     
 -0.349111434330476       -1.98272020673899     
 -0.350710310220067       -2.12736283867963     
 -0.346631790701303       -2.25699544793643     
 -0.325168203786123       -2.36371319767041     
 -0.292135480663481       -2.40343495682661     
 -0.214391261197067       -2.37428009621731     
 -0.100396099054577       -2.25586685529467     
  0.130040677046516       -2.03576275653625     
  0.557216839738762       -1.56024517348598     
   1.32105249982371      -0.851175236853336     
   2.81609262970133      -0.273241743663521     
   5.00000000000000       0.000000000000000E+000
  2.122610839453942E-314  0.000000000000000E+000
  1.163631368825938E-003  2.328595681378614E-004
  4.506987942435007E-004  3.853179982950584E-004
 -1.036749305031449E-003 -7.112928169025630E-004
 -3.037498458367678E-003 -3.386409132497757E-003
 -5.139297201510499E-003 -8.067353535585024E-003
 -7.379092275698159E-003 -1.473477112257232E-002
 -9.633680311343823E-003 -2.361100583169889E-002
 -1.202808240219542E-002 -3.467539844706893E-002
 -1.455098421264324E-002 -4.819223794274746E-002
 -1.736339826116970E-002 -6.427223724722535E-002
 -2.046543693421149E-002 -8.331785005046044E-002
 -2.406341381296604E-002 -0.105583352529099     
 -2.810518443711149E-002 -0.131651569694452     
 -3.287298010629764E-002 -0.161916194348443     
 -3.820709180291785E-002 -0.197135646699245     
 -4.450502001287188E-002 -0.237822429138695     
 -5.143349617509987E-002 -0.284870243986911     
 -5.955479794542708E-002 -0.338868948615311     
 -6.827321574390970E-002 -0.400770128487793     
 -7.837472507407001E-002 -0.471152504032554     
 -8.888178660152667E-002 -0.550910292904015     
 -0.100864295194887      -0.640415684501281     
 -0.112828448132578      -0.740396842191227     
 -0.126226505333423      -0.850576318503516     
 -0.138953141903939      -0.971661017461227     
 -0.152800238848362       -1.10210701268644     
 -0.164897065483571       -1.24258005663101     
 -0.177252665419203       -1.38861328578927     
 -0.186644287405765       -1.54247198333149     
 -0.196654652604394       -1.69323353045649     
 -0.203538613008360       -1.84999225835545     
 -0.204723914777302       -1.99871085918853     
 -0.192716740461946       -2.13032548885175     
 -0.169004318054896       -2.19857431654590     
 -0.130750088704331       -2.25871428882643     
 -9.882901894922615E-002  -2.24455408322193     
 -2.160796730945430E-002  -1.95272726960754     
  0.390269555568345       -1.46325290848478     
   1.65916591929673      -0.495077816279421     
   5.00000000000000       0.000000000000000E+000
  2.122610839453942E-314  0.000000000000000E+000
  4.242429884755800E-004  4.242429884763656E-004
  2.599138702192358E-004  1.180216843016922E-003
 -8.333796966986759E-005  1.268390273524055E-003
 -6.065018468093443E-004  4.300767358363497E-004
 -1.157950080036198E-003 -1.472510667657839E-003
 -1.747590819080738E-003 -4.493113208742511E-003
 -2.324628301062374E-003 -8.666377943850140E-003
 -2.937199560797711E-003 -1.398625836275014E-002
 -3.565762663958587E-003 -2.057170318780643E-002
 -4.283434222324754E-003 -2.844159294261179E-002
 -5.052054254975271E-003 -3.785203818416742E-002
 -5.979345137199654E-003 -4.887143168997184E-002
 -6.990572660668627E-003 -6.188895356105766E-002
 -8.235679118091293E-003 -7.705929859697190E-002
 -9.593983511947953E-003 -9.486218549996488E-002
 -1.126234071750651E-002 -0.115586581572995     
 -1.306623964947515E-002 -0.139726898923290     
 -1.525236250946457E-002 -0.167779626414911     
 -1.758660082292750E-002 -0.200124915747799     
 -2.036174015578186E-002 -0.237577416704665     
 -2.328080527637492E-002 -0.280191227612822     
 -2.666366063540121E-002 -0.329236517582862     
 -3.015040884130304E-002 -0.384172448724624     
 -3.409383694499749E-002 -0.446865860301605     
 -3.814280312292204E-002 -0.515852439992682     
 -4.254186654292519E-002 -0.593895310885268     
 -4.693170482847032E-002 -0.677934372350196     
 -5.128985381998143E-002 -0.771092477456494     
 -5.528057157188913E-002 -0.870426255302868     
 -6.022312611527749E-002 -0.979446580306137     
 -6.779624188493762E-002  -1.09223950554637     
 -7.256986865344996E-002  -1.21982980616522     
 -7.311347627767319E-002  -1.34144434816516     
 -6.847394423970143E-002  -1.44168464267527     
 -6.393860376990346E-002  -1.58630622064404     
 -9.514479322123436E-002  -1.81581171730243     
 -0.215699162887724       -1.81285658782131     
 -8.445553148945206E-002  -1.79698173284607     
   1.18786028950205       -1.05004447595171     
   5.00000000000000       0.000000000000000E+000
  2.122610839453942E-314  0.000000000000000E+000
  2.122610839453942E-314  0.000000000000000E+000
  2.122610839453942E-314  0.000000000000000E+000
  2.122610839453942E-314  0.000000000000000E+000
  2.122610839453942E-314  0.000000000000000E+000
  2.122610839453942E-314  0.000000000000000E+000
  2.122610839453942E-314  0.000000000000000E+000
  2.122610839453942E-314  0.000000000000000E+000
  2.122610839453942E-314  0.000000000000000E+000
  2.122610839453942E-314  0.000000000000000E+000
  2.122610839453942E-314  0.000000000000000E+000
  2.122610839453942E-314  0.000000000000000E+000
  2.122610839453942E-314  0.000000000000000E+000
  2.122610839453942E-314  0.000000000000000E+000
  2.122610839453942E-314  0.000000000000000E+000
  2.122610839453942E-314  0.000000000000000E+000
  2.122610839453942E-314  0.000000000000000E+000
  2.122610839453942E-314  0.000000000000000E+000
  2.122610839453942E-314  0.000000000000000E+000
  2.122610839453942E-314  0.000000000000000E+000
  2.122610839453942E-314  0.000000000000000E+000
  2.122610839453942E-314  0.000000000000000E+000
  2.122610839453942E-314  0.000000000000000E+000
  2.122610839453942E-314  0.000000000000000E+000
  2.122610839453942E-314  0.000000000000000E+000
  2.122610839453942E-314  0.000000000000000E+000
  2.122610839453942E-314  0.000000000000000E+000
  2.122610839453942E-314  0.000000000000000E+000
  2.122610839453942E-314  0.000000000000000E+000
  2.122610839453942E-314  0.000000000000000E+000
  2.122610839453942E-314  0.000000000000000E+000
  2.122610839453942E-314  0.000000000000000E+000
  2.122610839453942E-314  0.000000000000000E+000
  2.122610839453942E-314  0.000000000000000E+000
  2.122610839453942E-314  0.000000000000000E+000
  2.122610839453942E-314  0.000000000000000E+000
  2.122610839453942E-314  0.000000000000000E+000
  2.122610839453942E-314  0.000000000000000E+000
  2.122610839453942E-314  0.000000000000000E+000
  2.122610839453942E-314  0.000000000000000E+000
   5.00000000000000       0.000000000000000E+000
