  5.432309224871097E-312  0.000000000000000E+000
  2.122610839453942E-314  0.000000000000000E+000
  2.122610839453942E-314  0.000000000000000E+000
  2.122610839453942E-314  0.000000000000000E+000
  2.122610839453942E-314  0.000000000000000E+000
  2.122610839453942E-314  0.000000000000000E+000
  2.122610839453942E-314  0.000000000000000E+000
  2.122610839453942E-314  0.000000000000000E+000
  2.122610839453942E-314  0.000000000000000E+000
  2.122610839453942E-314  0.000000000000000E+000
  2.122610839453942E-314  0.000000000000000E+000
  2.122610839453942E-314  0.000000000000000E+000
  2.122610839453942E-314  0.000000000000000E+000
  2.122610839453942E-314  0.000000000000000E+000
  2.122610839453942E-314  0.000000000000000E+000
  2.122610839453942E-314  0.000000000000000E+000
  2.122610839453942E-314  0.000000000000000E+000
  2.122610839453942E-314  0.000000000000000E+000
  2.122610839453942E-314  0.000000000000000E+000
  2.122610839453942E-314  0.000000000000000E+000
  2.122610839453942E-314  0.000000000000000E+000
  2.122610839453942E-314  0.000000000000000E+000
  2.122610839453942E-314  0.000000000000000E+000
  2.122610839453942E-314  0.000000000000000E+000
  2.122610839453942E-314  0.000000000000000E+000
  2.122610839453942E-314  0.000000000000000E+000
  2.122610839453942E-314  0.000000000000000E+000
  2.122610839453942E-314  0.000000000000000E+000
  2.122610839453942E-314  0.000000000000000E+000
  2.122610839453942E-314  0.000000000000000E+000
  2.122610839453942E-314  0.000000000000000E+000
  2.122610839453942E-314  0.000000000000000E+000
  2.122610839453942E-314  0.000000000000000E+000
  2.122610839453942E-314  0.000000000000000E+000
  2.122610839453942E-314  0.000000000000000E+000
  2.122610839453942E-314  0.000000000000000E+000
  2.122610839453942E-314  0.000000000000000E+000
  2.122610839453942E-314  0.000000000000000E+000
  2.122610839453942E-314  0.000000000000000E+000
  2.122610839453942E-314  0.000000000000000E+000
   5.00000000000000       0.000000000000000E+000
  2.122610839453942E-314  0.000000000000000E+000
  2.831494617822595E-004 -2.869802126680065E-004
 -2.778748782440718E-004  1.462265865339381E-004
 -1.022519138487650E-003  1.398199700171465E-003
 -1.830568299587738E-003  4.339515187545235E-003
 -2.618103092532693E-003  8.673699228490230E-003
 -3.346003585841197E-003  1.451991204580558E-002
 -4.057376383944217E-003  2.170956852324925E-002
 -4.697893689134151E-003  3.022121688949380E-002
 -5.313180131148778E-003  3.991629249451042E-002
 -5.848444142545991E-003  5.072934091975993E-002
 -6.351644633841085E-003  6.253415999996718E-002
 -6.764797054630349E-003  7.521894398439814E-002
 -7.135711010788829E-003  8.866860770163419E-002
 -7.405520174694794E-003  0.102716423948084     
 -7.621984939734451E-003  0.117265653994266     
 -7.731409221600611E-003  0.132089222692891     
 -7.779847211681091E-003  0.147124045555260     
 -7.728551485579144E-003  0.162095050228697     
 -7.617196233186732E-003  0.176990036161974     
 -7.435792094372160E-003  0.191525603180190     
 -7.210530157204414E-003  0.205754268512772     
 -6.977239749921869E-003  0.219461699341454     
 -6.737758452758246E-003  0.232767029801209     
 -6.601512156987418E-003  0.245664439348392     
 -6.545523794556904E-003  0.258327023421620     
 -6.785688436125046E-003  0.271162153685383     
 -7.285463588959222E-003  0.284421700426758     
 -8.349819885090783E-003  0.299319436883269     
 -9.724875357166674E-003  0.315852584504982     
 -1.246974730496719E-002  0.337420372848122     
 -1.761498853723297E-002  0.364295892240300     
 -2.507673196603464E-002  0.399471326871532     
 -3.510385255670213E-002  0.447008389931378     
 -4.205121854699817E-002  0.521528504595595     
 -2.724212251331395E-002  0.588677857557156     
 -3.616114031461837E-002  0.707792442209963     
 -0.248166608714278        1.00589589119669     
 -0.234067966764734       0.876108368069962     
  0.614808686578886       0.614808686578935     
   5.00000000000000       0.000000000000000E+000
  2.122610839453942E-314  0.000000000000000E+000
 -1.423958357374401E-004  2.558148341071420E-004
 -1.936391829162353E-003  1.888525978547034E-003
 -4.583349080640392E-003  5.414421938749850E-003
 -7.321144705057608E-003  1.138664019460564E-002
 -1.015413755638236E-002  1.992263056512167E-002
 -1.278780836690708E-002  3.083566672319414E-002
 -1.536968749028185E-002  4.420184973058396E-002
 -1.771448196600691E-002  5.973941309390372E-002
 -1.994850410816689E-002  7.745800731594635E-002
 -2.192723732061542E-002  9.703497695999608E-002
 -2.374575752002265E-002  0.118441977414991     
 -2.528933006368072E-002  0.141324933087599     
 -2.661497791146395E-002  0.165617683269696     
 -2.764647971816041E-002  0.190931342238338     
 -2.840110873752071E-002  0.217164989442895     
 -2.885949217058891E-002  0.243899220461218     
 -2.899956850218127E-002  0.271015271114478     
 -2.887900890273075E-002  0.298084759719891     
 -2.844239714218745E-002  0.325007704227744     
 -2.783968577754873E-002  0.351386701734029     
 -2.700101793293486E-002  0.377203834536083     
 -2.617182768452784E-002  0.402151611828763     
 -2.531273318557053E-002  0.426393796377169     
 -2.474832111375326E-002  0.449789569982610     
 -2.457140139613863E-002  0.472840528695282     
 -2.513153100458225E-002  0.495648086070200     
 -2.684959594725850E-002  0.519351186422104     
 -3.001588079588896E-002  0.544451702687363     
 -3.582184132677952E-002  0.573179088366632     
 -4.413691980353855E-002  0.606313807998247     
 -5.821490325439185E-002  0.647836405193391     
 -7.592157197400193E-002  0.696912141179387     
 -0.101897370389144       0.763761912265674     
 -0.132528116729975       0.854659712327424     
 -0.181484993076146       0.971666475089775     
 -0.207597992666491        1.07135194968519     
 -0.237802947642702        1.14098878878634     
 -5.180883095406005E-002  0.943542739042305     
   1.36868942835250       0.436779042446806     
   5.00000000000000       0.000000000000000E+000
  2.122610839453942E-314  0.000000000000000E+000
 -1.348504679457062E-003  9.607192641039228E-004
 -5.392918144017165E-003  4.358946904240961E-003
 -1.058167080848316E-002  1.025692335798636E-002
 -1.621017969191555E-002  1.943429983789467E-002
 -2.187449396312535E-002  3.168788313224185E-002
 -2.737023994389555E-002  4.715925836876603E-002
 -3.262164727045370E-002  6.562402183026950E-002
 -3.753676085131537E-002  8.705729059131781E-002
 -4.211496299401658E-002  0.111190689347476     
 -4.627499562549983E-002  0.137890244962953     
 -5.002748610408132E-002  0.166863175886682     
 -5.328309772568882E-002  0.197906234966479     
 -5.604883461332717E-002  0.230695276360993     
 -5.823618359066243E-002  0.264957155629939     
 -5.985760846420015E-002  0.300348037984197     
 -6.084406650384117E-002  0.336521307371412     
 -6.122921504588252E-002  0.373145534075113     
 -6.098973565907732E-002  0.409813469997505     
 -6.019829616836256E-002  0.446258913205279     
 -5.891048323310434E-002  0.482055067401686     
 -5.725601779716694E-002  0.517071892104791     
 -5.541117181723197E-002  0.550942910835060     
 -5.358581291240446E-002  0.583761297830720     
 -5.213191924267819E-002  0.615341960218013     
 -5.138489958155976E-002  0.646114531701915     
 -5.194022780061004E-002  0.676226512073828     
 -5.434373770900661E-002  0.706601253424973     
 -5.954751111362074E-002  0.737877055167520     
 -6.862072859665248E-002  0.771791087732768     
 -8.270278812663823E-002  0.808990696403637     
 -0.103806121308710       0.852637002066296     
 -0.131503047203864       0.902099888234223     
 -0.167524916216329       0.961514819837662     
 -0.207402341378263        1.02386718717797     
 -0.265608743530361        1.10256428935824     
 -0.273387176333700        1.10593952103497     
 -0.196764950570813        1.05324455663255     
  0.330828045378047       0.793557369051965     
   1.90909967271247       0.298505274943596     
   5.00000000000000       0.000000000000000E+000
  2.122610839453942E-314  0.000000000000000E+000
 -4.055057318376444E-003  1.642035419227224E-003
 -1.102830509958031E-002  6.652689117333225E-003
 -1.954023863833068E-002  1.502366550625013E-002
 -2.853500185731512E-002  2.707959508017807E-002
 -3.763714683759824E-002  4.277134408647745E-002
 -4.647094723164506E-002  6.206054887425389E-002
 -5.495529086531089E-002  8.486259550409173E-002
 -6.292255527598566E-002  0.111009857299306     
 -7.035499441857461E-002  0.140342171599410     
 -7.714014570787354E-002  0.172594212753089     
 -8.324893438935625E-002  0.207542901887040     
 -8.858884304440488E-002  0.244873842292716     
 -9.310213758999734E-002  0.284287427755166     
 -9.672458280499810E-002  0.325424748753568     
 -9.938210883448441E-002  0.367914013260613     
 -0.101065217192701       0.411356414993818     
 -0.101709566207450       0.455334400132734     
 -0.101393726375060       0.499422943439750     
 -0.100101653427050       0.543216276817697     
 -9.803169569273688E-002  0.586292045025775     
 -9.527051918998802E-002  0.628349175669909     
 -9.215871163699847E-002  0.669013350697251     
 -8.896754525917216E-002  0.708217433457066     
 -8.618705187116939E-002  0.745688360865098     
 -8.440440778310379E-002  0.781760988524961     
 -8.424508035581095E-002  0.816303217993961     
 -8.682243752755815E-002  0.850244208299493     
 -9.281605273229844E-002  0.883524741041265     
 -0.104170182271985       0.917799230233587     
 -0.121256629638930       0.952576711401374     
 -0.146653977791191       0.990152283763054     
 -0.179044311032207        1.02875891578093     
 -0.219477222802159        1.06841555980291     
 -0.257486728161833        1.09911567772235     
 -0.280755266723395        1.10833237767840     
 -0.239832169786636        1.05112306089218     
  2.467436640692204E-002  0.890475538466777     
  0.739890201407569       0.595869455227424     
   2.31049512961034       0.210414175082673     
   5.00000000000000       0.000000000000000E+000
  2.122610839453942E-314  0.000000000000000E+000
 -7.909165506163324E-003  2.243152734135162E-003
 -1.871526380780460E-002  8.774368248207097E-003
 -3.096455270910305E-002  1.924168317437950E-002
 -4.381660719331836E-002  3.388481308083476E-002
 -5.669576592430110E-002  5.243345178207366E-002
 -6.927819889863386E-002  7.496918893923840E-002
 -8.134099669748079E-002  0.101213971805372     
 -9.273937706731769E-002  0.131163715325750     
 -0.103371560497573       0.164482231947288     
 -0.113122143250832       0.201061729107372     
 -0.121913213152154       0.240511175593282     
 -0.129617444780634       0.282649958216713     
 -0.136163785736662       0.327024626252479     
 -0.141416787896998       0.373370200828114     
 -0.145333035189842       0.421185979924371     
 -0.147796605392468       0.470109129819507     
 -0.148830419874436       0.519631718570111     
 -0.148381814911471       0.569284885882307     
 -0.146586546234674       0.618625247230149     
 -0.143510716742925       0.667085257174441     
 -0.139449929824216       0.714388330330847     
 -0.134653446455281       0.759892253425427     
 -0.129624924956481       0.803616962274726     
 -0.124864771480709       0.844866438865394     
 -0.121145418752336       0.884115058124749     
 -0.119269171500051       0.920565576302222     
 -0.120376737954136       0.955343300667597     
 -0.125480612549680       0.987234447215325     
 -0.136196723728371        1.01822727496054     
 -0.152976704860544        1.04570718947270     
 -0.177627018451654        1.07250968748496     
 -0.206819456481759        1.09184232468743     
 -0.241213934516129        1.10696056273372     
 -0.259103244650663        1.09684608120520     
 -0.246521758449149        1.06023117698034     
 -0.111780190312058       0.953571284930255     
  0.254239164619540       0.760507289589042     
   1.08014213983973       0.488845619227367     
   2.64059154526123       0.160406579645629     
   5.00000000000000       0.000000000000000E+000
  2.122610839453942E-314  0.000000000000000E+000
 -1.275670757653434E-002  2.681998015751347E-003
 -2.800285675270459E-002  1.039567384497799E-002
 -4.456672954576799E-002  2.267903587107150E-002
 -6.157627012055966E-002  3.940147089751790E-002
 -7.854106274976433E-002  6.033588019535382E-002
 -9.506677390176135E-002  8.539784200055583E-002
 -0.110934388760365       0.114388552873845     
 -0.125949454592733       0.147190629769394     
 -0.139978337534947       0.183556327705559     
 -0.152883886601582       0.223298960638040     
 -0.164529898518094       0.266098850898916     
 -0.174786282833433       0.311716089194780     
 -0.183500423924061       0.359736101063555     
 -0.190553338033157       0.409856605327649     
 -0.195800498655158       0.461565574949165     
 -0.199168980089990       0.514491509756715     
 -0.200570773064224       0.568046946024688     
 -0.200030442531173       0.621787590304490     
 -0.197581237400404       0.675107086720872     
 -0.193401018269991       0.727495572074616     
 -0.187719087151892       0.778417741032221     
 -0.180915615994276       0.827314867463219     
 -0.173497052772313       0.873834791383247     
 -0.166077839501893       0.917380815206760     
 -0.159520886695400       0.957890491025690     
 -0.154669378567435       0.994689336897949     
 -0.152772850909691        1.02803986771517     
 -0.154772750273249        1.05699123908583     
 -0.162029280262725        1.08192920738241     
 -0.174937772966405        1.10107959785499     
 -0.193444121471295        1.11395920655400     
 -0.214618154954641        1.11632870627622     
 -0.230863607715023        1.10394505207198     
 -0.225706966726936        1.06591500178915     
 -0.157817796733913       0.988769685191646     
  3.818748901155008E-002  0.853461075100547     
  0.498050198125480       0.648973202949982     
   1.39751730878990       0.388071544651578     
   2.88308412850918       0.128945751801333     
   5.00000000000000       0.000000000000000E+000
  2.122610839453942E-314  0.000000000000000E+000
 -1.842206074157074E-002  3.049425918576151E-003
 -3.870163085010900E-002  1.170218271916070E-002
 -5.988744015984208E-002  2.532023370344935E-002
 -8.133260712469545E-002  4.366842197158470E-002
 -0.102530089413917       6.636234386902612E-002
 -0.123155482209812       9.335006595932731E-002
 -0.142936867665355       0.124296505452551     
 -0.161691979077363       0.159183144096663     
 -0.179241893818064       0.197646905360400     
 -0.195424183298810       0.239625913524901     
 -0.210073468457116       0.284696319447191     
 -0.223000343282202       0.332733194584689     
 -0.234044606480397       0.383232894273379     
 -0.242991629246449       0.435970779913607     
 -0.249720696526331       0.490370661086070     
 -0.254028186013393       0.546069749135830     
 -0.255895491077116       0.602460193260592     
 -0.255189892792173       0.658999551759291     
 -0.252069692921996       0.715130307724101     
 -0.246546885497583       0.770095452635803     
 -0.239028233210445       0.823505617446102     
 -0.229744533264102       0.874359185699011     
 -0.219408332401250       0.922574274983301     
 -0.208518348850755       0.966855167109255     
 -0.198129230164155        1.00756582539813     
 -0.188964264962768        1.04297869719858     
 -0.182406829807763        1.07399758739150     
 -0.179044612351491        1.09810018958966     
 -0.180359566699612        1.11665937106291     
 -0.185370812071189        1.12551754560374     
 -0.194550143378806        1.12596455768265     
 -0.200307138280741        1.11033534971255     
 -0.197251278010138        1.07794831602571     
 -0.155782459331052        1.01545911230002     
 -4.578988013930270E-002  0.916332111567581     
  0.217165400231107       0.767427951068452     
  0.732594548426422       0.562731195057518     
   1.64792007841418       0.328120837438581     
   3.07996300004772       0.104816751209681     
   5.00000000000000       0.000000000000000E+000
  2.122610839453942E-314  0.000000000000000E+000
 -2.460256974449404E-002  3.269928878888953E-003
 -5.032247086830278E-002  1.254809326215075E-002
 -7.646058395324314E-002  2.713432767426075E-002
 -0.102508152495654       4.658184277942542E-002
 -0.128065017281409       7.051324642845287E-002
 -0.152838571708210       9.874799832320230E-002
 -0.176583192727857       0.131004208867656     
 -0.199109658867849       0.167172742836592     
 -0.220219336859381       0.206971762584741     
 -0.239735728057724       0.250282825573240     
 -0.257440585641215       0.296763332983180     
 -0.273130980339765       0.346249940459723     
 -0.286562926996315       0.398296447951361     
 -0.297517456764174       0.452659015380888     
 -0.305761327631436       0.508767853858621     
 -0.311107493664142       0.566266872010205     
 -0.313403234048680       0.624473986801511     
 -0.312565837563837       0.682892772623646     
 -0.308611238347538       0.740779276772964     
 -0.301641733713307       0.797480782564455     
 -0.291929521396387       0.852274638517382     
 -0.279831517234148       0.904347738622353     
 -0.265938968206107       0.953091394683713     
 -0.250898118740932       0.997525205826938     
 -0.235615766664611        1.03721078158030     
 -0.220980483331382        1.07095121390468     
 -0.208031669549610        1.09841598319151     
 -0.197613216749302        1.11802630278605     
 -0.190168596678121        1.12921581930422     
 -0.185382864199496        1.12960076502805     
 -0.180648985014357        1.11744447832503     
 -0.170630385614045        1.08862974136413     
 -0.141802854445740        1.03850983796489     
 -7.186743889428626E-002  0.960194242506385     
  8.395621140988911E-002  0.845653905317087     
  0.392242404827619       0.688325988021869     
  0.953633963222446       0.490884655771877     
   1.88850078365627       0.273352579522129     
   3.24734214027824       8.339342630592415E-002
   5.00000000000000       0.000000000000000E+000
  2.122610839453942E-314  0.000000000000000E+000
 -3.120301889383378E-002  3.429767703987968E-003
 -6.263910902035280E-002  1.309845562938527E-002
 -9.388723324298262E-002  2.822265077955904E-002
 -0.124632878354022       4.831199041407066E-002
 -0.154572751457468       7.288687054853886E-002
 -0.183499101711486       0.101785951076097     
 -0.211190995701339       0.134639710128595     
 -0.237481032932915       0.171414406453787     
 -0.262161542419154       0.211753408955843     
 -0.285033458403472       0.255650594301607     
 -0.305857223320157       0.302693690066781     
 -0.324367226738067       0.352835721224018     
 -0.340299466751018       0.405567748464296     
 -0.353329133868248       0.460731920622613     
 -0.363221413112159       0.517714615680266     
 -0.369639308513330       0.576171605541790     
 -0.372467636555843       0.635422649065577     
 -0.371435009298734       0.694857364185148     
 -0.366651709707026       0.753818812715874     
 -0.358005051217637       0.811359753764432     
 -0.345924879395174       0.866975713239357     
 -0.330538674002761       0.919328069120184     
 -0.312649894446709       0.968200893235359     
 -0.292649011694363        1.01181634660924     
 -0.271696078374003        1.05033941399055     
 -0.250307336018701        1.08147466061992     
 -0.229840075771285        1.10574105597646     
 -0.210358361173373        1.12015156215013     
 -0.192859058331426        1.12530110510103     
 -0.175086453578726        1.11716178042869     
 -0.155798978843581        1.09562138727199     
 -0.124957636068468        1.05512718782239     
 -7.298697891101742E-002  0.993394986614409     
  3.126491581499624E-002  0.903813393931820     
  0.222042007011368       0.781282713159704     
  0.571456833324657       0.624083508949004     
   1.15955027657171       0.434267929617169     
   2.08188656114271       0.238217311670687     
   3.38568229602408       7.025286648528370E-002
   5.00000000000000       0.000000000000000E+000
  2.122610839453942E-314  0.000000000000000E+000
 -3.793911860195458E-002  3.468106379698443E-003
 -7.523491460484921E-002  1.326494383656110E-002
 -0.111667220164431       2.858505429439971E-002
 -0.147129204208510       4.883227011750349E-002
 -0.181432532645984       7.355022659763297E-002
 -0.214463729958448       0.102485481831127     
 -0.246054234520745       0.135337767616934     
 -0.276062505617206       0.171999720306438     
 -0.304287120698169       0.212217679431694     
 -0.330516994309626       0.255930862764480     
 -0.354478364988538       0.302841183297154     
 -0.375873098898819       0.352857571307418     
 -0.394360201446159       0.405569094329290     
 -0.409578777762452       0.460786407016551     
 -0.421172954550467       0.517943109354120     
 -0.428786026439755       0.576687019467310     
 -0.432141857319143       0.636293602909357     
 -0.430987777273696       0.696192201712740     
 -0.425243432345688       0.755545773120916     
 -0.414871608209119       0.813531012668282     
 -0.400091676005942       0.869282858894930     
 -0.381173112219154       0.921719432758297     
 -0.358681404672241       0.970037775689890     
 -0.333221116704564        1.01291252227296     
 -0.305627255672372        1.04964194361443     
 -0.276729634748422        1.07866507799414     
 -0.247294792116457        1.09929158379911     
 -0.217918260214724        1.10967536549097     
 -0.188302758490153        1.10881761843548     
 -0.157323643646049        1.09441367230494     
 -0.120795608727399        1.06450215724309     
 -7.143336982027185E-002   1.01598680511928     
  6.295453854954172E-003  0.945256034457213     
  0.137047468037334       0.848543356803528     
  0.362750987202590       0.722036915904031     
  0.743119941047526       0.565280331034222     
   1.35254103124847       0.386188160718389     
   2.27136185473749       0.205836437809283     
   3.50558677681483       6.016670634028375E-002
   5.00000000000000       0.000000000000000E+000
  2.122610839453942E-314  0.000000000000000E+000
 -4.475233744991879E-002  3.458657268202614E-003
 -8.788563519165689E-002  1.317781176651562E-002
 -0.129467361368406       2.832393105026406E-002
 -0.169557136263112       4.830513594360105E-002
 -0.208124298058799       7.261343179919753E-002
 -0.245150723384703       0.101036394953235     
 -0.280538508905217       0.133221884022733     
 -0.314187999078217       0.169154132981878     
 -0.345909023267748       0.208524399704716     
 -0.375486345228386       0.251405537791011     
 -0.402619815096469       0.297435755609455     
 -0.426958851135245       0.346675082175110     
 -0.448117222799493       0.398641066921890     
 -0.465626323229385       0.453276417230655     
 -0.479090949355440       0.509950032763911     
 -0.487987287560343       0.568370696783581     
 -0.492036187476529       0.627790341651699     
 -0.490762176253271       0.687564895604962     
 -0.484147928492745       0.746927453817886     
 -0.471889571088486       0.804783760934140     
 -0.454354597358098       0.860492253844755     
 -0.431512283026765       0.912458024917655     
 -0.404165116716714       0.960302969087140     
 -0.372567684590132        1.00193912356708     
 -0.337882638897531        1.03730988070284     
 -0.300448797675557        1.06388483922795     
 -0.261496221220697        1.08182408837007     
 -0.220733233934822        1.08821096772127     
 -0.178653646517815        1.08306718929620     
 -0.132285165179010        1.06312149214178     
 -7.912628164792430E-002   1.02758052400205     
 -8.209227447489848E-003  0.972908603892152     
  9.210726909327968E-002  0.896769656927788     
  0.251764534635536       0.796396780240527     
  0.504471514745057       0.668902037203656     
  0.910052087464209       0.517406063884082     
   1.53055988694572       0.347566232849323     
   2.42698428246158       0.183243945703787     
   3.60911141503850       5.287016471448688E-002
   5.00000000000000       0.000000000000000E+000
  2.122610839453942E-314  0.000000000000000E+000
 -5.139224954397237E-002  3.345113279023130E-003
 -0.100253681578604       1.275802286163190E-002
 -0.146826004776344       2.742039191975577E-002
 -0.191401822149078       4.669011914168409E-002
 -0.234074564808564       7.011918432517562E-002
 -0.274951328016360       9.743559025495949E-002
 -0.314012488537421       0.128391679882131     
 -0.351201098377798       0.162910214827769     
 -0.386363050887722       0.200826146479157     
 -0.419265892985005       0.242149508925029     
 -0.449599111853556       0.286684815794673     
 -0.476954638034515       0.334426258172548     
 -0.500880479231894       0.385052257490422     
 -0.520832537124700       0.438441675792506     
 -0.536288351145773       0.494078358578495     
 -0.546659265795875       0.551626344008226     
 -0.551479398266209       0.610355245745589     
 -0.550253101370137       0.669629317969424     
 -0.542727945671984       0.728546747923671     
 -0.528657000915617       0.786124017802816     
 -0.508137031178715       0.841383734393763     
 -0.481294562053160       0.893002447827510     
 -0.448622234615188       0.940034430418533     
 -0.410647160352982       0.980880774067691     
 -0.368133451991077        1.01467984430551     
 -0.321837248700504        1.03965207144744     
 -0.272357246348563        1.05494653930125     
 -0.220070965138865        1.05867748944725     
 -0.164281802038723        1.04975474334410     
 -0.103261725914253        1.02618518969865     
 -3.214215724501610E-002  0.986236095262262     
  5.743892551240411E-002  0.927747501755444     
  0.181254244687531       0.848259776713878     
  0.363914817251488       0.746030837832190     
  0.642852326054986       0.619998394543917     
   1.06911273678705       0.472788842776720     
   1.69705673050015       0.314027384347382     
   2.58003162511662       0.162594333464869     
   3.70190971976778       4.639462426618623E-002
   5.00000000000000       0.000000000000000E+000
  2.122610839453942E-314  0.000000000000000E+000
 -5.780999004917497E-002  3.188326312937110E-003
 -0.112107024300402       1.210441695447425E-002
 -0.163429160492576       2.594456854630809E-002
 -0.212223497693064       4.410663049113795E-002
 -0.258769079975453       6.613158612015210E-002
 -0.303281237574068       9.182385076249008E-002
 -0.345832514265865       0.120907609472882     
 -0.386432087008045       0.153432542324600     
 -0.424943001142566       0.189184209886476     
 -0.461153667680050       0.228349459318020     
 -0.494712513189650       0.270656644929059     
 -0.525176861526804       0.316310717266976     
 -0.552015495122203       0.364887767811616     
 -0.574581469432842       0.416476211049567     
 -0.592264877888760       0.470447863510023     
 -0.604298144013987       0.526617783088934     
 -0.610160416477723       0.584173802845923     
 -0.609104768280773       0.642498627528686     
 -0.600900534920807       0.700701593639632     
 -0.584993533014727       0.757612493230558     
 -0.561612751898618       0.812427852568679     
 -0.530540388434099       0.863390814496973     
 -0.492524886422276       0.909940638742146     
 -0.447708062482616       0.949816239452742     
 -0.397235191661891       0.982750914254147     
 -0.341367040303604        1.00616429941572     
 -0.281242338367423        1.01995146782424     
 -0.216435191788106        1.02144187254274     
 -0.147107622255879        1.01034677663271     
 -7.002395449558037E-002  0.984114328142005     
  1.804748869054347E-002  0.941776319686239     
  0.128123738058367       0.881153710751114     
  0.272591107511324       0.800401438997043     
  0.479025678035669       0.698844769397586     
  0.778543867036846       0.575432328334506     
   1.22002417828688       0.435220396047116     
   1.85019878067131       0.285635263956494     
   2.70777098547210       0.146750286180028     
   3.78311908870917       4.142725767291840E-002
   5.00000000000000       0.000000000000000E+000
  2.122610839453942E-314  0.000000000000000E+000
 -6.377622403835485E-002  2.933780250189324E-003
 -0.123162739552351       1.113959836127130E-002
 -0.178862742493484       2.386582199112102E-002
 -0.231568734571888       4.049805778440746E-002
 -0.281695123878016       6.067616645181308E-002
 -0.329593470537355       8.417154083205770E-002
 -0.375440057980757       0.110851273634340     
 -0.419289594893476       0.140710609251436     
 -0.461071342087561       0.173723576209881     
 -0.500545256056862       0.210002394666323     
 -0.537375653129138       0.249499938793279     
 -0.571034029567424       0.292327636813223     
 -0.600939096921044       0.338297714820011     
 -0.626323365070169       0.387393858689192     
 -0.646449750908610       0.439192288679418     
 -0.660429869460217       0.493414195458472     
 -0.667539277779673       0.549358967526252     
 -0.666955893461982       0.606367688054779     
 -0.658184357079949       0.663500658516981     
 -0.640689041195987       0.719655953829543     
 -0.614396051523084       0.773766631368692     
 -0.579235730893387       0.824314418348802     
 -0.535627326786321       0.870243211626506     
 -0.484006883021877       0.909742220615273     
 -0.425136717307251       0.941851942680108     
 -0.359731400628797       0.964653890123363     
 -0.288387334879418       0.977246312063172     
 -0.211361079945096       0.977773991633419     
 -0.127868741128132       0.965209208022790     
 -3.583592158993700E-002  0.937845695669211     
  6.973918171104203E-002  0.894296114808662     
  0.197619564547762       0.833059892762195     
  0.362937467900262       0.752647441159106     
  0.589010196300421       0.652549128261673     
  0.908310749440973       0.533425375642986     
   1.36352206436477       0.399237339638096     
   1.99383567933405       0.259923233682081     
   2.83403277988243       0.131907679825136     
   3.85725604603987       3.683870836247024E-002
   5.00000000000000       0.000000000000000E+000
  2.122610839453942E-314  0.000000000000000E+000
 -6.923947435042858E-002  2.634349526298346E-003
 -0.133169142514013       9.941139035155228E-003
 -0.192804645439714       2.123191522157445E-002
 -0.248985903072558       3.596091819224527E-002
 -0.302324705789234       5.379303477451670E-002
 -0.353292393032088       7.460910795748373E-002
 -0.402163270628676       9.826366805136171E-002
 -0.449081633043575       0.124914187953544     
 -0.493990255292380       0.154482848632162     
 -0.536697144691014       0.187304038593646     
 -0.576806999771233       0.223235270644131     
 -0.613780509323994       0.262663636386126     
 -0.646919504177408       0.305263012616424     
 -0.675368234153657       0.351317411044059     
 -0.698244766248559       0.400237193299839     
 -0.714483569078948       0.452010367497974     
 -0.723235164146621       0.505784084668755     
 -0.723415702725628       0.561048719704481     
 -0.714484414169278       0.616794519176020     
 -0.695582096044335       0.671864080215458     
 -0.666721471927254       0.725280813312947     
 -0.627479045568473       0.775216000907473     
 -0.578516969512583       0.820915215840854     
 -0.519901150454862       0.860027957243841     
 -0.452788891913155       0.892094939802526     
 -0.377463836237600       0.914540595190936     
 -0.295076348983155       0.927078059787183     
 -0.205239334571648       0.927247435022685     
 -0.107991887034333       0.914628985876015     
 -1.208501551327251E-004  0.887154771789101     
  0.121918125019556       0.843929600017376     
  0.268707742922249       0.783565856335262     
  0.452546352518457       0.704829104301622     
  0.698203493838578       0.608126503115528     
   1.03332694838993       0.493764683741078     
   1.49752968783758       0.367407175158101     
   2.12540365481193       0.236949877481991     
   2.94041871486948       0.119566667956868     
   3.92270078654228       3.307306352729587E-002
   5.00000000000000       0.000000000000000E+000
  2.122610839453942E-314  0.000000000000000E+000
 -7.397811511187191E-002  2.240927061714333E-003
 -0.141885242606343       8.449371942463332E-003
 -0.204891649845582       1.802820605848809E-002
 -0.264086221447011       3.046019675736762E-002
 -0.320221693991077       4.553974486464429E-002
 -0.373903945929705       6.313884794901740E-002
 -0.425529977080609       8.328099527839224E-002
 -0.475285516786046       0.106074859146084     
 -0.523205598408220       0.131661949381038     
 -0.569058640222824       0.160291560673753     
 -0.612492764183137       0.192092829206692     
 -0.652856869633430       0.227333875778823     
 -0.689426213929464       0.265997901547417     
 -0.721177388670047       0.308224690037706     
 -0.747115580699976       0.353731112751648     
 -0.765986009274323       0.402359390916470     
 -0.776738504502550       0.453491722994639     
 -0.778133689893831       0.506516169190806     
 -0.769361793992522       0.560502832900507     
 -0.749507031025722       0.614297883165848     
 -0.718280199942049       0.666780810540173     
 -0.675351992256247       0.716292991140644     
 -0.621080815874059       0.761694995671864     
 -0.555796139986352       0.801001674089653     
 -0.480345190333814       0.833184182712352     
 -0.395437695698377       0.856197632223233     
 -0.301830078943850       0.869127724458793     
 -0.199751162770555       0.870114335764712     
 -8.856902834593654E-002  0.858230021567657     
  3.393684411944844E-002  0.831930268925446     
  0.172546029656950       0.790156071717367     
  0.335984547571662       0.731791453383905     
  0.538234932194956       0.656100011703286     
  0.800730755093030       0.563258747888254     
   1.15103949982853       0.455005538407576     
   1.62438069425093       0.335810995600439     
   2.24845931646371       0.215236790898422     
   3.04517865479139       0.107591753721161     
   3.98268571513881       2.953101089101506E-002
   5.00000000000000       0.000000000000000E+000
  2.122610839453942E-314  0.000000000000000E+000
 -7.794137192750501E-002  1.800890897518741E-003
 -0.149044489116702       6.726921634990340E-003
 -0.214799528819844       1.430319636417276E-002
 -0.276423204868749       2.410597830752068E-002
 -0.334863118226543       3.598772313287600E-002
 -0.390846193626300       4.995033152306194E-002
 -0.444863999397537       6.601548277593461E-002
 -0.497207686335756       8.447124809966652E-002
 -0.547921402198389       0.105404023665481     
 -0.596846541816132       0.129309605552776     
 -0.643558818276718       0.156208095983796     
 -0.687425842846576       0.186689079407009     
 -0.727573391684838       0.220572495776834     
 -0.762919540207443       0.258379833110185     
 -0.792262402802222       0.299621158192591     
 -0.814196148729440       0.344529020058459     
 -0.827453371873084       0.392271358687878     
 -0.830553789221647       0.442543668995759     
 -0.822534386841766       0.494262545286798     
 -0.802174903450370       0.546389875233838     
 -0.769174374209432       0.597796787324178     
 -0.722877311609787       0.646672987126508     
 -0.663817007068383       0.692074708860057     
 -0.592004881458566       0.731608727801529     
 -0.508645328393988       0.764635032600475     
 -0.414114194829459       0.788557846618792     
 -0.309685610868044       0.802954158218620     
 -0.195121755720299       0.805446585531097     
 -7.052633512490304E-002  0.795572151014881     
  6.711884977176698E-002  0.771486195058521     
  0.221356935260706       0.732455493804646     
  0.402058319975586       0.677472775170600     
  0.620899137177952       0.605868144843551     
  0.899725721394561       0.518565592544481     
   1.26247760811893       0.416766921611269     
   1.74095972826055       0.306241894074394     
   2.36022671870328       0.194614349032694     
   3.13331880291696       9.685352401558053E-002
   4.03524137633174       2.626850562219950E-002
   5.00000000000000       0.000000000000000E+000
  2.122610839453942E-314  0.000000000000000E+000
 -8.092023371704320E-002  1.278602571144164E-003
 -0.154461714077218       4.756516733181121E-003
 -0.222236909472594       1.008831750071253E-002
 -0.285697226639762       1.693075092728623E-002
 -0.345917743535778       2.527800439107589E-002
 -0.403748470993410       3.514794637060924E-002
 -0.459806664662158       4.673126309010427E-002
 -0.514421196994077       6.027419522333598E-002
 -0.567744764173912       7.608330919750128E-002
 -0.619576871243792       9.456383326035256E-002
 -0.669564326676800       0.116025961598897     
 -0.716948827071354       0.140923389318434     
 -0.760865367759862       0.169439432340897     
 -0.800023367943491       0.201921627976294     
 -0.833146554636715       0.238288331412455     
 -0.858562152727755       0.278581147526243     
 -0.874837588871525       0.322350876039462     
 -0.880225949281250       0.369128785954777     
 -0.873526613241200       0.418086062940932     
 -0.853336878062561       0.468110683408740     
 -0.819089237119999       0.518102555013798     
 -0.770106682997048       0.566329307692023     
 -0.706675551228700       0.611611837747615     
 -0.628977901672317       0.651810520663387     
 -0.538007262138735       0.685842662314345     
 -0.434482149612574       0.711499909266957     
 -0.319445896322960       0.727851152625723     
 -0.193164905556327       0.732933144362266     
 -5.533769447069262E-002  0.725895555390071     
  9.626041106588847E-002  0.705193528607364     
  0.265932580761390       0.670029009881816     
  0.462086364378793       0.619432509523295     
  0.697231398026716       0.553231185280382     
  0.990670089787307       0.471934031178413     
   1.36531177810743       0.377919820642979     
   1.84995312430124       0.275745805701188     
   2.46350933348212       0.174243632709112     
   3.21897286592576       8.593225496801978E-002
   4.08322649683025       2.311165498310125E-002
   5.00000000000000       0.000000000000000E+000
  2.122610839453942E-314  0.000000000000000E+000
 -8.287772382298647E-002  7.140469862220417E-004
 -0.157881593393890       2.586849854604798E-003
 -0.226917526427333       5.455921485543485E-003
 -0.291517150652133       9.090896522511365E-003
 -0.352928890367823       1.357101339298522E-002
 -0.412104126336589       1.904285028961129E-002
 -0.469746365396601       2.570340301651848E-002
 -0.526290210920298       3.396260699796781E-002
 -0.581900731334270       4.407331540520758E-002
 -0.636468546213425       5.667142128481648E-002
 -0.689571880289610       7.195803237590812E-002
 -0.740506298892024       9.071281494988181E-002
 -0.788242635990809       0.112953192475586     
 -0.831481847443961       0.139456890789460     
 -0.868685773809804       0.169922703025835     
 -0.898090813213970       0.204892930656284     
 -0.917938789559031       0.243669664573836     
 -0.926305783915406       0.286263882000857     
 -0.921683505750492       0.331627961347930     
 -0.902427666538775       0.378974009067700     
 -0.867789934914679       0.427097978500102     
 -0.816830759860847       0.474315388845337     
 -0.749866937462856       0.519529364982138     
 -0.666837523164716       0.560341172820208     
 -0.568991044379446       0.595941040208439     
 -0.456819030967130       0.623651191663121     
 -0.331800522967647       0.642922088086238     
 -0.193908649907128       0.651294749383373     
 -4.346118794836801E-002  0.648282768788660     
  0.122250789115979       0.632018334485956     
  0.306528498082774       0.601932099320616     
  0.518349413856889       0.557098337523275     
  0.768414906571056       0.497299348837069     
   1.07566534464126       0.423655129029242     
   1.46036854199820       0.337869525003187     
   1.94779932782205       0.245612056971384     
   2.55559400396448       0.153719351038821     
   3.28982551610775       7.551952021531058E-002
   4.12394515766818       1.989922342384822E-002
   5.00000000000000       0.000000000000000E+000
  2.122610839453942E-314  0.000000000000000E+000
 -8.364287470220445E-002  9.502652277772520E-005
 -0.159209864628213       2.644425779210500E-004
 -0.228660810938068       5.029773733331301E-004
 -0.293716907922209       7.191158987354865E-004
 -0.355710825489742       1.119493185608604E-003
 -0.415694891158799       1.890646628509866E-003
 -0.474477388145175       3.363818917943490E-003
 -0.532532081416318       5.916728083945446E-003
 -0.590133608644806       9.981539183218115E-003
 -0.647145596307307       1.610604619624775E-002
 -0.703242606177760       2.475503110911847E-002
 -0.757604311024231       3.656914435010766E-002
 -0.809260637927005       5.194306766539347E-002
 -0.856684456400692       7.146918801412203E-002
 -0.898332935698825       9.533329986693133E-002
 -0.932103262574554       0.123861057504221     
 -0.956150886862290       0.156891594989796     
 -0.968150988939832       0.194224528324970     
 -0.966433636070153       0.235281055057362     
 -0.948991481346785       0.279125831307574     
 -0.914879041431435       0.324816355656318     
 -0.862944471321605       0.370645187416024     
 -0.793330895802014       0.415483378978471     
 -0.705981079298906       0.457060463725552     
 -0.602031004610023       0.494268202258883     
 -0.482179238755146       0.524671204435607     
 -0.347823354813841       0.547298323464750     
 -0.199304217691242       0.559946665734880     
 -3.677812683712094E-002  0.561788745540980     
  0.141874864981033       0.551098113166137     
  0.340281463329244       0.527250959927343     
  0.566335429511972       0.489216103975106     
  0.830847703973909       0.437215640260456     
   1.15092564745935       0.371841472734685     
   1.54513339353492       0.295780840639343     
   2.03685952910974       0.213442667430397     
   2.63837099457656       0.132644621011948     
   3.35671442714646       6.438870865385762E-002
   4.16042980358431       1.677512278378901E-002
   5.00000000000000       0.000000000000000E+000
  2.122610839453942E-314  0.000000000000000E+000
 -8.320980472254227E-002 -5.512185751111433E-004
 -0.158246980059275      -2.178358010390324E-003
 -0.227282263680062      -4.659862690237460E-003
 -0.292034807722501      -7.965871543774755E-003
 -0.353963939093876      -1.179051163289352E-002
 -0.414176869649240      -1.584667441826875E-002
 -0.473555791044474      -1.979159577857810E-002
 -0.532660047163247      -2.313874294875767E-002
 -0.591791836200385      -2.550199315743395E-002
 -0.650913318987809      -2.616902771242007E-002
 -0.709659544026081      -2.476844395624845E-002
 -0.767302330248615      -2.038746731328482E-002
 -0.822726532744133      -1.277334627285508E-002
 -0.874466795326811      -9.133446211239593E-004
 -0.920694397117605       1.518399250020970E-002
 -0.959312948616682       3.641184985015006E-002
 -0.988053095804044       6.237209716938695E-002
  -1.00452404657153       9.350379179874713E-002
  -1.00656371695134       0.128988583563442     
 -0.992030879311729       0.168448234929529     
 -0.959558021243245       0.210772421894430     
 -0.907824659672243       0.254548528282674     
 -0.836764892982388       0.298630311604343     
 -0.746165322084884       0.340676613341123     
 -0.637227151860716       0.379739241037501     
 -0.510526110955053       0.412996015131816     
 -0.367758002344250       0.439761224117692     
 -0.209132939954865       0.457314578371351     
 -3.528691190063359E-002  0.465127201782547     
  0.156086513200612       0.461066758795187     
  0.367853760043151       0.444684918927740     
  0.607958321876415       0.414894653916981     
  0.885881204086811       0.371789521530750     
   1.21774330506137       0.316479175134128     
   1.62032545108408       0.250798495326336     
   2.11350180701955       0.180251675983185     
   2.70931088734036       0.110384886975356     
   3.40955534854163       5.331904853371607E-002
   4.18901406478287       1.330322466198312E-002
   5.00000000000000       0.000000000000000E+000
  2.122610839453942E-314  0.000000000000000E+000
 -8.148531724892538E-002 -1.205100728307825E-003
 -0.155032038835794      -4.622960605572347E-003
 -0.222759046876404      -9.869060958793483E-003
 -0.286489501716447      -1.672524876776994E-002
 -0.347692542287495      -2.480179467535497E-002
 -0.407540684245445      -3.375359799575026E-002
 -0.466974187371106      -4.317333863626750E-002
 -0.526598358038098      -5.259473645385451E-002
 -0.586807109646957      -6.153785137488359E-002
 -0.647571900723180      -6.936640459036932E-002
 -0.708641072265192      -7.552807381254401E-002
 -0.769216880911617      -7.923457008557269E-002
 -0.828300582475901      -7.990699838299703E-002
 -0.884224447235646      -7.670243119735277E-002
 -0.935251833742094      -6.912522543749111E-002
 -0.978913588604211      -5.648885246325364E-002
  -1.01297694372029      -3.853663668094508E-002
  -1.03452485319681      -1.504871927905745E-002
  -1.04135839309989       1.384807357531250E-002
  -1.03075477892310       4.758824400310863E-002
  -1.00125217262820       8.560980899911602E-002
 -0.951048527564141       0.126396755333854     
 -0.879980037692035       0.169045402513529     
 -0.787584419310440       0.211224992373205     
 -0.675021436181383       0.251881689751667     
 -0.542879693719618       0.288293438119687     
 -0.392883720961007       0.319443413200665     
 -0.225452394426569       0.342723136259355     
 -4.127212558581073E-002  0.357268786847607     
  0.161572552575678       0.360965538686974     
  0.385867952844031       0.353265407722896     
  0.638835581182994       0.332873023386913     
  0.929423708850775       0.300236646190990     
   1.27258617092478       0.255832664852649     
   1.68289911707132       0.202339366663571     
   2.17931454358849       0.143868782169040     
   2.76928254936983       8.687782965979575E-002
   3.45632113044785       4.099382393446012E-002
   4.21337505880590       9.929748887188459E-003
   5.00000000000000       0.000000000000000E+000
  2.122610839453942E-314  0.000000000000000E+000
 -7.850919964397714E-002 -1.859124369218067E-003
 -0.149473854059348      -7.056778822479755E-003
 -0.215075897399141      -1.497631027045369E-002
 -0.277027640131816      -2.528638982070258E-002
 -0.336849607871666      -3.750426718147257E-002
 -0.395700045287840      -5.123709501750708E-002
 -0.454573859579012      -6.606577173968682E-002
 -0.514122246278691      -8.150321772622134E-002
 -0.574791010034776      -9.710362927819283E-002
 -0.636643507263929      -0.112179655729648     
 -0.699444475519786      -0.126244491990078     
 -0.762521741656843      -0.138358139765793     
 -0.824798091309998      -0.148036635615344     
 -0.884746847675986      -0.154111272267199     
 -0.940385248892568      -0.156216320885230     
 -0.989372859985818      -0.153120172684034     
  -1.02901388659178      -0.144731435264322     
  -1.05647278448253      -0.130097453824172     
  -1.06889854991116      -0.109529784855919     
  -1.06357915188980      -8.281773174476928E-002
  -1.03834943753300      -5.068148653782194E-002
 -0.991354032845898      -1.405123013216776E-002
 -0.921882145155712       2.610425279630896E-002
 -0.829398103938958       6.763863097656821E-002
 -0.714825837218919       0.109578027146104     
 -0.578709776157811       0.148929268537525     
 -0.422858628068515       0.184898188789759     
 -0.247704056950839       0.214316568372274     
 -5.423218966160851E-002  0.236585578794963     
  0.159362153317910       0.249047180219363     
  0.395359970215592       0.251310945270219     
  0.660539455519676       0.241880446719290     
  0.962989659392300       0.221000225414006     
   1.31614421292329       0.189597639967517     
   1.73359227741927       0.149228027390613     
   2.23084126267715       0.105219605326587     
   2.81600588775466       6.122082017769420E-002
   3.48893157760519       2.842572302355939E-002
   4.22849029784516       5.939717313640474E-003
   5.00000000000000       0.000000000000000E+000
  2.122610839453942E-314  0.000000000000000E+000
 -7.430859910408255E-002 -2.458743897762110E-003
 -0.141776960601627      -9.300860623170020E-003
 -0.204408108203042      -1.977181389641648E-002
 -0.263892496471994      -3.333204007868961E-002
 -0.321667047016608      -4.948124120079107E-002
 -0.378903616524013      -6.776309644747895E-002
 -0.436589779774904      -8.778668803123943E-002
 -0.495429398997872      -0.109072490796104     
 -0.555922882892684      -0.131200580528249     
 -0.618196388720378      -0.153538319090384     
 -0.682126562196903      -0.175556957419017     
 -0.747059676663887      -0.196408184634011     
 -0.812080336327382      -0.215419030653922     
 -0.875555944138728      -0.231543953932311     
 -0.935695795823477      -0.244006930794616     
 -0.989842718002082      -0.251724417278054     
  -1.03548466151035      -0.253942784861396     
  -1.06921107666804      -0.249868189040372     
  -1.08829845801532      -0.238968332064186     
  -1.08926017853371      -0.221179252362928     
  -1.06997117343280      -0.196379423953047     
  -1.02777761102870      -0.165609449146001     
 -0.961944462219644      -0.129240751966231     
 -0.871337267280934      -8.948121932602168E-002
 -0.756864793930349      -4.710793157676290E-002
 -0.618791799893364      -5.139044017724696E-003
 -0.458998941148996       3.545587971316599E-002
 -0.277931281856156       7.149010951378115E-002
 -7.677691201206506E-002  0.102024037048800     
  0.146049292461200       0.124311797284114     
  0.392387966651848       0.137775803025128     
  0.668636629155229       0.140618030042931     
  0.981778838518493       0.133317477312989     
   1.34473155229905       0.116036055302392     
   1.76849731153640       9.105680841814137E-002
   2.26855759100726       6.205936828657790E-002
   2.84924135879416       3.363341061720444E-002
   3.51269560118092       1.402602238062416E-002
   4.23915708960461       2.080273568978397E-003
   5.00000000000000       0.000000000000000E+000
  2.122610839453942E-314  0.000000000000000E+000
 -6.897311447691712E-002 -3.022460694841659E-003
 -0.132003330016287      -1.136444451056011E-002
 -0.190955180191237      -2.408906360783027E-002
 -0.247297771688557      -4.057099025140885E-002
 -0.302418626558031      -6.024818949806810E-002
 -0.357399300814162      -8.268232716370774E-002
 -0.413250644738518      -0.107477529352050     
 -0.470670814417634      -0.134235010956361     
 -0.530234938845070      -0.162556489306135     
 -0.592137780359146      -0.191899837294065     
 -0.656344882666872      -0.221768794184046     
 -0.722342486096083      -0.251342610751474     
 -0.789251980930399      -0.279984146263394     
 -0.855645283669887      -0.306518959057139     
 -0.919617713202009      -0.330208004025830     
 -0.978756979865652      -0.349587881233715     
  -1.03017887277200      -0.363939432559940     
  -1.07070976235715      -0.371791823285779     
  -1.09693862742609      -0.372652348019064     
  -1.10554841866810      -0.365559632316657     
  -1.09349176179410      -0.350420296726032     
  -1.05817363617276      -0.327399634520466     
 -0.997934324553799      -0.296862569755325     
 -0.911617996850003      -0.260492216568999     
 -0.799474161101476      -0.218960592945347     
 -0.661758672498030      -0.175340025315205     
 -0.500077960179963      -0.130380962917246     
 -0.315012303961658      -8.783832547178520E-002
 -0.107778903078207      -4.836311548203442E-002
  0.122823269240854      -1.546845154492818E-002
  0.378391802488655       1.050833298422694E-002
  0.664422008514658       2.730256847076278E-002
  0.987523850532500       3.513513656113550E-002
   1.35860669545868       3.452066048856507E-002
   1.78849749950689       2.621976556765669E-002
   2.28932262628656       1.536020850165067E-002
   2.86696425467989       2.852128113747328E-003
   3.52140797033569      -8.674756842627478E-004
   4.23855883789988      -2.675416621749107E-003
   5.00000000000000       0.000000000000000E+000
  2.122610839453942E-314  0.000000000000000E+000
 -6.268116690098824E-002 -3.465460619089702E-003
 -0.120527503003756      -1.304179634655418E-002
 -0.175109423434163      -2.771130247401366E-002
 -0.227722231654032      -4.666805389459388E-002
 -0.279582535777530      -6.940558830904457E-002
 -0.331718713570555      -9.543411941269279E-002
 -0.385065833084749      -0.124478446427946     
 -0.440371742198703      -0.156135947423301     
 -0.498213888708151      -0.190162116320160     
 -0.558905289821177      -0.226041214778829     
 -0.622492773971173      -0.263409746953925     
 -0.688599171371622      -0.301491895644426     
 -0.756512586233509      -0.339683648009928     
 -0.824874882420410      -0.376862290794364     
 -0.892031418062705      -0.412120241156106     
 -0.955447963305305      -0.444037075522472     
  -1.01254391566397      -0.471426001291865     
  -1.05970199571229      -0.492830918737629     
  -1.09380427115362      -0.506968242925778     
  -1.11072319899989      -0.512860057776235     
  -1.10760805889374      -0.509394850408396     
  -1.08079591296131      -0.496707056180573     
  -1.02868648094467      -0.474187861590528     
 -0.949100390151955      -0.443510943838919     
 -0.842243524601262      -0.404705894527662     
 -0.707678893363588      -0.360885034659863     
 -0.547009886381558      -0.312679329830976     
 -0.360598572161702      -0.263944565041307     
 -0.149877878147649      -0.215575297356392     
  8.631649938487852E-002 -0.171300970659621     
  0.348883423618780      -0.131728114413459     
  0.643257101012713      -9.953205437594143E-002
  0.974476904493250      -7.447488699653466E-002
   1.35354921507171      -5.697238206201544E-002
   1.78842996911541      -4.568972266372027E-002
   2.29217744802156      -3.756314783665089E-002
   2.86764420719295      -3.065887755024896E-002
   3.51772604973234      -1.827773468661415E-002
   4.23305991605407      -7.251864693512043E-003
   5.00000000000000       0.000000000000000E+000
  2.122610839453942E-314  0.000000000000000E+000
 -5.555985345642745E-002 -3.835008646535983E-003
 -0.107584076100320      -1.436257342606163E-002
 -0.157284538064384      -3.049035444316378E-002
 -0.205659386813940      -5.137036473803661E-002
 -0.253762056955711      -7.648932678921938E-002
 -0.302471507986429      -0.105435188532960     
 -0.352699320882116      -0.137941751245359     
 -0.405136926928452      -0.173772970609347     
 -0.460442913798997      -0.212694943564368     
 -0.518958740084623      -0.254417187951892     
 -0.580885868021123      -0.298576533816485     
 -0.645966775688760      -0.344630585125540     
 -0.713666685345190      -0.391953101840259     
 -0.782846941888196      -0.439578847344028     
 -0.851959264035125      -0.486537716012456     
 -0.918778619721005      -0.531367449095585     
 -0.980617344053446      -0.572758562340937     
  -1.03420908830124      -0.608876652110379     
  -1.07596062862170      -0.638263512629297     
  -1.10204313582402      -0.659168954939745     
  -1.10871212633831      -0.670237352269374     
  -1.09245082606897      -0.670565784593536     
  -1.05047815036981      -0.659303070421993     
 -0.980600615894989      -0.637179634227883     
 -0.881895447195967      -0.603907051577796     
 -0.753841584277011      -0.562233999078827     
 -0.597271387731327      -0.512431420818942     
 -0.412640431702784      -0.458827844792154     
 -0.201064667493671      -0.401727862184552     
  3.811354707058572E-002 -0.345979060948678     
  0.305884809381372      -0.291679552214734     
  0.606327489503042      -0.242444379297238     
  0.944705753354321      -0.198293935706863     
   1.32953215323588      -0.159595640647515     
   1.76949504829899      -0.126977160845812     
   2.27431768082943      -9.567721451086324E-002
   2.84953361675869      -6.878691173718014E-002
   3.49719737296791      -3.650355432570936E-002
   4.21352024521270      -1.308914454465864E-002
   5.00000000000000       0.000000000000000E+000
  2.122610839453942E-314  0.000000000000000E+000
 -4.794346391585225E-002 -4.029353045972647E-003
 -9.368275750634431E-002 -1.514465344247532E-002
 -0.138073398374562      -3.225312467616100E-002
 -0.181790977962018      -5.440838051695926E-002
 -0.225667162582668      -8.121178631747587E-002
 -0.270454557428040      -0.112229671016937     
 -0.316937223901395      -0.147380383190323     
 -0.365835543781880      -0.186414983188019     
 -0.417752566086456      -0.229352045002596     
 -0.473181952347548      -0.275894814576120     
 -0.532343508487684      -0.325978345757494     
 -0.595228582593299      -0.379051925423163     
 -0.661411347613809      -0.434785681261655     
 -0.730043251556442      -0.492186367637239     
 -0.799792988187778      -0.550487291092418     
 -0.868648577454982      -0.608143758029387     
 -0.934243071273981      -0.663825199323351     
 -0.993261962383081      -0.715514531264589     
  -1.04248729873808      -0.761365682145192     
  -1.07757906295210      -0.799328801766358     
  -1.09511080370685      -0.827217253980302     
  -1.09052385260435      -0.843727399523667     
  -1.06118315994677      -0.846890163173904     
  -1.00357771773421      -0.837057791426817     
 -0.916686138756201      -0.812788567043045     
 -0.798777188461257      -0.776622026194396     
 -0.650517354227641      -0.728108790975969     
 -0.471685458999398      -0.671652513503817     
 -0.263411440171655      -0.607312739689011     
 -2.473636680065575E-002 -0.540227227005250     
  0.244677911717466      -0.470893247478337     
  0.548851748754535      -0.403339273755889     
  0.891356942251042      -0.337939893731083     
   1.28142620701916      -0.276230627622447     
   1.72459328528465      -0.218509118982327     
   2.23289570162750      -0.162713902390868     
   2.80925701957734      -0.110899495219928     
   3.45965222021184      -5.825714731956708E-002
   4.18828737468902      -1.868353441900551E-002
   5.00000000000000       0.000000000000000E+000
  2.122610839453942E-314  0.000000000000000E+000
 -3.996752603555794E-002 -4.121057404410163E-003
 -7.921183448726909E-002 -1.543142706476031E-002
 -0.118044773152715      -3.291377917723817E-002
 -0.156838773581500      -5.563162810574886E-002
 -0.196158845399911      -8.324909173332432E-002
 -0.236589233796496      -0.115444942831091     
 -0.278833211524432      -0.152163656174420     
 -0.323519110153474      -0.193364031381345     
 -0.371310485084624      -0.239063481879684     
 -0.422677398924801      -0.289275724108341     
 -0.478024232400939      -0.343905184241198     
 -0.537400130287571      -0.402808732631886     
 -0.600671638556150      -0.465583731115689     
 -0.667152676666842      -0.531704507240472     
 -0.735863635541347      -0.600258511088133     
 -0.805070782054333      -0.670127955339800     
 -0.872699244156209      -0.739724826737496     
 -0.935797941578751      -0.807237257050698     
 -0.991183744380024      -0.870419924583896     
  -1.03486364178402      -0.926988374740517     
  -1.06298111470161      -0.974180988425225     
  -1.07116279365600       -1.00987343506812     
  -1.05578616556561       -1.03150260116754     
  -1.01323458477989       -1.03819601781812     
 -0.941205302051538       -1.02769532019304     
 -0.837590352709734       -1.00155716654977     
 -0.701821554158468      -0.958552096801091     
 -0.533446195766980      -0.903037033255726     
 -0.332755569451407      -0.833726312504434     
 -9.915245224210772E-002 -0.757015228538697     
  0.168425079942635      -0.672522044516798     
  0.472378961908682      -0.586077053643612     
  0.817102896298161      -0.497414218271534     
   1.20901779574281      -0.409262010878401     
   1.65567912847905      -0.324007146800642     
   2.16531650868813      -0.237911036757678     
   2.74554317242410      -0.160199992563690     
   3.40206538015146      -8.151201381276400E-002
   4.14512327302424      -2.620974584520432E-002
   5.00000000000000       0.000000000000000E+000
  2.122610839453942E-314  0.000000000000000E+000
 -3.208959212904578E-002 -4.011925442364011E-003
 -6.473952047013623E-002 -1.511989467860499E-002
 -9.792929162149992E-002 -3.239362239811706E-002
 -0.131603603278022      -5.492467079216305E-002
 -0.166114676352529      -8.251919757248644E-002
 -0.201860588616998      -0.114875668166484     
 -0.239398371401458      -0.152135861109779     
 -0.279348530922246      -0.194237489461852     
 -0.322269530439585      -0.241484204520191     
 -0.368776009967323      -0.293847312977834     
 -0.419208457774095      -0.351627161335701     
 -0.473919681916249      -0.414617196170546     
 -0.532771628620119      -0.482927575736780     
 -0.595544756280337      -0.555930921860515     
 -0.661339108408986      -0.633313582963653     
 -0.729005738243829      -0.713768508627672     
 -0.796650022971088      -0.796300037933918     
 -0.861876414851704      -0.878741308810068     
 -0.921764086228928      -0.959243791242603     
 -0.972561750799522       -1.03491345346225     
  -1.01067924977222       -1.10297173033297     
  -1.03139140861458       -1.16036410360567     
  -1.03122691471451       -1.20391235752296     
  -1.00548395348318       -1.23166366237303     
 -0.951735145647449       -1.24008802509632     
 -0.866273388249977       -1.22969444066720     
 -0.748161356652603       -1.19793559029223     
 -0.595724052059945       -1.14852165456469     
 -0.408600780320915       -1.07907524208018     
 -0.185736122035155      -0.995781624636597     
  7.401558264603772E-002 -0.898369003906251     
  0.372797295235286      -0.793357102526815     
  0.713772221171671      -0.680125009518595     
   1.10558955637406      -0.563433567279212     
   1.55237563078920      -0.445974460845787     
   2.06593368273579      -0.327369710414113     
   2.65136831189321      -0.216291394256450     
   3.32078019564093      -0.110316986197319     
   4.09452035494982      -3.341598034438230E-002
   5.00000000000000       0.000000000000000E+000
  2.122610839453942E-314  0.000000000000000E+000
 -2.441505239941121E-002 -3.788868152299568E-003
 -5.074769097505456E-002 -1.425456384372156E-002
 -7.833974995800552E-002 -3.070505401764788E-002
 -0.106916474347356      -5.229067575793553E-002
 -0.136502108486704      -7.894838606314508E-002
 -0.167360127316543      -0.110487737488472     
 -0.199916155543341      -0.147088098919491     
 -0.234688057515398      -0.188875793127617     
 -0.272250526291307      -0.236134551192508     
 -0.313141812812184      -0.289148841401309     
 -0.357863346477541      -0.348152862866511     
 -0.406734237584154      -0.413423095410664     
 -0.459944287908203      -0.484949393595010     
 -0.517313504157789      -0.562791238025349     
 -0.578455211542488      -0.646426970326095     
 -0.642360024901751      -0.735425895734083     
 -0.707800769213984      -0.828444744021156     
 -0.772616523149234      -0.924267148928314     
 -0.834578305519577       -1.02048065910784     
 -0.890192692633321       -1.11493868491897     
 -0.936329759683103       -1.20405017026779     
 -0.968387095120229       -1.28488823128688     
 -0.982839726870019       -1.35328803787392     
 -0.974731421620708       -1.40652411291672     
 -0.941005404454545       -1.43962392437144     
 -0.877219550724160       -1.45157951449253     
 -0.781322473284326       -1.43869762222679     
 -0.650583891975364       -1.40323198045977     
 -0.483763554321535       -1.34039893941546     
 -0.278795230340688       -1.25689014112866     
 -3.362694716113294E-002  -1.15048122399932     
  0.253353819299859       -1.03053709527688     
  0.586532537595952      -0.892015387752949     
  0.971851626528015      -0.743592185989463     
   1.41855041504964      -0.590629538345357     
   1.93262912373683      -0.432189719953298     
   2.52731745754139      -0.285703112724440     
   3.21334061691113      -0.142830563596336     
   4.01982557838055      -4.451099403623532E-002
   5.00000000000000       0.000000000000000E+000
  2.122610839453942E-314  0.000000000000000E+000
 -1.745372548003496E-002 -3.380706161908418E-003
 -3.775303042550154E-002 -1.285809461795155E-002
 -6.002910673491110E-002 -2.790441960348461E-002
 -8.356253722608825E-002 -4.784050246914535E-002
 -0.108238083959979      -7.273343857640777E-002
 -0.134115880435804      -0.102451106738546     
 -0.161493888749308      -0.137326048494123     
 -0.190845764606503      -0.177451722681161     
 -0.222612401367026      -0.223351150976298     
 -0.257426515008731      -0.275226469519635     
 -0.295651635960046      -0.333694044492486     
 -0.337872285227948      -0.398909746152064     
 -0.384149643768443      -0.471449836608214     
 -0.434801924334212      -0.551204481103393     
 -0.489338143593032      -0.638496167462786     
 -0.547541145831731      -0.732631795653767     
 -0.608110615417614      -0.833386150045655     
 -0.669967866064984      -0.939100741546808     
 -0.730824527941515       -1.04867246270238     
 -0.788410785661462       -1.15917466921121     
 -0.839514037221945       -1.26832627701065     
 -0.880557752789849       -1.37190925821669     
 -0.907845982748950       -1.46660145122420     
 -0.916662310653173       -1.54780176924044     
 -0.903586128495083       -1.61064520216113     
 -0.863559769931608       -1.65150055458488     
 -0.793913712649461       -1.66591515455457     
 -0.690785304859663       -1.65373095076769     
 -0.551879617640419       -1.60800384992620     
 -0.373634932983689       -1.53391298287927     
 -0.153358819354074       -1.42699075432891     
  0.111809614188130       -1.29759295338793     
  0.427162485817281       -1.13782186768644     
  0.800837235448052      -0.957654421015081     
   1.24068023540423      -0.765567711778598     
   1.75628865395753      -0.564565466416087     
   2.35550532108898      -0.370201819765269     
   3.07023040498373      -0.186769115938235     
   3.93321921886887      -5.532329887696015E-002
   5.00000000000000       0.000000000000000E+000
  2.122610839453942E-314  0.000000000000000E+000
 -1.124488647793111E-002 -2.870033724681388E-003
 -2.623844839401061E-002 -1.095960095633869E-002
 -4.351792559430974E-002 -2.411712919141900E-002
 -6.231328879096413E-002 -4.175669583367845E-002
 -8.219722338311240E-002 -6.411788482619919E-002
 -0.103174151153226      -9.114518963103245E-002
 -0.125393583040084      -0.123200861060967     
 -0.149239704635735      -0.160496093038788     
 -0.175122539223899      -0.203501361326254     
 -0.203557706064145      -0.252649462233021     
 -0.235001970576548      -0.308445922630411     
 -0.269915462606775      -0.371467240238997     
 -0.308622646111916      -0.442117951194081     
 -0.351337774040471      -0.520992520123209     
 -0.398074289116982      -0.608150691062478     
 -0.448556561033138      -0.703984055428306     
 -0.502299288085455      -0.807855455414774     
 -0.558218203466962      -0.919622415945604     
 -0.615167894364482       -1.03752857484407     
 -0.670892462716544       -1.16048735313500     
 -0.723536924187910       -1.28527701815006     
 -0.769445206101903       -1.40947130595313     
 -0.806256622739430       -1.52840832788648     
 -0.828859564793239       -1.63852768816866     
 -0.834824928340758       -1.73327413204185     
 -0.818085463847484       -1.80845305032553     
 -0.776492641893268       -1.85832106464033     
 -0.704126920115571       -1.88047014840475     
 -0.599254429942557       -1.86440358753376     
 -0.455351363783113       -1.81336154815536     
 -0.269605707501237       -1.72018734065650     
 -3.674287311969546E-002  -1.59475772926149     
  0.249578230077491       -1.42031682545186     
  0.598114684453438       -1.21239617251157     
   1.02609602722507      -0.980652763305697     
   1.53421864192986      -0.735121673581855     
   2.14624373431088      -0.488157423811452     
   2.88475094438688      -0.240758729268040     
   3.80804955080912      -7.508900826596360E-002
   5.00000000000000       0.000000000000000E+000
  2.122610839453942E-314  0.000000000000000E+000
 -6.243976244370532E-003 -2.237555881393091E-003
 -1.653746353383929E-002 -8.739629698639612E-003
 -2.941308189489147E-002 -1.956691173068543E-002
 -4.376485448041564E-002 -3.442101730764297E-002
 -5.914461808892100E-002 -5.362246108886198E-002
 -7.540554903696443E-002 -7.718848258079986E-002
 -9.261401701051397E-002 -0.105548579506326     
 -0.111096107425042      -0.138860604653331     
 -0.131125567013115      -0.177723423322247     
 -0.153241984907068      -0.222447580365776     
 -0.177726855206956      -0.273796949178113     
 -0.205188375683256      -0.332171766383068     
 -0.235747355817197      -0.398451514702650     
 -0.269974982888204      -0.472992811971178     
 -0.307651496672698      -0.556659738628394     
 -0.349192101158410      -0.649513795560251     
 -0.393825390085789      -0.752181985602874     
 -0.441636740776471      -0.864036038251082     
 -0.491084616930014      -0.985155041314809     
 -0.541678084461583       -1.11367962730778     
 -0.590976230101976       -1.24881598287649     
 -0.637611746364711       -1.38689742124183     
 -0.678345458608532       -1.52602318647689     
 -0.710543186589037       -1.66049911182298     
 -0.730623918046598       -1.78677262458557     
 -0.734781179922577       -1.89713787044110     
 -0.719608176164235       -1.98773319650009     
 -0.679674156232143       -2.05177793214003     
 -0.611875064590048       -2.07928668822088     
 -0.509209115962386       -2.06692385081301     
 -0.366603890901498       -2.00706295114267     
 -0.180056517383727       -1.90438983913864     
  6.227461317745243E-002  -1.73727209046423     
  0.367501478915683       -1.52006671260011     
  0.754394918664209       -1.25261608091850     
   1.23966811798179      -0.965744855955640     
   1.84363083165126      -0.645294413116127     
   2.62743069562018      -0.320345802154174     
   3.66497584388820      -9.491427663352994E-002
   5.00000000000000       0.000000000000000E+000
  2.122610839453942E-314  0.000000000000000E+000
 -2.406923122280309E-003 -1.538576405311129E-003
 -9.024579611930206E-003 -6.204843646603795E-003
 -1.801229042152011E-002 -1.449447546358015E-002
 -2.843895574523056E-002 -2.621028817547998E-002
 -3.965949832728005E-002 -4.182906066277407E-002
 -5.156588395090741E-002 -6.139126869011563E-002
 -6.411296385463480E-002 -8.531476980199652E-002
 -7.755980150154361E-002 -0.113785054870869     
 -9.212469216812999E-002 -0.147302514364425     
 -0.108210977679897      -0.186275765155862     
 -0.126115110763977      -0.231312462726136     
 -0.146267568652539      -0.283052931623564     
 -0.168924376443949      -0.342158183984683     
 -0.194455051087154      -0.409475231646378     
 -0.222979379473221      -0.485555989319875     
 -0.254693106067546      -0.571363541410540     
 -0.289485884401253      -0.667057392259745     
 -0.327198514840422      -0.773529124811651     
 -0.367402984319851      -0.890141720412847     
 -0.409312135644454       -1.01737181459804     
 -0.452144688317073       -1.15334697036983     
 -0.494125398787896       -1.29761353990679     
 -0.534222664433740       -1.44663263653545     
 -0.569180876954962       -1.59842387817860     
 -0.597971892506517       -1.74755606355018     
 -0.615764134107752       -1.88957888545372     
 -0.622005749455898       -2.01837069359344     
 -0.609404227813816       -2.12838351761906     
 -0.578185427932116       -2.20648511399392     
 -0.517693053384178       -2.24655886329853     
 -0.427154370147782       -2.24228439064887     
 -0.294865316931529       -2.19014088912581     
 -0.115687126027472       -2.05952740442321     
  0.129498116177979       -1.86339244080568     
  0.460718260155610       -1.59047603795182     
  0.898331157332958       -1.27936044401895     
   1.49293491276978      -0.874493252805884     
   2.29447808527441      -0.413263352585335     
   3.44893119644801      -0.121685438540678     
   5.00000000000000       0.000000000000000E+000
  2.122610839453942E-314  0.000000000000000E+000
  6.625939343505163E-006 -8.445216193047653E-004
 -3.712897268850374E-003 -3.720980550811052E-003
 -9.567415514367504E-003 -9.334822743778656E-003
 -1.655597451810717E-002 -1.780460487452916E-002
 -2.412815430677651E-002 -2.961401324641883E-002
 -3.215125002942003E-002 -4.483547599622176E-002
 -4.053915934043693E-002 -6.386316850667711E-002
 -4.950977299257815E-002 -8.679756148521327E-002
 -5.916416510922772E-002 -0.114140702924041     
 -6.986960685461724E-002 -0.146152594611644     
 -8.175975615817931E-002 -0.183516695340179     
 -9.527920791173369E-002 -0.226663207887457     
 -0.110486095059292      -0.276476073820780     
 -0.127884514635593      -0.333512233701689     
 -0.147351827138866      -0.398809585198981     
 -0.169448132039415      -0.472931091681422     
 -0.193739480318016      -0.556957380106891     
 -0.220827960290000      -0.651227647271903     
 -0.249802923933766      -0.756689354376995     
 -0.281265495230474      -0.873057111299942     
 -0.313651702288721       -1.00094716834978     
 -0.347449194184240       -1.13883900860374     
 -0.380323400340231       -1.28680465736417     
 -0.412465797604251       -1.44116310683971     
 -0.440869315125435       -1.60145864065889     
 -0.465175496840508       -1.76071898361852     
 -0.482040273570731       -1.91843377420599     
 -0.489192079204414       -2.06436634527692     
 -0.483685509632459       -2.19428275052156     
 -0.462218492487334       -2.29191323935559     
 -0.421836422914474       -2.35785925337346     
 -0.353173639637783       -2.37967305351206     
 -0.252982898901137       -2.32413082351310     
 -9.333725314184657E-002  -2.19411747148930     
  0.142738049783658       -1.95882292159976     
  0.495063954038315       -1.65565419390371     
   1.05388465558742       -1.18912434764102     
   1.91227595039521      -0.580259488668178     
   3.19556042777789      -0.147026913377737     
   5.00000000000000       0.000000000000000E+000
  2.122610839453942E-314  0.000000000000000E+000
  1.156579415963916E-003 -1.845198946142304E-004
 -7.116539545895493E-004 -1.316168712994141E-003
 -4.029163362043049E-003 -4.478740944630915E-003
 -8.199451814453829E-003 -9.841685977895922E-003
 -1.268593293762148E-002 -1.791925303438913E-002
 -1.743597217205522E-002 -2.876900480867060E-002
 -2.234251826015643E-002 -4.268545960442515E-002
 -2.755903901272906E-002 -5.974491324169546E-002
 -3.314428389961121E-002 -8.030286606808837E-002
 -3.933286773123496E-002 -0.104597515663424     
 -4.622313503810579E-002 -0.133131961321773     
 -5.408973391914367E-002 -0.166351334849736     
 -6.300599839091027E-002 -0.204907058668324     
 -7.327192687515416E-002 -0.249485413446631     
 -8.489549986459204E-002 -0.300801105839702     
 -9.818278711148483E-002 -0.359802584505898     
 -0.113042083677373      -0.427095186341852     
 -0.129741247563759      -0.503891688483860     
 -0.148057966883002      -0.590414792353378     
 -0.168133586346558      -0.688089241310106     
 -0.189605746266545      -0.796382550340030     
 -0.212316485210987      -0.916770913356841     
 -0.235806578099986       -1.04752814239756     
 -0.259382368783540       -1.18971803225241     
 -0.282676359977328       -1.34029264646270     
 -0.304161436403641       -1.49913890407736     
 -0.324003338470741       -1.66144925238092     
 -0.338512179651020       -1.82549295854335     
 -0.348913564213162       -1.98379210191175     
 -0.350471603022968       -2.12828178118061     
 -0.346363467875679       -2.25775501733329     
 -0.324886971173940       -2.36430539751362     
 -0.291857576840321       -2.40386691211565     
 -0.214135690262024       -2.37457148161148     
 -0.100179852871025       -2.25603695863082     
  0.130205299508660       -2.03585000504621     
  0.557325150607222       -1.56027424256195     
   1.32110415065012      -0.851180372414777     
   2.81610392903056      -0.273240065646251     
   5.00000000000000       0.000000000000000E+000
  2.122610839453942E-314  0.000000000000000E+000
  1.171431652634977E-003  2.358438254417861E-004
  4.601127119491562E-004  3.945742921712326E-004
 -1.029415341710019E-003 -6.968535585857853E-004
 -3.035213527301754E-003 -3.370508225265994E-003
 -5.143279344093564E-003 -8.055640446296319E-003
 -7.390382179992299E-003 -1.473346011234149E-002
 -9.652342486992071E-003 -2.362711058574872E-002
 -1.205441963571845E-002 -3.471594508938912E-002
 -1.458479315657656E-002 -4.826442169347719E-002
 -1.740481864736980E-002 -6.438323125587588E-002
 -2.051420403483556E-002 -8.347467405700473E-002
 -2.411962304247297E-002 -0.105793053191174     
 -2.816839672284888E-002 -0.131920706799095     
 -3.294310217520355E-002 -0.162251300490771     
 -3.828324763740550E-002 -0.197542192210577     
 -4.458664198672578E-002 -0.238305588178337     
 -5.151898109651497E-002 -0.285433239473277     
 -5.964277509736828E-002 -0.339514182622310     
 -6.836116748338432E-002 -0.401496965593449     
 -7.846021115262820E-002 -0.471958695757001     
 -8.896145564580671E-002 -0.551789651229443     
 -0.100934577101016      -0.641359373283984     
 -0.112885703235374      -0.741392064880575     
 -0.126266395951697      -0.851606447694553     
 -0.138972900833329      -0.972707237954449     
 -0.152795618012826       -1.10314569160394     
 -0.164867650617609       -1.24358921824403     
 -0.177195666659227       -1.38956570512262     
 -0.186563105890441       -1.54334784366442     
 -0.196549611163890       -1.69400847162754     
 -0.203417484792812       -1.85065498619540     
 -0.204590501018016       -1.99924826197569     
 -0.192581351101368       -2.13073830798413     
 -0.168874448420006       -2.19886705223259     
 -0.130635310086521       -2.25890161219862     
 -9.873761484409535E-002  -2.24465873026620     
 -2.154316324477330E-002  -1.95277061986008     
  0.390303222758263       -1.46326608399948     
   1.65917717911453      -0.495077867542951     
   5.00000000000000       0.000000000000000E+000
  2.122610839453942E-314  0.000000000000000E+000
  4.264070918330522E-004  4.264070918327171E-004
  2.629480804840996E-004  1.188029128654363E-003
 -8.054545672742932E-005  1.281567411890947E-003
 -6.050550781948614E-004  4.467826333265232E-004
 -1.158153392641664E-003 -1.455410440260299E-003
 -1.749773334953737E-003 -4.479106824001614E-003
 -2.328755581686423E-003 -8.659255971267706E-003
 -2.943327705844108E-003 -1.398995296058150E-002
 -3.573853564882066E-003 -2.059001687993539E-002
 -4.293503402665827E-003 -2.847848057675248E-002
 -5.064071752461968E-003 -3.791121454301821E-002
 -5.993316634133416E-003 -4.895687877619287E-002
 -7.006461606003385E-003 -6.200418700515436E-002
 -8.253430206444541E-003 -7.720830778378959E-002
 -9.613502687627671E-003 -9.504797942693935E-002
 -1.128341244274990E-002 -0.115812892043860     
 -1.308865433912090E-002 -0.139995624716525     
 -1.527563250581670E-002 -0.168093637118133     
 -1.761035830889683E-002 -0.200484138398426     
 -2.038513583930868E-002 -0.237982895939544     
 -2.330330737878544E-002 -0.280639984426700     
 -2.668403753302160E-002 -0.329726528398895     
 -3.016802132745146E-002 -0.384697211385447     
 -3.410721318241352E-002 -0.447419050928121     
 -3.815139033331619E-002 -0.516424230117199     
 -4.254425604677974E-002 -0.594474498644872     
 -4.692760823709741E-002 -0.678509193897756     
 -5.127839091387006E-002 -0.771647222043149     
 -5.526187261517473E-002 -0.870950383797109     
 -6.019780482655563E-002 -0.979922605455654     
 -6.776539170653315E-002  -1.09266098024988     
 -7.253512079134626E-002  -1.22018323857694     
 -7.307618554235490E-002  -1.34172965075298     
 -6.843733606112819E-002  -1.44189587083634     
 -6.390378975859308E-002  -1.58645301701817     
 -9.511648861552462E-002  -1.81590078622762     
 -0.215678997285590       -1.81289917598864     
 -8.444391435729361E-002  -1.79699894691423     
   1.18786638617381       -1.05004461837317     
   5.00000000000000       0.000000000000000E+000
  2.122610839453942E-314  0.000000000000000E+000
  2.122610839453942E-314  0.000000000000000E+000
  2.122610839453942E-314  0.000000000000000E+000
  2.122610839453942E-314  0.000000000000000E+000
  2.122610839453942E-314  0.000000000000000E+000
  2.122610839453942E-314  0.000000000000000E+000
  2.122610839453942E-314  0.000000000000000E+000
  2.122610839453942E-314  0.000000000000000E+000
  2.122610839453942E-314  0.000000000000000E+000
  2.122610839453942E-314  0.000000000000000E+000
  2.122610839453942E-314  0.000000000000000E+000
  2.122610839453942E-314  0.000000000000000E+000
  2.122610839453942E-314  0.000000000000000E+000
  2.122610839453942E-314  0.000000000000000E+000
  2.122610839453942E-314  0.000000000000000E+000
  2.122610839453942E-314  0.000000000000000E+000
  2.122610839453942E-314  0.000000000000000E+000
  2.122610839453942E-314  0.000000000000000E+000
  2.122610839453942E-314  0.000000000000000E+000
  2.122610839453942E-314  0.000000000000000E+000
  2.122610839453942E-314  0.000000000000000E+000
  2.122610839453942E-314  0.000000000000000E+000
  2.122610839453942E-314  0.000000000000000E+000
  2.122610839453942E-314  0.000000000000000E+000
  2.122610839453942E-314  0.000000000000000E+000
  2.122610839453942E-314  0.000000000000000E+000
  2.122610839453942E-314  0.000000000000000E+000
  2.122610839453942E-314  0.000000000000000E+000
  2.122610839453942E-314  0.000000000000000E+000
  2.122610839453942E-314  0.000000000000000E+000
  2.122610839453942E-314  0.000000000000000E+000
  2.122610839453942E-314  0.000000000000000E+000
  2.122610839453942E-314  0.000000000000000E+000
  2.122610839453942E-314  0.000000000000000E+000
  2.122610839453942E-314  0.000000000000000E+000
  2.122610839453942E-314  0.000000000000000E+000
  2.122610839453942E-314  0.000000000000000E+000
  2.122610839453942E-314  0.000000000000000E+000
  2.122610839453942E-314  0.000000000000000E+000
  2.122610839453942E-314  0.000000000000000E+000
   5.00000000000000       0.000000000000000E+000
