  5.432309224871097E-312  0.000000000000000E+000
  2.122610839453942E-314  0.000000000000000E+000
  2.122610839453942E-314  0.000000000000000E+000
  2.122610839453942E-314  0.000000000000000E+000
  2.122610839453942E-314  0.000000000000000E+000
  2.122610839453942E-314  0.000000000000000E+000
  2.122610839453942E-314  0.000000000000000E+000
  2.122610839453942E-314  0.000000000000000E+000
  2.122610839453942E-314  0.000000000000000E+000
  2.122610839453942E-314  0.000000000000000E+000
  2.122610839453942E-314  0.000000000000000E+000
  2.122610839453942E-314  0.000000000000000E+000
  2.122610839453942E-314  0.000000000000000E+000
  2.122610839453942E-314  0.000000000000000E+000
  2.122610839453942E-314  0.000000000000000E+000
  2.122610839453942E-314  0.000000000000000E+000
  2.122610839453942E-314  0.000000000000000E+000
  2.122610839453942E-314  0.000000000000000E+000
  2.122610839453942E-314  0.000000000000000E+000
  2.122610839453942E-314  0.000000000000000E+000
  2.122610839453942E-314  0.000000000000000E+000
  2.122610839453942E-314  0.000000000000000E+000
  2.122610839453942E-314  0.000000000000000E+000
  2.122610839453942E-314  0.000000000000000E+000
  2.122610839453942E-314  0.000000000000000E+000
  2.122610839453942E-314  0.000000000000000E+000
  2.122610839453942E-314  0.000000000000000E+000
  2.122610839453942E-314  0.000000000000000E+000
  2.122610839453942E-314  0.000000000000000E+000
  2.122610839453942E-314  0.000000000000000E+000
  2.122610839453942E-314  0.000000000000000E+000
  2.122610839453942E-314  0.000000000000000E+000
  2.122610839453942E-314  0.000000000000000E+000
  2.122610839453942E-314  0.000000000000000E+000
  2.122610839453942E-314  0.000000000000000E+000
  2.122610839453942E-314  0.000000000000000E+000
  2.122610839453942E-314  0.000000000000000E+000
  2.122610839453942E-314  0.000000000000000E+000
  2.122610839453942E-314  0.000000000000000E+000
  2.122610839453942E-314  0.000000000000000E+000
   5.00000000000000       0.000000000000000E+000
  2.122610839453942E-314  0.000000000000000E+000
  2.900532581247700E-004 -2.940084215266313E-004
 -2.765769706237001E-004  1.369928035318293E-004
 -1.031241981112496E-003  1.396697125148050E-003
 -1.852089082826493E-003  4.370875561325778E-003
 -2.652805438059711E-003  8.759813381093478E-003
 -3.393408417215854E-003  1.468692860092862E-002
 -4.117188468778539E-003  2.198045186961100E-002
 -4.768340143963868E-003  3.061835092533503E-002
 -5.393277500827807E-003  4.045875754078022E-002
 -5.935463622443073E-003  5.143261418671058E-002
 -6.444036953385127E-003  6.341051540710133E-002
 -6.859217488609968E-003  7.627431872290606E-002
 -7.230184603002216E-003  8.990643283849713E-002
 -7.496479737655683E-003  0.104131441579434     
 -7.707226850156550E-003  0.118851455630272     
 -7.807604821312053E-003  0.133828945968904     
 -7.844814999417322E-003  0.149001615693754     
 -7.779670244321061E-003  0.164083070922672     
 -7.652559757819346E-003  0.179064119502310     
 -7.453866029640157E-003  0.193650332370655     
 -7.209882854103996E-003  0.207899276981230     
 -6.957630120543278E-003  0.221587147699566     
 -6.698340922426368E-003  0.234839514494464     
 -6.543352152473128E-003  0.247643790620206     
 -6.468360515595221E-003  0.260179936780928     
 -6.691872630179592E-003  0.272852335097376     
 -7.175379798170083E-003  0.285919178151484     
 -8.227477229114301E-003  0.300596325841761     
 -9.591858719234094E-003  0.316886640174815     
 -1.233270914993750E-002  0.338199096407446     
 -1.747758463221959E-002  0.364812100122725     
 -2.495038086671870E-002  0.399740362210965     
 -3.499829852715009E-002  0.447051187051845     
 -4.197846462217129E-002  0.521401564444715     
 -2.720799554585450E-002  0.588432099532787     
 -3.616967409724672E-002  0.707539622947616     
 -0.248219170914512        1.00568631615224     
 -0.234128950556063       0.875984128675424     
  0.614782980008740       0.614782980008623     
   5.00000000000000       0.000000000000000E+000
  2.122610839453942E-314  0.000000000000000E+000
 -1.330376400998110E-004  2.538842312287405E-004
 -1.946546355062852E-003  1.897286196255169E-003
 -4.630245640242143E-003  5.458352307673845E-003
 -7.411002667610036E-003  1.150246057506658E-002
 -1.029094371072241E-002  2.015097202425821E-002
 -1.296963263046784E-002  3.121628821193154E-002
 -1.559525007165976E-002  4.477580499631679E-002
 -1.797819122709833E-002  6.054168149129150E-002
 -2.024542267500186E-002  7.852226721898659E-002
 -2.224937851421259E-002  9.838539951382606E-002
 -2.408522070342113E-002  0.120099607378061     
 -2.563683597751194E-002  0.143298872152511     
 -2.696038375432779E-002  0.167912805477551     
 -2.798041082899918E-002  0.193539163761968     
 -2.871215625277112E-002  0.220072510628503     
 -2.913947413610257E-002  0.247079799476923     
 -2.923703352505913E-002  0.274438372800482     
 -2.906815993633354E-002  0.301707153173368     
 -2.857305001066568E-002  0.328783738862830     
 -2.790927337931878E-002  0.355260166585694     
 -2.700179813663243E-002  0.381118171464292     
 -2.610476798304520E-002  0.406042844550195     
 -2.517339641625899E-002  0.430199873733534     
 -2.454099477930845E-002  0.453444931866707     
 -2.429556102067364E-002  0.476283680298925     
 -2.479449497160452E-002  0.498818595369284     
 -2.645574654082218E-002  0.522194848287933     
 -2.957609879958683E-002  0.546920708529895     
 -3.534803961337047E-002  0.575235710647646     
 -4.364611166565881E-002  0.607933584891616     
 -5.773186410010498E-002  0.649012558172416     
 -7.547253351123952E-002  0.697658308741824     
 -0.101523644270069       0.764122285047753     
 -0.132257170208689       0.854703975794074     
 -0.181355747666486       0.971496966217457     
 -0.207605870169672        1.07109303641104     
 -0.237932207692397        1.14074087008158     
 -5.196890225057999E-002  0.943379179874072     
   1.36858155683701       0.436728981291517     
   5.00000000000000       0.000000000000000E+000
  2.122610839453942E-314  0.000000000000000E+000
 -1.345435901932264E-003  9.676536393099925E-004
 -5.436306083847713E-003  4.399600575179144E-003
 -1.069817866328567E-002  1.036472445295862E-002
 -1.641422168451094E-002  1.965825155690672E-002
 -2.217146709419649E-002  3.207647932373785E-002
 -2.775934864695875E-002  4.776493479399246E-002
 -3.309804331396780E-002  6.649506422365588E-002
 -3.809113735034921E-002  8.824005802460806E-002
 -4.273580583352021E-002  0.112724115804092     
 -4.694708369297003E-002  0.139806744764863     
 -5.073456295409595E-002  0.169185835345899     
 -5.400596475967590E-002  0.200648087425936     
 -5.676829529336933E-002  0.233859472049495     
 -5.893116057397464E-002  0.268534022271875     
 -6.050810965621445E-002  0.304319065240856     
 -6.142955737373958E-002  0.340853174789155     
 -6.173125058802380E-002  0.377798744653747     
 -6.139084178142528E-002  0.414732742907554     
 -6.048376827271448E-002  0.451386751361190     
 -5.906813813371344E-002  0.487318502355995     
 -5.727653889021343E-002  0.522400374686823     
 -5.528924364251367E-002  0.556252237303205     
 -5.331836310850798E-002  0.588974239509609     
 -5.172135942640253E-002  0.620371051061756     
 -5.083469190452442E-002  0.650883227464636     
 -5.126131088243965E-002  0.680653038842395     
 -5.354697283042521E-002  0.710618402780305     
 -5.865466260401975E-002  0.741418860477622     
 -6.765347556689444E-002  0.774811341392797     
 -8.169948021779941E-002  0.811452523002992     
 -0.102806924140016       0.854531516925829     
 -0.130569170540237       0.903437217713710     
 -0.166718638068395       0.962342662293344     
 -0.206795222425870        1.02426616445818     
 -0.265257140154766        1.10263848318317     
 -0.273311125864566        1.10583727724337     
 -0.196921571052727        1.05307056785802     
  0.330569891931420       0.793406659314782     
   1.90888606240751       0.298459567968780     
   5.00000000000000       0.000000000000000E+000
  2.122610839453942E-314  0.000000000000000E+000
 -4.078562735460154E-003  1.658589496430673E-003
 -1.113510641092384E-002  6.725424740293537E-003
 -1.976768022996302E-002  1.519814698770539E-002
 -2.890178947631083E-002  2.741070449164281E-002
 -3.815151108356771E-002  4.331554417000484E-002
 -4.713101792587997E-002  6.287496105242270E-002
 -5.575297500300870E-002  8.600192924271866E-002
 -6.384329509403594E-002  0.112524059039711     
 -7.137958577432932E-002  0.142274766402931     
 -7.824519340018997E-002  0.174979586384739     
 -8.440726720267995E-002  0.210406194922384     
 -8.977132575091602E-002  0.248228246911861     
 -9.427662153379480E-002  0.288135178888095     
 -9.785948121313955E-002  0.329754483056403     
 -0.100443718988205       0.372703114712545     
 -0.102023147493049       0.416568106089735     
 -0.102532290100995       0.460921936150685     
 -0.102055715494326       0.505325897831126     
 -0.100577156350719       0.549367104418134     
 -9.830320077158124E-002  0.592610983463161     
 -9.532098176955142E-002  0.634753501200637     
 -9.198078930862752E-002  0.675410487747618     
 -8.855482897540173E-002  0.714516895938999     
 -8.554347575671145E-002  0.751792960537712     
 -8.353545055513460E-002  0.787581272979855     
 -8.316693105822810E-002  0.821746825278457     
 -8.555450337103124E-002  0.855233078918689     
 -9.138991171709525E-002  0.887982298400166     
 -0.102624491067829       0.921671905380293     
 -0.119646400026287       0.955817516950852     
 -0.145046121802432       0.992748942833573     
 -0.177526555099309        1.03071242699176     
 -0.218144420369186        1.06977287594244     
 -0.256447869753035        1.09994886599064     
 -0.280087514367992        1.10874633881755     
 -0.239578506787362        1.05125935335939     
  2.457643865900734E-002  0.890452053820615     
  0.739593859256431       0.595799362553263     
   2.31021566449379       0.210383408342877     
   5.00000000000000       0.000000000000000E+000
  2.122610839453942E-314  0.000000000000000E+000
 -7.975104944554936E-003  2.268359139855539E-003
 -1.891409376251131E-002  8.877532384666743E-003
 -3.133772279693967E-002  1.947639098566115E-002
 -4.438775131326442E-002  3.431277676291965E-002
 -5.747355567632667E-002  5.311398267772548E-002
 -7.025996688514685E-002  7.596400743542178E-002
 -8.251433413628813E-002  0.102578314461069     
 -9.408373397714490E-002  0.132950703019777     
 -0.104859832478426       0.166734634579053     
 -0.114720905476741       0.203815729406082     
 -0.123585089810253       0.243790286351293     
 -0.131320325062976       0.286467612811596     
 -0.137854344241347       0.331380921776119     
 -0.143048723509921       0.378252259951750     
 -0.146861814707847       0.426568834733421     
 -0.149176744657101       0.475952623241139     
 -0.150021130533566       0.525886712390485     
 -0.149343600967347       0.575885731123510     
 -0.147286974377357       0.625501962665517     
 -0.143920983423708       0.674151242761696     
 -0.139549563592772       0.721558235426300     
 -0.134427949507319       0.767065500684898     
 -0.129068023958725       0.810700065936359     
 -0.123978689544706       0.851753644310270     
 -0.119939431562624       0.890713486692370     
 -0.117764493537178       0.926774318281016     
 -0.118600556726407       0.961080552554241     
 -0.123477857153126       0.992415460081673     
 -0.134019138420978        1.02279421323977     
 -0.150702613758785        1.04960544044259     
 -0.175344689515384        1.07572096022360     
 -0.204649240238502        1.09436209117582     
 -0.239284070229195        1.10882378188616     
 -0.257552705925277        1.09812485156347     
 -0.245468947900983        1.06100712341719     
 -0.111267405010031       0.953987441678221     
  0.254259308260040       0.760671502695495     
   1.07987322467299       0.488867429788364     
   2.64029348191781       0.160408483197680     
   5.00000000000000       0.000000000000000E+000
  2.122610839453942E-314  0.000000000000000E+000
 -1.287961784954984E-002  2.713621478367370E-003
 -2.831695848469003E-002  1.052239020451413E-002
 -4.511642919648264E-002  2.296299211006587E-002
 -6.238605652503429E-002  3.990757764266253E-002
 -7.961940710225573E-002  6.112657746868454E-002
 -9.640827416332945E-002  8.653507819620213E-002
 -0.112521857399434       0.115928414109157     
 -0.127755784737714       0.149184889355167     
 -0.141967545757920       0.186047338204480     
 -0.155013048425450       0.226320999902791     
 -0.166749705533482       0.269674237134254     
 -0.177043294634803       0.315856391656077     
 -0.185737508484840       0.364439590876432     
 -0.192712239792767       0.415108989856649     
 -0.197822277270145       0.467339430062765     
 -0.200996803720088       0.520745942132829     
 -0.202150228147529       0.574729727949214     
 -0.201312462668947       0.628833041699789     
 -0.198521968626673       0.682441587588618     
 -0.193964851269691       0.735033049223481     
 -0.187877661065393       0.786068879699391     
 -0.180651099364277       0.834979898988488     
 -0.172799911442222       0.881416252067945     
 -0.164950889779708       0.924773685818213     
 -0.157975607773203       0.964998109494031     
 -0.152731978238913        1.00141107843922     
 -0.150478907609597        1.03429009564515     
 -0.152177686294872        1.06268458787193     
 -0.159200152606660        1.08700287589028     
 -0.171971448590055        1.10547673294403     
 -0.190451285718629        1.11765367395911     
 -0.211750347319163        1.11931069507776     
 -0.228276114080366        1.10623842470859     
 -0.223582783221353        1.06757877509370     
 -0.156292156393320       0.989878645066867     
  3.904353578037654E-002  0.854138940971408     
  0.498292697230228       0.649327709075968     
   1.39736197698957       0.388207321193940     
   2.88282141189566       0.128981942376420     
   5.00000000000000       0.000000000000000E+000
  2.122610839453942E-314  0.000000000000000E+000
 -1.861382967156720E-002  3.086377430776525E-003
 -3.915109639348453E-002  1.184769623271622E-002
 -6.063785298089334E-002  2.564164667365856E-002
 -8.240807423622072E-002  4.423397364245268E-002
 -0.103936723265821       6.723461253276791E-002
 -0.124884412504770       9.459155025991640E-002
 -0.144965326195957       0.125960732213139     
 -0.163985569377949       0.161320979471692     
 -0.181756106842391       0.200297199616593     
 -0.198105466473657       0.242821495487542     
 -0.212861942168196       0.288456259979771     
 -0.225829479962483       0.337067406804121     
 -0.236845777539767       0.388137410794891     
 -0.245692115898824       0.441429508590648     
 -0.252250300132076       0.496355367024995     
 -0.256315502464713       0.552537544038101     
 -0.257876242635742       0.609359619034291     
 -0.256801777705492       0.666262761690598     
 -0.253261423281828       0.722685937758601     
 -0.247272446761211       0.777855334706232     
 -0.239255048015822       0.831383853106279     
 -0.229448525091936       0.882254416982564     
 -0.218579454931323       0.930393067020189     
 -0.207158333239940       0.974491812093623     
 -0.196253059022508        1.01492752502466     
 -0.186602887350109        1.04996508098982     
 -0.179603863873912        1.08052559998118     
 -0.175866489012429        1.10408521068531     
 -0.176887335828229        1.12203815908616     
 -0.181718610939469        1.13023397833735     
 -0.190851785322281        1.12998607990704     
 -0.196735208570844        1.11365277347305     
 -0.193997546752394        1.08056882591162     
 -0.153045001530676        1.01743945081182     
 -4.374914155516966E-002  0.917722120812032     
  0.218438566986614       0.768337379206535     
  0.733133361510825       0.563252912735009     
   1.64795758033169       0.328345557954830     
   3.07981158693158       0.104884054676823     
   5.00000000000000       0.000000000000000E+000
  2.122610839453942E-314  0.000000000000000E+000
 -2.487056888261868E-002  3.310053405120238E-003
 -5.092028405590539E-002  1.270568398611192E-002
 -7.742836605590951E-002  2.748079253917424E-002
 -0.103866946968113       4.718617533214798E-002
 -0.129817263780513       7.143821904782981E-002
 -0.154970426417825       0.100053830688010     
 -0.179065695121278       0.132742645537462     
 -0.201900791514402       0.169390929819693     
 -0.223265573448531       0.209706031105736     
 -0.242973639089102       0.253562334699924     
 -0.260798944531983       0.300604747914115     
 -0.276531926588485       0.350660453961352     
 -0.289924953614952       0.403270098502740     
 -0.300756043573509       0.458178462801248     
 -0.308792916966275       0.514803294320166     
 -0.313849515562203       0.572775857924731     
 -0.315778863105092       0.631403853778221     
 -0.314503379276539       0.690177843822828     
 -0.310049085273350       0.748347408330970     
 -0.302527261467022       0.805247664190522     
 -0.292223355031355       0.860154269340403     
 -0.279506465698136       0.912244187088008     
 -0.264982607776904       0.960912070854618     
 -0.249312937283720        1.00517110407948     
 -0.233419185617598        1.04459082766198     
 -0.218208339080479        1.07797237740078     
 -0.204734944945148        1.10499705037593     
 -0.193868051442802        1.12408940496305     
 -0.186068669828174        1.13469823395465     
 -0.181058835373360        1.13445027928840     
 -0.176253376043247        1.12162644471538     
 -0.166362439692699        1.09213157730360     
 -0.137876838407503        1.04133449734447     
 -6.851583177033008E-002  0.962381685438742     
  8.654003277571724E-002  0.847249064775786     
  0.393963694908701       0.689411958806409     
  0.954527467582934       0.491544353579845     
   1.88879853761050       0.273664398930369     
   3.24733326454233       8.348799590606178E-002
   5.00000000000000       0.000000000000000E+000
  2.122610839453942E-314  0.000000000000000E+000
 -3.155327276160721E-002  3.472200769631224E-003
 -6.339471498061140E-002  1.326372214051653E-002
 -9.508327622577692E-002  2.858337524777474E-002
 -0.126285697628235       4.893740626169540E-002
 -0.156679566054371       7.383750967964683E-002
 -0.186040283681919       0.103120123396037     
 -0.214130722482240       0.136404938742835     
 -0.240769432974847       0.173655058059133     
 -0.265736334264881       0.214501224923737     
 -0.288821173410399       0.258932107736592     
 -0.309776391165505       0.306521884202573     
 -0.328328146892265       0.357215724045258     
 -0.344209627702010       0.410491591888025     
 -0.357091094954361       0.466180747670283     
 -0.366740794476343       0.523658666199193     
 -0.372820644757344       0.582567267892338     
 -0.375224569328301       0.642219459754261     
 -0.373684429363671       0.701988823609766     
 -0.368324872515285       0.761217055917934     
 -0.359040943323602       0.818940417820980     
 -0.346280255854071       0.874658889976241     
 -0.330182191143303       0.927019371053110     
 -0.311568986813106       0.975815110539979     
 -0.290846771355237        1.01925843366883     
 -0.269193607341387        1.05752605579485     
 -0.247145639898284        1.08831944811694     
 -0.226077697886236        1.11216947467334     
 -0.206080627744966        1.12609433660964     
 -0.188171716256166        1.13069898636962     
 -0.170132681833591        1.12197140472794     
 -0.150749784043665        1.09980529439246     
 -0.120025976345661        1.05867829443769     
 -6.841463785538647E-002  0.996304187876106     
  3.523561764038292E-002  0.906116080413253     
  0.225183859468728       0.783003310964122     
  0.573669779664106       0.625285555212690     
   1.16084706087910       0.435016565051854     
   2.08248567926060       0.238578692363149     
   3.38586795963688       7.036262090822430E-002
   5.00000000000000       0.000000000000000E+000
  2.122610839453942E-314  0.000000000000000E+000
 -3.837353294369934E-002  3.511097098157432E-003
 -7.615167112686551E-002  1.343228390010268E-002
 -0.113094613856767       2.894924548084991E-002
 -0.149077476187351       4.946036966203909E-002
 -0.183892761956017       7.450056777163583E-002
 -0.217409490694162       0.103812001360831     
 -0.249442770017194       0.137084832183399     
 -0.279835735272951       0.174206644116654     
 -0.308374388434262       0.214913179646970     
 -0.334835195860726       0.259137128893031     
 -0.358936112131462       0.306568993252480     
 -0.380370003647635       0.357109272371473     
 -0.398792576216616       0.410335452849073     
 -0.413838120911908       0.466047740977631     
 -0.425153213403224       0.523669120301417     
 -0.432381295857192       0.582835296261611     
 -0.435254873432271       0.642813635581425     
 -0.433526830773638       0.703020699949257     
 -0.427131206930590       0.762615399087517     
 -0.416041487709610       0.820762670373777     
 -0.400495585860792       0.876598256793018     
 -0.380777829681336       0.929031600608172     
 -0.357474024386327       0.977264925974251     
 -0.331206649995576        1.01996907785551     
 -0.302830859284827        1.05645022218982     
 -0.273197595313269        1.08514951228762     
 -0.243093576324950        1.10538511723880     
 -0.213141448060623        1.11531922238444     
 -0.183067776359802        1.11396056091856     
 -0.151785390372230        1.09901918026983     
 -0.115140645611141        1.06853936876700     
 -6.589130669377279E-002   1.01944645243431     
  1.146755143338063E-002  0.948131429605182     
  0.141586751161162       0.850853836912712     
  0.366425903850647       0.723801279455434     
  0.745812807512656       0.566536880082001     
   1.35426046350262       0.386988203564570     
   2.27230784364590       0.206234332050810     
   3.50597825542258       6.028667110827792E-002
   5.00000000000000       0.000000000000000E+000
  2.122610839453942E-314  0.000000000000000E+000
 -4.527188296499430E-002  3.501563300143702E-003
 -8.896351699973910E-002  1.334363031959977E-002
 -0.131124201511336       2.868247652876102E-002
 -0.171795875309751       4.892061769399039E-002
 -0.210928907600011       7.353952583566523E-002
 -0.248487883867586       0.102323290544711     
 -0.284357931136168       0.134908444600070     
 -0.318424162470618       0.171276172802121     
 -0.350482815403382       0.211105621400363     
 -0.380306095042418       0.254465674256008     
 -0.407584684448165       0.300982096005898     
 -0.431958552092434       0.350708743950465     
 -0.453037915357683       0.403151412585931     
 -0.470348554093110       0.458243423727144     
 -0.483498539776332       0.515344265942942     
 -0.491963306901808       0.574149779953415     
 -0.495474428220912       0.633906865658149     
 -0.493561466673885       0.693955822712344     
 -0.486224523951899       0.753530662787093     
 -0.473170801255622       0.811521229601653     
 -0.454789532225701       0.867292819281731     
 -0.431066349506863       0.919237933591450     
 -0.402826487097896       0.966989087120076     
 -0.370344842696707        1.00845264961573     
 -0.334805301947044        1.04358259096795     
 -0.296570488139351        1.06985207633381     
 -0.256890492755757        1.08742783596069     
 -0.215503108235102        1.09340644020150     
 -0.172925326881086        1.08780984559522     
 -0.126223676421923        1.06738866312072     
 -7.292872794614667E-002   1.03134293950399     
 -2.113601834724183E-003  0.976164892282350     
  9.782991067768976E-002  0.899506468794480     
  0.256847658529741       0.798628671716601     
  0.508664340961470       0.670631812216845     
  0.913230563237017       0.518654831124502     
   1.53271067746591       0.348368173468314     
   2.42827125059564       0.183645965346538     
   3.60972698377991       5.298935953540095E-002
   5.00000000000000       0.000000000000000E+000
  2.122610839453942E-314  0.000000000000000E+000
 -5.199451132598344E-002  3.386412633618606E-003
 -0.101487701357653       1.291731970713915E-002
 -0.148703604255609       2.776377024225238E-002
 -0.193917971965687       4.727645229517070E-002
 -0.237206077253183       7.099779066909463E-002
 -0.278657271882780       9.865039478650341E-002
 -0.318235997313631       0.129977573260307     
 -0.355868714242968       0.164897181293090     
 -0.391388758779766       0.203235158694019     
 -0.424549347735771       0.244996021663813     
 -0.455031559927824       0.289974968044597     
 -0.482416262198508       0.338159064099439     
 -0.506248256822534       0.389217265850833     
 -0.525976960647831       0.443019055025763     
 -0.541083281992537       0.499039596027781     
 -0.550978136444604       0.556931360923463     
 -0.555206635325113       0.615957769911820     
 -0.553279773474523       0.675470514114926     
 -0.544963494565238       0.734565899669684     
 -0.530024375045283       0.792249203979426     
 -0.508582824696194       0.847546299172571     
 -0.480784044009783       0.899126807031987     
 -0.447146196194337       0.946052376090144     
 -0.408217828666994       0.986723774553168     
 -0.364787635969741        1.02028807517103     
 -0.317634673693663        1.04497263042531     
 -0.267381548985398        1.05993326895318     
 -0.214431940803579        1.06329705374025     
 -0.158117298607558        1.05397630913668     
 -9.674284631149384E-002   1.02999387279181     
 -2.547731028384352E-002  0.989614646523195     
  6.400606979647061E-002  0.930693916671081     
  0.187447253754424       0.850765868789236     
  0.369460242834273       0.748098783854351     
  0.647504290610913       0.621625543419659     
   1.07273486115001       0.473976788674862     
   1.69962485462323       0.314798341140085     
   2.58167712625167       0.162984865908101     
   3.70274012728827       4.651024028780923E-002
   5.00000000000000       0.000000000000000E+000
  2.122610839453942E-314  0.000000000000000E+000
 -5.849152601654744E-002  3.227429148885574E-003
 -0.113488769282289       1.225394748023668E-002
 -0.165513751914695       2.626436884870905E-002
 -0.214997649084556       4.464986513916323E-002
 -0.262201834499733       6.694064636339708E-002
 -0.307325116096952       9.293755294832340E-002
 -0.350423469998621       0.122354346472235     
 -0.391490769820233       0.155238759436198     
 -0.430376054797088       0.191365888923005     
 -0.466854447203406       0.230920572939379     
 -0.500564185097526       0.273620565573933     
 -0.531052071023990       0.319666854114171     
 -0.557782226068307       0.368625393105663     
 -0.580101274686389       0.420576994537848     
 -0.597402241302257       0.474885417206660     
 -0.608917075740000       0.531353706577528     
 -0.614136902592739       0.589166089002049     
 -0.612321980344631       0.647689886616446     
 -0.603262170645642       0.706037234018495     
 -0.586418588028047       0.763022482856101     
 -0.562046203875369       0.817851253059122     
 -0.529949128381903       0.868756103870418     
 -0.490902521239992       0.915188601250707     
 -0.445073844201355       0.954886495662380     
 -0.393632018280744       0.987593421692094     
 -0.336865042613665        1.01073916907262     
 -0.275932229230303        1.02422228076405     
 -0.210437631479719        1.02539169266409     
 -0.140565941131181        1.01395298858700     
 -6.311757580597416E-002  0.987377682710089     
  2.510789943012007E-002  0.944683851991220     
  0.135092047438427       0.883712108751628     
  0.279190213281599       0.802599776664112     
  0.484985925862001       0.700682149028055     
  0.783612784890161       0.576894978184089     
   1.22405961305537       0.436298558257702     
   1.85315414532826       0.286336601847468     
   2.70972965797035       0.147107144540632     
   3.78415110960684       4.153019223516285E-002
   5.00000000000000       0.000000000000000E+000
  2.122610839453942E-314  0.000000000000000E+000
 -6.453063347091975E-002  2.969199336206991E-003
 -0.124679548070126       1.127447002190884E-002
 -0.181135043977573       2.415307641149479E-002
 -0.234574710596322       4.098266328029493E-002
 -0.285397104860464       6.139436527222597E-002
 -0.333936858629213       8.515445730262397E-002
 -0.380355815189794       0.112122933848038     
 -0.424691827729860       0.142291420686547     
 -0.466862124407054       0.175627509737227     
 -0.506611098682218       0.212239861484725     
 -0.543594297803602       0.252074636748937     
 -0.577270301053918       0.295238209585963     
 -0.607053909645454       0.341535462558303     
 -0.632169423049117       0.390942294264771     
 -0.651883077591785       0.443027735894986     
 -0.665305532523127       0.497502213398332     
 -0.671725008705477       0.553660075334489     
 -0.670327683677534       0.610830081409937     
 -0.660640424925008       0.668072006688572     
 -0.642145028443253       0.724273205926256     
 -0.614796647617914       0.778371884722908     
 -0.578549433606183       0.828844587373737     
 -0.533853559463952       0.874644690293260     
 -0.481170764545443       0.913964576206329     
 -0.421291822562163       0.945854849948774     
 -0.354955413724750       0.968408452437744     
 -0.282783652482179       0.980730020613434     
 -0.205056091522452       0.980980473337230     
 -0.121017080471326       0.968131799497365     
 -2.861802736008994E-002  0.940492581779834     
  7.710671655912403E-002  0.896667834963516     
  0.204894628910482       0.835163956252201     
  0.369847521967092       0.754478723018609     
  0.595289918909572       0.654098983303356     
  0.913719224225594       0.534676431024845     
   1.36790877570751       0.400167101825017     
   1.99713813038873       0.260531398796900     
   2.83629534209393       0.132217253637392     
   3.85846876329735       3.692749535953604E-002
   5.00000000000000       0.000000000000000E+000
  2.122610839453942E-314  0.000000000000000E+000
 -7.005908080226785E-002  2.665439880208523E-003
 -0.134804710095433       1.005815023788825E-002
 -0.195239847376106       2.147848110818141E-002
 -0.252191214162260       3.637393644626383E-002
 -0.306255420755565       5.440010211327912E-002
 -0.357889109529755       7.543542008870542E-002
 -0.407351361655011       9.932629458461199E-002
 -0.454771917080174       0.126230399913747     
 -0.500079564860005       0.156062152211547     
 -0.543068619419908       0.189156653213107     
 -0.583332364221402       0.225363343550041     
 -0.620319702629568       0.265068047401027     
 -0.653325968221251       0.307936426014882     
 -0.681487680328399       0.354246875201087     
 -0.703924603419461       0.403402968653960     
 -0.719570655775720       0.455381525678676     
 -0.727589038462623       0.509327127763971     
 -0.726905409555765       0.564714578512745     
 -0.717002777258614       0.620538329368519     
 -0.697042259042984       0.675625299756089     
 -0.667067563882331       0.729009971042690     
 -0.626683698353269       0.778854199850066     
 -0.576584264429069       0.824417812306023     
 -0.516866620154642       0.863352617733617     
 -0.448714086892532       0.895210480810919     
 -0.372440052697884       0.917431031310315     
 -0.289214542189669       0.929729780224899     
 -0.198678141918439       0.929670129698106     
 -0.100888782720297       0.916823763592284     
  7.337509368234883E-003  0.889144775106412     
  0.129519936367303       0.845720307259711     
  0.276214387624459       0.785173379857822     
  0.459695378301489       0.706248128021615     
  0.704739894248624       0.609348041710129     
   1.03901262117542       0.494764920611824     
   1.50220966373947       0.368158545474217     
   2.12899419837863       0.237440762460274     
   2.94291564131497       0.119817280949114     
   3.92405684975304       3.314204866046613E-002
   5.00000000000000       0.000000000000000E+000
  2.122610839453942E-314  0.000000000000000E+000
 -7.485249662462533E-002  2.266248141411119E-003
 -0.143619638509392       8.543870612956545E-003
 -0.207460858726179       1.822587466234376E-002
 -0.267453142518482       3.078763409334328E-002
 -0.324336730808461       4.601718068747213E-002
 -0.378702468948319       6.378312224432853E-002
 -0.430935020170649       8.410481007674948E-002
 -0.481203901676289       0.107089863421838     
 -0.529532621935061       0.132876502276947     
 -0.575673294629734       0.161713500801578     
 -0.619264228260413       0.193726092360345     
 -0.659639527833746       0.229180268409271     
 -0.696068657871935       0.268053936702998     
 -0.727517898193646       0.310481263581600     
 -0.752994413529374       0.356173084513508     
 -0.771241637803240       0.404961876564560     
 -0.781222829705849       0.456225346921066     
 -0.781708755552087       0.509339278250240     
 -0.771915561250968       0.563373819557234     
 -0.750949844807952       0.617164352216517     
 -0.718557321725481       0.669596645243579     
 -0.674439094995471       0.719007877297196     
 -0.618990332896858       0.764269736109174     
 -0.552571534985042       0.803402885711508     
 -0.476061709211064       0.835390014048880     
 -0.390195786964927       0.858201174558761     
 -0.295755335763537       0.870928708542572     
 -0.192987545248885       0.871730801887384     
 -8.128421950658374E-002  0.859678087831544     
  4.155891584459811E-002  0.833239085370281     
  0.180293059925029       0.791343452284536     
  0.343629186084674       0.732875229585604     
  0.545527003356215       0.657080585823412     
  0.807427590846283       0.564123737554719     
   1.15691806377132       0.455730315210854     
   1.62928109499315       0.336361486698809     
   2.25228066030977       0.215597494261210     
   3.04787876479923       0.107774267202896     
   3.98415935259905       2.957997577347596E-002
   5.00000000000000       0.000000000000000E+000
  2.122610839453942E-314  0.000000000000000E+000
 -7.885875737409584E-002  1.819782395050017E-003
 -0.150854147494572       6.795967781978115E-003
 -0.217468303939924       1.444479871022712E-002
 -0.279908330188862       2.433708426849324E-002
 -0.339110140458396       3.631906051108399E-002
 -0.395788530063834       5.039255580360744E-002
 -0.450421859433179       6.657455451755348E-002
 -0.503287908247815       8.515622970743396E-002
 -0.554417053849988       0.106219750248741     
 -0.603636568130115       0.130264791686108     
 -0.650509126524448       0.157306570774663     
 -0.694388793788429       0.187936350284363     
 -0.734392055017516       0.221968270494826     
 -0.769427186915362       0.259920319123820     
 -0.798291545596667       0.301297269576855     
 -0.819578022221132       0.346321233062705     
 -0.832031682822144       0.394158475977975     
 -0.834183946862856       0.444488248536812     
 -0.825098804690138       0.496232327231245     
 -0.803581866210012       0.548335607392727     
 -0.769369107256675       0.599681844997184     
 -0.721840936220089       0.648450812041813     
 -0.661568117973798       0.693714905053602     
 -0.588599611722393       0.733084607314048     
 -0.504168750151678       0.765932467892359     
 -0.408682640918582       0.789680701450283     
 -0.303433046721512       0.803908834215220     
 -0.188205101556794       0.806264597203817     
 -6.311440901897152E-002  0.796275206573939     
  7.483807963441069E-002  0.772116030889095     
  0.229180921368907       0.733033875918629     
  0.409767919446876       0.678025527197929     
  0.628261531544619       0.606396917914058     
  0.906512868318249       0.519060522103736     
   1.26847569508900       0.417201035508544     
   1.74600642471764       0.306581290643148     
   2.36420355236349       0.194835587700439     
   3.13614406996180       9.696511088850857E-002
   4.03678080721895       2.629526561108078E-002
   5.00000000000000       0.000000000000000E+000
  2.122610839453942E-314  0.000000000000000E+000
 -8.186650639286244E-002  1.289887007048412E-003
 -0.156320499061953       4.796411823759873E-003
 -0.224968564947980       1.016758123570189E-002
 -0.289254007267189       1.705503900058569E-002
 -0.350243260339687       2.545015050223543E-002
 -0.408774032086961       3.537044487639009E-002
 -0.465453438476088       4.700595347841856E-002
 -0.520595458311425       6.060536310499712E-002
 -0.574341427413033       7.647528302421382E-002
 -0.626474087232959       9.502415521127906E-002
 -0.676628585947733       0.116561213982472     
 -0.724029702319276       0.141541512114527     
 -0.767803529895898       0.170145346765622     
 -0.806646387570247       0.202717259947883     
 -0.839281202236500       0.239170947958022     
 -0.864031845020635       0.279539486698906     
 -0.879478730618652       0.323369703279072     
 -0.883886756587858       0.370180324917532     
 -0.876084403665570       0.419142674066938     
 -0.854697016231708       0.469132899726590     
 -0.819198136964810       0.519057451285323     
 -0.768949203437944       0.567179220110378     
 -0.704279564553717       0.612330916654511     
 -0.625409029613325       0.652379644222498     
 -0.533365735081680       0.686255000691941     
 -0.428895016826390       0.711765586666447     
 -0.313062468936593       0.727987022756720     
 -0.186147689352082       0.732975737189268     
 -4.786413249511564E-002  0.725878308755703     
  0.104007114073326       0.705161746750162     
  0.273753616089716       0.670014169935517     
  0.469778112792874       0.619462246450330     
  0.704577728608484       0.553312588487294     
  0.997460028635014       0.472057309148114     
   1.37134760773498       0.378060047532113     
   1.85507097888210       0.275867635389373     
   2.46757679475867       0.174322844932043     
   3.22187728206450       8.596950071827977E-002
   4.08480710221176       2.311666168244224E-002
   5.00000000000000       0.000000000000000E+000
  2.122610839453942E-314  0.000000000000000E+000
 -8.383769394172363E-002  7.172064845947632E-004
 -0.159760335802881       2.595579059732359E-003
 -0.229670836807253       5.468197578283414E-003
 -0.295094991774158       9.102146447590692E-003
 -0.357273425993279       1.357467896624959E-002
 -0.417148146535810       1.903541386454997E-002
 -0.475411776926708       2.568070894583697E-002
 -0.532486759018175       3.392666298516887E-002
 -0.588524689444550       4.402591109828407E-002
 -0.643401396514501       5.662129649058786E-002
 -0.696680120028690       7.191280309634843E-002
 -0.747640545402507       9.068469879902247E-002
 -0.795240521225332       0.112951754142476     
 -0.838168270094099       0.139490540559647     
 -0.874881017586754       0.169996715278956     
 -0.903612220177183       0.205003220718891     
 -0.922614572733562       0.243811594037076     
 -0.929977412682145       0.286415828667293     
 -0.924222088689815       0.331774043461092     
 -0.903735647856612       0.379079024603306     
 -0.867813342756145       0.427140059892964     
 -0.815559240865419       0.474260091827688     
 -0.747335142379197       0.519359554984944     
 -0.663123901833379       0.560042005080586     
 -0.564206966815246       0.595511403532403     
 -0.451108051247660       0.623108131618427     
 -0.325321246561114       0.642285743146892     
 -0.186836484765773       0.650610755191551     
 -3.597411162266530E-002  0.647586591818274     
  0.129967131796079       0.631364309105938     
  0.314287507353910       0.601353453318256     
  0.525958197649347       0.556629629775818     
  0.775678279315883       0.496949437385407     
   1.08238874634753       0.423419064847291     
   1.46636734448690       0.337723305904928     
   1.95291018105481       0.245524072570127     
   2.55967284333046       0.153660643762782     
   3.29273593385683       7.548624452830843E-002
   4.12551037360668       1.988361613602425E-002
   5.00000000000000       0.000000000000000E+000
  2.122610839453942E-314  0.000000000000000E+000
 -8.459991177872060E-002  8.945959670513612E-005
 -0.161078584033190       2.402088392264985E-004
 -0.231394640164177       4.455410777718392E-004
 -0.297264828129045       6.128910156143954E-004
 -0.360016678170465       9.501770441347825E-004
 -0.420693182091188       1.647431728700934E-003
 -0.480094323566663       3.038647785753833E-003
 -0.538680611887150       5.507696011504351E-003
 -0.596715118863186       9.489925191808458E-003
 -0.654044409965611       1.554010217711451E-002
 -0.710329033329785       2.412510553383177E-002
 -0.764729389670136       3.589061038318810E-002
 -0.816262525959816       5.123115699460314E-002
 -0.863384660190753       7.073923585887004E-002
 -0.904548037259160       9.459825983549594E-002
 -0.937643778804992       0.123127118257960     
 -0.960838301786541       0.156162158468606     
 -0.971819279458005       0.193490254514386     
 -0.968947850866185       0.234532707357816     
 -0.950250219173917       0.278340335429701     
 -0.914827726472798       0.323976370959808     
 -0.861575932320312       0.369726024666545     
 -0.790687483907538       0.414471259981441     
 -0.702151142155228       0.455946695806060     
 -0.597140183404990       0.493055714892805     
 -0.476382876890951       0.523379830101647     
 -0.341294673680968       0.545954011509497     
 -0.192225030790273       0.558595754056008     
 -2.933357315676851E-002  0.560473607854222     
  0.149504071934915       0.549873244733223     
  0.347914533814070       0.526155916830848     
  0.573796164870178       0.488286418698435     
  0.837958487736184       0.436465132899971     
   1.15751077789572       0.371267562709973     
   1.55102382242272       0.295363775672534     
   2.04189388078663       0.213153101472092     
   2.64239837240874       0.132454562143313     
   3.35957847470078       6.428753691364775E-002
   4.16196052311637       1.673963543244701E-002
   5.00000000000000       0.000000000000000E+000
  2.122610839453942E-314  0.000000000000000E+000
 -8.414685301303323E-002 -5.656793143700861E-004
 -0.160074028198056      -2.235818143600467E-003
 -0.229953161143433      -4.787429412094218E-003
 -0.295500450895534      -8.188844552019840E-003
 -0.358170766131602      -1.213162663325049E-002
 -0.419064199940682      -1.632237927175490E-002
 -0.479054259538469      -2.041501640604862E-002
 -0.538689069922461      -2.391432870017385E-002
 -0.598257772971399      -2.643046007692490E-002
 -0.657706912078873      -2.724171841469206E-002
 -0.716654675820902      -2.597371323474642E-002
 -0.774354387648523      -2.170636822138568E-002
 -0.829673815606216      -1.418555138695955E-002
 -0.881131253879528      -2.396834710235246E-003
 -0.926888287286398       1.365139523133203E-002
 -0.964842729967433       3.484509918365061E-002
 -0.992732640325849       6.078743616361551E-002
  -1.00818058019575       9.190061151143504E-002
  -1.00905514516274       0.127372239947423     
 -0.993250727156892       0.166802110425832     
 -0.959449779973116       0.209092498935633     
 -0.906382686763407       0.252813495418686     
 -0.834037330011380       0.296835476770702     
 -0.742250516559455       0.338814861371513     
 -0.632261964794241       0.377817058091097     
 -0.504680799646133       0.411035160861736     
 -0.361215775304343       0.437786799849599     
 -0.202087830885979       0.455376339207773     
 -2.792516013211713E-002  0.463265001985624     
  0.163582108846189       0.459339660906042     
  0.375314393271731       0.443131117548862     
  0.615218342194196       0.413554973969817     
  0.892784055756660       0.370679166785014     
   1.22412917188442       0.315601764564157     
   1.62604022893344       0.250137341769356     
   2.11838853146984       0.179782940547401     
   2.71321460433379       0.110078587576412     
   3.41231493886115       5.315822755607934E-002
   4.19045797335222       1.325188912097914E-002
   5.00000000000000       0.000000000000000E+000
  2.122610839453942E-314  0.000000000000000E+000
 -8.238538092747501E-002 -1.228201495975079E-003
 -0.156787328186099      -4.712762547567535E-003
 -0.225326323189871      -1.006456532652015E-002
 -0.289823333077176      -1.706129168588396E-002
 -0.351744609004695      -2.530814012370923E-002
 -0.412255735657046      -3.445277495710156E-002
 -0.472289875854642      -4.408242985160541E-002
 -0.532440692467918      -5.372162009855059E-002
 -0.593090218525183      -6.288467833959448E-002
 -0.654192834767809      -7.092525252513202E-002
 -0.715480654654895      -7.728591259438236E-002
 -0.776134520845393      -8.116980232439927E-002
 -0.835138695547650      -8.199455191501301E-002
 -0.890804870435835      -7.891332817733700E-002
 -0.941386398634949      -7.142923542447578E-002
 -0.984404026432036      -5.885944334101955E-002
  -1.01763201933509      -4.094755635018716E-002
  -1.03816447405951      -1.748560875714439E-002
  -1.04383327845486       1.140000705958376E-002
  -1.03195295131307       4.512764932320357E-002
  -1.00111281053466       8.313913105719292E-002
 -0.949566799425805       0.123906325405899     
 -0.877207061901933       0.166533332233178     
 -0.783626798133938       0.208689516642064     
 -0.670026401421604       0.249329789877919     
 -0.537029119455628       0.285746077781684     
 -0.386373181328726       0.316925916995065     
 -0.218483386166657       0.340280994356043     
 -3.403728768755981E-002  0.354943031656602     
  0.168893693825888       0.358811122485002     
  0.393111720972461       0.351322990597980     
  0.645851304509539       0.331182535631184     
  0.936070041857797       0.298817313955408     
   1.27872150452318       0.254691370097574     
   1.68838361123030       0.201464743207411     
   2.18399682850634       0.143241451055503     
   2.77301036010313       8.646924036084008E-002
   3.45892621371182       4.078163348653549E-002
   4.21472120981050       9.863267919458636E-003
   5.00000000000000       0.000000000000000E+000
  2.122610839453942E-314  0.000000000000000E+000
 -7.935574760743863E-002 -1.890507294185132E-003
 -0.151127658267461      -7.176779619110841E-003
 -0.217499701309544      -1.523477835890896E-002
 -0.280182123839239      -2.572632703977211E-002
 -0.340692803747605      -3.816231776819861E-002
 -0.400184045898619      -5.214102310242987E-002
 -0.459643746571097      -6.723695620728549E-002
 -0.519712501068490      -8.295300014984335E-002
 -0.580823747217446      -9.883636074287483E-002
 -0.643024640821269      -0.114188964268493     
 -0.706061925726172      -0.128516991325121     
 -0.769242694509479      -0.140870860209664     
 -0.831469101012046      -0.150760416795195     
 -0.891194344306265      -0.157011743864458     
 -0.946420412896847      -0.159254203237790     
 -0.994796924044947      -0.156259496644333     
  -1.03363004521919      -0.147931743512769     
  -1.06009522242064      -0.133332849129445     
  -1.07137027465846      -0.112768082512998     
  -1.06478032347250      -8.605023599834312E-002
  -1.03821446839413      -5.388938417417820E-002
 -0.989873708574030      -1.723887650243955E-002
 -0.919109958365919       2.294550984649297E-002
 -0.825444219198978       6.450698360708573E-002
 -0.709846520389623       0.106482574764350     
 -0.572897482573690       0.145887852864358     
 -0.416418732047998       0.181931200395655     
 -0.240848975454657       0.211466469544518     
 -4.715724980713545E-002  0.233885888613779     
  0.166474098736389       0.246552162324697     
  0.402354421155270       0.249056070107955     
  0.667273313085936       0.239908532220302     
  0.969339769135742       0.219330405406143     
   1.32198237764610       0.188243071460354     
   1.73879394811422       0.148181053637113     
   2.23526389456474       0.104466411917993     
   2.81950147878948       6.073287620393710E-002
   3.49134571559031       2.817265126800527E-002
   4.22969825589349       5.864316719402541E-003
   5.00000000000000       0.000000000000000E+000
  2.122610839453942E-314  0.000000000000000E+000
 -7.508711711344886E-002 -2.497172403633324E-003
 -0.143303706987931      -9.447224923349358E-003
 -0.206654044754023      -2.008558873736107E-002
 -0.266826138819014      -3.386336144842284E-002
 -0.325254393613569      -5.027261010322732E-002
 -0.383104887273680      -6.884710985706416E-002
 -0.441358609021008      -8.918903212677165E-002
 -0.500709169556067      -0.110807975511538     
 -0.561645083937003      -0.133276747488668     
 -0.624276063828256      -0.155950743921219     
 -0.688461235451450      -0.178293543637546     
 -0.753524384423842      -0.199445173549684     
 -0.818529849464473      -0.218725176818970     
 -0.881821116775196      -0.235079515722148     
 -0.941592211065367      -0.247725979930866     
 -0.995170847444963      -0.255579618172632     
  -1.04004617951514      -0.257882812680296     
  -1.07281445570793      -0.253850303045281     
  -1.09077945912947      -0.242947894464466     
  -1.09049165005974      -0.225128793779841     
  -1.06987843613053      -0.200270161372484     
  -1.02634779621912      -0.169430766676166     
 -0.959226136753327      -0.132979736970452     
 -0.867444157683784      -9.313343033965102E-002
 -0.751956030936114      -5.066596546232909E-002
 -0.613068965221448      -8.588392083665077E-003
 -0.452675622912475       3.213056436403831E-002
 -0.271228011007867       6.832214302060266E-002
 -6.989543528720119E-002  9.904208725028048E-002
  0.152926247281284       0.121561137400807     
  0.399107610980351       0.135289961125359     
  0.675066655107832       0.138435904118834     
  0.987806288100093       0.131460364518175     
   1.35024384528487       0.114519582181764     
   1.77338240025420       8.987825195042133E-002
   2.27268204837441       6.120982641234701E-002
   2.85246977345546       3.308520768776402E-002
   3.51487902971143       1.374495860994459E-002
   4.24022507874309       1.996398127222577E-003
   5.00000000000000       0.000000000000000E+000
  2.122610839453942E-314  0.000000000000000E+000
 -6.967041701062747E-002 -3.066989831633512E-003
 -0.133380141416351      -1.153243641902050E-002
 -0.192993069917792      -2.444773105526443E-002
 -0.249974560153472      -4.117622246651502E-002
 -0.305709132687298      -6.114747957532349E-002
 -0.361272293649983      -8.391303505163081E-002
 -0.417668778339820      -0.109069126291745     
 -0.475586620435306      -0.136207032467479     
 -0.535589720807329      -0.164919535141112     
 -0.597856866845780      -0.194653754938969     
 -0.662335912680807      -0.224903136833343     
 -0.728491371766689      -0.254835822652563     
 -0.795422231923033      -0.283803485548593     
 -0.861677242264589      -0.310622596868942     
 -0.925331811756217      -0.334543181837497     
 -0.983958607946386      -0.354099296078783     
  -1.03466859307677      -0.368562230974486     
  -1.07429357059952      -0.376470074276416     
  -1.09944560209702      -0.377322453952620     
  -1.10684177156699      -0.370179646192311     
  -1.09348862280755      -0.354941705983808     
  -1.05684935665966      -0.331801826912668     
 -0.995333574175104      -0.301118909129531     
 -0.907848030000351      -0.264596812524185     
 -0.794697503970665      -0.222903130620117     
 -0.656179581746930      -0.179112352172922     
 -0.493917668225208      -0.133975142152697     
 -0.308499592444472      -9.123032312201142E-002
 -0.101120173504647      -5.153631415027669E-002
  0.129439356292924      -1.838417751170910E-002
  0.384816757543736       7.873940866260835E-003
  0.670525615318956       2.498772656638443E-002
  0.993206111326967       3.315811938089407E-002
   1.36376438992055       3.290179447999493E-002
   1.79303306443229       2.495877464907036E-002
   2.29311552572987       1.445224189674258E-002
   2.86989128507325       2.270536714404613E-003
   3.52334885166170      -1.165956579509669E-003
   4.23946385977803      -2.760291424808535E-003
   5.00000000000000       0.000000000000000E+000
  2.122610839453942E-314  0.000000000000000E+000
 -6.328816935813560E-002 -3.513979633386063E-003
 -0.121737895344884      -1.322508564032608E-002
 -0.176916893636471      -2.810240252047812E-002
 -0.230114896274232      -4.732702954011763E-002
 -0.282544411206126      -7.038419968176787E-002
 -0.335227677416417      -9.677337133440243E-002
 -0.389093145519904      -0.126212467164497     
 -0.444879579604562      -0.158288068915760     
 -0.503153163050770      -0.192748160364932     
 -0.564212153535237      -0.229064712693725     
 -0.628086101041670      -0.266865013356265     
 -0.694376290233570      -0.305359468711000     
 -0.762349085582217      -0.343933034258512     
 -0.830621084795611      -0.381449681367526     
 -0.897518059641582      -0.416990212398651     
 -0.960485922032714      -0.449125661157089     
  -1.01693826667659      -0.476659387902204     
  -1.06325728659958      -0.498136864949506     
  -1.09634507734776      -0.512269179092173     
  -1.11210495724122      -0.518092806354091     
  -1.10773522231724      -0.514496414461668     
  -1.07963439067146      -0.501637308204605     
  -1.02626635832698      -0.478911171420539     
 -0.945524215775007      -0.448011319205959     
 -0.837665441996112      -0.408973081318687     
 -0.702306001872098      -0.364913687086072     
 -0.541064447352892      -0.316469377202509     
 -0.354316268194084      -0.267484263773118     
 -0.143471224132595      -0.218858404047710     
  9.265521758842385E-002 -0.174302685679612     
  0.355002049656784      -0.134431789600208     
  0.649030051571668      -0.101907766918902     
  0.979807356638831      -7.650560719578045E-002
   1.35834547226001      -5.863815717415043E-002
   1.79260460593331      -4.698803360141660E-002
   2.29562209202161      -3.849545498370317E-002
   2.87025616141124      -3.125228458916990E-002
   3.51940105917866      -1.857776120427095E-002
   4.23380879389476      -7.337685667807884E-003
   5.00000000000000       0.000000000000000E+000
  2.122610839453942E-314  0.000000000000000E+000
 -5.606930070658628E-002 -3.886089089140413E-003
 -0.108616361077204      -1.455430167799089E-002
 -0.158846110730483      -3.089937830094521E-002
 -0.207749000325364      -5.205946051761682E-002
 -0.256372999222833      -7.751318725420536E-002
 -0.305589882749379      -0.106838806690611     
 -0.356305212138621      -0.139762599756696     
 -0.409200928380938      -0.176040070184791     
 -0.464926018605368      -0.215428154721828     
 -0.523807439914040      -0.257626935666592     
 -0.586031044350978      -0.302261169667674     
 -0.651318602927978      -0.348777080810275     
 -0.719113880163691      -0.396533174992077     
 -0.788253896598859      -0.444551904496889     
 -0.857168331831493      -0.491845991581778     
 -0.923612261503157      -0.536943815253632     
 -0.984886800267968      -0.578519664960572     
  -1.03772265768563      -0.614738910628018     
  -1.07854050328343      -0.644132088955343     
  -1.10353679914213      -0.664963220360240     
  -1.10901397002035      -0.675872636193960     
  -1.09150907719507      -0.675985010462980     
  -1.04831097828481      -0.664452177539330     
 -0.977291973084417      -0.642034598439547     
 -0.877593004703648      -0.608449891160034     
 -0.748743001273147      -0.566463981312338     
 -0.591600377576662      -0.516354299654295     
 -0.406635347796592      -0.462445008729755     
 -0.194943114295143      -0.405047506311320     
  4.415082118156705E-002 -0.348989355684449     
  0.311684007097736      -0.294378150709802     
  0.611758260842231      -0.244807647395976     
  0.949677239547738      -0.200312532477949     
   1.33395646070424      -0.161248565635787     
   1.77329745833918      -0.128263112454257     
   2.27740503932760      -9.659651684143711E-002
   2.85182166905966      -6.936581786075348E-002
   3.49861869982721      -3.679660215064627E-002
   4.21411015901444      -1.316836627193296E-002
   5.00000000000000       0.000000000000000E+000
  2.122610839453942E-314  0.000000000000000E+000
 -4.835394579662067E-002 -4.080380078420231E-003
 -9.453291455190016E-002 -1.533719885612723E-002
 -0.139383006093131      -3.266478826923405E-002
 -0.183568994414597      -5.510296784095890E-002
 -0.227915490615343      -8.224623192089374E-002
 -0.273167440352067      -0.113651370028246     
 -0.320101979130623      -0.149231305525693     
 -0.369431473785186      -0.188728034198001     
 -0.421749065950698      -0.232153710534619     
 -0.477536507319795      -0.279200623434370     
 -0.536998256087291      -0.329794562797079     
 -0.600107539716825      -0.383370612167516     
 -0.666417690514229      -0.439585881542577     
 -0.735056789760006      -0.497430170091406     
 -0.804671792407379      -0.556120764876793     
 -0.873228499838198      -0.614096748158352     
 -0.938347515613298      -0.670011528287123     
 -0.996705515061128      -0.721839057644707     
  -1.04509439035380      -0.767722442809951     
  -1.07919266727122      -0.805617197242543     
  -1.09561366852202      -0.833335472589959     
  -1.08985040070288      -0.849595102339959     
  -1.05932935264123      -0.852436936488053     
  -1.00061207410387      -0.842242398710021     
 -0.912734306019725      -0.817585406235106     
 -0.794028417820525      -0.781026947930219     
 -0.645184408295378      -0.732132367852276     
 -0.466008433285738      -0.675307057385450     
 -0.257610488597156      -0.610619471609279     
 -1.901862972538628E-002 -0.543191785929770     
  0.250149906549596      -0.473526335458454     
  0.553945166010918      -0.405631128740572     
  0.895976101747374      -0.339888267157993     
   1.28548959678962      -0.277820122001314     
   1.72803253451101      -0.219740014067237     
   2.23563164553578      -0.163586820770601     
   2.81122923385247      -0.111442940216586     
   3.46081619530262      -5.852648512357948E-002
   4.18873180141836      -1.875656079615313E-002
   5.00000000000000       0.000000000000000E+000
  2.122610839453942E-314  0.000000000000000E+000
 -4.027933508390213E-002 -4.170384017673908E-003
 -7.988192391286589E-002 -1.561694308802386E-002
 -0.119104381675882      -3.331211496895862E-002
 -0.158306500932602      -5.630594023432121E-002
 -0.198044120120715      -8.425708633907869E-002
 -0.238892821878587      -0.116836646395494     
 -0.281549397124990      -0.153983638432997     
 -0.326633711673452      -0.195650827897226     
 -0.374801658768611      -0.241847952202907     
 -0.426511549716546      -0.292581682690996     
 -0.482155689196558      -0.347744600156340     
 -0.541765797304087      -0.407183573732037     
 -0.605190661286235      -0.470478826738377     
 -0.671721610341025      -0.537091221174651     
 -0.740358436330401      -0.606086420177604     
 -0.809344912262272      -0.676331785990037     
 -0.876591253539939      -0.746216386779171     
 -0.939134532940024      -0.813917526995963     
 -0.993795472647380      -0.877172587212166     
  -1.03659246536922      -0.933698014774046     
  -1.06370274353104      -0.980727004699332     
  -1.07079399467132       -1.01615324520982     
  -1.05430513514197       -1.03742400296680     
  -1.01068151254335       -1.04369841527483     
 -0.937686840650279       -1.03273674445548     
 -0.833271030315281       -1.00612769038756     
 -0.696903837272647      -0.962659794855987     
 -0.528161047752697      -0.906704694367777     
 -0.327324452354571      -0.836985872857897     
 -9.378881993125529E-002 -0.759890595598916     
  0.173552382583369      -0.675040933979533     
  0.477125846912700      -0.588243659352457     
  0.821372399374661      -0.499240747846513     
   1.21272449391909      -0.410738400089680     
   1.65876432126676      -0.325141501516739     
   2.16771519908497      -0.238707346074260     
   2.74721612469864      -0.160687297910138     
   3.40300431764523      -8.175330610947673E-002
   4.14543874843399      -2.627031304202249E-002
   5.00000000000000       0.000000000000000E+000
  2.122610839453942E-314  0.000000000000000E+000
 -3.230973506766037E-002 -4.057010295902376E-003
 -6.523908313705069E-002 -1.529121269985500E-002
 -9.875066329160924E-002 -3.276358811506233E-002
 -0.132772807712355      -5.555447125224679E-002
 -0.167647452473472      -8.346637128836863E-002
 -0.203763267654705      -0.116191148418448     
 -0.241670076097966      -0.153867597522364     
 -0.281981527844176      -0.196427183814934     
 -0.325248043564464      -0.244169223681913     
 -0.372075991799518      -0.297056726485473     
 -0.422793724626501      -0.355382266227221     
 -0.477741323419204      -0.418926787280901     
 -0.536763058764570      -0.487787731965169     
 -0.599621357975090      -0.561320005573373     
 -0.665395309170222      -0.639192175072047     
 -0.732915702232266      -0.720075710836908     
 -0.800271104994744      -0.802954633737174     
 -0.865051751928364      -0.885642132797332     
 -0.924335931646546      -0.966272840905895     
 -0.974376413288987       -1.04194326888753     
  -1.01160871573333       -1.10986889805925     
  -1.03134043163741       -1.16700452676662     
  -1.03015171353936       -1.21018272478084     
  -1.00340065360989       -1.23747927175375     
 -0.948717982291085       -1.24538705234174     
 -0.862463460506039       -1.23445126480491     
 -0.743734421562707       -1.20215038721779     
 -0.590900654598506       -1.15221848397787     
 -0.403593909165531       -1.08229356949840     
 -0.180762716798146      -0.998560730441523     
  7.877825974024934E-002 -0.900753524398729     
  0.377197453440688      -0.795370417722689     
  0.717700628884074      -0.681794610258407     
   1.10896091824487      -0.564763417101729     
   1.55513039190763      -0.446980974662357     
   2.06802039656112      -0.328063357442299     
   2.65276793253299      -0.216705907775229     
   3.32150916262724      -0.110515233633618     
   4.09472403218440      -3.346496850498435E-002
   5.00000000000000       0.000000000000000E+000
  2.122610839453942E-314  0.000000000000000E+000
 -2.455145325841760E-002 -3.828211393338693E-003
 -5.109237959751355E-002 -1.440444707179902E-002
 -7.894183142246515E-002 -3.103265351216798E-002
 -0.107808370838972      -5.285328798479855E-002
 -0.137703617698334      -7.980212943760545E-002
 -0.168881461353030      -0.111684146275092     
 -0.201760518041023      -0.148676341327241     
 -0.236851690477348      -0.190901676095784     
 -0.274723951575769      -0.238638849135817     
 -0.315907353328698      -0.292168138745948     
 -0.360895332328811      -0.351714002236122     
 -0.409994533897169      -0.417545795801588     
 -0.463382371540331      -0.489637206691342     
 -0.520860997793188      -0.568036090305664     
 -0.582027732416789      -0.652197813771645     
 -0.645852156699166      -0.741675380223765     
 -0.711092583195307      -0.835098478410674     
 -0.775570648641584      -0.931232359907142     
 -0.837053995431876       -1.02764070400956     
 -0.892046020980194       -1.12216288155956     
 -0.937435471856828       -1.21119717575744     
 -0.968641231246178       -1.29181566189139     
 -0.982182999862593       -1.35986497196972     
 -0.973151424962344       -1.41263770088158     
 -0.938548619306565       -1.44518955107572     
 -0.873989764921277       -1.45654778793069     
 -0.777469640203847       -1.44305223483382     
 -0.646301293868150       -1.40699172712437     
 -0.479252781890103       -1.34360006541676     
 -0.274268704207690       -1.25958652622649     
 -2.926484773797940E-002  -1.15273074346803     
  0.257386084679409       -1.03238448972450     
  0.590119557983057      -0.893508146461716     
  0.974896719106462      -0.744751131832148     
   1.42099786282967      -0.591487136086172     
   1.93443481616797      -0.432765823845078     
   2.52848140567663      -0.286035861477041     
   3.21390471719246      -0.142987771937446     
   4.01994817652204      -4.454478498431832E-002
   5.00000000000000       0.000000000000000E+000
  2.122610839453942E-314  0.000000000000000E+000
 -1.752055381853986E-002 -3.412505234547900E-003
 -3.796408756977318E-002 -1.298173177651158E-002
 -6.043928202069766E-002 -2.817845778700954E-002
 -8.420691239196790E-002 -4.831776650397492E-002
 -0.109139239059307      -7.346733899690780E-002
 -0.135286259447147      -0.103492239808453     
 -0.162938764363884      -0.138724776775966     
 -0.192565019883395      -0.179255185908019     
 -0.224599857216705      -0.225604560623366     
 -0.259671424767451      -0.277969933028440     
 -0.298134805855196      -0.336962364111930     
 -0.340567687847560      -0.402728679306902     
 -0.387018215594584      -0.475834833119716     
 -0.437793793163281      -0.556156138980446     
 -0.492386135581066      -0.643998862307531     
 -0.550563895976846      -0.738648483520140     
 -0.611009380546713      -0.839858929066449     
 -0.672630219168710      -0.945945815247589     
 -0.733129155394419       -1.05578548280149     
 -0.790230724612505       -1.16642745773820     
 -0.840732540456665       -1.27557885364523     
 -0.881069973510007       -1.37901015558459     
 -0.907581882783039       -1.47340537078394     
 -0.915586723778321       -1.55417412178931     
 -0.901714920347463       -1.61647535198318     
 -0.860961544259908       -1.65671179019029     
 -0.790700076274772       -1.67046521676267     
 -0.687120223624418       -1.65762065246703     
 -0.547937194972093       -1.61125810503994     
 -0.369618261796124       -1.53658740996154     
 -0.149443477578898       -1.42915089157450     
  0.115450472119818       -1.29930484598029     
  0.430400966314149       -1.13915114092441     
  0.803570469539276      -0.958645564983334     
   1.24284261907765      -0.766270707716285     
   1.75784687363302      -0.565014448614173     
   2.35646730051626      -0.370444903844275     
   3.07065745482958      -0.186875171139257     
   3.93327807353988      -5.534324090510466E-002
   5.00000000000000       0.000000000000000E+000
  2.122610839453942E-314  0.000000000000000E+000
 -1.125598940198587E-002 -2.893327282729650E-003
 -2.634181381792419E-002 -1.105209469851460E-002
 -4.376804384957150E-002 -2.432909690517909E-002
 -6.274681614651856E-002 -4.213456573034026E-002
 -8.283667360223627E-002 -6.471157125757990E-002
 -0.104032903992344      -9.200341060416170E-002
 -0.126478042956207      -0.124373069134367     
 -0.150551240249211      -0.162030624792313     
 -0.176658510873590      -0.205444354520459     
 -0.205310846257817      -0.255045390343446     
 -0.236960627873704      -0.311332632358199     
 -0.272060836892255      -0.374878936857426     
 -0.310928913043175      -0.446076036575593     
 -0.353767696209964      -0.525511075277806     
 -0.400580557296957      -0.613223577993750     
 -0.451076304355647      -0.709592480069625     
 -0.504758862357040      -0.813954061091617     
 -0.560527135287775      -0.926147311327843     
 -0.617229885559070       -1.04438838906569     
 -0.672599401754274       -1.16756839968468     
 -0.724787746795531       -1.29244781479127     
 -0.770140959352847       -1.41658016399758     
 -0.806324239376107       -1.53530799984414     
 -0.828248636856141       -1.64506287009063     
 -0.833527215510643       -1.73931873005254     
 -0.816134017084179       -1.81389479759099     
 -0.773963419904178       -1.86309458508946     
 -0.701142633087136       -1.88454348866229     
 -0.595959856083623       -1.86778018234693     
 -0.451922064789382       -1.81608788998556     
 -0.266206980350609       -1.72232444228404     
 -3.354444427744485E-002  -1.59638869672666     
  0.252444063037773       -1.42151917810981     
  0.600532590211018       -1.21324281790716     
   1.02800011010020      -0.981216958343608     
   1.53556409278853      -0.735454296561239     
   2.14705084731050      -0.488320434043339     
   2.88508750364950      -0.240824451295353     
   3.80807963132072      -7.509546511390031E-002
   5.00000000000000       0.000000000000000E+000
  2.122610839453942E-314  0.000000000000000E+000
 -6.217373831295419E-003 -2.251879647887185E-003
 -1.656107065244960E-002 -8.800258645513899E-003
 -2.953981130855933E-002 -1.971301918271197E-002
 -4.402872882905401E-002 -3.469296111132447E-002
 -5.956706289961840E-002 -5.406522077439876E-002
 -7.599916177840661E-002 -7.784771207665141E-002
 -9.338485387734324E-002 -0.106471967310620     
 -0.112046758569069      -0.140094965601647     
 -0.132254328932719      -0.179315592422706     
 -0.154545653893793      -0.224442027257090     
 -0.179197104422727      -0.276235339860445     
 -0.206814773436295      -0.335090708590024     
 -0.237511349163802      -0.401880755702236     
 -0.271853720956175      -0.476952607877095     
 -0.309610309364439      -0.561158176868378     
 -0.351189442444037      -0.654543139362879     
 -0.395805752350022      -0.757717001780830     
 -0.443536276939594      -0.870028475384968     
 -0.492828008177817      -0.991536638950124     
 -0.543183173024599       -1.12035373818575     
 -0.592159464968419       -1.25567037563806     
 -0.638388893206556       -1.39379222796335     
 -0.678648585426642       -1.53281712177213     
 -0.710314603076116       -1.66703449595699     
 -0.729841253395324       -1.79291061039490     
 -0.733446175482984       -1.90274509572542     
 -0.717765211513765       -1.99271404063450     
 -0.677401648661154       -2.05606863662302     
 -0.609280463016247       -2.08285836163816     
 -0.506434156336183       -2.06979850287866     
 -0.363788146902105       -2.00928208212675     
 -0.177358810072794       -1.90603933136928     
  6.472611130269969E-002  -1.73843205295994     
  0.369587680368263       -1.52083370202387     
  0.756037811316945       -1.25307908333413     
   1.24082450967558      -0.965985450932562     
   1.84431027129421      -0.645385796707286     
   2.62770488537701      -0.320369736009842     
   3.66499036170667      -9.490919365240180E-002
   5.00000000000000       0.000000000000000E+000
  2.122610839453942E-314  0.000000000000000E+000
 -2.359080650825858E-003 -1.543725613490974E-003
 -8.998254625163234E-003 -6.232745433215337E-003
 -1.805276722045226E-002 -1.457492506895141E-002
 -2.857673400558413E-002 -2.637609140884964E-002
 -3.991254858163845E-002 -4.211990502739091E-002
 -5.194524795726059E-002 -6.184839608344252E-002
 -6.462377000345763E-002 -8.598222201947626E-002
 -7.820433280312665E-002 -0.114707095049990     
 -9.290265610986814E-002 -0.148523222922310     
 -0.109120316677521      -0.187839128211252     
 -0.127151883161266      -0.233258777792677     
 -0.147424930944340      -0.285421724552123     
 -0.170192475324823      -0.344980545026529     
 -0.195818581194298      -0.412779746763864     
 -0.224418192558976      -0.489356506500593     
 -0.256178490447698      -0.575667954481928     
 -0.290983196419631      -0.671852047630584     
 -0.328662007969867      -0.778789018373138     
 -0.368782427471739      -0.895816009588831     
 -0.410545934144500       -1.02339140739656     
 -0.453172460247495       -1.15962024233719     
 -0.494879523877590       -1.30402402014045     
 -0.534646971181640       -1.45305662389607     
 -0.569221524743037       -1.60471059713844     
 -0.597598232546635       -1.75357401412777     
 -0.614962264986607       -1.89517576923886     
 -0.620790957318828       -2.02344307253333     
 -0.607820992098100       -2.13282594991705     
 -0.576302542125485       -2.21024624393915     
 -0.515610314453219       -2.24961802021625     
 -0.424979375207787       -2.24466069500423     
 -0.292728322311213       -2.19189774947272     
 -0.113700235650014       -2.06073534636370     
  0.131217636604040       -1.86416043778716     
  0.462095782238103       -1.59090683335393     
  0.899306174360293       -1.27956109366903     
   1.49351468419619      -0.874552897610772     
   2.29471814181760      -0.413269939531011     
   3.44895360683268      -0.121675432607240     
   5.00000000000000       0.000000000000000E+000
  2.122610839453942E-314  0.000000000000000E+000
  5.927504274129288E-005 -8.420713053543254E-004
 -3.663350103565966E-003 -3.721159215304257E-003
 -9.557606239939061E-003 -9.356654039832199E-003
 -1.660980666962302E-002 -1.787431782316378E-002
 -2.425946634268431E-002 -2.976482797405226E-002
 -3.236858672009811E-002 -4.510326764925122E-002
 -4.084588829887332E-002 -6.428696722395279E-002
 -4.990808506517950E-002 -8.741660584099979E-002
 -5.965339816543379E-002 -0.114995150970913     
 -7.044958166480893E-002 -0.147281869046219     
 -8.242760186785648E-002 -0.184959095679365     
 -9.603254175957023E-002 -0.228455210367538     
 -0.111318473062413      -0.278650416988262     
 -0.128789083212131      -0.336097736990625     
 -0.148315516919881      -0.401827582743463     
 -0.170456222870219      -0.476395213666301     
 -0.194769094322180      -0.560869214373680     
 -0.221853457229330      -0.655575484311876     
 -0.250790230482502      -0.761445650691927     
 -0.282177265126373      -0.878174267362193     
 -0.314445459089466       -1.00636179455186     
 -0.348079666412588       -1.14446160090542     
 -0.380748686417029       -1.29253729106970     
 -0.412642972303153       -1.44687940062250     
 -0.440772050257281       -1.60704042042245     
 -0.464779086126425       -1.76602479996165     
 -0.481349946110145       -1.92335249452031     
 -0.488216859483628       -2.06877947286073     
 -0.482470214257755       -2.19811527918657     
 -0.460815360079708       -2.29510800336920     
 -0.420323016072028       -2.36040225587738     
 -0.351637484030625       -2.38159329783012     
 -0.251511945854408       -2.32547189064096     
 -9.203173582224944E-002  -2.19498279638197     
  0.143809305126994       -1.95930057330957     
  0.495839843554762       -1.65587778324810     
   1.05435469810668       -1.18918744019486     
   1.91248452484246      -0.580260070554276     
   3.19559287735514      -0.147014840482460     
   5.00000000000000       0.000000000000000E+000
  2.122610839453942E-314  0.000000000000000E+000
  1.200199145835769E-003 -1.758959011169808E-004
 -6.631731002910310E-004 -1.294158222520995E-003
 -4.000511020494520E-003 -4.454401894451369E-003
 -8.207674143767579E-003 -9.833905231292715E-003
 -1.274000733129262E-002 -1.795462345461790E-002
 -1.754164395304824E-002 -2.887664275108532E-002
 -2.250168258302335E-002 -4.289756752138843E-002
 -2.777287063860231E-002 -6.009423220316290E-002
 -3.341259199064348E-002 -8.082247692783147E-002
 -3.965538566547167E-002 -0.105320969793141     
 -4.659900138544563E-002 -0.134091002276117     
 -5.451758629815125E-002 -0.167578489149631     
 -6.348362114474569E-002 -0.206430336671761     
 -7.379553609799257E-002 -0.251333660395174     
 -8.545977328867249E-002 -0.302994535389496     
 -9.877937732036199E-002 -0.362361451309715     
 -0.113660583677364      -0.430025669282643     
 -0.130366640191662      -0.507197891969139     
 -0.148673479868110      -0.594081343778712     
 -0.168716567209089      -0.692094721338352     
 -0.190133626537446      -0.800683779507012     
 -0.212760563115206      -0.921312473754781     
 -0.236142035114482       -1.05223806736468     
 -0.259580109326832       -1.19450390016235     
 -0.282716383544268       -1.34506249517544     
 -0.304024235114614       -1.50377204607950     
 -0.323682843592314       -1.66585221377174     
 -0.338008926173945       -1.82954199011031     
 -0.348242761996826       -1.98741661735166     
 -0.349663071208706       -2.13138849084534     
 -0.345455167523382       -2.26032240188957     
 -0.323935381792267       -2.36630667831567     
 -0.290917580249175       -2.40532630533781     
 -0.213271504217786       -2.37555564404990     
 -9.944890048740998E-002  -2.25661117671051     
  0.130761482407505       -2.03614426827940     
  0.557690782335288       -1.56037200436570     
   1.32127822669725      -0.851197455745584     
   2.81614175281536      -0.273234285265685     
   5.00000000000000       0.000000000000000E+000
  2.122610839453942E-314  0.000000000000000E+000
  1.197917593934701E-003  2.459701793639354E-004
  4.920428742127957E-004  4.259710486597808E-004
 -1.004590800581570E-003 -6.479217570175686E-004
 -3.027577239681732E-003 -3.316712762247419E-003
 -5.156955702783263E-003 -8.016196377695314E-003
 -7.428892053063627E-003 -1.472948859831590E-002
 -9.715887849670875E-003 -2.368243273072310E-002
 -1.214401188801462E-002 -3.485440940295829E-002
 -1.469972525293026E-002 -4.851043337154123E-002
 -1.754554880888738E-002 -6.476110659842595E-002
 -2.067981840096315E-002 -8.400819057520303E-002
 -2.431042926309441E-002 -0.106506066440219     
 -2.838288903180243E-002 -0.132835400589976     
 -3.318094496661103E-002 -0.163389751764642     
 -3.854145183584706E-002 -0.198922852476769     
 -4.486325871243358E-002 -0.239945886974160     
 -5.180855837287999E-002 -0.287343969330382     
 -5.994064017656772E-002 -0.341703333475557     
 -6.865878206135743E-002 -0.403962224392338     
 -7.874928551938666E-002 -0.474692264165453     
 -8.923065433296276E-002 -0.554770407280633     
 -0.101171802410010      -0.644557211254044     
 -0.113078681994314      -0.744763536930484     
 -0.126400459723590      -0.855095130877707     
 -0.139038765505649      -0.976249417065639     
 -0.152778945087631       -1.10666135229605     
 -0.164767130392319       -1.24700407928456     
 -0.177001905889013       -1.39278774065440     
 -0.186287679633381       -1.54631017360832     
 -0.196193643160070       -1.69662887050225     
 -0.203007292378525       -1.85289542498499     
 -0.204138949777416       -2.00106459214503     
 -0.192123301482049       -2.13213317714673     
 -0.168435243389909       -2.19985584346461     
 -0.130247292503542       -2.25953403463823     
 -9.842878134696928E-002  -2.24501178496538     
 -2.132435818054585E-002  -1.95291665432431     
  0.390416748865367       -1.46331033790642     
   1.65921504324963      -0.495077954089137     
   5.00000000000000       0.000000000000000E+000
  2.122610839453942E-314  0.000000000000000E+000
  4.337586651820666E-004  4.337586651818839E-004
  2.732430937701642E-004  1.214554951788133E-003
 -7.108348512987354E-005  1.326282674920439E-003
 -6.001750340378249E-004  5.034262360800541E-004
 -1.158886577375891E-003 -1.397499540530227E-003
 -1.757232615643525E-003 -4.431791389039992E-003
 -2.342820774281515E-003 -8.635410201129673E-003
 -2.964183404624013E-003 -1.400293016286373E-002
 -3.601367527537446E-003 -2.065271438803596E-002
 -4.327722811274819E-003 -2.860431227772160E-002
 -5.104892662957450E-003 -3.811276333915034E-002
 -6.040752942098008E-003 -4.924763618848003E-002
 -7.060387007120078E-003 -6.239604338363042E-002
 -8.313650731153479E-003 -7.771476443323692E-002
 -9.679696467068422E-003 -9.567918910716616E-002
 -1.135484061154090E-002 -0.116581462532218     
 -1.316460318307230E-002 -0.140907923717258     
 -1.535444026912233E-002 -0.169159323597660     
 -1.769077649982858E-002 -0.201702881245844     
 -2.046427988295008E-002 -0.239358142507957     
 -2.337937737290302E-002 -0.282161558035540     
 -2.675286070143872E-002 -0.331387464783358     
 -3.022744035791854E-002 -0.386475429226796     
 -3.415225229421317E-002 -0.449293029517781     
 -3.818019139271148E-002 -0.518360682825748     
 -4.255206718508907E-002 -0.596435432331888     
 -4.691346939913392E-002 -0.680454840679325     
 -5.123934340021095E-002 -0.773524402874770     
 -5.519837077294223E-002 -0.872723527501270     
 -6.011194019609597E-002 -0.981532606110254     
 -6.766086967969583E-002  -1.09408612474400     
 -7.241746632456356E-002  -1.22137799893692     
 -7.294998404299642E-002  -1.34269381066768     
 -6.831349870304500E-002  -1.44260946793204     
 -6.378607884802406E-002  -1.58694870345173     
 -9.502083850677900E-002  -1.81620138880898     
 -0.215610907324653       -1.81304273826457     
 -8.440472929633867E-002  -1.79705691344013     
   1.18788690396087       -1.05004503377044     
   5.00000000000000       0.000000000000000E+000
  2.122610839453942E-314  0.000000000000000E+000
  2.122610839453942E-314  0.000000000000000E+000
  2.122610839453942E-314  0.000000000000000E+000
  2.122610839453942E-314  0.000000000000000E+000
  2.122610839453942E-314  0.000000000000000E+000
  2.122610839453942E-314  0.000000000000000E+000
  2.122610839453942E-314  0.000000000000000E+000
  2.122610839453942E-314  0.000000000000000E+000
  2.122610839453942E-314  0.000000000000000E+000
  2.122610839453942E-314  0.000000000000000E+000
  2.122610839453942E-314  0.000000000000000E+000
  2.122610839453942E-314  0.000000000000000E+000
  2.122610839453942E-314  0.000000000000000E+000
  2.122610839453942E-314  0.000000000000000E+000
  2.122610839453942E-314  0.000000000000000E+000
  2.122610839453942E-314  0.000000000000000E+000
  2.122610839453942E-314  0.000000000000000E+000
  2.122610839453942E-314  0.000000000000000E+000
  2.122610839453942E-314  0.000000000000000E+000
  2.122610839453942E-314  0.000000000000000E+000
  2.122610839453942E-314  0.000000000000000E+000
  2.122610839453942E-314  0.000000000000000E+000
  2.122610839453942E-314  0.000000000000000E+000
  2.122610839453942E-314  0.000000000000000E+000
  2.122610839453942E-314  0.000000000000000E+000
  2.122610839453942E-314  0.000000000000000E+000
  2.122610839453942E-314  0.000000000000000E+000
  2.122610839453942E-314  0.000000000000000E+000
  2.122610839453942E-314  0.000000000000000E+000
  2.122610839453942E-314  0.000000000000000E+000
  2.122610839453942E-314  0.000000000000000E+000
  2.122610839453942E-314  0.000000000000000E+000
  2.122610839453942E-314  0.000000000000000E+000
  2.122610839453942E-314  0.000000000000000E+000
  2.122610839453942E-314  0.000000000000000E+000
  2.122610839453942E-314  0.000000000000000E+000
  2.122610839453942E-314  0.000000000000000E+000
  2.122610839453942E-314  0.000000000000000E+000
  2.122610839453942E-314  0.000000000000000E+000
  2.122610839453942E-314  0.000000000000000E+000
   5.00000000000000       0.000000000000000E+000
