  5.432309224871097E-312  0.000000000000000E+000
  2.122610839453942E-314  0.000000000000000E+000
  2.122610839453942E-314  0.000000000000000E+000
  2.122610839453942E-314  0.000000000000000E+000
  2.122610839453942E-314  0.000000000000000E+000
  2.122610839453942E-314  0.000000000000000E+000
  2.122610839453942E-314  0.000000000000000E+000
  2.122610839453942E-314  0.000000000000000E+000
  2.122610839453942E-314  0.000000000000000E+000
  2.122610839453942E-314  0.000000000000000E+000
  2.122610839453942E-314  0.000000000000000E+000
  2.122610839453942E-314  0.000000000000000E+000
  2.122610839453942E-314  0.000000000000000E+000
  2.122610839453942E-314  0.000000000000000E+000
  2.122610839453942E-314  0.000000000000000E+000
  2.122610839453942E-314  0.000000000000000E+000
  2.122610839453942E-314  0.000000000000000E+000
  2.122610839453942E-314  0.000000000000000E+000
  2.122610839453942E-314  0.000000000000000E+000
  2.122610839453942E-314  0.000000000000000E+000
  2.122610839453942E-314  0.000000000000000E+000
  2.122610839453942E-314  0.000000000000000E+000
  2.122610839453942E-314  0.000000000000000E+000
  2.122610839453942E-314  0.000000000000000E+000
  2.122610839453942E-314  0.000000000000000E+000
  2.122610839453942E-314  0.000000000000000E+000
  2.122610839453942E-314  0.000000000000000E+000
  2.122610839453942E-314  0.000000000000000E+000
  2.122610839453942E-314  0.000000000000000E+000
  2.122610839453942E-314  0.000000000000000E+000
  2.122610839453942E-314  0.000000000000000E+000
  2.122610839453942E-314  0.000000000000000E+000
  2.122610839453942E-314  0.000000000000000E+000
  2.122610839453942E-314  0.000000000000000E+000
  2.122610839453942E-314  0.000000000000000E+000
  2.122610839453942E-314  0.000000000000000E+000
  2.122610839453942E-314  0.000000000000000E+000
  2.122610839453942E-314  0.000000000000000E+000
  2.122610839453942E-314  0.000000000000000E+000
  2.122610839453942E-314  0.000000000000000E+000
   5.00000000000000       0.000000000000000E+000
  2.122610839453942E-314  0.000000000000000E+000
  2.896879842185638E-004 -2.936365475247967E-004
 -2.766465808456681E-004  1.374829140467185E-004
 -1.030782292721417E-003  1.396780866218183E-003
 -1.850952856543369E-003  4.369224833061930E-003
 -2.650972185118913E-003  8.755271000772806E-003
 -3.390903301433754E-003  1.467811164865981E-002
 -4.114027094863691E-003  2.196614590658283E-002
 -4.764616388116611E-003  3.059737213770072E-002
 -5.389043531811898E-003  4.043009714288354E-002
 -5.930864031818607E-003  5.139545441291760E-002
 -6.439153929064204E-003  6.336420813779732E-002
 -6.854228147644154E-003  7.621855179225341E-002
 -7.225193618311795E-003  8.984102641737866E-002
 -7.491675730066349E-003  0.104056676261368     
 -7.702726443797879E-003  0.118767671971539     
 -7.803583627122195E-003  0.133737038027681     
 -7.841388264930660E-003  0.148902434297751     
 -7.776975771469196E-003  0.163978065759237     
 -7.650698035760763E-003  0.178954579162747     
 -7.452917136203690E-003  0.193538128175227     
 -7.209922062739074E-003  0.207786011241174     
 -6.958669154074869E-003  0.221474922622328     
 -6.700424084550499E-003  0.234730090609141     
 -6.546422490963740E-003  0.247539285129396     
 -6.472431634050666E-003  0.260082103517289     
 -6.696820448164532E-003  0.272763085629098     
 -7.181184288326631E-003  0.285840090558843     
 -8.233927789041386E-003  0.300528869477855     
 -9.598872574476889E-003  0.316831987854196     
 -1.233993701939410E-002  0.338157910286688     
 -1.748483515452473E-002  0.364784762995696     
 -2.495705260651095E-002  0.399726072447377     
 -3.500387798123775E-002  0.447048847514040     
 -4.198231642159331E-002  0.521408203508078     
 -2.720981017027778E-002  0.588445033974521     
 -3.616923412578211E-002  0.707552952626769     
 -0.248216401692566        1.00569738165986     
 -0.234125730557630       0.875990693454699     
  0.614784340222828       0.614784340222857     
   5.00000000000000       0.000000000000000E+000
  2.122610839453942E-314  0.000000000000000E+000
 -1.335343507923310E-004  2.539874149685608E-004
 -1.946013509174997E-003  1.896827346871173E-003
 -4.627771862551328E-003  5.456038773988306E-003
 -7.406257997362232E-003  1.149635198529428E-002
 -1.028371675922391E-002  2.013892067841866E-002
 -1.296002497180506E-002  3.119619198907691E-002
 -1.558332951200104E-002  4.474549319104525E-002
 -1.796425369104690E-002  6.049930497213850E-002
 -2.022973010860338E-002  7.846604574424887E-002
 -2.223235379083910E-002  9.831405666207375E-002
 -2.406728284972528E-002  0.120012032017959     
 -2.561847590154904E-002  0.143194586108968     
 -2.694213890603248E-002  0.167791553497222     
 -2.796277629643772E-002  0.193401398245284     
 -2.869573579824280E-002  0.219918921142016     
 -2.912469865153858E-002  0.246911797850866     
 -2.922450809478730E-002  0.274257573958258     
 -2.905818834921727E-002  0.301515843768293     
 -2.856616943735978E-002  0.328584329710368     
 -2.790561634890835E-002  0.355055627034545     
 -2.700177215461221E-002  0.380911484892442     
 -2.610831903313744E-002  0.405837386872033     
 -2.518075741959071E-002  0.429998914924521     
 -2.455193750937735E-002  0.453251928506305     
 -2.431011270732159E-002  0.476101870973531     
 -2.481226946828396E-002  0.498651165006929     
 -2.647651407159700E-002  0.522044651694136     
 -2.959928786734555E-002  0.546790266856929     
 -3.537302566330564E-002  0.575127014185488     
 -4.367200140318777E-002  0.607847928909714     
 -5.775735553439448E-002  0.648950307775906     
 -7.549624499135082E-002  0.697618755761988     
 -0.101543397230244       0.764103110322535     
 -0.132271510778708       0.854701515877098     
 -0.181362614584465       0.971505826364608     
 -0.207605493369975        1.07110665237931     
 -0.237925408398864        1.14075393629962     
 -5.196045750067631E-002  0.943387809592452     
   1.36858725747684       0.436731624512170     
   5.00000000000000       0.000000000000000E+000
  2.122610839453942E-314  0.000000000000000E+000
 -1.345602763707101E-003  9.672888636980125E-004
 -5.434021342833683E-003  4.397458108628623E-003
 -1.069203126961337E-002  1.035903911681407E-002
 -1.640344789947555E-002  1.964643431193105E-002
 -2.215578031777276E-002  3.205596738176408E-002
 -2.773879031163489E-002  4.773295647603178E-002
 -3.307286985535820E-002  6.644906748921384E-002
 -3.806184162521069E-002  8.817759272642101E-002
 -4.270299788210707E-002  0.112643125186753     
 -4.691156987058615E-002  0.139705517184476     
 -5.069720431327948E-002  0.169063153089208     
 -5.396777770593227E-002  0.200503264864981     
 -5.673029553054235E-002  0.233692345980980     
 -5.889446257759534E-002  0.268345107894451     
 -6.047376957885899E-002  0.304109343542086     
 -6.139865912010455E-002  0.340624409912047     
 -6.170476663737542E-002  0.377553024376924     
 -6.136969238274519E-002  0.414472989197013     
 -6.046872667730956E-002  0.451115999471016     
 -5.905984373286799E-002  0.487040604807305     
 -5.727547962101382E-002  0.522119052115316     
 -5.529569602421033E-002  0.555971931444480     
 -5.333248598303112E-002  0.588699020309379     
 -5.174302284040265E-002  0.620105529370040     
 -5.086371206913851E-002  0.650631435662644     
 -5.129711115016493E-002  0.680419286780588     
 -5.358898296463828E-002  0.710406232026089     
 -5.870173937200485E-002  0.741231750132863     
 -6.770448265427949E-002  0.774651730781908     
 -8.175240275267467E-002  0.811322363855021     
 -0.102859652217768       0.854431287424184     
 -0.130618480076227       0.903366398842859     
 -0.166761245083878       0.962298750585607     
 -0.206827343679209        1.02424492456283     
 -0.265275788047854        1.10263442813632     
 -0.273315221861880        1.10584257999839     
 -0.196913357715266        1.05307970114824     
  0.330583498776700       0.793414593898642     
   1.90889734166047       0.298461976212589     
   5.00000000000000       0.000000000000000E+000
  2.122610839453942E-314  0.000000000000000E+000
 -4.077328857603675E-003  1.657716847394831E-003
 -1.112947644066268E-002  6.721588698752909E-003
 -1.975567776519008E-002  1.518894182960465E-002
 -2.888242306182276E-002  2.739323123008662E-002
 -3.812434399278328E-002  4.328681970918345E-002
 -4.709614818709166E-002  6.283196715026117E-002
 -5.571083094372974E-002  8.594177540885660E-002
 -6.379464748051970E-002  0.112444106880823     
 -7.132545199895728E-002  0.142172717595119     
 -7.818681236027278E-002  0.174853626412383     
 -8.434607772953134E-002  0.210254998305531     
 -8.970886953160832E-002  0.248051120474670     
 -9.421459918191731E-002  0.287932008003195     
 -9.779956193721943E-002  0.329525872276980     
 -0.100387683041396       0.372450261350111     
 -0.101972598096988       0.416292955936008     
 -0.102488889647891       0.460626958381407     
 -0.102020807554256       0.505014284394569     
 -0.100552095911260       0.549042419061967     
 -9.828890627509945E-002  0.592277435286465     
 -9.531834746411509E-002  0.634415451126452     
 -9.199019675401482E-002  0.675072817529802     
 -8.857661206680395E-002  0.714184372965814     
 -8.557742321898887E-002  0.751470707635318     
 -8.358127253231694E-002  0.787274002061528     
 -8.322377451277628E-002  0.821459404863005     
 -8.562134954701339E-002  0.854969622452182     
 -9.146510230426064E-002  0.887746845761524     
 -0.102705998274505       0.921467284577928     
 -0.119731334182304       0.955646214876889     
 -0.145130966022843       0.992611617773658     
 -0.177606689711408        1.03060904362402     
 -0.218214843244303        1.06970097260889     
 -0.256502819956039        1.09990466036569     
 -0.280122900450323        1.10872430561910     
 -0.239592027164782        1.05125202713618     
  2.458151197175677E-002  0.890453213742203     
  0.739609452566223       0.595803025171727     
   2.31023040481035       0.210385022702759     
   5.00000000000000       0.000000000000000E+000
  2.122610839453942E-314  0.000000000000000E+000
 -7.971633190703917E-003  2.267029795070910E-003
 -1.890360838017584E-002  8.872090460234940E-003
 -3.131802916717660E-002  1.946400782084755E-002
 -4.435759691613347E-002  3.429019336476726E-002
 -5.743248005587358E-002  5.307806674598266E-002
 -7.020811033894413E-002  7.591149880932208E-002
 -8.245235334623592E-002  0.102506296570729     
 -9.401271717311498E-002  0.132856370939975     
 -0.104781215032142       0.166615731731810     
 -0.114636457309892       0.203670347373767     
 -0.123496789068048       0.243617187033077     
 -0.131230399787518       0.286266090823326     
 -0.137765084801757       0.331150975873765     
 -0.142962576577174       0.377994574371757     
 -0.146781130895654       0.426284730333310     
 -0.149103923697832       0.475644222974435     
 -0.149958321409527       0.525556610178786     
 -0.149292883553295       0.575537392279064     
 -0.147250053593349       0.625139077393194     
 -0.143899372376593       0.673778377869646     
 -0.139544334863419       0.721179888471055     
 -0.134439861273766       0.766686972088963     
 -0.129097401369931       0.810326280110430     
 -0.124025411713408       0.851390172695412     
 -0.120003008265800       0.890365221808718     
 -0.117843808482816       0.926446577062487     
 -0.118694182654823       0.960777646816409     
 -0.123583435295634       0.992141859533775     
 -0.134133954483390        1.02255297229974     
 -0.150822553191534        1.04939944853009     
 -0.175465113408287        1.07555119402039     
 -0.204763810968801        1.09422880890221     
 -0.239386025793360        1.10872515575932     
 -0.257634701056343        1.09805710003424     
 -0.245524707901573        1.06096595387723     
 -0.111294658724647       0.953965313228882     
  0.254258099195308       0.760662732248767     
   1.07988733062628       0.488866227934618     
   2.64030917816616       0.160408368322442     
   5.00000000000000       0.000000000000000E+000
  2.122610839453942E-314  0.000000000000000E+000
 -1.287314124438114E-002  2.711953652046638E-003
 -2.830039152429214E-002  1.051570602145862E-002
 -4.508742011563822E-002  2.294801175773916E-002
 -6.234330692729102E-002  3.988087426658826E-002
 -7.956246701819908E-002  6.108485484073250E-002
 -9.633742858909500E-002  8.647506571044677E-002
 -0.112438016052906       0.115847151909194     
 -0.127660382959410       0.149079645576838     
 -0.141862488745840       0.185915879868513     
 -0.154900608509648       0.226161520869414     
 -0.166632491587906       0.269485563550179     
 -0.176924133041405       0.315637917493760     
 -0.185619418469712       0.364191411750195     
 -0.192598298340483       0.414831864498338     
 -0.197715594524988       0.467034808517877     
 -0.200900376722115       0.520415984717497     
 -0.202066923225383       0.574377190188203     
 -0.201244862608241       0.628461387952230     
 -0.198472378874083       0.682054697750418     
 -0.193935141981136       0.734635459064992     
 -0.187869319225051       0.785665293051996     
 -0.180665057740185       0.834575570351428     
 -0.172836666384634       0.881016312761552     
 -0.165010289207520       0.924383665848243     
 -0.158057046091154       0.964623098461154     
 -0.152834077704323        1.00105637666734     
 -0.150599801204123        1.03396021545748     
 -0.152314465743168        1.06238403105188     
 -0.159349300271780        1.08673495809052     
 -0.172127877359906        1.10524446212887     
 -0.190609178362967        1.11745844123239     
 -0.211901725582093        1.11915303801771     
 -0.228412789761265        1.10611710365864     
 -0.223695086593159        1.06749070027463     
 -0.156372919722503       0.989819888702152     
  3.899811047691357E-002  0.854102986803404     
  0.498279696735401       0.649308880945263     
   1.39737003861107       0.388200094323529     
   2.88283521229947       0.128980013381994     
   5.00000000000000       0.000000000000000E+000
  2.122610839453942E-314  0.000000000000000E+000
 -1.860372119025113E-002  3.084428691660377E-003
 -3.912738855640330E-002  1.184002118042812E-002
 -6.059825395114052E-002  2.562469246817251E-002
 -8.235130543804943E-002  4.420413872632251E-002
 -0.103862459357695       6.718859507587487E-002
 -0.124793122192326       9.452605204657695E-002
 -0.144858214647903       0.125872930684960     
 -0.163864457851538       0.161208192322817     
 -0.181623351466935       0.200157380886328     
 -0.197963901564333       0.242652917085293     
 -0.212714734851193       0.288257920944138     
 -0.225680147672375       0.336838789608358     
 -0.236697945526440       0.387878729583165     
 -0.245549623762474       0.441141617343541     
 -0.252116850359694       0.496039757700024     
 -0.256194859400583       0.552196481412787     
 -0.257771790613742       0.608995816045977     
 -0.256716795564388       0.665879794930771     
 -0.253198606093844       0.722287565441042     
 -0.247234211400141       0.777446199771128     
 -0.239243101938760       0.830968476398014     
 -0.229464129194806       0.881838132546384     
 -0.218623131897245       0.929980791364304     
 -0.207229988665449       0.974089106969266     
 -0.196351903568050        1.01453927478993     
 -0.186727295855736        1.04959656854312     
 -0.179751548239405        1.08018120094962     
 -0.176033964989530        1.10376938483019     
 -0.177070352517246        1.12175424537399     
 -0.181911175709876        1.12998494508735     
 -0.191046866723298        1.12977365736351     
 -0.196923721760762        1.11347746653126     
 -0.194169382258448        1.08043027619013     
 -0.153189693279662        1.01733468941958     
 -4.385713188434495E-002  0.917648540430059     
  0.218371070815234       0.768289203792607     
  0.733104662494726       0.563225256342993     
   1.64795541202669       0.328333633532866     
   3.07981947619260       0.104880482494530     
   5.00000000000000       0.000000000000000E+000
  2.122610839453942E-314  0.000000000000000E+000
 -2.485644021609959E-002  3.307937565077627E-003
 -5.088875152696294E-002  1.269737297891515E-002
 -7.737730061263602E-002  2.746251971648233E-002
 -0.103795231649343       4.715430059717837E-002
 -0.129724767461720       7.138943178161818E-002
 -0.154857881266547       9.998495490423044E-002
 -0.178934634008753       0.132650954507726     
 -0.201753439201407       0.169273939779222     
 -0.223104762717579       0.209561830809555     
 -0.242802726355030       0.253389391595043     
 -0.260621695793484       0.300402189441189     
 -0.276352457191598       0.350427907160689     
 -0.289747567398290       0.403007883601572     
 -0.300585201550679       0.457887499465150     
 -0.308633024407301       0.514485157333724     
 -0.313704923684137       0.572432787376643     
 -0.315653615320767       0.631038625312622     
 -0.314401247312068       0.689793916989989     
 -0.309973305448584       0.747948580486732     
 -0.302480597106481       0.804838371402716     
 -0.292207869643162       0.859739034903990     
 -0.279523583488127       0.911828055135371     
 -0.265032975845966       0.960499909783075     
 -0.249396422264665        1.00476811871653     
 -0.233534870743048        1.04420180788260     
 -0.218354344619908        1.07760221632574     
 -0.204908597826847        1.10465002357298     
 -0.194065360757860        1.12376961446755     
 -0.186284723510735        1.13440898953912     
 -0.181286776318355        1.13419434226848     
 -0.176485190414291        1.12140565522603     
 -0.166587642765597        1.09194661905802     
 -0.138084134735562        1.04118523592676     
 -6.869294109977464E-002  0.962266038776086     
  8.640335373912353E-002  0.847164685836193     
  0.393872505837956       0.689354483300418     
  0.954479995905509       0.491509421781453     
   1.88878258037531       0.273647879321480     
   3.24733359513747       8.348298476592517E-002
   5.00000000000000       0.000000000000000E+000
  2.122610839453942E-314  0.000000000000000E+000
 -3.153480664653605E-002  3.469963398491146E-003
 -6.335486085650266E-002  1.325500729097431E-002
 -9.502017215152610E-002  2.856435319957111E-002
 -0.126198475163658       4.890442534305468E-002
 -0.156568370415546       7.378737934262333E-002
 -0.185906153282911       0.103049770002507     
 -0.213975553636170       0.136311860547587     
 -0.240595865932237       0.173536919749280     
 -0.265547664827540       0.214356359474429     
 -0.288621288121371       0.258759122872131     
 -0.309569596640455       0.306320102931435     
 -0.328119182494973       0.356984883729711     
 -0.344003376788140       0.410232118843946     
 -0.356892698232191       0.465893642388719     
 -0.366555225966632       0.523345500230867     
 -0.372652932846484       0.582230342685979     
 -0.375079257476947       0.641861432924106     
 -0.373565887648330       0.701613196896006     
 -0.368236710981343       0.760827398379681     
 -0.358986364227233       0.818541165710677     
 -0.346261525045907       0.874254242407498     
 -0.330200949639653       0.926614286859182     
 -0.311625889149186       0.975414066245112     
 -0.290941652459023        1.01886642071177     
 -0.269325358475071        1.05714745269020     
 -0.247312111661882        1.08795879450178     
 -0.226275822839127        1.11183069126192     
 -0.206305935628139        1.12578106902828     
 -0.188418664854421        1.13041436015045     
 -0.170393759315385        1.12171771250137     
 -0.151016009035057        1.09958452396733     
 -0.120286144152441        1.05849083821062     
 -6.865600732043031E-002  0.996150547673257     
  3.502584619422421E-002  0.905994414723424     
  0.225017715407234       0.782912357060095     
  0.573552607414012       0.625221982493862     
   1.16077825871320       0.434976956644833     
   2.08245377143251       0.238559564596259     
   3.38585799013997       7.035681122611348E-002
   5.00000000000000       0.000000000000000E+000
  2.122610839453942E-314  0.000000000000000E+000
 -3.835062927108921E-002  3.508830489410392E-003
 -7.610331946941777E-002  1.342346064623218E-002
 -0.113019310496966       2.893004323278090E-002
 -0.148974675191307       4.942725295403869E-002
 -0.183762933341648       7.445046337976574E-002
 -0.217254033144419       0.103742068416107     
 -0.249263946671255       0.136992737023255     
 -0.279636621042550       0.174090320130729     
 -0.308158721382440       0.214771120869808     
 -0.334607371624068       0.258968173882837     
 -0.358700959955906       0.306372582642065     
 -0.380132826190335       0.356885291041101     
 -0.398558844550929       0.410084394812685     
 -0.413613557376499       0.465770650052759     
 -0.424943404671257       0.523367596883922     
 -0.432191818106119       0.582511577288082     
 -0.435090841352779       0.642470380852153     
 -0.433393064784469       0.702661239893062     
 -0.427031764966128       0.762243273702970     
 -0.415979864817549       0.820382035467192     
 -0.400474299227977       0.876213223821050     
 -0.380798618325495       0.928646734275394     
 -0.357537559369048       0.976884518981504     
 -0.331312666362243        1.01959761947914     
 -0.302978035818207        1.05609179018920     
 -0.273383508184212        1.08480807224163     
 -0.243314744268522        1.10506419320991     
 -0.213392972045348        1.11502190462566     
 -0.183343503679131        1.11368954995811     
 -0.152077199097694        1.09877640653931     
 -0.115438738462035        1.06832647034953     
 -6.618360806484526E-002   1.01926393582014     
  1.119458758220696E-002  0.947979667946413     
  0.141347004390758       0.850731835677699     
  0.366231633431627       0.723708072295535     
  0.745670291687681       0.566470471110500     
   1.35416932187272       0.386945906155466     
   2.27225758905599       0.206213289224279     
   3.50595739514412       6.028032598137286E-002
   5.00000000000000       0.000000000000000E+000
  2.122610839453942E-314  0.000000000000000E+000
 -4.524449097480057E-002  3.499301215754131E-003
 -8.890667025331538E-002  1.333488775551752E-002
 -0.131036801566862       2.866357398147975E-002
 -0.171677762278839       4.888817089868405E-002
 -0.210780928024669       7.349070901467422E-002
 -0.248311801353167       0.102255461891822     
 -0.284156407907541       0.134819562717848     
 -0.318200666725775       0.171164357159742     
 -0.350241532374065       0.210969632145257     
 -0.380051872073836       0.254304480875443     
 -0.407322849202587       0.300795323986604     
 -0.431694927939614       0.350496344219773     
 -0.452778507503976       0.402913953108523     
 -0.470099659658007       0.457981967281084     
 -0.483266276983816       0.515060366378517     
 -0.491753829323641       0.573845672970477     
 -0.495293319015263       0.633585045902551     
 -0.493414040407801       0.693619607076612     
 -0.486115174460462       0.753183314169045     
 -0.473103338162496       0.811166845737227     
 -0.454766621329509       0.866935133628070     
 -0.431089797904963       0.918881338475674     
 -0.402896909180959       0.966637416981676     
 -0.370461790103846        1.00811003287887     
 -0.334967215824844        1.04325260493936     
 -0.296774566047244        1.06953810782880     
 -0.257132885179235        1.08713293084838     
 -0.215778423451131        1.09313294825785     
 -0.173226956789732        1.08756011276355     
 -0.126542970286840        1.06716388723515     
 -7.325534084495541E-002   1.03114467314764     
 -2.435019026673130E-003  0.975993223323617     
  9.752796603639204E-002  0.899362120403626     
  0.256579259658755       0.798510899657433     
  0.508442759995315       0.670540494166377     
  0.913062416764551       0.518588877946371     
   1.53259675113399       0.348325805335956     
   2.42820297518684       0.183624719243504     
   3.60969427779789       5.298305987936724E-002
   5.00000000000000       0.000000000000000E+000
  2.122610839453942E-314  0.000000000000000E+000
 -5.196275829140824E-002  3.384235233639355E-003
 -0.101422623160239       1.290892138701315E-002
 -0.148604567392422       2.774566881274583E-002
 -0.193785238565532       4.724554630919725E-002
 -0.237040872717948       7.095148516210588E-002
 -0.278461763362476       9.858638020715442E-002
 -0.318013194892802       0.129894018774117     
 -0.355622506366341       0.164792515561469     
 -0.391123694824811       0.203108286728007     
 -0.424270733057495       0.244846139676908     
 -0.454745138587542       0.289801762938293     
 -0.482128359289651       0.337962598027454     
 -0.505965359515806       0.388998097691039     
 -0.525705894084248       0.442778237038213     
 -0.540830686081813       0.498778634183277     
 -0.550750669658211       0.556652368790698     
 -0.555010370136136       0.615663182620107     
 -0.553120429850658       0.675163425648982     
 -0.544845820692080       0.734249498543382     
 -0.529952408308468       0.791927264710227     
 -0.508559357353366       0.847222421598540     
 -0.480810889992701       0.898804951163244     
 -0.447223830002124       0.945736114145326     
 -0.408345605879046       0.986416692062133     
 -0.364963625244545        1.01999330355724     
 -0.317855749945279        1.04469293558868     
 -0.267643335473942        1.05967106863294     
 -0.214728695523849        1.06305409306030     
 -0.158441805119999        1.05375420885608     
 -9.708614137286506E-002   1.02979341899072     
 -2.582845715093563E-002  0.989436755694705     
  6.365987801489270E-002  0.930538708204105     
  0.187120575632842       0.850633791355252     
  0.369167512255266       0.747989744652147     
  0.647258519590358       0.621539706047926     
   1.07254331839487       0.473914094036574     
   1.69948889892842       0.314757639714133     
   2.58158991380976       0.162964242783087     
   3.70269606995417       4.650413433593158E-002
   5.00000000000000       0.000000000000000E+000
  2.122610839453942E-314  0.000000000000000E+000
 -5.845559358704670E-002  3.225367431436048E-003
 -0.113415903809088       1.224606390715023E-002
 -0.165403805834408       2.624751130377726E-002
 -0.214851321481456       4.462123394564995E-002
 -0.262020762666532       6.689801335487648E-002
 -0.307111813784606       9.287887886633005E-002
 -0.350181327835878       0.122278144577580     
 -0.391223987435430       0.155143645752797     
 -0.430089569678462       0.191251032524206     
 -0.466553896249197       0.230785248786052     
 -0.500255738215565       0.273464606566505     
 -0.530742448923053       0.319490302240583     
 -0.557478388655511       0.368428821250270     
 -0.579810515403957       0.420361376741636     
 -0.597131691869909       0.474652146394341     
 -0.608673887098116       0.531104808944685     
 -0.613927588784784       0.588903773625906     
 -0.612152672382307       0.647417172043394     
 -0.603137916033883       0.705756984764851     
 -0.586343627207758       0.762738373615983     
 -0.562023411907333       0.817566475958564     
 -0.529980229935270       0.868474403276716     
 -0.490987842295306       0.914913074715462     
 -0.445212369368037       0.954620296650348     
 -0.393821498196795       0.987339165400110     
 -0.337101806520574        1.01049893308931     
 -0.276211533153797        1.02399796869563     
 -0.210753165644480        1.02518418320299     
 -0.140910207622748        1.01376346804821     
 -6.348117733880944E-002  0.987206111059106     
  2.473601059895674E-002  0.944530917974421     
  0.134724805425854       0.883577471029598     
  0.278842205004173       0.802484026057526     
  0.484671383328236       0.700585352142207     
  0.783345065079327       0.576817883483479     
   1.22384628930473       0.436241703354142     
   1.85299776526307       0.286299605557490     
   2.70962591856226       0.147088314578988     
   3.78409641128806       4.152476050546688E-002
   5.00000000000000       0.000000000000000E+000
  2.122610839453942E-314  0.000000000000000E+000
 -6.449085870078428E-002  2.967331679676235E-003
 -0.124599563027155       1.126735923665509E-002
 -0.181015205971105       2.413793503865045E-002
 -0.234416170982207       4.095712501819571E-002
 -0.285201856354673       6.135652665214203E-002
 -0.333707792568071       8.510268600490400E-002
 -0.380096586112968       0.112055973670456     
 -0.424406981656658       0.142208206906246     
 -0.466556839534124       0.175527317506924     
 -0.506291372971550       0.212122153716537     
 -0.543266585951483       0.251939229264128     
 -0.576941735056305       0.295085184273102     
 -0.606731819909367       0.341365285844929     
 -0.631861567302814       0.390755842258689     
 -0.651597030250358       0.442826259534219     
 -0.665048912619360       0.497287529410566     
 -0.671504760938413       0.553434260815939     
 -0.670150313514128       0.610595859952257     
 -0.660511263547441       0.667832124379107     
 -0.642068489300435       0.724030969178389     
 -0.614775616470061       0.778130325356023     
 -0.578585548357466       0.828607004978349     
 -0.533946837440085       0.874413885337645     
 -0.481319882025260       0.913743177950481     
 -0.421493968905094       0.945644959435822     
 -0.355206524214696       0.968211568004969     
 -0.283078319173971       0.980547310771476     
 -0.205387709108611       0.980812259870828     
 -0.121377560719517       0.967978426159904     
 -2.899792650546006E-002  0.940353615687888     
  7.671875484764307E-002  0.896543251036100     
  0.204511320528105       0.835053367700421     
  0.369483211143777       0.754382412392213     
  0.594958604977223       0.654017423067120     
  0.913433652029056       0.534610556853012     
   1.36767695986112       0.400118121265691     
   1.99696345838642       0.260499348583410     
   2.83617557735866       0.132200934832389     
   3.85840453307505       3.692281500772620E-002
   5.00000000000000       0.000000000000000E+000
  2.122610839453942E-314  0.000000000000000E+000
 -7.001586839112794E-002  2.663800248584440E-003
 -0.134718465266032       1.005198061277644E-002
 -0.195111426658581       2.146548481999239E-002
 -0.252022177114562       3.635217303946783E-002
 -0.306048133460538       5.436812491853836E-002
 -0.357646717674956       7.539190952885365E-002
 -0.407077816128173       9.927036183387711E-002
 -0.454471937243430       0.126161145437115     
 -0.499758605880577       0.155979086440362     
 -0.542732856044625       0.189059248904680     
 -0.582988567966180       0.225251497493756     
 -0.619975261332837       0.264941723733780     
 -0.652988604819085       0.307796018123161     
 -0.681165518570510       0.354093073747917     
 -0.703625669380948       0.403236815995488     
 -0.719302997392923       0.455204655046629     
 -0.727360028860811       0.509141300226433     
 -0.726721915247400       0.564522375220836     
 -0.716870409864499       0.620342102806657     
 -0.696965558177303       0.675428225008910     
 -0.667049441768783       0.728814636070351     
 -0.626725570965545       0.778663683148976     
 -0.576685902899551       0.824234442862746     
 -0.517026151171043       0.863178596807886     
 -0.448928282054450       0.895047428409179     
 -0.372704132798698       0.917279764174182     
 -0.289522706369287       0.929590998105299     
 -0.199023144205662       0.929543306969278     
 -0.101262391978032       0.916708833685376     
  6.945060501983117E-003  0.889040515712019     
  0.129119745096275       0.845626431225364     
  0.275818983373621       0.785089044941870     
  0.459318567640745       0.706173624101864     
  0.704395130370948       0.609283856289246     
   1.03871249728058       0.494712326059976     
   1.50196242786075       0.368119013679217     
   2.12880436157159       0.237414925489844     
   2.94278353242300       0.119804086694509     
   3.92398507025776       3.313841699071612E-002
   5.00000000000000       0.000000000000000E+000
  2.122610839453942E-314  0.000000000000000E+000
 -7.480639554886173E-002  2.264912525845817E-003
 -0.143528184519773       8.538887707941409E-003
 -0.207325378515116       1.821545598714285E-002
 -0.267275597739906       3.077038293452339E-002
 -0.324119746796144       4.599203859708469E-002
 -0.378449468890595       6.374921068067801E-002
 -0.430650078612921       8.406146990389571E-002
 -0.480891949517982       0.107036491311341     
 -0.529199194783578       0.132812668330936     
 -0.575324785688688       0.161638802392431     
 -0.618907542171098       0.193640331452789     
 -0.659282344227436       0.229083359053774     
 -0.695718953755064       0.267946069663409     
 -0.727184187142895       0.310362925648645     
 -0.752685096043814       0.356045076890606     
 -0.770965200811864       0.404825513437466     
 -0.780987044996449       0.456082174040209     
 -0.781520854522117       0.509191486172071     
 -0.771781406840688       0.563223590921114     
 -0.750874119825145       0.617014433658577     
 -0.718542874107424       0.669449448795567     
 -0.674487177635860       0.718866030445107     
 -0.619100274629385       0.764135280559473     
 -0.552741044782564       0.803277552475588     
 -0.476286838566508       0.835274930530117     
 -0.390471277937776       0.858096680413535     
 -0.296074620780986       0.870834799666289     
 -0.193343103427276       0.871646513211505     
 -8.166728689226381E-002  0.859602561068385     
  4.115795718391966E-002  0.833170781051885     
  0.179885330319004       0.791281431906732     
  0.343226616339660       0.732818558234988     
  0.545142751125998       0.657029249841486     
  0.807074455117070       0.564078400283031     
   1.15660784078665       0.455692288758525     
   1.62902229125978       0.336332582754738     
   2.25207869113386       0.215578546699695     
   3.04773596781207       0.107764677421083     
   3.98408138678960       2.957740402292853E-002
   5.00000000000000       0.000000000000000E+000
  2.122610839453942E-314  0.000000000000000E+000
 -7.881038819184549E-002  1.818785619588249E-003
 -0.150758726712687       6.792326343160835E-003
 -0.217327580577664       1.443733549571429E-002
 -0.279724566446952       2.432491120861950E-002
 -0.338886219893467       3.630162031382922E-002
 -0.395527979403996       5.036929532258540E-002
 -0.450128903228646       6.654516959629701E-002
 -0.502967476090437       8.512025234218172E-002
 -0.554074799006285       0.106176935144120     
 -0.603278885366076       0.130214689080059     
 -0.650143092459689       0.157248986617062     
 -0.694022193611592       0.187871003297850     
 -0.734033155779137       0.221895181448632     
 -0.769084764645895       0.259839695794228     
 -0.797974407110735       0.301209593017565     
 -0.819295033190589       0.346227537026156     
 -0.831791043702057       0.394059875068705     
 -0.833993234350175       0.444386713894963     
 -0.824964169859803       0.496129549833893     
 -0.803508095207081       0.548234170140526     
 -0.769359046042701       0.599583661618152     
 -0.721895546546597       0.648358312804404     
 -0.661686402396178       0.693629670202873     
 -0.588778610913328       0.733008014945303     
 -0.504403999646229       0.765865240386067     
 -0.408968048802108       0.789622610692103     
 -0.303761608918716       0.803859525597091     
 -0.188568619022196       0.806222395780226     
 -6.350406357305091E-002  0.796238959253291     
  7.443211510396644E-002  0.772083534782454     
  0.228769248085647       0.733003982734257     
  0.409362033804802       0.677996879595710     
  0.627873672153965       0.606369433581927     
  0.906155061239648       0.519034729057216     
   1.26815924734137       0.417178365595562     
   1.74573996929336       0.306563543145792     
   2.36399343257324       0.194824012231637     
   3.13599470772068       9.695927126936321E-002
   4.03669939558582       2.629386731153263E-002
   5.00000000000000       0.000000000000000E+000
  2.122610839453942E-314  0.000000000000000E+000
 -8.181661301116244E-002  1.289291231201648E-003
 -0.156222489166469       4.794307209225302E-003
 -0.224824531902343       1.016340409446262E-002
 -0.289066478219613       1.704849670817118E-002
 -0.350015221912523       2.544110109591266E-002
 -0.408509123438935       3.535876499077124E-002
 -0.465155833500334       4.699155487019237E-002
 -0.520270116469739       6.058802834109132E-002
 -0.573993904017986       7.645479205794888E-002
 -0.626110818480283       9.500011828303605E-002
 -0.676256617114918       0.116533290941935     
 -0.723656964865410       0.141509291631856     
 -0.767438416732002       0.170108574927526     
 -0.806297974004115       0.202675841850968     
 -0.838958596499182       0.239125031296081     
 -0.863744322468441       0.279489669533531     
 -0.879234873785373       0.323316788488672     
 -0.883694517322192       0.370125775195344     
 -0.875950197267514       0.419087939604763     
 -0.854625777970012       0.469080049765989     
 -0.819192645734142       0.519008206547164     
 -0.769010220400309       0.567135544779875     
 -0.704405601245332       0.612294152282672     
 -0.625596626131243       0.652350772854963     
 -0.533609629880888       0.686234360422232     
 -0.429188556115288       0.711752621596292     
 -0.313397844605565       0.727980827728434     
 -0.186516412614742       0.732974374062416     
 -4.825693534549041E-002  0.725880006474146     
  0.103599803516629       0.705164114121348     
  0.273342199639822       0.670015546381712     
  0.469373265588698       0.619461177287969     
  0.704190809004610       0.553308703095736     
  0.997102160111650       0.472051128332670     
   1.37102924725126       0.378052892289267     
   1.85480083839097       0.275861377106238     
   2.46736195098675       0.174318771395243     
   3.22172378990514       8.596758810584046E-002
   4.08472354414391       2.311641281091999E-002
   5.00000000000000       0.000000000000000E+000
  2.122610839453942E-314  0.000000000000000E+000
 -8.378707723957904E-002  7.170390383880533E-004
 -0.159661274460118       2.595117320564398E-003
 -0.229525667482780       5.467551569798408E-003
 -0.294906363910926       9.101562109529506E-003
 -0.357044404028771       1.357450887411078E-002
 -0.416882291555412       1.903585028238073E-002
 -0.475113224253522       2.568197830263217E-002
 -0.532160284491955       3.392866632438207E-002
 -0.588175776459440       4.402856018206082E-002
 -0.643036305033967       5.662413706496869E-002
 -0.696305894643914       7.191543828053951E-002
 -0.747265062299809       9.068649127578225E-002
 -0.794872333170311       0.112952203341885     
 -0.837816593028087       0.139489210613406     
 -0.874555300623788       0.169993330826184     
 -0.903322057607988       0.204998003735297     
 -0.922368976183600       0.243804789272034     
 -0.929784686452401       0.286408577474226     
 -0.924088970916051       0.331767178294964     
 -0.903667223191831       0.379074392716312     
 -0.867812405756415       0.427138802562377     
 -0.815626296594778       0.474264005354139     
 -0.747468342577153       0.519369525468586     
 -0.663319109958301       0.560058790084844     
 -0.564458335255097       0.595535042939503     
 -0.451408059513615       0.623137705529860     
 -0.325661600522607       0.642320174906477     
 -0.187208020327544       0.650647627674884     
 -3.636753687234362E-002  0.647624026968655     
  0.129561514131906       0.631399440352804     
  0.313879452610289       0.601384526303835     
  0.525557814603073       0.556654824293309     
  0.775295820126991       0.496968286792893     
   1.08203446839925       0.423431832545870     
   1.46605101253547       0.337731260321488     
   1.95264047758122       0.245528885067385     
   2.55945745803081       0.153663848579876     
   3.29258217002774       7.548805434036672E-002
   4.12542765720278       1.988445476849379E-002
   5.00000000000000       0.000000000000000E+000
  2.122610839453942E-314  0.000000000000000E+000
 -8.454944840437391E-002  8.975226808760506E-005
 -0.160980051608242       2.414850307840180E-004
 -0.231250502258480       4.485698380718957E-004
 -0.297077787710267       6.184984015734278E-004
 -0.359789711720577       9.591225623344514E-004
 -0.420429760641867       1.660290665169893E-003
 -0.479798355336472       3.055850447843030E-003
 -0.538356703328787       5.529347700632284E-003
 -0.596368483412541       9.515962793605760E-003
 -0.653681157344558       1.557009481789837E-002
 -0.709956007195409       2.415851108146094E-002
 -0.764354443936683       3.592662300234885E-002
 -0.815894186255870       5.126897730266050E-002
 -0.863032321094355       7.077806149935964E-002
 -0.904221343262204       9.463741204423995E-002
 -0.937352682573167       0.123166277298717     
 -0.960592168353652       0.156201148030464     
 -0.971626804594857       0.193529570034821     
 -0.968816088867516       0.234572834436752     
 -0.950184452414669       0.278382485209428     
 -0.914830777387690       0.324021449155796     
 -0.861648133942574       0.369775317529005     
 -0.790826579984111       0.414525478778469     
 -0.702352473118154       0.456006277828969     
 -0.597397150904356       0.493120488326593     
 -0.476687341141394       0.523448731004135     
 -0.341637574337666       0.546025657875891     
 -0.192596869800430       0.558667692952672     
 -2.972468498287484E-002  0.560543597741477     
  0.149103121763207       0.549938410106063     
  0.347513193237834       0.526214169557042     
  0.573403661176912       0.488335885321278     
  0.837584147758969       0.436505083821458     
   1.15716386314273       0.371298133283123     
   1.55071327597391       0.295386007715634     
   2.04162827848224       0.213168543122699     
   2.64218576082671       0.132464694363000     
   3.35942720645146       6.429292746623470E-002
   4.16187965471927       1.674152279121957E-002
   5.00000000000000       0.000000000000000E+000
  2.122610839453942E-314  0.000000000000000E+000
 -8.409744228920601E-002 -5.649176923130289E-004
 -0.159977692951601      -2.232790299250718E-003
 -0.229812344743199      -4.780703952265515E-003
 -0.295317756195131      -8.177084367621061E-003
 -0.357949033364589      -1.211362884981437E-002
 -0.418806645997111      -1.629727289395839E-002
 -0.478764558805008      -2.038210591389604E-002
 -0.538371487300150      -2.387337643194639E-002
 -0.597917259083775      -2.638142642944684E-002
 -0.657349238092419      -2.718505713735755E-002
 -0.716286497059204      -2.591003732048697E-002
 -0.773983329469660      -2.163667269105467E-002
 -0.829308396680288      -1.411090632054912E-002
 -0.880780846559041      -2.318394469649781E-003
 -0.926562764218199       1.373246454626545E-002
 -0.964552258196790       3.492801757824366E-002
 -0.992486984426087       6.087135099092334E-002
  -1.00798879043394       9.198556105499865E-002
  -1.00892464826328       0.127457943339399     
 -0.993187069637987       0.166889442038540     
 -0.959455881011495       0.209181666942519     
 -0.906458795361759       0.252905611044191     
 -0.834180881212239       0.296930777804828     
 -0.742456322698401       0.338913703969753     
 -0.632522836135377       0.377919087271693     
 -0.504987812707167       0.411139212441878     
 -0.361559346088853       0.437891538408134     
 -0.202457821138145       0.455479132715915     
 -2.831184927226851E-002  0.463363741215150     
  0.163188262773840       0.459431230122712     
  0.374922205201677       0.443213498383707     
  0.614836483393827       0.413626013502431     
  0.892420742432879       0.370738059627692     
   1.22379282836593       0.315648317485538     
   1.62573900906281       0.250172431627364     
   2.11813077615447       0.179807822731273     
   2.71300857119666       0.110094845118067     
   3.41216922450566       5.316676185288779E-002
   4.19038171244191       1.325461112322672E-002
   5.00000000000000       0.000000000000000E+000
  2.122610839453942E-314  0.000000000000000E+000
 -8.233791893773149E-002 -1.226984248701164E-003
 -0.156694776122672      -4.708029470218637E-003
 -0.225190972235843      -1.005425874048988E-002
 -0.289647593347500      -1.704357265363943E-002
 -0.351531044317719      -2.528143679621440E-002
 -0.412007276257883      -3.441589748053039E-002
 -0.472009825528041      -4.403447599032284E-002
 -0.532132967762849      -5.366217369613837E-002
 -0.592759360176221      -6.281362592787683E-002
 -0.653844281056912      -7.084301159001799E-002
 -0.715120695614325      -7.719317045862818E-002
 -0.775770570338605      -8.106769610181738E-002
 -0.834779056846349      -8.188440230566268E-002
 -0.890458922774392      -7.879665818163731E-002
 -0.941064038791828      -7.130763486363773E-002
 -0.984115670646954      -5.873430309927154E-002
  -1.01738770203770      -4.082025433623125E-002
  -1.03797362898159      -1.735689413547979E-002
  -1.04370370965295       1.152935965180711E-002
  -1.03189049085681       4.525771354673950E-002
  -1.00112060184937       8.326977846312536E-002
 -0.949645044069320       0.124038059164125     
 -0.877353035483682       0.166666245651965     
 -0.783834875547443       0.208823689303000     
 -0.670288846406893       0.249464842830634     
 -0.537336397120532       0.285880892269440     
 -0.386715058401632       0.317059146942156     
 -0.218849333546913       0.340410233428085     
 -3.441724981552067E-002  0.355066108799068     
  0.168509084591058       0.358925137428185     
  0.392731009207344       0.351425794413103     
  0.645482371357237       0.331272020164567     
  0.935720303496595       0.298892460330899     
   1.27839842450888       0.254751810099965     
   1.68809459163800       0.201511071150440     
   2.18374991237334       0.143274684181280     
   2.77281365857758       8.649088465500468E-002
   3.45878869451253       4.079287256659657E-002
   4.21465013104812       9.866787552948003E-003
   5.00000000000000       0.000000000000000E+000
  2.122610839453942E-314  0.000000000000000E+000
 -7.931110600652178E-002 -1.888853313648350E-003
 -0.151040456213221      -7.170454461855186E-003
 -0.217371915643399      -1.522115303340016E-002
 -0.280015842636841      -2.570313325053447E-002
 -0.340490255738716      -3.812762242691140E-002
 -0.399947773540914      -5.209336192777078E-002
 -0.459376661097080      -6.717520259233344E-002
 -0.519418071718046      -8.287655694660760E-002
 -0.580506093035218      -9.874500091632928E-002
 -0.642688732947672      -0.114083025006672     
 -0.705713680311497      -0.128397181198891     
 -0.768889116712850      -0.140738389824224     
 -0.831118277192726      -0.150616824621475     
 -0.890855413825966      -0.156858837706232     
 -0.946103308212782      -0.159094051448131     
 -0.994512090041048      -0.156093986873169     
  -1.03338780980260      -0.147763002256195     
  -1.05990532202277      -0.133162231293272     
  -1.07124091701011      -0.112597276532893     
  -1.06471775375787      -8.587969379856267E-002
  -1.03822207643346      -5.372009119755153E-002
 -0.989951923909791      -1.707060532909105E-002
 -0.919255927183507       2.311230392556280E-002
 -0.825652126284949       6.467238572995185E-002
 -0.710108151873748       0.106646099808398     
 -0.573202746104417       0.146048548434750     
 -0.416756879015590       0.182087982526707     
 -0.241208903245985       0.211617092109246     
 -4.752876274470763E-002  0.234028575369543     
  0.166100542300224       0.246684049064917     
  0.401986881933874       0.249175278587055     
  0.666919273620016       0.240012801094978     
  0.969005687214768       0.219418717608679     
   1.32167501042826       0.188314726349770     
   1.73851989042976       0.148236447383413     
   2.23503072140389       0.104506266739873     
   2.81931707234288       6.075869521589507E-002
   3.49121830522876       2.818604122417410E-002
   4.22963448907900       5.868304884048313E-003
   5.00000000000000       0.000000000000000E+000
  2.122610839453942E-314  0.000000000000000E+000
 -7.504606125518813E-002 -2.495146846013630E-003
 -0.143223202925828      -9.439509735704560E-003
 -0.206535636510546      -2.006904820416268E-002
 -0.266671501281285      -3.383535222660150E-002
 -0.325065335034483      -5.023089172923571E-002
 -0.382883520688316      -6.878996498209479E-002
 -0.441107394014225      -8.911510861959249E-002
 -0.500431105092041      -0.110716495463437     
 -0.561343794592609      -0.133167317124578     
 -0.623956039193590      -0.155823600061872     
 -0.688127886178325      -0.178149328170935     
 -0.753184302741638      -0.199285141127161     
 -0.818190690623946      -0.218550976862044     
 -0.881491788719935      -0.234893241499357     
 -0.941282417139189      -0.247530050550551     
 -0.994891074176937      -0.255376521769539     
  -1.03980683776764      -0.257675247369711     
  -1.07262558271159      -0.253640510547310     
  -1.09064964568727      -0.242738216446613     
  -1.09042752384566      -0.224920667379316     
  -1.06988386466951      -0.200065092969048     
  -1.02642339723975      -0.169229311027514     
 -0.959369312960463      -0.132782569420128     
 -0.867648902618204      -9.294078816933916E-002
 -0.752213977361980      -5.047824127775619E-002
 -0.613369538798226      -8.406358370832312E-003
 -0.453007641663926       3.230609072840108E-002
 -0.271579945512346       6.848939847821138E-002
 -7.025675173010179E-002  9.919955093068734E-002
  0.152565083197133       0.121706416762252     
  0.398754570676449       0.135421278955542     
  0.674728652307436       0.138551202541395     
  0.987489244824907       0.131558510691972     
   1.34995369473541       0.114599742438024     
   1.77312507784024       8.994056080942751E-002
   2.27246464511216       6.125474514173899E-002
   2.85229950183901       3.311419345459982E-002
   3.51476382446530       1.375981869332400E-002
   4.24016871470116       2.000831486476027E-003
   5.00000000000000       0.000000000000000E+000
  2.122610839453942E-314  0.000000000000000E+000
 -6.963364210737523E-002 -3.064642564715084E-003
 -0.133307541042075      -1.152358102548708E-002
 -0.192885628895440      -2.442882445071736E-002
 -0.249833462422206      -4.114431892816991E-002
 -0.305535720616362      -6.110007682015051E-002
 -0.361068228741818      -8.384816577882465E-002
 -0.417436043457483      -0.108985240630803     
 -0.475327731597078      -0.136103104515441     
 -0.535307784392306      -0.164795011922400     
 -0.597555830351342      -0.194508649258133     
 -0.662020653773974      -0.224738005814500     
 -0.728167910640523      -0.254651806222841     
 -0.795097764708062      -0.283602314379057     
 -0.861360179500930      -0.310406475749947     
 -0.925031603563975      -0.334314892010625     
 -0.983685485568329      -0.353861746484915     
  -1.03443302786261      -0.368318833467995     
  -1.07410573412082      -0.376223764808008     
  -1.09931443705074      -0.377076571157998     
  -1.10677441502041      -0.369936386722471     
  -1.09348937079975      -0.354703610077892     
  -1.05691944572050      -0.331569970905774     
 -0.995470607867277      -0.300894683613202     
 -0.908046338803666      -0.264380526263315     
 -0.794948538362824      -0.222695323022931     
 -0.656472623153460      -0.178913458069819     
 -0.494241130666269      -0.133785585390063     
 -0.308841510652189      -9.105137780720998E-002
 -0.101469768133843      -5.136886776597177E-002
  0.129091932290905      -1.823027599133971E-002
  0.384479249723109       8.013026095466631E-003
  0.670204827665327       2.510997180452448E-002
  0.992907283415396       3.326254778044052E-002
   1.36349296146663       3.298732294908696E-002
   1.79279420575835       2.502540687288020E-002
   2.29291564450846       1.450022453483477E-002
   2.86973694506464       2.301272025782162E-003
   3.52324646762150      -1.150183830448891E-003
   4.23941610729819      -2.755807208907014E-003
   5.00000000000000       0.000000000000000E+000
  2.122610839453942E-314  0.000000000000000E+000
 -6.325615455844440E-002 -3.511421901643199E-003
 -0.121674067570257      -1.321542362479284E-002
 -0.176821598495953      -2.808178641638221E-002
 -0.229988774079213      -4.729229435775679E-002
 -0.282388318606939      -7.033261912139066E-002
 -0.335042794434728      -9.670278726598176E-002
 -0.388881000486943      -0.126121085162962     
 -0.444642178938592      -0.158174664523535     
 -0.502893106243797      -0.192611906243491     
 -0.563932817066136      -0.228905429318194     
 -0.627791770842900      -0.266683007946477     
 -0.694072385470925      -0.305155773131202     
 -0.762042167512759      -0.343709262059844     
 -0.830319040027751      -0.381208144404506     
 -0.897229798692992      -0.416733833784813     
 -0.960221389863192      -0.448857808732993     
  -1.01670770156072      -0.476383946235696     
  -1.06307093885060      -0.497857629818374     
  -1.09621213120548      -0.511990223926963     
  -1.11203295958435      -0.517817443166908     
  -1.10772913838530      -0.514227942856474     
  -1.07969595163089      -0.501377825781483     
  -1.02639393326636      -0.478662537515117     
 -0.945712378640209      -0.447774366797595     
 -0.837906079685279      -0.408748342208890     
 -0.702588242305244      -0.364701442866035     
 -0.541376645801911      -0.316269635178312     
 -0.354646093872735      -0.267297649713551     
 -0.143807572977433      -0.218685259220160     
  9.232238439799061E-002 -0.174144327755614     
  0.354680672329462      -0.134289111768477     
  0.648726690167773      -0.101782359673526     
  0.979527083921197      -7.639838377671294E-002
   1.35809311948683      -5.855018383833058E-002
   1.79238480696327      -4.691945525973382E-002
   2.29544060944658      -3.844620485854394E-002
   2.87011847107688      -3.122093688850335E-002
   3.51931272435329      -1.856191268900436E-002
   4.23376929090151      -7.333153269302421E-003
   5.00000000000000       0.000000000000000E+000
  2.122610839453942E-314  0.000000000000000E+000
 -5.604242852957105E-002 -3.883396252450730E-003
 -0.108561921840769      -1.454419468551745E-002
 -0.158763776515886      -3.087781753741562E-002
 -0.207638849854418      -5.202313855698680E-002
 -0.256235399092323      -7.745922412762891E-002
 -0.305425578364336      -0.106764834574767     
 -0.356115265284452      -0.139666649126470     
 -0.408986901022089      -0.175920617224508     
 -0.464689977788445      -0.215284160563660     
 -0.523552216898333      -0.257457858124195     
 -0.585760291954317      -0.302067104843138     
 -0.651037063971367      -0.348558722750243     
 -0.718827425117897      -0.396292022883287     
 -0.787969672965023      -0.444290102765079     
 -0.856894640648606      -0.491566589262281     
 -0.923358441973135      -0.536650349128236     
 -0.984662769595939      -0.578216524178361     
  -1.03753847468528      -0.614430489745972     
  -1.07840548086399      -0.643823370694688     
  -1.10345890818539      -0.664658434737421     
  -1.10899870600600      -0.675576220314166     
  -1.09155910320964      -0.675699950107950     
  -1.04842528772196      -0.664181295521899     
 -0.977466114521583      -0.641779144677304     
 -0.877819200797052      -0.608210797181116     
 -0.749010870068841      -0.566241281234472     
 -0.591898193366623      -0.516147690302453     
 -0.406950633926215      -0.462254423031015     
 -0.195264495662274      -0.404872526014718     
  4.383383123127584E-002 -0.348830616718311     
  0.311379436928878      -0.294235796522352     
  0.611472921675996      -0.244682939466046     
  0.949415890100785      -0.200205982252538     
   1.33372372994617      -0.161161296331033     
   1.77309730786059      -0.128195206218792     
   2.27724242433338      -9.654796744054669E-002
   2.85170108739379      -6.933524455126942E-002
   3.49854376467371      -3.678112674379081E-002
   4.21407905020901      -1.316418331093174E-002
   5.00000000000000       0.000000000000000E+000
  2.122610839453942E-314  0.000000000000000E+000
 -4.833229083028268E-002 -4.077689944338674E-003
 -9.448807590086834E-002 -1.532704852514273E-002
 -0.139313952455290      -3.264308813903866E-002
 -0.183475265281202      -5.506635668126081E-002
 -0.227796997370568      -8.219171193475411E-002
 -0.273024497877271      -0.113576447496605     
 -0.319935266973541      -0.149133774122857     
 -0.369242093543609      -0.188606166255568     
 -0.421538641171782      -0.232006118220793     
 -0.477307288948759      -0.279026496754254     
 -0.536753303574919      -0.329593581330757     
 -0.599850866383717      -0.383143203493360     
 -0.666154405785379      -0.439333159956119     
 -0.734793230299577      -0.497154141221109     
 -0.804415434030702      -0.555824277639030     
 -0.872987979767184      -0.613783501746298     
 -0.938132115751450      -0.669686062782309     
 -0.996524967922745      -0.721506378598877     
  -1.04495789783352      -0.767388120157978     
  -1.07910844184716      -0.805286511991239     
  -1.09558782383427      -0.833013763388041     
  -1.08988632729219      -0.849286575171445     
  -1.05942721269837      -0.852145271290546     
  -1.00076822487051      -0.841969744270515     
 -0.912942123283444      -0.817333090032044     
 -0.794277955863780      -0.780795177491578     
 -0.645464509482931      -0.731920582332969     
 -0.466306523538674      -0.675114612240728     
 -0.257915052466067      -0.610445261599256     
 -1.931884077140848E-002 -0.543035529100952     
  0.249862538693440      -0.473387489249125     
  0.553677584162390      -0.405510227692004     
  0.895733317486468      -0.339785450985389     
   1.28527590099748      -0.277736221519580     
   1.72785154992507      -0.219675029264943     
   2.23548758521681      -0.163540730527682     
   2.81112533202707      -0.111414245572006     
   3.46075485094298      -5.851226449490108E-002
   4.18870837469664      -1.875270587165678E-002
   5.00000000000000       0.000000000000000E+000
  2.122610839453942E-314  0.000000000000000E+000
 -4.026288197913375E-002 -4.167783446508418E-003
 -7.984657726476445E-002 -1.560716305216100E-002
 -0.119048504713933      -3.329111702787352E-002
 -0.158229123744839      -5.627039740717400E-002
 -0.197944755928848      -8.420396053759585E-002
 -0.238771440655185      -0.116763305165918     
 -0.281406309739118      -0.153887738923419     
 -0.326469675374327      -0.195530345595390     
 -0.374617834042892      -0.241701269369517     
 -0.426309716747257      -0.292407552721634     
 -0.481938264068290      -0.347542402911798     
 -0.541536114117452      -0.406953215388437     
 -0.604952988140823      -0.470221118203567     
 -0.671481402941679      -0.536807681037996     
 -0.740122230284151      -0.605779714745487     
 -0.809120421095270      -0.676005360184801     
 -0.876386965892147      -0.745874889327958     
 -0.938959550140992      -0.813566171128753     
 -0.993658680070021      -0.876817489797774     
  -1.03650213684608      -0.933345239074305     
  -1.06366536781296      -0.980382877790473     
  -1.07081389620776       -1.01582314265436     
  -1.05438341126188       -1.03711274750413     
  -1.01081600890046       -1.04340916943978     
 -0.937871927641056       -1.03247169106663     
 -0.833498054634242       -1.00588733473050     
 -0.697162175631875      -0.962443702711334     
 -0.528438597373941      -0.906511666100745     
 -0.327609622522962      -0.836814237982969     
 -9.407044675084467E-002 -0.759739110594321     
  0.173283125479757      -0.674908162451637     
  0.476876494776649      -0.588129402873374     
  0.821148031360148      -0.499144387473797     
   1.21252960289412      -0.410660487254367     
   1.65860201665783      -0.325081625133553     
   2.16758894051575      -0.238665308171328     
   2.74712802322707      -0.160661571493905     
   3.40295485505246      -8.174056837616704E-002
   4.14542212849805      -2.626711611783692E-002
   5.00000000000000       0.000000000000000E+000
  2.122610839453942E-314  0.000000000000000E+000
 -3.229811474094681E-002 -4.054633206660321E-003
 -6.521272590258909E-002 -1.528218067644226E-002
 -9.870734339160811E-002 -3.274408485132246E-002
 -0.132711162468658      -5.552127359716696E-002
 -0.167566661274192      -8.341644981698679E-002
 -0.203663005667713      -0.116121823031119     
 -0.241550398128856      -0.153776346894596     
 -0.281842849879016      -0.196311816812975     
 -0.325091205416393      -0.244027779226283     
 -0.371902269190608      -0.296887681471355     
 -0.422605032972466      -0.355184508760347     
 -0.477540248472745      -0.418699864675348     
 -0.536553116766071      -0.487531862778666     
 -0.599407013117384      -0.561036341295410     
 -0.665182125697999      -0.638882803752028     
 -0.732710306110590      -0.719743849428950     
 -0.800080999145474      -0.802604566311524     
 -0.864885178106930      -0.885279188517616     
 -0.924201166928371      -0.965903228905182     
 -0.974281509832003       -1.04157368859886     
  -1.01156036622809       -1.10950635366852     
  -1.03134359794524       -1.16665552566301     
  -1.03020865302394       -1.20985320035552     
  -1.00351047737292       -1.23717365105188     
 -0.948876762144955       -1.24510855907014     
 -0.862663768797963       -1.23420122404374     
 -0.743967030349382       -1.20192877489109     
 -0.591154000024679       -1.15202402906112     
 -0.403856836957081       -1.08212420135862     
 -0.181023872933762      -0.998414395744290     
  7.852814869852659E-002 -0.900627895251397     
  0.376966330187681      -0.795264287697685     
  0.717494216464509      -0.681706556734779     
   1.10878370017166      -0.564693255049958     
   1.55498551637437      -0.446927856414911     
   2.06791060321643      -0.328026744590090     
   2.65269426069138      -0.216684026843048     
   3.32147078491361      -0.110504769098967     
   4.09471331377657      -3.346238311209421E-002
   5.00000000000000       0.000000000000000E+000
  2.122610839453942E-314  0.000000000000000E+000
 -2.454424817242408E-002 -3.826136856056670E-003
 -5.107418702020106E-002 -1.439654447071973E-002
 -7.891007027958431E-002 -3.101538246093329E-002
 -0.107761339903432      -5.282363010059642E-002
 -0.137640280989251      -7.975713004832272E-002
 -0.168801288326066      -0.111621093163103     
 -0.201663347005431      -0.148592648855680     
 -0.236737726879888      -0.190794936228823     
 -0.274593701897580      -0.238506921147814     
 -0.315761756619223      -0.292009102969582     
 -0.360735748591475      -0.351526454619615     
 -0.409822980352671      -0.417328707780284     
 -0.463201517282084      -0.489390403530517     
 -0.520674451663335      -0.567760009426093     
 -0.581839943274845      -0.651894103367575     
 -0.645668677488868      -0.741346545674662     
 -0.710919724256531      -0.834748446362726     
 -0.775415631220201      -0.930866021528166     
 -0.836924208473302       -1.02726419957592     
 -0.891949011190801       -1.12178308504823     
 -0.937377794516369       -1.21082151114514     
 -0.968628314461902       -1.29145160227274     
 -0.982217921346720       -1.35951937794065     
 -0.973234798599742       -1.41231647937543     
 -0.938677974698654       -1.44489712250425     
 -0.874159630493184       -1.45628672229863     
 -0.777672137109857       -1.44282337099747     
 -0.646526281177274       -1.40679406472798     
 -0.479489695428842       -1.34343169940948     
 -0.274506419306176       -1.25944463196689     
 -2.949393132055062E-002  -1.15261229492166     
  0.257174293064463       -1.03228715641178     
  0.589931107105046      -0.893429453652296     
  0.974736687024878      -0.744690007920308     
   1.42086919082154      -0.591441888984057     
   1.93433984938671      -0.432735421370458     
   2.52842017245431      -0.286018299211580     
   3.21387504200297      -0.142979474768584     
   4.01994173701234      -4.454300168741165E-002
   5.00000000000000       0.000000000000000E+000
  2.122610839453942E-314  0.000000000000000E+000
 -1.751701736108408E-002 -3.410828227581961E-003
 -3.795294046952364E-002 -1.297521208382901E-002
 -6.041763705348937E-002 -2.816400875231724E-002
 -8.417292678086584E-002 -4.829260514949482E-002
 -0.109091728948660      -7.342865288153194E-002
 -0.135224575299689      -0.103437365882237     
 -0.162862634383879      -0.138651065757945     
 -0.192474456247720      -0.179160159266627     
 -0.224495191557101      -0.225485842964559     
 -0.259553229433552      -0.277825418812553     
 -0.298004098586930      -0.336790228994438     
 -0.340425846470142      -0.402527576466630     
 -0.386867304681754      -0.475603960324578     
 -0.437636445984639      -0.555895477108802     
 -0.492225894918182      -0.643709247286361     
 -0.550405049391946      -0.738331878985348     
 -0.610857125638980      -0.839518395118108     
 -0.672490468591520      -0.945585772656437     
 -0.733008281273910       -1.05541142856329     
 -0.790135388890140       -1.16604613742678     
 -0.840668859078427       -1.27519762491586     
 -0.881043429846717       -1.37863697302624     
 -0.907596126767703       -1.47304785574338     
 -0.915643570587386       -1.55383932636372     
 -0.901813510014417       -1.61616906570400     
 -0.861098251650041       -1.65643801783207     
 -0.790869031734563       -1.67022615799039     
 -0.687312817864253       -1.65741624755158     
 -0.548144298872148       -1.61108703899754     
 -0.369829231448918       -1.53644676189371     
 -0.149649115288728       -1.42903722826730     
  0.115259238364121       -1.29921471422688     
  0.430230841446315       -1.13908111045897     
  0.803426854570205      -0.958593318890625     
   1.24272896940914      -0.766233632756744     
   1.75776495897374      -0.564990761441305     
   2.35641672486855      -0.370432076214896     
   3.07063501297074      -0.186869574126961     
   3.93327499854371      -5.534218857495747E-002
   5.00000000000000       0.000000000000000E+000
  2.122610839453942E-314  0.000000000000000E+000
 -1.125539193734646E-002 -2.892098475031761E-003
 -2.633634545344975E-002 -1.104721601476699E-002
 -4.375483715420370E-002 -2.431791829228305E-002
 -6.272394410094942E-002 -4.211464091745216E-002
 -8.280295457561564E-002 -6.468027167780502E-002
 -0.103987637984665      -9.195817156668924E-002
 -0.126420897261838      -0.124311288833656     
 -0.150482147725999      -0.161949760819370     
 -0.176577615263640      -0.205341982117225     
 -0.205218535537277      -0.254919172931516     
 -0.236857520828496      -0.311180584568657     
 -0.271947929501360      -0.374699265698865     
 -0.310807570981193      -0.445867625654191     
 -0.353639886527489      -0.525273194378183     
 -0.400448776053893      -0.612956563080861     
 -0.450943865918574      -0.709297333839796     
 -0.504629644631579      -0.813633183584875     
 -0.560405898612842      -0.925804077651891     
 -0.617121690611806       -1.04402761506756     
 -0.672509925040101       -1.16719607331018     
 -0.724722287113189       -1.29207085008998     
 -0.770104698211791       -1.41620653388944     
 -0.806320993613585       -1.53494543239668     
 -0.828281028888753       -1.64471951189578     
 -0.833595655493058       -1.73900118637964     
 -0.816236748118271       -1.81360894265173     
 -0.774096441777558       -1.86284383364363     
 -0.701299497344244       -1.88432949845685     
 -0.596132966078816       -1.86760276388488     
 -0.452102214242065       -1.81594459578826     
 -0.266385504303966       -1.72221207204433     
 -3.371244614962485E-002  -1.59630289655450     
  0.252293521653178       -1.42145588827116     
  0.600405562799126       -1.21319822603958     
   1.02790006305467      -0.981187225444032     
   1.53549339244480      -0.735436758549535     
   2.14700843959814      -0.488311836029047     
   2.88506983628614      -0.240820984159338     
   3.80807807426708      -7.509512437222507E-002
   5.00000000000000       0.000000000000000E+000
  2.122610839453942E-314  0.000000000000000E+000
 -6.218765795130871E-003 -2.251123518297416E-003
 -1.655980923520291E-002 -8.797059029651645E-003
 -2.953311108230277E-002 -1.970531079402103E-002
 -4.401480041782704E-002 -3.467861725043011E-002
 -5.954478092034048E-002 -5.404187237108164E-002
 -7.596786628050181E-002 -7.781295544298181E-002
 -9.334422951824251E-002 -0.106423292770203     
 -0.111996672602569      -0.140029910375493     
 -0.132194874820576      -0.179231693948055     
 -0.154477004091035      -0.224336948485142     
 -0.179119701515912      -0.276106892877867     
 -0.206729170958363      -0.334936972996394     
 -0.237418528687057      -0.401700173987142     
 -0.271754890367738      -0.476744123607836     
 -0.309507298501307      -0.560921375538740     
 -0.351084442468386      -0.654278440657359     
 -0.395701687181927      -0.757425746070109     
 -0.443436507496359      -0.869713214638844     
 -0.492736494383591      -0.991200974792033     
 -0.543104231381203       -1.12000276394732     
 -0.592097478902805       -1.25530999752921     
 -0.638348278495903       -1.39342980151730     
 -0.678632895565840       -1.53246006817825     
 -0.710326851163968       -1.66669109259957     
 -0.729882596304840       -1.79258813834853     
 -0.733516504391553       -1.90245054263512     
 -0.717862184094572       -1.99245241189768     
 -0.677521139018347       -2.05584326128520     
 -0.609416829407118       -2.08267074561593     
 -0.506579961015737       -2.06964747983275     
 -0.363936069652152       -2.00916547217213     
 -0.177500521388724       -1.90595262756561     
  6.459733556787943E-002  -1.73837105577573     
  0.369478090366015       -1.52079335129678     
  0.755951507216300       -1.25305471256489     
   1.24076376599461      -0.965972780663216     
   1.84427459312943      -0.645380982396640     
   2.62769050726916      -0.320368474807291     
   3.66498962617959      -9.490946185584330E-002
   5.00000000000000       0.000000000000000E+000
  2.122610839453942E-314  0.000000000000000E+000
 -2.361594415325641E-003 -1.543452965922695E-003
 -8.999628527949817E-003 -6.231270457900565E-003
 -1.805061688695422E-002 -1.457067650387190E-002
 -2.856945467887472E-002 -2.636734020221857E-002
 -3.989919595631337E-002 -4.210456053550600E-002
 -5.192524306910996E-002 -6.182428649163282E-002
 -6.459684535115633E-002 -8.594702918364897E-002
 -7.817037090756371E-002 -0.114658489779913     
 -9.286167493244039E-002 -0.148458887012555     
 -0.109072427369425      -0.187756748927244     
 -0.127097295941959      -0.233156238325722     
 -0.147364009309261      -0.285296949239995     
 -0.170125741142189      -0.344831904356581     
 -0.195746843944571      -0.412605743742411     
 -0.224342516206167      -0.489156421827710     
 -0.256100389921999      -0.575441383160406     
 -0.290904497372459      -0.671599719239985     
 -0.328585119575508      -0.778512260779186     
 -0.368709991890482      -0.895517507652712     
 -0.410481189236358       -1.02307480673700     
 -0.453118576033525       -1.15929036694446     
 -0.494840047850916       -1.30368700048592     
 -0.534624845524999       -1.45271896053263     
 -0.569219566129071       -1.60438021215428     
 -0.597618038608733       -1.75325780753283     
 -0.615004552311358       -1.89488173040202     
 -0.620854913299669       -2.02317662150578     
 -0.607904272344846       -2.13259260773056     
 -0.576401531541032       -2.21004869700304     
 -0.515719772844767       -2.24945734094207     
 -0.425093656316115       -2.24453587537869     
 -0.292840591635688       -2.19180545770550     
 -0.113804610433243       -2.06067188016630     
  0.131127311871189       -1.86412008074972     
  0.462023427578939       -1.59088419166226     
  0.899254970101435       -1.27955054825847     
   1.49348425039818      -0.874549766307523     
   2.29470555950910      -0.413269596686038     
   3.44895245334971      -0.121675961038265     
   5.00000000000000       0.000000000000000E+000
  2.122610839453942E-314  0.000000000000000E+000
  5.650561831448772E-005 -8.421992261426372E-004
 -3.665951725585362E-003 -3.721145449848991E-003
 -9.558110622830202E-003 -9.355494852333189E-003
 -1.660695581933410E-002 -1.787063051180246E-002
 -2.425253285879857E-002 -2.975686222275634E-002
 -3.235712228330831E-002 -4.508913397448653E-002
 -4.082971736793675E-002 -6.426461079203978E-002
 -4.988709403943462E-002 -8.738396156948056E-002
 -5.962762369673438E-002 -0.114950106258760     
 -7.041903488587205E-002 -0.147222350732578     
 -8.239243575676457E-002 -0.184883090781830     
 -9.599288362523206E-002 -0.228360802699161     
 -0.111274664263174      -0.278535888359026     
 -0.128741486817275      -0.335961576529334     
 -0.148264823250264      -0.401668674809149     
 -0.170403209218628      -0.476212849315870     
 -0.194714966639367      -0.560663319016015     
 -0.221799566617926      -0.655346684245618     
 -0.250738369786529      -0.761195404235029     
 -0.282129398794764      -0.877905088522900     
 -0.314403818005920       -1.00607702413310     
 -0.348046627782704       -1.14416595255050     
 -0.380726446190920       -1.29223591480591     
 -0.412633780111396       -1.44657894059631     
 -0.440777280421105       -1.60674708235401     
 -0.464800028785087       -1.76574600986158     
 -0.481386318360444       -1.92309408131790     
 -0.488268181271485       -2.06854764936228     
 -0.482534127869940       -2.19791397517880     
 -0.460889120539760       -2.29494020933603     
 -0.420402550695048       -2.36026870122144     
 -0.351718198528065       -2.38149245268777     
 -0.251589222966013       -2.32540146529085     
 -9.210031375013043E-002  -2.19493735783895     
  0.143753041753798       -1.95927549699206     
  0.495799103023638       -1.65586605157423     
   1.05433003051614       -1.18918413854262     
   1.91247359422175      -0.580260047913764     
   3.19559119250619      -0.147015478332283     
   5.00000000000000       0.000000000000000E+000
  2.122610839453942E-314  0.000000000000000E+000
  1.197903350584124E-003 -1.763493283855265E-004
 -6.657221823710329E-004 -1.295314415496121E-003
 -4.002012968539336E-003 -4.455676846083426E-003
 -8.207231650331227E-003 -9.834302959292617E-003
 -1.273714844498260E-002 -1.795274256537801E-002
 -1.753606714275891E-002 -2.887094939571180E-002
 -2.249328909749256E-002 -4.288636609617483E-002
 -2.776159972893793E-002 -6.007579919188282E-002
 -3.339845466434999E-002 -8.079507182492648E-002
 -3.963839701009145E-002 -0.105282827637834     
 -4.657920764943912E-002 -0.134040454370228     
 -5.449506033219831E-002 -0.167513825789469     
 -6.345848062019060E-002 -0.206350087237544     
 -7.376798160094723E-002 -0.251236310570066     
 -8.543008622004068E-002 -0.302879026675544     
 -9.874799866265335E-002 -0.362226723510891     
 -0.113628062325683      -0.429871404063267     
 -0.130333767789737      -0.507023880964845     
 -0.148641139358545      -0.593888403074653     
 -0.168685950634261      -0.691883986362839     
 -0.190105919887682      -0.800457527298358     
 -0.212737274235544      -0.921073626587124     
 -0.236124465876862       -1.05199041156465     
 -0.259569785497296       -1.19425229903289     
 -0.282714351778504       -1.34481177985572     
 -0.304031515423707       -1.50352855825669     
 -0.323699750319811       -1.66562085848792     
 -0.338035426652694       -1.82932926244204     
 -0.348278054503585       -1.98722621774148     
 -0.349705587303632       -2.13122531019631     
 -0.345502912950425       -2.26018756475469     
 -0.323985390283631       -2.36620158342754     
 -0.290966969918236       -2.40524967722135     
 -0.213316902786574       -2.37550397798968     
 -9.948729208990069E-002  -2.25658104129625     
  0.130732278887451       -2.03612883378345     
  0.557671594366148       -1.56036688608559     
   1.32126910172170      -0.851196567710534     
   2.81613977986868      -0.273234592765531     
   5.00000000000000       0.000000000000000E+000
  2.122610839453942E-314  0.000000000000000E+000
  1.196523014478852E-003  2.454372447320355E-004
  4.903629021889937E-004  4.243191321637482E-004
 -1.005895101997049E-003 -6.504946234388966E-004
 -3.027974984576441E-003 -3.319538130015562E-003
 -5.156230132681146E-003 -8.018261375795466E-003
 -7.426858215424194E-003 -1.472968039045805E-002
 -9.712535644071438E-003 -2.367949677855287E-002
 -1.213928855972303E-002 -3.484709017404989E-002
 -1.469366850072078E-002 -4.849744653482337E-002
 -1.753813494590398E-002 -6.474117287796925E-002
 -2.067109595631054E-002 -8.398005958642424E-002
 -2.430038248142729E-002 -0.106468484033055     
 -2.837159764504746E-002 -0.132787201229718     
 -3.316842721674370E-002 -0.163329775947739     
 -3.852786561689723E-002 -0.198850132269443     
 -4.484870737008211E-002 -0.239859508763117     
 -5.179332935633586E-002 -0.287243369510118     
 -5.992498023958968E-002 -0.341588096555276     
 -6.864314060038976E-002 -0.403832477236800     
 -7.873409933343201E-002 -0.474548422853649     
 -8.921651899124206E-002 -0.554613587873013     
 -0.101159354338674      -0.644389002805771     
 -0.113068564717758      -0.744586227577874     
 -0.126393443884889      -0.854911691220966     
 -0.139035336258398      -0.976063196980809     
 -0.152779854870890       -1.10647655838975     
 -0.164772444863512       -1.24682461237351     
 -0.177012117310757       -1.39261843384703     
 -0.186302177450290       -1.54615453571682     
 -0.196212367561296       -1.69649121623928     
 -0.203028859800607       -1.85277774685600     
 -0.204162684306113       -2.00096920358758     
 -0.192147371789115       -2.13205993487038     
 -0.168458318370288       -2.19980393446314     
 -0.130267673431826       -2.25950084459911     
 -9.844499771457982E-002  -2.24499326499973     
 -2.133584192098364E-002  -1.95290900182770     
  0.390410796058688       -1.46330802373926     
   1.65921306191443      -0.495077952837178     
   5.00000000000000       0.000000000000000E+000
  2.122610839453942E-314  0.000000000000000E+000
  4.333714541215398E-004  4.333714541222759E-004
  2.727012989249005E-004  1.213158295748839E-003
 -7.158098211646414E-005  1.323929242706025E-003
 -6.004308518739573E-004  5.004466259758418E-004
 -1.158846489510345E-003 -1.400543364899392E-003
 -1.756838183669086E-003 -4.434274190929273E-003
 -2.342078430269248E-003 -8.636653967802712E-003
 -2.963083605627245E-003 -1.400223172634460E-002
 -3.599917315879577E-003 -2.064939503386175E-002
 -4.325919852344086E-003 -2.859766610972876E-002
 -5.102742484172375E-003 -3.810212865593978E-002
 -6.038254957660141E-003 -4.923230337475307E-002
 -7.057547926534760E-003 -6.237538767325866E-002
 -8.310480954579503E-003 -7.768807610533827E-002
 -9.676213022500952E-003 -9.564593544591864E-002
 -1.135108264307935E-002 -0.116540981453596     
 -1.316060834941865E-002 -0.140859882372632     
 -1.535029630269876E-002 -0.169103215919644     
 -1.768654914443460E-002 -0.201638727362189     
 -2.046012111762150E-002 -0.239285764059255     
 -2.337538180076549E-002 -0.282081493003409     
 -2.674924782174061E-002 -0.331300083035556     
 -3.022432334030935E-002 -0.386381893802905     
 -3.414989251150060E-002 -0.449194475519264     
 -3.817868605336833E-002 -0.518258860453632     
 -4.255166556225506E-002 -0.596332341290620     
 -4.691422138591891E-002 -0.680352569504482     
 -5.124140389167727E-002 -0.773425747006520     
 -5.520171541470369E-002 -0.872630353236077     
 -6.011645866847581E-002 -0.981448017641362     
 -6.766636705096278E-002  -1.09401125985414     
 -7.242365215989884E-002  -1.22131524645637     
 -7.295661729265238E-002  -1.34264317950315     
 -6.832000604609485E-002  -1.44257200253679     
 -6.379226246040878E-002  -1.58692268705709     
 -9.502586150038797E-002  -1.81618561723306     
 -0.215614481074164       -1.81303521232800     
 -8.440678441227030E-002  -1.79705387707074     
   1.18788582973287       -1.05004501457714     
   5.00000000000000       0.000000000000000E+000
  2.122610839453942E-314  0.000000000000000E+000
  2.122610839453942E-314  0.000000000000000E+000
  2.122610839453942E-314  0.000000000000000E+000
  2.122610839453942E-314  0.000000000000000E+000
  2.122610839453942E-314  0.000000000000000E+000
  2.122610839453942E-314  0.000000000000000E+000
  2.122610839453942E-314  0.000000000000000E+000
  2.122610839453942E-314  0.000000000000000E+000
  2.122610839453942E-314  0.000000000000000E+000
  2.122610839453942E-314  0.000000000000000E+000
  2.122610839453942E-314  0.000000000000000E+000
  2.122610839453942E-314  0.000000000000000E+000
  2.122610839453942E-314  0.000000000000000E+000
  2.122610839453942E-314  0.000000000000000E+000
  2.122610839453942E-314  0.000000000000000E+000
  2.122610839453942E-314  0.000000000000000E+000
  2.122610839453942E-314  0.000000000000000E+000
  2.122610839453942E-314  0.000000000000000E+000
  2.122610839453942E-314  0.000000000000000E+000
  2.122610839453942E-314  0.000000000000000E+000
  2.122610839453942E-314  0.000000000000000E+000
  2.122610839453942E-314  0.000000000000000E+000
  2.122610839453942E-314  0.000000000000000E+000
  2.122610839453942E-314  0.000000000000000E+000
  2.122610839453942E-314  0.000000000000000E+000
  2.122610839453942E-314  0.000000000000000E+000
  2.122610839453942E-314  0.000000000000000E+000
  2.122610839453942E-314  0.000000000000000E+000
  2.122610839453942E-314  0.000000000000000E+000
  2.122610839453942E-314  0.000000000000000E+000
  2.122610839453942E-314  0.000000000000000E+000
  2.122610839453942E-314  0.000000000000000E+000
  2.122610839453942E-314  0.000000000000000E+000
  2.122610839453942E-314  0.000000000000000E+000
  2.122610839453942E-314  0.000000000000000E+000
  2.122610839453942E-314  0.000000000000000E+000
  2.122610839453942E-314  0.000000000000000E+000
  2.122610839453942E-314  0.000000000000000E+000
  2.122610839453942E-314  0.000000000000000E+000
  2.122610839453942E-314  0.000000000000000E+000
   5.00000000000000       0.000000000000000E+000
