  5.432309224871097E-312  0.000000000000000E+000
  2.122610839453942E-314  0.000000000000000E+000
  2.122610839453942E-314  0.000000000000000E+000
  2.122610839453942E-314  0.000000000000000E+000
  2.122610839453942E-314  0.000000000000000E+000
  2.122610839453942E-314  0.000000000000000E+000
  2.122610839453942E-314  0.000000000000000E+000
  2.122610839453942E-314  0.000000000000000E+000
  2.122610839453942E-314  0.000000000000000E+000
  2.122610839453942E-314  0.000000000000000E+000
  2.122610839453942E-314  0.000000000000000E+000
  2.122610839453942E-314  0.000000000000000E+000
  2.122610839453942E-314  0.000000000000000E+000
  2.122610839453942E-314  0.000000000000000E+000
  2.122610839453942E-314  0.000000000000000E+000
  2.122610839453942E-314  0.000000000000000E+000
  2.122610839453942E-314  0.000000000000000E+000
  2.122610839453942E-314  0.000000000000000E+000
  2.122610839453942E-314  0.000000000000000E+000
  2.122610839453942E-314  0.000000000000000E+000
  2.122610839453942E-314  0.000000000000000E+000
  2.122610839453942E-314  0.000000000000000E+000
  2.122610839453942E-314  0.000000000000000E+000
  2.122610839453942E-314  0.000000000000000E+000
  2.122610839453942E-314  0.000000000000000E+000
  2.122610839453942E-314  0.000000000000000E+000
  2.122610839453942E-314  0.000000000000000E+000
  2.122610839453942E-314  0.000000000000000E+000
  2.122610839453942E-314  0.000000000000000E+000
  2.122610839453942E-314  0.000000000000000E+000
  2.122610839453942E-314  0.000000000000000E+000
  2.122610839453942E-314  0.000000000000000E+000
  2.122610839453942E-314  0.000000000000000E+000
  2.122610839453942E-314  0.000000000000000E+000
  2.122610839453942E-314  0.000000000000000E+000
  2.122610839453942E-314  0.000000000000000E+000
  2.122610839453942E-314  0.000000000000000E+000
  2.122610839453942E-314  0.000000000000000E+000
  2.122610839453942E-314  0.000000000000000E+000
  2.122610839453942E-314  0.000000000000000E+000
   1.00000000000000       0.000000000000000E+000
  2.122610839453942E-314  0.000000000000000E+000
  7.063002678535471E-004 -7.075742061419150E-004
  3.247012244151493E-004 -1.222834181021433E-003
 -3.703517173496180E-004 -1.059762208269045E-003
 -1.178880527047429E-003  7.288335140384351E-004
 -1.956923653760126E-003  3.904007507046350E-003
 -2.678962235787874E-003  8.552566420077044E-003
 -3.370687608671769E-003  1.456752074207682E-002
 -3.993732847886991E-003  2.181912088090511E-002
 -4.575501779288496E-003  3.027393940691778E-002
 -5.079438996438383E-003  3.971521886111783E-002
 -5.531764569444905E-003  5.016176034912338E-002
 -5.896695077295028E-003  6.130177284466515E-002
 -6.196212570520968E-003  7.321163970583046E-002
 -6.398360861050834E-003  8.546951987365053E-002
 -6.519508929191586E-003  9.822352832505273E-002
 -6.538895777217687E-003  0.110928175607750     
 -6.463972277317097E-003  0.123827088162245     
 -6.296372103160967E-003  0.136252318143043     
 -6.027729797898710E-003  0.148570679776594     
 -5.697501303593407E-003  0.160015530469948     
 -5.271294191831597E-003  0.171104026870401     
 -4.845409785880260E-003  0.181023549662611     
 -4.344161942911311E-003  0.190462485200115     
 -3.950054175411448E-003  0.198660186229007     
 -3.535129194526870E-003  0.206489907313757     
 -3.406917706788767E-003  0.213383047964684     
 -3.385019293830541E-003  0.220460846362742     
 -3.895930934351827E-003  0.227583676370039     
 -4.531346173152752E-003  0.235962138061690     
 -6.341889377279849E-003  0.246854327562580     
 -9.558036997939136E-003  0.261807792594928     
 -1.462276867231840E-002  0.281716708771495     
 -2.133698973481885E-002  0.311345345895879     
 -2.597700088044888E-002  0.355542615602548     
 -1.945189680229300E-002  0.399672626596139     
 -2.328675033681217E-002  0.465995564138025     
 -0.110603497184908       0.601478900878946     
 -6.351140063001100E-002  0.505035944587805     
  0.301558007732951       0.301558007732926     
   1.00000000000000       0.000000000000000E+000
  2.122610839453942E-314  0.000000000000000E+000
  1.224108119308282E-003 -3.387260774478904E-004
 -8.782454728382680E-005  5.855046729755019E-005
 -2.584830692266389E-003  2.137436762681411E-003
 -5.311617913727914E-003  6.548811986352741E-003
 -8.102466196148843E-003  1.363133418273283E-002
 -1.073639411749355E-002  2.290662410372342E-002
 -1.324453196184859E-002  3.483940818049549E-002
 -1.555758898071531E-002  4.863570850458249E-002
 -1.766886156132005E-002  6.488488930209128E-002
 -1.957309112464614E-002  8.254534315461169E-002
 -2.120823058414233E-002  0.102375830173517     
 -2.262575054476286E-002  0.123074482587298     
 -2.369625909113690E-002  0.145595274786139     
 -2.454219988877582E-002  0.168347187737926     
 -2.495810113150785E-002  0.192511805923238     
 -2.516293326844838E-002  0.216180292522963     
 -2.486642961154075E-002  0.240814591305710     
 -2.441358731514098E-002  0.264168738198759     
 -2.342235765971721E-002  0.288064273840042     
 -2.239174761576917E-002  0.309907137603183     
 -2.084733968955406E-002  0.331991849749644     
 -1.946406717631193E-002  0.351370334788507     
 -1.768881918960593E-002  0.370968626855250     
 -1.638573919454565E-002  0.387476895582911     
 -1.497088436105982E-002  0.404678178890436     
 -1.449208763988538E-002  0.418863108207199     
 -1.443758355240346E-002  0.435044974655901     
 -1.602839147588129E-002  0.449084480288328     
 -1.906371555580252E-002  0.467774420883718     
 -2.476021919976067E-002  0.486232438048266     
 -3.393487381650059E-002  0.513783665046854     
 -4.647238176265370E-002  0.542870005311265     
 -6.322289605461139E-002  0.588382879083555     
 -8.205787217990208E-002  0.642990869328986     
 -0.106037340937725       0.716118766309158     
 -0.109188531024009       0.762825596767356     
 -6.421776007176341E-002  0.775761348187615     
  0.199597063296376       0.598375567113827     
  0.741025128445810       0.260617548256127     
   1.00000000000000       0.000000000000000E+000
  2.122610839453942E-314  0.000000000000000E+000
  1.084719652925893E-003  3.324971910134407E-004
 -2.117868085993709E-003  2.432156228195339E-003
 -7.056593854215268E-003  6.815564372388237E-003
 -1.262197538006127E-002  1.443240527400151E-002
 -1.825075147173934E-002  2.513330240295843E-002
 -2.371508840161311E-002  3.902106032826599E-002
 -2.889392332590783E-002  5.592472189682583E-002
 -3.371574476531577E-002  7.572478313868501E-002
 -3.814014445697803E-002  9.823060546110579E-002
 -4.211704205969723E-002  0.123171812791087     
 -4.561339351129114E-002  0.150365258153218     
 -4.857803642089439E-002  0.179427105040505     
 -5.096721971913582E-002  0.210178341980813     
 -5.273886480942716E-002  0.242120983033318     
 -5.384511843092359E-002  0.275093520985775     
 -5.427347539730543E-002  0.308478675483260     
 -5.398423285579675E-002  0.342166080187866     
 -5.302270898243951E-002  0.375430189828775     
 -5.136954512714462E-002  0.408264648147673     
 -4.916334591638658E-002  0.439874421518559     
 -4.641402030856417E-002  0.470425373502271     
 -4.339791960981920E-002  0.499129628832839     
 -4.016179611056696E-002  0.526404245949964     
 -3.717838161684507E-002  0.551586187946440     
 -3.454919339827862E-002  0.575437931980890     
 -3.301586155722751E-002  0.597570054944898     
 -3.276866637452910E-002  0.619206351094107     
 -3.492636134498703E-002  0.640398214605039     
 -3.992755080410790E-002  0.663012208178516     
 -4.912414254980969E-002  0.687230921438992     
 -6.332787738063768E-002  0.715846594240142     
 -8.239572228202802E-002  0.747960110691525     
 -0.105870535114027       0.786351425056288     
 -0.128415134558254       0.825194510348203     
 -0.151648242035448       0.866513613230227     
 -0.120289222516046       0.852246509558194     
  8.324226116456447E-003  0.775003842409160     
  0.406770161837278       0.556237995537494     
   1.08863089214953       0.200268964029409     
   1.00000000000000       0.000000000000000E+000
  2.122610839453942E-314  0.000000000000000E+000
 -5.339383239360563E-004  1.036014984805508E-003
 -6.250045257019253E-003  4.780713335701496E-003
 -1.447659716325828E-002  1.163613699114569E-002
 -2.338897755257816E-002  2.216912052655607E-002
 -3.246100117832476E-002  3.634646101712365E-002
 -4.125825887722528E-002  5.411346671066571E-002
 -4.965128633972396E-002  7.539957948033971E-002
 -5.749093153476215E-002  9.999233669537952E-002
 -6.470927595522546E-002  0.127749998196798     
 -7.123385978516199E-002  0.158336695564025     
 -7.697363688357813E-002  0.191560751935588     
 -8.189258714331714E-002  0.227013609439183     
 -8.585499411522235E-002  0.264441782222738     
 -8.887126109394734E-002  0.303369306500007     
 -9.076978687058630E-002  0.343486183986840     
 -9.163662124500067E-002  0.384253557067581     
 -9.128515904347226E-002  0.425331729766666     
 -8.991374476150801E-002  0.466133203959032     
 -8.735107724979921E-002  0.506344379862055     
 -8.394355239634377E-002  0.545359578087301     
 -7.957639526705877E-002  0.582978583389646     
 -7.477166017337872E-002  0.618626569753192     
 -6.953156286266494E-002  0.652333418811503     
 -6.456753222092362E-002  0.683616529693894     
 -6.009442769700098E-002  0.712878803194091     
 -5.700580636085638E-002  0.739786351466044     
 -5.587507129494818E-002  0.765261221523933     
 -5.770136099996781E-002  0.789095836343381     
 -6.358479594877568E-002  0.812771058533162     
 -7.423508156192286E-002  0.835829597549791     
 -9.083897626820438E-002  0.859977066994873     
 -0.112218370770323       0.883710083261287     
 -0.136776322312870       0.906031091767629     
 -0.154254110778656       0.919369051347410     
 -0.146047436281593       0.909560389492360     
 -6.260111427775165E-002  0.845215155120889     
  0.205067045422775       0.694993417743509     
  0.794288289792750       0.447278944142874     
   1.38082014234151       0.150099428406063     
   1.00000000000000       0.000000000000000E+000
  2.122610839453942E-314  0.000000000000000E+000
 -3.327001460369965E-003  1.660263080860130E-003
 -1.260456931055870E-002  6.967957098286153E-003
 -2.443604861383979E-002  1.598924742058097E-002
 -3.719737366265583E-002  2.919119441103751E-002
 -5.005068594926331E-002  4.629741899303261E-002
 -6.260113964276473E-002  6.740504453021202E-002
 -7.456550254775086E-002  9.221266909524579E-002
 -8.580667684025037E-002  0.120713696640914     
 -9.618010771713605E-002  0.152543036139686     
 -0.105592580706140       0.187573785625546     
 -0.113921695818301       0.225389368152246     
 -0.121070115066384       0.265778092278356     
 -0.126916135327237       0.308263653405022     
 -0.131363001373634       0.352540898339010     
 -0.134307847472589       0.398087544381951     
 -0.135683732112321       0.444495241661276     
 -0.135440991370675       0.491231969223288     
 -0.133588081022021       0.537784783035191     
 -0.130167863820945       0.583675551735821     
 -0.125321619578502       0.628305455753130     
 -0.119220018348690       0.671337117941476     
 -0.112203591143300       0.712129347929532     
 -0.104599704906287       0.750587430606074     
 -9.701860769716986E-002  0.786083386172684     
 -8.997187126599501E-002  0.818872882228055     
 -8.439350625378918E-002  0.848360568571582     
 -8.101428377186230E-002  0.875253076141206     
 -8.100780142680977E-002  0.898817904138539     
 -8.529715631641213E-002  0.920236308466321     
 -9.453799767938430E-002  0.937966664507529     
 -0.109245880733457       0.953261061453119     
 -0.126356483512989       0.961840816380713     
 -0.143504445066655       0.963447763216360     
 -0.140550467313754       0.944330158480712     
 -9.855672789258378E-002  0.896656236656550     
  5.761804349691205E-002  0.792844703552632     
  0.404348851249868       0.614164552990975     
   1.00795838090595       0.379331180843796     
   1.62418526569742       0.118643571064581     
   1.00000000000000       0.000000000000000E+000
  2.122610839453942E-314  0.000000000000000E+000
 -7.154964550406775E-003  2.128608123779796E-003
 -2.045454635089900E-002  8.692830187460936E-003
 -3.662166147268943E-002  1.958958428757370E-002
 -5.354013685828299E-002  3.495235242184029E-002
 -7.049970572494602E-002  5.453105488519299E-002
 -8.699865251816431E-002  7.825889957012012E-002
 -0.102759348863357       0.105903282930351     
 -0.117591049541815       0.137358318703119     
 -0.131310014782167       0.172329796253907     
 -0.143807215193895       0.210633758138594     
 -0.154887708117078       0.251899179172509     
 -0.164465212800661       0.295887127987227     
 -0.172315740574428       0.342125460131161     
 -0.178380047270993       0.390313358082850     
 -0.182427228893501       0.439874094803120     
 -0.184461219630841       0.490441835799192     
 -0.184288781744766       0.541354696377103     
 -0.182029407096329       0.592184009108719     
 -0.177586164256598       0.642234048957446     
 -0.171249970740230       0.691029513730550     
 -0.163085634100431       0.737921319556898     
 -0.153602801657247       0.782418636246074     
 -0.143095358895776       0.824015093450296     
 -0.132318327114836       0.862239011369989     
 -0.121854293130443       0.896807791999752     
 -0.112684810020802       0.927270901101013     
 -0.105682595552311       0.953565885327183     
 -0.101890508663816       0.975143129777957     
 -0.102154888590079       0.991901638484625     
 -0.106842720071586        1.00278931764781     
 -0.115180591429942        1.00663916235738     
 -0.123887994157250        1.00064668999505     
 -0.124416897571218       0.979735385769854     
 -9.923075529402572E-002  0.936119876475531     
 -9.859150494735543E-003  0.856285373518570     
  0.205761443831134       0.726524627678476     
  0.629743390947589       0.539332157474183     
   1.33400749549846       0.311710038174243     
   1.81296343387385       9.875064723729490E-002
   1.00000000000000       0.000000000000000E+000
  2.122610839453942E-314  0.000000000000000E+000
 -1.187264718172081E-002  2.524599912863261E-003
 -3.000590407697598E-002  1.008661407626958E-002
 -5.064015884332258E-002  2.241153586229717E-002
 -7.199500220206523E-002  3.949607235196904E-002
 -9.319351567224440E-002  6.092401406464088E-002
 -0.113804944761196       8.667726788513415E-002
 -0.133474358978410       0.116371159521629     
 -0.152025138817432       0.150013121816968     
 -0.169223010990510       0.187181062082697     
 -0.184929933544952       0.227827719388458     
 -0.198924737228569       0.271469439538363     
 -0.211051882503666       0.317991556220776     
 -0.221090105262410       0.366827827779096     
 -0.228868601725913       0.417762709126325     
 -0.234197443875562       0.470152155312870     
 -0.236928554996036       0.523647949076035     
 -0.236961380397045       0.577563153273082     
 -0.234232555181425       0.631386600698547     
 -0.228798220958940       0.684459277883035     
 -0.220755616064437       0.736090656153070     
 -0.210377223143579       0.785747935431469     
 -0.197997186702511       0.832561370325606     
 -0.184143160503945       0.876231197047591     
 -0.169438457916611       0.915708766081469     
 -0.154672970573675       0.951012706565256     
 -0.140722164511062       0.980863189940306     
 -0.128575729312590        1.00560531018811     
 -0.119015338432289        1.02351764651872     
 -0.112908381794659        1.03506162335219     
 -0.109544087703961        1.03752138852417     
 -0.108358807204992        1.03069676163430     
 -0.102266092420102        1.00958265451852     
 -8.419960257763787E-002  0.971224289617854     
 -2.643390723645200E-002  0.906820361313846     
  0.100976771946704       0.807539182601321     
  0.367471066243294       0.666058628753395     
  0.831661908402830       0.476791787071161     
   1.49035633889619       0.268448042705549     
   1.96937629784314       8.185827729511476E-002
   1.00000000000000       0.000000000000000E+000
  2.122610839453942E-314  0.000000000000000E+000
 -1.713801214660547E-002  2.777292012825093E-003
 -4.030365931643693E-002  1.104402633655784E-002
 -6.596349775326849E-002  2.441170764591788E-002
 -9.193115352838246E-002  4.268254439686742E-002
 -0.117520468200184       6.544149522843688E-002
 -0.142287280473755       9.253566824649213E-002
 -0.165917903626768       0.123633944705585     
 -0.188215323464224       0.158654771727036     
 -0.208929814534957       0.197253629634550     
 -0.227904244146980       0.239334681844173     
 -0.244863720051253       0.284486543422761     
 -0.259639381830115       0.332570889703847     
 -0.271921818090095       0.383064866683417     
 -0.281540029492517       0.435754082317834     
 -0.288185249256586       0.489983240500970     
 -0.291732479804100       0.545434973820694     
 -0.291941329419376       0.601330222020151     
 -0.288804508530705       0.657227853479740     
 -0.282234856183759       0.712270819588003     
 -0.272420725967220       0.765889533473480     
 -0.259511144032327       0.817224248580847     
 -0.243953505452666       0.865589795242706     
 -0.226190678551203       0.910204417230305     
 -0.206951801282973       0.950285947335948     
 -0.186967062093676       0.985171066249402     
 -0.167177875401275        1.01397043752914     
 -0.148423491924066        1.03605988818308     
 -0.131527500947814        1.05033868544859     
 -0.116731748679255        1.05587163701139     
 -0.103544036371461        1.05102418639829     
 -8.921913216745296E-002   1.03365073736765     
 -6.793248371406080E-002   1.00081251878063     
 -2.646651585296601E-002  0.947569782126727     
  5.810803416845880E-002  0.868706229604620     
  0.226359010820052       0.756588610011107     
  0.538580448871970       0.606742851282736     
   1.04324405493617       0.423820067112947     
   1.75594649888890       0.229124083131023     
   2.10456616066048       6.705719049969956E-002
   1.00000000000000       0.000000000000000E+000
  2.122610839453942E-314  0.000000000000000E+000
 -2.290832951404136E-002  2.969759743284278E-003
 -5.166826770567746E-002  1.169463752204134E-002
 -8.226879843044783E-002  2.569667470108743E-002
 -0.112943483959678       4.471037812381623E-002
 -0.142921261365462       6.820244916365835E-002
 -0.171857510818203       9.606157585556845E-002
 -0.199429162458911       0.127848168390138     
 -0.225473681699208       0.163575374716608     
 -0.249717678445074       0.202807417198658     
 -0.271989108669404       0.245577430928213     
 -0.291983688865582       0.291392171718770     
 -0.309473330122038       0.340243545663616     
 -0.324125286999115       0.391537074946056     
 -0.335663197373935       0.445156861554745     
 -0.343776949225041       0.500396080754422     
 -0.348191043052311       0.556963620452374     
 -0.348704602896784       0.614071800190776     
 -0.345123145413877       0.671187877251381     
 -0.337454457409557       0.727521705829324     
 -0.325680254818750       0.782249619430736     
 -0.310101171560655       0.834689085944773     
 -0.290958423927716       0.883703460220006     
 -0.268885530728179       0.928824773757554     
 -0.244408605630892       0.968603434060622     
 -0.218458276906734        1.00283713073232     
 -0.191714273662659        1.02975507864869     
 -0.165219731940811        1.04933964590660     
 -0.139244391450390        1.05942737423171     
 -0.114349021479695        1.05984532082179     
 -8.856020585334579E-002   1.04783030027899     
 -6.002940969012104E-002   1.02223421488588     
 -1.919097441845373E-002  0.979349023773663     
  4.419409206305031E-002  0.915696941953542     
  0.159679351206250       0.827000874789938     
  0.359373168002572       0.707396177615980     
  0.701211951443268       0.557576103467918     
   1.22114004532968       0.380168104249294     
   1.87149221693124       0.202214751948339     
   2.21976206132272       5.756778926613437E-002
   1.00000000000000       0.000000000000000E+000
  2.122610839453942E-314  0.000000000000000E+000
 -2.884591101812212E-002  3.043263595411482E-003
 -6.307311505358888E-002  1.197731440519382E-002
 -9.897643783167755E-002  2.625706358466093E-002
 -0.134384889471712       4.551603363326118E-002
 -0.168763766961441       6.924730294979292E-002
 -0.201810814429565       9.723290004696875E-002
 -0.233282217895768       0.129113004959984     
 -0.263019698980219       0.164818353976627     
 -0.290771134443879       0.204024402818702     
 -0.316337456950272       0.246705691796378     
 -0.339391622817093       0.292488024546637     
 -0.359660934666696       0.341319479366889     
 -0.376745868258237       0.392705865296753     
 -0.390323202970685       0.446502502040427     
 -0.399973286139104       0.502051795888669     
 -0.405389191593989       0.559056670753032     
 -0.406225782278164       0.616691692410038     
 -0.402290829557622       0.674459320072555     
 -0.393429288279965       0.731408932514462     
 -0.379670788066881       0.786819810875865     
 -0.361153781622236       0.839695620548655     
 -0.338212338515598       0.889102325459090     
 -0.311326350268568       0.934081102345562     
 -0.281147893405042       0.973520122313961     
 -0.248429975326950        1.00653060064129     
 -0.214009351698957        1.03185610785062     
 -0.178596677802700        1.04858753901559     
 -0.142717450133700        1.05530420469110     
 -0.106090972319637        1.05077345147592     
 -6.738955642509152E-002   1.03326549407225     
 -2.260349216817812E-002   1.00062442523090     
  3.594294149307831E-002  0.950481459780703     
  0.123157235145689       0.879187705167709     
  0.263838135862168       0.783768511172147     
  0.495527301631831       0.660873740602262     
  0.870362970419034       0.510904481574525     
   1.41130522901190       0.343005052317031     
   2.09468915465905       0.178218322036887     
   2.31981475617725       5.034084011096532E-002
   1.00000000000000       0.000000000000000E+000
  2.122610839453942E-314  0.000000000000000E+000
 -3.495725920539169E-002  3.070058921401511E-003
 -7.497551104505841E-002  1.200253870256256E-002
 -0.115844064049781       2.620517289833555E-002
 -0.155891581255525       4.530207080937547E-002
 -0.194535122170329       6.871128712945487E-002
 -0.231593915041585       9.628498218053386E-002
 -0.266853264633481       0.127584371322157     
 -0.300218241723326       0.162658783803950     
 -0.331425459432969       0.201104742370252     
 -0.360289183177362       0.243055856746224     
 -0.386438242474080       0.288053330464804     
 -0.409562480048436       0.336219914198935     
 -0.429201970631468       0.386970910432640     
 -0.444940069170572       0.440316804677219     
 -0.456303728096144       0.495516039147954     
 -0.462835315270984       0.552358227865745     
 -0.464171398075515       0.609970915539230     
 -0.459919650727205       0.667817318576478     
 -0.449967573615986       0.724982481700901     
 -0.434113234367411       0.780526719757192     
 -0.412611029295654       0.833621219295535     
 -0.385551467727665       0.882901792090391     
 -0.353597263079524       0.927742202615486     
 -0.317143542253920       0.966397834820987     
 -0.277178151880644       0.998477546576518     
 -0.234201828148798        1.02194923051589     
 -0.189229515929875        1.03652914581078     
 -0.142160730163462        1.03999707264598     
 -9.323339423802693E-002   1.03181499057426     
 -3.971384763857172E-002   1.00963322638335     
  2.118603834556273E-002  0.972021322404090     
  0.100075994374328       0.916558556686871     
  0.208728599506994       0.840328766133361     
  0.375714041221966       0.741709605513657     
  0.631644823570704       0.617657132265215     
   1.02260727854797       0.472287325136153     
   1.56476415150171       0.311916680455136     
   2.18149438275217       0.160179428611705     
   2.40979956468265       4.482187744030961E-002
   1.00000000000000       0.000000000000000E+000
  2.122610839453942E-314  0.000000000000000E+000
 -4.092586588484332E-002  2.993992413590464E-003
 -8.629858097093264E-002  1.170218078656563E-002
 -0.132313655512808       2.550997260467735E-002
 -0.176867323361198       4.398209942242399E-002
 -0.219656525264029       6.660967546273849E-002
 -0.260568000787521       9.316260736351348E-002
 -0.299503354503042       0.123326979598654     
 -0.336381120442036       0.157072653907074     
 -0.370999104341550       0.194158974434487     
 -0.403129835233786       0.234642043414891     
 -0.432414519030729       0.278246390918528     
 -0.458461947231813       0.325016562880447     
 -0.480769598307812       0.374544598578412     
 -0.498821092365947       0.426765052746673     
 -0.512042764661391       0.481068551082662     
 -0.519884895501988       0.537184501497251     
 -0.521831865387178       0.594281896507514     
 -0.517437023913786       0.651807107030138     
 -0.506401523398128       0.708749431020127     
 -0.488532885510449       0.764234659488668     
 -0.463886724778282       0.817166309860629     
 -0.432639845072974       0.866370266876843     
 -0.395253553238837       0.910768991953800     
 -0.352285681563271       0.948966039060648     
 -0.304490890100996       0.979954895994417     
 -0.252615580436913        1.00222173654422     
 -0.197296474509539        1.01476514126691     
 -0.138835276268502        1.01603100581208     
 -7.666274618712868E-002   1.00479562024237     
 -8.880849805772235E-003  0.979449833739518     
  6.910651001058411E-002  0.938190923020610     
  0.165923658093582       0.879254802043117     
  0.296691199089241       0.800253062235954     
  0.485840140396386       0.699773399268662     
  0.766398764287459       0.577176958615463     
   1.18114365811826       0.435385422707397     
   1.73368909184427       0.284886335375867     
   2.37384701427365       0.144311862803972     
   2.48865196346905       3.993542941261660E-002
   1.00000000000000       0.000000000000000E+000
  2.122610839453942E-314  0.000000000000000E+000
 -4.677915954394748E-002  2.876709590303951E-003
 -9.761081312183169E-002  1.117188294272344E-002
 -0.148176276113369       2.425384934870234E-002
 -0.196957999146670       4.172384422615808E-002
 -0.243613566408977       6.303180739247617E-002
 -0.288174886734929       8.805989265041030E-002
 -0.330587150226805       0.116432845984839     
 -0.370864785614618       0.148282098206218     
 -0.408792735570698       0.183286700515122     
 -0.444190965361581       0.221713307558948     
 -0.476632690311041       0.263181248604882     
 -0.505717444388011       0.307978216559959     
 -0.530837292445441       0.355565796211352     
 -0.551399259884209       0.406120103162609     
 -0.566715395590218       0.458890728818160     
 -0.576087446901049       0.513792094923124     
 -0.578915079765703       0.569878232821550     
 -0.574539439659768       0.626654751051595     
 -0.562646820727918       0.683079032510428     
 -0.542791273060049       0.738145447654306     
 -0.515110725259724       0.790869834053987     
 -0.479514117340920       0.839724352228287     
 -0.436645804879952       0.883925222213917     
 -0.386788825759562       0.921527907559044     
 -0.330969614420333       0.951988245782697     
 -0.269600983890860       0.973146704148675     
 -0.203693721266969       0.984564284629719     
 -0.132984834475612       0.984097236004004     
 -5.751326132827093E-002  0.971084640699841     
  2.577696110937626E-002  0.943581192933380     
  0.120211720553532       0.900261056023650     
  0.236554178241501       0.839563758946439     
  0.387042568390763       0.759404414719328     
  0.598015813859464       0.659617763126707     
  0.896951161608189       0.539264867906890     
   1.31927068105024       0.403775791010743     
   1.86478880247641       0.261129345198783     
   2.43855922296178       0.131147511084377     
   2.56184973282522       3.601521055710828E-002
   1.00000000000000       0.000000000000000E+000
  2.122610839453942E-314  0.000000000000000E+000
 -5.221060182789163E-002  2.661459953109191E-003
 -0.107779972192191       1.032796338781126E-002
 -0.162907698193898       2.239101084739251E-002
 -0.215619693151581       3.841623755937436E-002
 -0.265894874020453       5.797512548999065E-002
 -0.313839458491281       8.088717783072104E-002
 -0.359550170965654       0.106949359299662     
 -0.403050964424191       0.136212492533321     
 -0.444226944446824       0.168572957837707     
 -0.482836540215335       0.204198689070157     
 -0.518501211885587       0.242961022247613     
 -0.550700938051794       0.285031150929514     
 -0.578811490713534       0.330133610605725     
 -0.602083614000063       0.378316030625418     
 -0.619740512445911       0.429060687045027     
 -0.630923514984841       0.482160233019328     
 -0.634875924981852       0.536814551288337     
 -0.630817019153598       0.592449823202724     
 -0.618230155811113       0.648022542994319     
 -0.596628739236485       0.702538534522164     
 -0.565931071772731       0.754823592379737     
 -0.526114405877812       0.803499558001916     
 -0.477607436421955       0.847400284911725     
 -0.420875747739062       0.884893926850214     
 -0.356718130710579       0.914911218809843     
 -0.285843431827073       0.935749896449645     
 -0.208931636551081       0.946408771106449     
 -0.126181945744569       0.945272435917251     
 -3.696962627265182E-002  0.931245058949006     
  6.089888144629720E-002  0.902854543517172     
  0.172158778803899       0.858711740502944     
  0.305725397655929       0.797502886253221     
  0.476130762745018       0.717852040334484     
  0.706292137001914       0.619340030820518     
   1.02429525935837       0.503005384598942     
   1.46408924041156       0.372890824416985     
   2.01466761647314       0.239564319941123     
   2.60758166004789       0.119248719546320     
   2.62542975829201       3.238278112946028E-002
   1.00000000000000       0.000000000000000E+000
  2.122610839453942E-314  0.000000000000000E+000
 -5.725392256432289E-002  2.404097590883103E-003
 -0.117453218473325       9.261665574481069E-003
 -0.176302077973139       1.998369181344796E-002
 -0.232493490765091       3.421137862390927E-002
 -0.285965041567769       5.150500647124879E-002
 -0.336989624925049       7.183532075427128E-002
 -0.385707479918246       9.494835760410053E-002
 -0.432269160436691       0.121098454785310     
 -0.476536540683431       0.150093209599553     
 -0.518350462529792       0.182363643059974     
 -0.557237508183267       0.217649722507583     
 -0.592700899593368       0.256438101692478     
 -0.623963524979654       0.298279332548759     
 -0.650223782138580       0.343560310020791     
 -0.670522249995166       0.391561094083846     
 -0.683864122848315       0.442380499026271     
 -0.689326435915630       0.495026864427565     
 -0.685917117527277       0.549118692784123     
 -0.673026192436401       0.603496003020218     
 -0.649908391865578       0.657161526164284     
 -0.616508657666396       0.708971491805251     
 -0.572535379904932       0.757306081336705     
 -0.518580589660016       0.801219938389261     
 -0.454851233989360       0.838632312987452     
 -0.382432517237803       0.868866376220141     
 -0.301748668823168       0.889676277710695     
 -0.213885062536202       0.900539655209081     
 -0.118588714142839       0.899365985144776     
 -1.585807828378288E-002  0.885508243116842     
  9.739174802384798E-002  0.857264589822071     
  0.224694588645200       0.813567974046080     
  0.376452761445010       0.753333094440697     
  0.564667224747393       0.675279709476842     
  0.812936437320047       0.579985357696379     
   1.14492590761728       0.467988639716600     
   1.58695720783308       0.345072721481050     
   2.12588611177280       0.219603501835960     
   2.65467569166454       0.108582512486707     
   2.68627686841725       2.927664651459507E-002
   1.00000000000000       0.000000000000000E+000
  2.122610839453942E-314  0.000000000000000E+000
 -6.160123146940562E-002  2.051062680895238E-003
 -0.125451386038984       7.890098271149419E-003
 -0.187875018429394       1.699994540822971E-002
 -0.247093176640793       2.901334539635327E-002
 -0.303395976484534       4.365172182405524E-002
 -0.357126066325671       6.084132135247018E-002
 -0.408602580778607       8.053437395250235E-002
 -0.457975553616204       0.102903049307780     
 -0.505240540968197       0.128011595052440     
 -0.550158116601329       0.156173767097358     
 -0.592338612261760       0.187437497231089     
 -0.631130828253286       0.222138710692915     
 -0.665773288734719       0.260172900784010     
 -0.695251267325571       0.301750039136075     
 -0.718539411220883       0.346492830886309     
 -0.734404320234775       0.394318177573701     
 -0.741777803100046       0.444509293653823     
 -0.739457043941723       0.496538399469174     
 -0.726631423825129       0.549374781870281     
 -0.702434388658237       0.601965981811315     
 -0.666594538508132       0.653091871754781     
 -0.618834819179887       0.701219819153606     
 -0.559550203145386       0.745114830815842     
 -0.489110015388908       0.782944281357489     
 -0.408420592720209       0.813592536360537     
 -0.318203224057314       0.835185030395226     
 -0.219307708443059       0.846739831440840     
 -0.111936070184636       0.846563528031025     
  4.398797132442856E-003  0.833698303969825     
  0.131982267196704       0.806730650713556     
  0.275376063015386       0.764635007913895     
  0.443366476528759       0.706358525478796     
  0.649403280038129       0.631294931072222     
  0.914352670644787       0.539594703240952     
   1.26139760649457       0.433339849348148     
   1.71667471875255       0.317008802049380     
   2.25806098354582       0.200668589363801     
   2.80441298230596       9.852117678988064E-002
   2.73770871136864       2.630716326744625E-002
   1.00000000000000       0.000000000000000E+000
  2.122610839453942E-314  0.000000000000000E+000
 -6.529356851254230E-002  1.654873834822396E-003
 -0.132482666707207       6.306465139420717E-003
 -0.197426912256512       1.350510610028014E-002
 -0.259070268820345       2.299431610880393E-002
 -0.317650751648422       3.451217603542486E-002
 -0.373687865632079       4.816154800254964E-002
 -0.427535954597017       6.385015776074869E-002
 -0.479493589505087       8.197639061652724E-002
 -0.529522763781193       0.102507270925528     
 -0.577497881723468       0.126050059148979     
 -0.622914257962566       0.152501677498056     
 -0.665180585970163       0.182565661638838     
 -0.703341308617999       0.215932334090407     
 -0.736366687403497       0.253238182652753     
 -0.762977184390693       0.293856965450646     
 -0.781837069273461       0.338139325454026     
 -0.791610532071407       0.385110840086171     
 -0.790911437523257       0.434594604678383     
 -0.778720325882154       0.485359315224220     
 -0.753936362458093       0.536515182553146     
 -0.716211847543181       0.586778810680942     
 -0.665029323253984       0.634521044421288     
 -0.600880044566868       0.678635322245302     
 -0.523918492709689       0.716947340670371     
 -0.435310367093845       0.748648707930487     
 -0.335564651305339       0.771389497532787     
 -0.225928553339601       0.784586557444619     
 -0.106277372128985       0.786105318179963     
  2.328270105449502E-002  0.775358405465779     
  0.165677334565644       0.750696275311994     
  0.324387815298969       0.711336689077069     
  0.509147894729519       0.656375659520996     
  0.731251335670416       0.585216856702288     
   1.01139267763677       0.498767949153551     
   1.36926200798401       0.398536724958827     
   1.82348658093102       0.290301965718173     
   2.35063174508593       0.182118401129030     
   2.83585101788416       8.889089331934376E-002
   2.78795857550623       2.348717462942708E-002
   1.00000000000000       0.000000000000000E+000
  2.122610839453942E-314  0.000000000000000E+000
 -6.802914744810040E-002  1.173507674400515E-003
 -0.137358759016543       4.454067174150694E-003
 -0.204538120575089       9.512055776539748E-003
 -0.268023752791697       1.612164592075755E-002
 -0.328413438142279       2.420243297145354E-002
 -0.386283206624743       3.383242936901579E-002
 -0.442176234000463       4.513236584392867E-002
 -0.496381696008678       5.841908495060390E-002
 -0.549017785165497       7.392433570413276E-002
 -0.599869668632100       9.212552373078331E-002
 -0.648550719078390       0.113253680540480     
 -0.694293285221956       0.137837159907734     
 -0.736200035573072       0.165972871673936     
 -0.772978707595718       0.198083508850529     
 -0.803328688865464       0.233993542960890     
 -0.825589956701400       0.273820993572718     
 -0.838322019667604       0.317017151613619     
 -0.839810872555532       0.363194715728605     
 -0.828870037909693       0.411423590818002     
 -0.804149600370817       0.460684914489251     
 -0.765117865245683       0.509780005276707     
 -0.711161139166138       0.557087662300473     
 -0.642617932620188       0.601337159813793     
 -0.559728114615394       0.640517930647892     
 -0.463549626911830       0.673468233960527     
 -0.354838279078696       0.698114501598569     
 -0.234717444843775       0.713469926512161     
 -0.103464245508949       0.717687301543290     
  3.911685090879431E-002  0.709900917312123     
  0.195259276798382       0.688632302481477     
  0.369113049219709       0.653131752883802     
  0.569061943069641       0.602424225837960     
  0.807145848056995       0.536473952343757     
   1.10195462593744       0.455708551841093     
   1.47198748240981       0.362839547009743     
   1.93665799682512       0.262420174604306     
   2.46528784682716       0.163727483599481     
   2.96797345138070       7.928499067494371E-002
   2.82859938778202       2.068750941736558E-002
   1.00000000000000       0.000000000000000E+000
  2.122610839453942E-314  0.000000000000000E+000
 -6.986703653635978E-002  6.540201062280332E-004
 -0.140850750903106       2.428544653996904E-003
 -0.209052033891803       5.112061779145596E-003
 -0.273663916525197       8.619009709233471E-003
 -0.335207606457516       1.290823722628866E-002
 -0.394424015908902       1.823694532399753E-002
 -0.451879393824737       2.468583947441211E-002
 -0.508016701872427       3.278667225746822E-002
 -0.562918798681256       4.267082628516838E-002
 -0.616508168344553       5.509855850704515E-002
 -0.668280699971855       7.014446524697993E-002
 -0.717569714831938       8.871494124874982E-002
 -0.763261648480359       0.110693328613791     
 -0.804105384897302       0.136983379887157     
 -0.838483138521339       0.167142421520844     
 -0.864698397745428       0.201837395288611     
 -0.880926908007354       0.240223552687210     
 -0.885339419303841       0.282438165586293     
 -0.876380469809547       0.327284463494697     
 -0.852530162027229       0.374110300062529     
 -0.813009696839228       0.421562556965782     
 -0.757025266797924       0.468111001367760     
 -0.684871624360927       0.512511665741739     
 -0.596637326085571       0.552540165492060     
 -0.493551587889575       0.587247840223152     
 -0.376239531769456       0.614135894370662     
 -0.246169864313901       0.632541469278143     
 -0.103420349670950       0.640155536837622     
  5.167380883740717E-002  0.636432559926370     
  0.221745831642832       0.619582850189837     
  0.410014683772360       0.589069084928391     
  0.625338418121904       0.543941217669519     
  0.877978753909473       0.484139725838307     
   1.18571226751231       0.410655433961603     
   1.56431142939129       0.325570193590952     
   2.02595771967070       0.234514138906019     
   2.53905157941924       0.144755041923330     
   2.98407332430415       6.966452839837517E-002
   2.86863113718556       1.781015130920799E-002
   1.00000000000000       0.000000000000000E+000
  2.122610839453942E-314  0.000000000000000E+000
 -7.054013336812960E-002  7.625056401346877E-005
 -0.141822495504821       2.217426957227735E-004
 -0.210657746882795       3.830746411575006E-004
 -0.275722800469196       5.516652755197613E-004
 -0.337870850498760       8.606731510082045E-004
 -0.397876220111925       1.561963915703701E-003
 -0.456478586297883       2.920069812076168E-003
 -0.514108461196711       5.389035873410485E-003
 -0.571011201640672       9.330335840728281E-003
 -0.627029095830476       1.537023887746159E-002
 -0.681807211210746       2.389808581181806E-002
 -0.734505594669703       3.563495824099072E-002
 -0.784124832515631       5.089212217854615E-002
 -0.829124186559769       7.034160987608300E-002
 -0.867939856303061       9.407673608561082E-002
 -0.898471321405014       0.122501336243143     
 -0.918871891218822       0.155353955840802     
 -0.926844585937229       0.192513154510795     
 -0.920743015972536       0.233294778879840     
 -0.898616105733099       0.276848981130134     
 -0.859565355824644       0.322127792011487     
 -0.802515347511375       0.367522231621789     
 -0.727668245111564       0.411802598519226     
 -0.635046704290627       0.452809986715789     
 -0.525845163683207       0.489346990679947     
 -0.400830086195577       0.519089927735313     
 -0.261452780955661       0.541002611564355     
 -0.108107244367328       0.552968844736934     
  5.899469131612681E-002  0.554138653452440     
  0.241920979009902       0.542817374918507     
  0.444214220664273       0.518428017785594     
  0.673657144412254       0.479900239815426     
  0.940644720399365       0.427596860422479     
   1.26142498067475       0.362005804098306     
   1.65009637507542       0.286161343169297     
   2.12037976138265       0.204488101116578     
   2.63505963395291       0.125236898781280     
   3.09849391149043       5.952041944476430E-002
   2.89856718192333       1.491283850946659E-002
   1.00000000000000       0.000000000000000E+000
  2.122610839453942E-314  0.000000000000000E+000
 -7.014015213464557E-002 -5.239280609194793E-004
 -0.141126542535672      -2.071747747130629E-003
 -0.209301434008351      -4.544021720992514E-003
 -0.274041375352268      -7.791117366039822E-003
 -0.336078493639245      -1.163020259029465E-002
 -0.396311886833683      -1.565587413544681E-002
 -0.455489124375660      -1.964152318535306E-002
 -0.514178277744647      -2.296975184885119E-002
 -0.572600419084225      -2.537593593282408E-002
 -0.630747157150295      -2.601254947531895E-002
 -0.688169872966430      -2.463617796887860E-002
 -0.744173195706034      -2.019548479910313E-002
 -0.797554047539165      -1.257478442602855E-002
 -0.846888563456860      -6.235311023580177E-004
 -0.890264234323425       1.550343061353846E-002
 -0.925645952462054       3.683302170949394E-002
 -0.950696486777154       6.281361910981301E-002
 -0.963117337782296       9.401327170039786E-002
 -0.960702737793766       0.129456848436593     
 -0.941439085650186       0.168894614079422     
 -0.903937365858144       0.211060374717332     
 -0.847031679353220       0.254676561078143     
 -0.770644543561787       0.298446372252448     
 -0.674723706926430       0.340170872402691     
 -0.560457245054369       0.378766441303008     
 -0.428565004083089       0.411544195013284     
 -0.280730745792473       0.437718430501300     
 -0.117277044568922       0.454658899987290     
  6.114897428884203E-002  0.461804738221883     
  0.256772690498420       0.457026746272198     
  0.472375832140509       0.439956905595806     
  0.715773549513093       0.409400033611031     
  0.995957923557348       0.365676240378317     
   1.32784773945338       0.309686805489369     
   1.72347217391404       0.243737701709792     
   2.18967602215947       0.173267311683233     
   2.68848098970344       0.104303797926066     
   3.09821233969990       4.909447524815859E-002
   2.92769845637418       1.173475660339933E-002
   1.00000000000000       0.000000000000000E+000
  2.122610839453942E-314  0.000000000000000E+000
 -6.847786319604347E-002 -1.136130016534329E-003
 -0.137749189215230      -4.402156350180218E-003
 -0.204833433185023      -9.524624621615494E-003
 -0.268539482997283      -1.623877529696953E-002
 -0.329866919122010      -2.422509684616754E-002
 -0.389712248523159      -3.306944089983650E-002
 -0.448953947235739      -4.242663150679146E-002
 -0.508150523910902      -5.175041397899403E-002
 -0.567672382072523      -6.062614968106186E-002
 -0.627462078920842      -6.833466163761655E-002
 -0.687242871520257      -7.439371060628022E-002
 -0.746186113408765      -7.792984979311000E-002
 -0.803266472663258      -7.844247152865962E-002
 -0.856788686303723      -7.500429365181610E-002
 -0.904996734591506      -6.720855642565482E-002
 -0.945409804858906      -5.428735717922122E-002
 -0.975794964341479      -3.608474456424030E-002
 -0.993253326169560      -1.230219920206805E-002
 -0.995613359599407       1.682166883968312E-002
 -0.980207675281796       5.080186594968791E-002
 -0.945626321002818       8.895634070271101E-002
 -0.890154069023041       0.129858402298629     
 -0.813687073158581       0.172480659352331     
 -0.715863767417186       0.214592577781247     
 -0.597891027732715       0.255021418677579     
 -0.460456659882063       0.291146300637968     
 -0.305307054788361       0.321849993758870     
 -0.132961650415075       0.344602066326534     
  5.589216235423804E-002  0.358481339246847     
  0.263048811524446       0.361395184744383     
  0.491278326992883       0.352820637606942     
  0.747589999093180       0.331414235314633     
   1.04056016783220       0.297763173190334     
   1.38411310993259       0.252235230218225     
   1.78827102761653       0.197897780316422     
   2.26202497785194       0.138915158613009     
   2.76333605722089       8.221008205949586E-002
   3.19336976887267       3.761683862045020E-002
   2.94612677276945       8.515480486544285E-003
   1.00000000000000       0.000000000000000E+000
  2.122610839453942E-314  0.000000000000000E+000
 -6.568916725748762E-002 -1.743070335071320E-003
 -0.132649407558923      -6.680908659061577E-003
 -0.197365392113221      -1.439003861160200E-002
 -0.259264923483250      -2.444733227215544E-002
 -0.319158659476294      -3.649298835589470E-002
 -0.378003754675826      -5.001105095668425E-002
 -0.436665437918628      -6.469660181774899E-002
 -0.495803243346784      -7.992576435124803E-002
 -0.555784310336972      -9.537266953769369E-002
 -0.616698108386647      -0.110206346578651     
 -0.678225782517394      -0.124067849188080     
 -0.739722049453092      -0.135867568622391     
 -0.800018812373022      -0.145260089165559     
 -0.857622746112425      -0.150925318972715     
 -0.910461613237190      -0.152647973890728     
 -0.956247357534025      -0.149048596361243     
 -0.992209765261758      -0.140197991078830     
  -1.01559900951215      -0.125003508929418     
  -1.02351593756973      -0.103948429017892     
  -1.01337548235669      -7.668992857631854E-002
 -0.982990050693109      -4.412558686093375E-002
 -0.930666548514355      -7.056923485057858E-003
 -0.855681920827970       3.337052699052589E-002
 -0.757677405323733       7.513731473707923E-002
 -0.637555674345903       0.117104755233253     
 -0.496028406688047       0.156393097667005     
 -0.334871761075161       0.192077284432743     
 -0.154658750734533       0.221053265707477     
  4.363745471509481E-002  0.242671917128943     
  0.261709768251654       0.254239958816803     
  0.501764341951093       0.255457836989267     
  0.770410525394425       0.244669321926760     
   1.07519661897526       0.222397961375443     
   1.42828463464620       0.189297200764739     
   1.83822018237188       0.147523581920935     
   2.30752767942632       0.102311321473853     
   2.79346129361497       5.790845455290428E-002
   3.17442160952700       2.567857280922910E-002
   2.96283337225905       4.834313906328273E-003
   1.00000000000000       0.000000000000000E+000
  2.122610839453942E-314  0.000000000000000E+000
 -6.170868098507707E-002 -2.300402394615676E-003
 -0.124996736817784      -8.810735373959362E-003
 -0.186954777575904      -1.894899990349446E-002
 -0.246368570395215      -3.216744888578490E-002
 -0.304226849249768      -4.803139931841435E-002
 -0.361432822171015      -6.601409762206178E-002
 -0.418920190006050      -8.578149419165194E-002
 -0.477342326027229      -0.106773155139839     
 -0.537182908377908      -0.128628219682531     
 -0.598531396318645      -0.150629060819203     
 -0.661245424604908      -0.172310216476423     
 -0.724628636571150      -0.192734747659970     
 -0.787743376521314      -0.211300478201874     
 -0.848913726824048      -0.226872391199506     
 -0.906331422213782      -0.238756427590900     
 -0.957309043531105      -0.245782059805184     
 -0.999334053785396      -0.247293481523392     
  -1.02899670482867      -0.242414524670758     
  -1.04359991329607      -0.230730171726647     
  -1.03970139012918      -0.212096795440959     
  -1.01522735898605      -0.186531542709664     
 -0.967610869629034      -0.154990952343764     
 -0.896173241463651      -0.118004576095667     
 -0.799894210363842      -7.768456234863474E-002
 -0.679714906531621      -3.498036121513872E-002
 -0.536030550556227       7.194640968236111E-003
 -0.370710100166126       4.770071488563479E-002
 -0.184347853244488       8.343886876424673E-002
  2.191735389853011E-002  0.113341953537855     
  0.249476726407388       0.134698834278891     
  0.500215816862178       0.146898873676478     
  0.780191223942959       0.148111186786626     
   1.09604920800024       0.138931476676652     
   1.45945700138235       0.119421878398797     
   1.87673789720565       9.232581365272688E-002
   2.35308077128168       6.142390882067568E-002
   2.84320644791317       3.185532192646325E-002
   3.24743100105445       1.215680091055110E-002
   2.96820038441027       1.105245080274850E-003
   1.00000000000000       0.000000000000000E+000
  2.122610839453942E-314  0.000000000000000E+000
 -5.671733653485837E-002 -2.816029343882033E-003
 -0.115872440544837      -1.071313575885934E-002
 -0.173918929848843      -2.301579604938771E-002
 -0.230160407001704      -3.903851489061398E-002
 -0.285308895125971      -5.833999202875751E-002
 -0.340255876759173      -8.035780663741891E-002
 -0.395889627354319      -0.104806840243688     
 -0.452915499677659      -0.131149408736032     
 -0.511834218687296      -0.159104184893260     
 -0.572862931612930      -0.187980130205484     
 -0.635886184387940      -0.217407133652253     
 -0.700411092300482      -0.246405290077716     
 -0.765467569659049      -0.274475675318363     
 -0.829651900322109      -0.300277523179689     
 -0.890964601571996      -0.323224765745512     
 -0.947034030559168      -0.341686217100338     
 -0.994891224594406      -0.355114227251413     
  -1.03143639778670      -0.361876166394465     
  -1.05319724239214      -0.361670464653240     
  -1.05697585689127      -0.353384984360068     
  -1.03968862537050      -0.337138055479081     
 -0.998905623710649      -0.312953938251088     
 -0.932938366235783      -0.281425022402151     
 -0.840825478159362      -0.244098798527157     
 -0.722769006482040      -0.201884088856170     
 -0.579227988923998      -0.157730817234131     
 -0.411738219428955      -0.112601649868999     
 -0.221069482963150      -7.018116800803763E-002
 -8.382184343221447E-003 -3.124912142080631E-002
  0.227346622890739       6.529639100877625E-004
  0.487672002285470       2.521311806161756E-002
  0.777827805031584       3.999648388871713E-002
   1.10382242729475       4.551854082828421E-002
   1.47517881850695       4.196291035930412E-002
   1.89732588738364       3.086645377470035E-002
   2.36942969135555       1.721778403864488E-002
   2.84557195607854       2.742527651462820E-003
   3.20631693773168      -1.979584826174470E-003
   2.97021874578861      -3.264391705672530E-003
   1.00000000000000       0.000000000000000E+000
  2.122610839453942E-314  0.000000000000000E+000
 -5.080747148065982E-002 -3.216229557693074E-003
 -0.104662625235115      -1.227535714064669E-002
 -0.158545969011433      -2.639170535800310E-002
 -0.211035942513836      -4.479199061630188E-002
 -0.262933104523287      -6.703019426643109E-002
 -0.315009671765486      -9.254778802647892E-002
 -0.368155618419835      -0.121120873414692     
 -0.423064710906289      -0.152268113747519     
 -0.480305756944547      -0.185797290600361     
 -0.540147694586613      -0.221108357504497     
 -0.602627077529275      -0.257893240045669     
 -0.667312896113948      -0.295285939782166     
 -0.733478818345106      -0.332743606357779     
 -0.799706692383947      -0.369049196269674     
 -0.864329146114183      -0.403366415502008     
 -0.924758697484617      -0.434179899591796     
 -0.978414759203730      -0.460392600353091     
  -1.02165327974730      -0.480457963798387     
  -1.05137949686681      -0.493208428354970     
  -1.06348251483067      -0.497581353134448     
  -1.05515731254758      -0.492620025680032     
  -1.02281098563434      -0.478373538549774     
 -0.964890257974216      -0.454430651982698     
 -0.879328413944885      -0.422367202625635     
 -0.766348626076277      -0.382458801018066     
 -0.625660279074033      -0.337705762258938     
 -0.458829818949634      -0.289004715621336     
 -0.266394206363356      -0.240102902252902     
 -4.969597726180405E-002 -0.192152739708003     
  0.192145348500793      -0.148796251877052     
  0.460136682055721      -0.110821485931386     
  0.759195006955249      -8.088456475738993E-002
   1.09403714746904      -5.870121695695132E-002
   1.47413311169073      -4.476326079739743E-002
   1.90258401602356      -3.718596854628767E-002
   2.38172462793389      -3.273977940370385E-002
   2.86458247208983      -2.878922312023357E-002
   3.25295896552071      -1.828413840855797E-002
   2.96027767885007      -7.684551422020407E-003
   1.00000000000000       0.000000000000000E+000
  2.122610839453942E-314  0.000000000000000E+000
 -4.418941564753004E-002 -3.537071038821770E-003
 -9.256076819635910E-002 -1.342995152062687E-002
 -0.141353030394255      -2.891176959423577E-002
 -0.189576239530514      -4.911031763023842E-002
 -0.237659680656720      -7.362908591239554E-002
 -0.286306848929918      -0.101935641876567     
 -0.336316137505943      -0.133869602548109     
 -0.388384413470613      -0.169058392594944     
 -0.443102325285034      -0.207380416857767     
 -0.500830018125197      -0.248395072230632     
 -0.561694060023584      -0.291861776770482     
 -0.625452466905078      -0.337072596416107     
 -0.691482699001448      -0.383536932569010     
 -0.758661782742274      -0.430109144174204     
 -0.825344666226713      -0.475972090204772     
 -0.889333574562582      -0.519472150544303     
 -0.947845512326483      -0.559478164990527     
 -0.997670458432332      -0.593962358982859     
  -1.03513402821754      -0.621675301270668     
  -1.05650896925307      -0.640678740583929     
  -1.05798580598461      -0.649871988010526     
  -1.03620637998108      -0.648173185585870     
 -0.988325565613865      -0.635026018130036     
 -0.912354524187777      -0.610990837609545     
 -0.807276771686174      -0.576123038803547     
 -0.672814461127957      -0.533015875056706     
 -0.509662783297197      -0.482279278463755     
 -0.318535744778691      -0.428116365283160     
 -0.100393887922468      -0.371172680885683     
  0.145105173401453      -0.316235611530769     
  0.418979457175603      -0.263578467404152     
  0.724886593340644      -0.216947767374204     
   1.06740505738596      -0.176127570721115     
   1.45347633236086      -0.141843904750698     
   1.88595428920788      -0.113780151150682     
   2.36156204030774      -8.737393079934326E-002
   2.83293601585437      -6.452085970941045E-002
   3.18479133561056      -3.543268000281164E-002
   2.94456007986601      -1.296829210694215E-002
   1.00000000000000       0.000000000000000E+000
  2.122610839453942E-314  0.000000000000000E+000
 -3.711988134927501E-002 -3.688818678327454E-003
 -7.916241478016052E-002 -1.409707710270477E-002
 -0.122845424824696      -3.042050561521819E-002
 -0.166390702705898      -5.178844713261325E-002
 -0.210256168461504      -7.785750348171847E-002
 -0.254956257751882      -0.108130406476809     
 -0.301239357510094      -0.142571058451653     
 -0.349768930795830      -0.180857195743083     
 -0.401148609130629      -0.223052449623346     
 -0.455821798469573      -0.268779527925727     
 -0.514009620487479      -0.318020344967609     
 -0.575640043410712      -0.370135352768955     
 -0.640285273514316      -0.424844808898044     
 -0.707020961064685      -0.481058171045162     
 -0.774513639629473      -0.538066394189118     
 -0.840672656280915      -0.594221519024168     
 -0.903136786556670      -0.648268139406214     
 -0.958527175046717      -0.698086873363911     
  -1.00364823601882      -0.741935104143116     
  -1.03413070875612      -0.777664180513499     
  -1.04658680263032      -0.803247958256768     
  -1.03648467083745      -0.817289235297614     
  -1.00122555631703      -0.818037822665579     
 -0.937369103179651      -0.805746061884905     
 -0.843896270005158      -0.779292920297550     
 -0.719207060558592      -0.741096224703407     
 -0.563892687111688      -0.691094919140878     
 -0.377930835635129      -0.633521982075581     
 -0.162300948231126      -0.568966404650070     
  8.354829533559620E-002 -0.502383837784264     
  0.360096224291828      -0.434685292814398     
  0.670743143990459      -0.369832842518795     
   1.01866438067528      -0.308333282179663     
   1.41113128088138      -0.251711124247461     
   1.84862778717140      -0.199720390594468     
   2.33176449540696      -0.150024510479134     
   2.81335421312150      -0.103694703350870     
   3.19921048189174      -5.555151808911988E-002
   2.91625716228279      -1.832119876143278E-002
   1.00000000000000       0.000000000000000E+000
  2.122610839453942E-314  0.000000000000000E+000
 -2.980664424313433E-002 -3.732303518594931E-003
 -6.572544852738769E-002 -1.421638065614499E-002
 -0.103676467610746      -3.081853909149604E-002
 -0.142275991332418      -5.261836956228198E-002
 -0.181533295952851      -7.939100091556808E-002
 -0.221875345646494      -0.110703694885988     
 -0.263904255011650      -0.146599784270543     
 -0.308251588419983      -0.186908789858049     
 -0.355521826618115      -0.231753397400891     
 -0.406200114098637      -0.281001037875446     
 -0.460625958923291      -0.334672638591278     
 -0.518859637863290      -0.392458437911188     
 -0.580689328049115      -0.454086089756943     
 -0.645437205565445      -0.518840056882838     
 -0.712031643537390      -0.585957266257134     
 -0.778752807119829      -0.654106978308733     
 -0.843425423343393      -0.721880221044573     
 -0.903133037570136      -0.787235306688280     
 -0.954591161643571      -0.848146679827285     
 -0.993881573723767      -0.902087520520741     
  -1.01704565285083      -0.946590470434664     
  -1.01984545338608      -0.979292190157408     
 -0.998543277198998      -0.997976389835456     
 -0.949713709117015       -1.00153439512266     
 -0.870879807689321      -0.988189740915642     
 -0.760212138704332      -0.959256826576625     
 -0.616881864637254      -0.914037057754121     
 -0.440782259738822      -0.856631278254808     
 -0.231882350525993      -0.786501619989511     
  9.895023304149842E-003 -0.709861761590787     
  0.285735623222393      -0.626741299747417     
  0.597433819710467      -0.543001125986976     
  0.948693282228854      -0.458605379250224     
   1.34391158289472      -0.376445901418162     
   1.78427828868481      -0.297996704416560     
   2.26484425638510      -0.219782373598931     
   2.73889782455562      -0.149121133151750     
   3.09707534590096      -7.705750154604978E-002
   2.87859984021018      -2.493738659047999E-002
   1.00000000000000       0.000000000000000E+000
  2.122610839453942E-314  0.000000000000000E+000
 -2.263926018345695E-002 -3.582329420273689E-003
 -5.200378628794113E-002 -1.379389637555020E-002
 -8.450674005307772E-002 -3.004453398294662E-002
 -0.117972249079868      -5.154594537065508E-002
 -0.152430691223257      -7.815442027927300E-002
 -0.188066483902246      -0.109513286159827     
 -0.225410738187932      -0.145803703900026     
 -0.265025937447573      -0.186898365044926     
 -0.307480692783669      -0.233138032576533     
 -0.353335196939733      -0.284420377662866     
 -0.402944704658660      -0.341083407436957     
 -0.456591818503930      -0.402836880791277     
 -0.514153182710099      -0.469829399437373     
 -0.575320680954211      -0.541337495972070     
 -0.639209758553498      -0.617089937444280     
 -0.704568522507228      -0.695671477502599     
 -0.769523084842278      -0.776141367425797     
 -0.831571328966869      -0.856217493178908     
 -0.887824059139646      -0.934131521276395     
 -0.934439460715694       -1.00686966606026     
 -0.967868637432378       -1.07179629627601     
 -0.983329921638597       -1.12575002214296     
 -0.977384032667790       -1.16574825738036     
 -0.945310855011159       -1.18971849753582     
 -0.884661203720292       -1.19451840962635     
 -0.791817283204614       -1.18051366162673     
 -0.665720527376168       -1.14563259545043     
 -0.504823560233431       -1.09338911966813     
 -0.308605596967105       -1.02224949643800     
 -7.635530981809573E-002 -0.938239152461501     
  0.193195645261315      -0.841706642671352     
  0.501531761015137      -0.738896236406319     
  0.851432087634686      -0.630303328001349     
   1.24850421074436      -0.520219811007107     
   1.69156856056039      -0.411012434712931     
   2.18031285235246      -0.301989045884556     
   2.66907911844334      -0.200286186286297     
   3.07066298403475      -0.103097468687509     
   2.82743375593966      -3.172358173002632E-002
   1.00000000000000       0.000000000000000E+000
  2.122610839453942E-314  0.000000000000000E+000
 -1.578224971160113E-002 -3.313392635258471E-003
 -3.923266943896390E-002 -1.276668057238405E-002
 -6.601132691345707E-002 -2.810082404076978E-002
 -9.436858611218216E-002 -4.852586135836498E-002
 -0.123858194314491      -7.408195633896400E-002
 -0.154608446505695      -0.104481050163218     
 -0.186959015243330      -0.139991581291198     
 -0.221428506286424      -0.180622744280607     
 -0.258543724050332      -0.226753172250623     
 -0.298854165240007      -0.278530445793997     
 -0.342809968255818      -0.336295665057962     
 -0.390737424995356      -0.400164575789612     
 -0.442763220219136      -0.470248346068260     
 -0.498709535731142      -0.546415745479473     
 -0.558111364308989      -0.628286470252554     
 -0.619961247179652      -0.715204433630411     
 -0.682937926724229      -0.805998330006012     
 -0.744892820297890      -0.899190341789382     
 -0.803486749608580      -0.992588328255257     
 -0.855268015502103       -1.08374676435780     
 -0.896975957417529       -1.16938005093379     
 -0.924097303921055       -1.24624639530209     
 -0.932933552881266       -1.31055137724662     
 -0.918678808696928       -1.35920941681153     
 -0.877995539792894       -1.38789289725589     
 -0.806725941265010       -1.39522208851289     
 -0.702404308569664       -1.37813528146876     
 -0.562669947082349       -1.33853137164489     
 -0.385697820315160       -1.27281579809409     
 -0.170146110932553       -1.18736254660051     
  8.654232183127239E-002  -1.08075590133672     
  0.384969272032409      -0.961855690682984     
  0.729253783114205      -0.827903715988161     
   1.12206245186638      -0.687137175924673     
   1.56527324393373      -0.543693862976839     
   2.05179118172386      -0.397108700432664     
   2.53860490597593      -0.262483218250221     
   2.92361452981376      -0.132261326540293     
   2.76104016351514      -4.094103144158551E-002
   1.00000000000000       0.000000000000000E+000
  2.122610839453942E-314  0.000000000000000E+000
 -9.686619148208118E-003 -2.868552012003009E-003
 -2.723637349622744E-002 -1.126991954703348E-002
 -4.888881707868240E-002 -2.506091986197122E-002
 -7.220007302923510E-002 -4.372576661561259E-002
 -9.679388434508347E-002 -6.737667896357734E-002
 -0.122548635147241      -9.583732610370017E-002
 -0.149746360124652      -0.129472846263976     
 -0.178804241703349      -0.168321842355976     
 -0.210182160780824      -0.212935813862595     
 -0.244456789426034      -0.263452389015410     
 -0.282019750226567      -0.320516039146789     
 -0.323382057557840      -0.384207486401309     
 -0.368637936869814      -0.455130036567221     
 -0.418009256714331      -0.533084075971971     
 -0.471042892263791      -0.618419635163207     
 -0.527400654492309      -0.710336629030559     
 -0.585827357557409      -0.808643105977739     
 -0.645100901527719      -0.911556213645764     
 -0.702988588371564       -1.01802414689304     
 -0.757063655241694       -1.12498072116525     
 -0.804177130161276       -1.23024226211081     
 -0.840587663401760       -1.32945489185427     
 -0.862649057478405       -1.41943625246867     
 -0.865504448651300       -1.49541019967923     
 -0.845716468175780       -1.55290019769447     
 -0.798130370004648       -1.58815189923706     
 -0.719940025218234       -1.59704538529036     
 -0.607127173198783       -1.57923473497114     
 -0.457079960824352       -1.52899947423954     
 -0.266636935636973       -1.45118276580586     
 -3.259096346328605E-002  -1.34252608683498     
  0.246850121457132       -1.21242050650743     
  0.576520676979194       -1.05646558933537     
  0.960872308643406      -0.884361221604838     
   1.40095964504072      -0.703073414765930     
   1.89444655003518      -0.515548439334890     
   2.39849284315130      -0.337136221299280     
   2.84133185772969      -0.170604196186881     
   2.67864573699133      -5.080868340316249E-002
   1.00000000000000       0.000000000000000E+000
  2.122610839453942E-314  0.000000000000000E+000
 -4.436362099573649E-003 -2.317994902410564E-003
 -1.711272980255274E-002 -9.225022571612427E-003
 -3.369976507141044E-002 -2.104327558399545E-002
 -5.227752812594542E-002 -3.729048496096944E-002
 -7.204970348969732E-002 -5.829832243715008E-002
 -9.291178264207851E-002 -8.393171473470351E-002
 -0.114945806015218      -0.114629102493288     
 -0.138534325818276      -0.150500613833124     
 -0.164052478352873      -0.192097755959454     
 -0.192022815337880      -0.239730613867150     
 -0.222866776417279      -0.293998261728176     
 -0.257047436334252      -0.355329168839927     
 -0.294845890971697      -0.424236274605325     
 -0.336473063585419      -0.501132573108933     
 -0.381886293614462      -0.586206206924857     
 -0.430801715612150      -0.679624693384840     
 -0.482660826637794      -0.780908916270449     
 -0.536371984843697      -0.889639582954962     
 -0.590693367137286       -1.00426714192306     
 -0.643374833166570       -1.12336653348393     
 -0.692430041117052       -1.24399843643027     
 -0.734232024547899       -1.36333839641233     
 -0.766215939621053       -1.47710494712454     
 -0.783360288438240       -1.58122836140864     
 -0.782894326507188       -1.66983483929387     
 -0.758927174297284       -1.73824435502325     
 -0.708741210215747       -1.78119936005854     
 -0.626642171581828       -1.79565435743339     
 -0.509840136584288       -1.77307126479841     
 -0.352735374363959       -1.71577381049695     
 -0.151172169841156       -1.61818232102592     
  9.843385187200503E-002  -1.48905931904138     
  0.402894735222800       -1.31686850757803     
  0.766117668993573       -1.11701095359763     
   1.19662564189619      -0.896365357269184     
   1.68228986855350      -0.663994227415442     
   2.18957778723776      -0.437510155983284     
   2.62685059517074      -0.217234230456730     
   2.56850459619048      -6.650386148476542E-002
   1.00000000000000       0.000000000000000E+000
  2.122610839453942E-314  0.000000000000000E+000
 -4.389926269438285E-004 -1.656403277252975E-003
 -8.643000601730224E-003 -6.926002516317018E-003
 -2.100919609205792E-002 -1.629018770368912E-002
 -3.515712857340771E-002 -2.965339017079366E-002
 -5.044586804452261E-002 -4.737582267056528E-002
 -6.658747406830851E-002 -6.944035212607774E-002
 -8.364136727052296E-002 -9.630397012433842E-002
 -0.101883149579657      -0.128077884525454     
 -0.121611480931714      -0.165383502957108     
 -0.143312597027788      -0.208473276077051     
 -0.167305713939054      -0.258133774877540     
 -0.194127638365604      -0.314696098779830     
 -0.223947166717178      -0.379061339861988     
 -0.257239240224315      -0.451501438207746     
 -0.293842938675921      -0.532900887548912     
 -0.334046315795033      -0.623216157137764     
 -0.377150369313863      -0.723095178499822     
 -0.423076547248715      -0.831779303336616     
 -0.470373304702147      -0.949376314372156     
 -0.518342380260584       -1.07386940183896     
 -0.564650731254079       -1.20451232645709     
 -0.607672078081818       -1.33745357993690     
 -0.644279239393084       -1.47087587871816     
 -0.671536218924210       -1.59884922875538     
 -0.685928992674261       -1.71806411772212     
 -0.683225090714736       -1.82066671896201     
 -0.659926652056962       -1.90285386490431     
 -0.610211474566616       -1.95738175006795     
 -0.530547460608968       -1.97581716179545     
 -0.413934049133228       -1.95456008907755     
 -0.254860196640607       -1.88647054172887     
 -4.863724182586864E-002  -1.77614044167267     
  0.215609450431496       -1.60708216966482     
  0.542373185561948       -1.39422511838692     
  0.943534677971260       -1.13788688807661     
   1.41825853472979      -0.861714519958319     
   1.93705040039085      -0.569196005881858     
   2.44932299368229      -0.283865584532900     
   2.43703740618373      -8.391646399593154E-002
   1.00000000000000       0.000000000000000E+000
  2.122610839453942E-314  0.000000000000000E+000
  2.318785663581038E-003 -9.225225918688127E-004
 -2.655382231215841E-003 -4.275655381163464E-003
 -1.112746420116151E-002 -1.104216479215672E-002
 -2.137243102600647E-002 -2.117204720323636E-002
 -3.248965987307390E-002 -3.522155731056785E-002
 -4.429323889870854E-002 -5.316853635909465E-002
 -5.669165330006524E-002 -7.549525039870837E-002
 -6.994087394899437E-002 -0.102300189386871     
 -8.423798638944971E-002 -0.134153316856600     
 -9.998891508141371E-002 -0.171352061843326     
 -0.117471133593290      -0.214587888033644     
 -0.137113533454271      -0.264363730880591     
 -0.159150040948686      -0.321440755980353     
 -0.183941700534950      -0.386493988195473     
 -0.211579254263710      -0.460196074742759     
 -0.242242294464854      -0.543292111596718     
 -0.275779952977064      -0.636090474107360     
 -0.312010453924957      -0.739203306521423     
 -0.350446807309162      -0.852184832487550     
 -0.390275971018206      -0.975152631026697     
 -0.430624321596587       -1.10648776967208     
 -0.469692592443213       -1.24527001627995     
 -0.506287649333115       -1.38832500902005     
 -0.537155235308287       -1.53305704748850     
 -0.560977800818773       -1.67455838176320     
 -0.572885353661231       -1.80769635929103     
 -0.571704868532161       -1.92682516776936     
 -0.550243991001764       -2.02515063495450     
 -0.507438842907375       -2.09191013583133     
 -0.433315498215193       -2.12002172614222     
 -0.325158620849608       -2.10272480393878     
 -0.172065928514752       -2.03605887252905     
  3.365044769831154E-002  -1.89672144088095     
  0.305366087806205       -1.69596672785582     
  0.659317889051720       -1.42722903172521     
   1.09468272253313       -1.11879450360637     
   1.60364645945421      -0.752991076935037     
   2.11380046149278      -0.365572838889075     
   2.25051108973955      -0.108030817325182     
   1.00000000000000       0.000000000000000E+000
  2.122610839453942E-314  0.000000000000000E+000
  3.634839039845346E-003 -2.123790348136368E-004
  1.244306279311486E-003 -1.753735821239062E-003
 -4.265060260961295E-003 -5.763828361365919E-003
 -1.110400257395641E-002 -1.258136684630948E-002
 -1.860036686736321E-002 -2.274082792553254E-002
 -2.653042530331971E-002 -3.626734924192337E-002
 -3.480701653626412E-002 -5.360610302785596E-002
 -4.361008412270091E-002 -7.478302034120840E-002
 -5.306546505851019E-002 -0.100359341016848     
 -6.349695945549956E-002 -0.130494128935198     
 -7.507703923058319E-002 -0.165945048496868     
 -8.818984658185532E-002 -0.207016671796122     
 -0.102945678531250      -0.254681632678126     
 -0.119765384487099      -0.309341564478713     
 -0.138593450177226      -0.372137167836994     
 -0.159877040761438      -0.443440227893076     
 -0.183268072395164      -0.524447756961626     
 -0.209216286570713      -0.615264116731565     
 -0.236921718419188      -0.716967280661288     
 -0.266778516864805      -0.828984794853149     
 -0.297365426924976      -0.952077563080522     
 -0.328887150984719       -1.08436998977874     
 -0.359188763616722       -1.22610659199620     
 -0.388058778717067       -1.37318037770702     
 -0.412684713276599       -1.52532088739645     
 -0.432093538686651       -1.67505128215836     
 -0.443069565789298       -1.82195619235869     
 -0.442617093151973       -1.95486153252457     
 -0.427630270108929       -2.07062233528183     
 -0.393139877686760       -2.15290693417688     
 -0.335258208169771       -2.20084105288715     
 -0.243173647382862       -2.19979259781257     
 -0.110791573847344       -2.12637371141346     
  8.353971251946754E-002  -1.97886935290062     
  0.354894394928496       -1.73545953319589     
  0.724985531758104       -1.42527311816659     
   1.21621542876387      -0.999060101143126     
   1.80748913630544      -0.504972426354381     
   2.02964647680663      -0.138523864166678     
   1.00000000000000       0.000000000000000E+000
  2.122610839453942E-314  0.000000000000000E+000
  3.653852511657370E-003  4.389403578216870E-004
  2.660831341641575E-003  6.741762254425556E-004
 -3.626268929193370E-004 -8.889760903348762E-004
 -4.422905713116721E-003 -4.574092536740487E-003
 -8.839194193243846E-003 -1.098573578939078E-002
 -1.352473852107146E-002 -2.009667779895487E-002
 -1.833803338430382E-002 -3.230076231674883E-002
 -2.344000350230874E-002 -4.754289255808308E-002
 -2.887044143115785E-002 -6.630593257441381E-002
 -3.487358631498150E-002 -8.864918324787735E-002
 -4.153218867137470E-002 -0.115241338704223     
 -4.912670595515218E-002 -0.146300057558065     
 -5.771515311896463E-002 -0.182684233773837     
 -6.759785991242259E-002 -0.224795538533937     
 -7.876619331604942E-002 -0.273601990558661     
 -9.151954978423783E-002 -0.329698817160892     
 -0.105746370559157      -0.393995771095977     
 -0.121699172608195      -0.467267806578879     
 -0.139129224269813      -0.550100774000595     
 -0.158151341976966      -0.643374415076880     
 -0.178362388305833      -0.746991196550157     
 -0.199565421126485      -0.861738787457471     
 -0.221231890708438      -0.986420088617016     
 -0.242601632051064       -1.12123106388700     
 -0.263165078081197       -1.26372415349886     
 -0.281253592275622       -1.41262580823986     
 -0.296682987149377       -1.56396886213302     
 -0.305692473749156       -1.71418138428996     
 -0.308820304667294       -1.85706980279323     
 -0.300437738099549       -1.98308097605680     
 -0.281679330684276       -2.08952396254916     
 -0.240154195466779       -2.16287940259144     
 -0.176560264674836       -2.17436063764029     
 -6.425643342979737E-002  -2.11271989843075     
  9.738479339294863E-002  -1.96086605848395     
  0.357991993958848       -1.70770985864252     
  0.751438969308669       -1.26786149911797     
   1.26790274451189      -0.689194551156143     
   1.68629729375918      -0.220953340809855     
   1.00000000000000       0.000000000000000E+000
  2.122610839453942E-314  0.000000000000000E+000
  2.533936270000114E-003  7.918377086644703E-004
  2.316239381180038E-003  2.241453009897403E-003
  1.003158215113734E-003  2.677055793242287E-003
 -9.517769848897349E-004  1.647693282167454E-003
 -3.009727882210473E-003 -1.502462621128046E-003
 -5.234778888823086E-003 -6.435650229076850E-003
 -7.431630329156670E-003 -1.377568278054908E-002
 -9.781892373422266E-003 -2.299849716155917E-002
 -1.221506514908590E-002 -3.494333794908306E-002
 -1.494398154361726E-002 -4.902002298291906E-002
 -1.791606348333201E-002 -6.640140870877885E-002
 -2.138368739458568E-002 -8.643002470739539E-002
 -2.524575959761092E-002 -0.110672758223665     
 -2.982401521056782E-002 -0.138376197336613     
 -3.491288657881143E-002 -0.171518681242141     
 -4.094099129584877E-002 -0.209198841159951     
 -4.753322265028459E-002 -0.253793036163139     
 -5.527012566645506E-002 -0.304170876031230     
 -6.352153132178395E-002 -0.363061588249698     
 -7.306981316369571E-002 -0.428966512794469     
 -8.291816616208161E-002 -0.504892768682113     
 -9.409363096526428E-002 -0.588713205414573     
 -0.105112251565721      -0.683650410275873     
 -0.117299123810260      -0.786427329895803     
 -0.128603072942785      -0.900645402135546     
 -0.140549473187370       -1.02107297405026     
 -0.150434979661107       -1.15182652753583     
 -0.159695193832888       -1.28396383084194     
 -0.165358748505823       -1.42346707742614     
 -0.169163536464610       -1.55416693193474     
 -0.167652966510196       -1.68758274411367     
 -0.156758448407080       -1.79918425518337     
 -0.131709334894351       -1.89192480718469     
 -8.581171834053726E-002  -1.91635641441010     
 -1.723325949740982E-002  -1.90861664101542     
  8.602439608546547E-002  -1.79526226913919     
  0.256648844762071       -1.49239071090475     
  0.646082285194945       -1.00059760246801     
   1.00334106077696      -0.354540999360357     
   1.00000000000000       0.000000000000000E+000
  2.122610839453942E-314  0.000000000000000E+000
  8.051971694654359E-004  8.051971694654599E-004
  8.239246403914216E-004  2.554778667579127E-003
  5.605466552200014E-004  3.797947877354978E-003
  6.850890514332600E-005  4.148688194760679E-003
 -4.702686189860820E-004  3.434492411806587E-003
 -1.054263599438952E-003  1.663334233076102E-003
 -1.613185225496970E-003 -1.281862552079518E-003
 -2.206189278500773E-003 -5.293251585259963E-003
 -2.806257793902811E-003 -1.058872863930135E-002
 -3.492864489328337E-003 -1.704680174405269E-002
 -4.220334167153357E-003 -2.506256456930732E-002
 -5.101993981665841E-003 -3.451907266058682E-002
 -6.056717436070752E-003 -4.598739670265813E-002
 -7.238055337249781E-003 -5.938422159660874E-002
 -8.519964229813902E-003 -7.542079970463085E-002
 -1.010011028382516E-002 -9.408281422890609E-002
 -1.180013330005384E-002 -0.116155411748662     
 -1.386322317667099E-002 -0.141747564773469     
 -1.605358626390759E-002 -0.171604049771686     
 -1.865396840437793E-002 -0.206037985449450     
 -2.136923929474016E-002 -0.245565922784892     
 -2.449907603117242E-002 -0.290798607945512     
 -2.769280742213222E-002 -0.341783665230128     
 -3.125588558864635E-002 -0.399496752681959     
 -3.484259327255684E-002 -0.463244943931383     
 -3.862873876505469E-002 -0.534481794963566     
 -4.229596289246220E-002 -0.611259008287692     
 -4.568190528356222E-002 -0.694941862901266     
 -4.860380422930888E-002 -0.783497497700001     
 -5.143953625993990E-002 -0.877383753258125     
 -5.523542933861520E-002 -0.973132661936772     
 -5.529607389692109E-002  -1.07274479769965     
 -5.210209526979867E-002  -1.16335425640771     
 -4.103471215059925E-002  -1.22913686590524     
 -2.856221585294564E-002  -1.30140525852041     
 -1.802036631398662E-002  -1.36262638061605     
 -2.291686428982587E-002  -1.27266881607777     
  0.133732588631642       -1.04072521985617     
  0.565378489090922      -0.527994330011199     
   1.00000000000000       0.000000000000000E+000
  2.122610839453942E-314  0.000000000000000E+000
  2.122610839453942E-314  0.000000000000000E+000
  2.122610839453942E-314  0.000000000000000E+000
  2.122610839453942E-314  0.000000000000000E+000
  2.122610839453942E-314  0.000000000000000E+000
  2.122610839453942E-314  0.000000000000000E+000
  2.122610839453942E-314  0.000000000000000E+000
  2.122610839453942E-314  0.000000000000000E+000
  2.122610839453942E-314  0.000000000000000E+000
  2.122610839453942E-314  0.000000000000000E+000
  2.122610839453942E-314  0.000000000000000E+000
  2.122610839453942E-314  0.000000000000000E+000
  2.122610839453942E-314  0.000000000000000E+000
  2.122610839453942E-314  0.000000000000000E+000
  2.122610839453942E-314  0.000000000000000E+000
  2.122610839453942E-314  0.000000000000000E+000
  2.122610839453942E-314  0.000000000000000E+000
  2.122610839453942E-314  0.000000000000000E+000
  2.122610839453942E-314  0.000000000000000E+000
  2.122610839453942E-314  0.000000000000000E+000
  2.122610839453942E-314  0.000000000000000E+000
  2.122610839453942E-314  0.000000000000000E+000
  2.122610839453942E-314  0.000000000000000E+000
  2.122610839453942E-314  0.000000000000000E+000
  2.122610839453942E-314  0.000000000000000E+000
  2.122610839453942E-314  0.000000000000000E+000
  2.122610839453942E-314  0.000000000000000E+000
  2.122610839453942E-314  0.000000000000000E+000
  2.122610839453942E-314  0.000000000000000E+000
  2.122610839453942E-314  0.000000000000000E+000
  2.122610839453942E-314  0.000000000000000E+000
  2.122610839453942E-314  0.000000000000000E+000
  2.122610839453942E-314  0.000000000000000E+000
  2.122610839453942E-314  0.000000000000000E+000
  2.122610839453942E-314  0.000000000000000E+000
  2.122610839453942E-314  0.000000000000000E+000
  2.122610839453942E-314  0.000000000000000E+000
  2.122610839453942E-314  0.000000000000000E+000
  2.122610839453942E-314  0.000000000000000E+000
  2.122610839453942E-314  0.000000000000000E+000
   1.00000000000000       0.000000000000000E+000
