  5.432309224871097E-312  0.000000000000000E+000
  2.122610839453942E-314  0.000000000000000E+000
  2.122610839453942E-314  0.000000000000000E+000
  2.122610839453942E-314  0.000000000000000E+000
  2.122610839453942E-314  0.000000000000000E+000
  2.122610839453942E-314  0.000000000000000E+000
  2.122610839453942E-314  0.000000000000000E+000
  2.122610839453942E-314  0.000000000000000E+000
  2.122610839453942E-314  0.000000000000000E+000
  2.122610839453942E-314  0.000000000000000E+000
  2.122610839453942E-314  0.000000000000000E+000
  2.122610839453942E-314  0.000000000000000E+000
  2.122610839453942E-314  0.000000000000000E+000
  2.122610839453942E-314  0.000000000000000E+000
  2.122610839453942E-314  0.000000000000000E+000
  2.122610839453942E-314  0.000000000000000E+000
  2.122610839453942E-314  0.000000000000000E+000
  2.122610839453942E-314  0.000000000000000E+000
  2.122610839453942E-314  0.000000000000000E+000
  2.122610839453942E-314  0.000000000000000E+000
  2.122610839453942E-314  0.000000000000000E+000
  2.122610839453942E-314  0.000000000000000E+000
  2.122610839453942E-314  0.000000000000000E+000
  2.122610839453942E-314  0.000000000000000E+000
  2.122610839453942E-314  0.000000000000000E+000
  2.122610839453942E-314  0.000000000000000E+000
  2.122610839453942E-314  0.000000000000000E+000
  2.122610839453942E-314  0.000000000000000E+000
  2.122610839453942E-314  0.000000000000000E+000
  2.122610839453942E-314  0.000000000000000E+000
  2.122610839453942E-314  0.000000000000000E+000
  2.122610839453942E-314  0.000000000000000E+000
  2.122610839453942E-314  0.000000000000000E+000
  2.122610839453942E-314  0.000000000000000E+000
  2.122610839453942E-314  0.000000000000000E+000
  2.122610839453942E-314  0.000000000000000E+000
  2.122610839453942E-314  0.000000000000000E+000
  2.122610839453942E-314  0.000000000000000E+000
  2.122610839453942E-314  0.000000000000000E+000
  2.122610839453942E-314  0.000000000000000E+000
   1.00000000000000       0.000000000000000E+000
  2.122610839453942E-314  0.000000000000000E+000
  5.105735298300813E-004 -5.104502139021980E-004
  4.552757613328346E-004 -1.213867796239228E-003
  9.713314972424610E-005 -1.647203750218945E-003
 -4.801648146871948E-004 -1.018547404858362E-003
 -1.096589982237792E-003  5.870749513205422E-004
 -1.715681047067749E-003  3.464624053159747E-003
 -2.323643299779731E-003  7.475990720808981E-003
 -2.872723297018185E-003  1.262453018262375E-002
 -3.388972206013418E-003  1.879010595089969E-002
 -3.821275986300773E-003  2.586847515430367E-002
 -4.206721484039230E-003  3.375119194861883E-002
 -4.493130958248641E-003  4.226135625179429E-002
 -4.720526676356084E-003  5.130724927109869E-002
 -4.837264043225438E-003  6.064453137195804E-002
 -4.883293179589697E-003  7.020538504994193E-002
 -4.812831508600329E-003  7.967983096648525E-002
 -4.663600023867994E-003  8.903583765799451E-002
 -4.403838978403059E-003  9.791264806434587E-002
 -4.064830128328034E-003  0.106326317416694     
 -3.639390901857011E-003  0.113901909306019     
 -3.146125544725091E-003  0.120711430139309     
 -2.614220909204541E-003  0.126428026813390     
 -2.041464214296458E-003  0.131178508503175     
 -1.507638534403354E-003  0.134777567570524     
 -9.851559492611217E-004  0.137395039324301     
 -6.163514388169006E-004  0.139104574445066     
 -3.529794142859369E-004  0.140118106603395     
 -3.698532205000969E-004  0.140905149456082     
 -5.354708259489324E-004  0.141604579175506     
 -1.173538722619791E-003  0.143402663987075     
 -2.494925646304153E-003  0.146378917922795     
 -4.317794255031662E-003  0.151277970202378     
 -6.950766610959233E-003  0.159370553760551     
 -8.072742422977874E-003  0.172480732307143     
 -2.932813932510097E-003  0.182115612761187     
 -4.403239889458142E-003  0.203179577215797     
 -5.075950708046253E-002  0.257228738607014     
 -4.864920289706726E-002  0.213449344071824     
  0.145441673917761       0.145441673917773     
   1.00000000000000       0.000000000000000E+000
  2.122610839453942E-314  0.000000000000000E+000
  1.213744480319195E-003 -4.604020400983252E-004
  8.405848782802822E-004 -8.524336793716840E-004
 -5.768250572891041E-004 -4.090217047272383E-004
 -2.520575204836067E-003  1.683656667906184E-003
 -4.757663697668541E-003  5.657198339675680E-003
 -6.984876938119376E-003  1.164424342302998E-002
 -9.197226522798791E-003  1.969639423384122E-002
 -1.122423913929573E-002  2.965226310958438E-002
 -1.309999810194233E-002  4.145641396648193E-002
 -1.472461317956342E-002  5.483719694161663E-002
 -1.611572143255810E-002  6.967447463797748E-002
 -1.722242441707606E-002  8.563471771321085E-002
 -1.802572236575323E-002  0.102552773918358     
 -1.852414969380907E-002  0.120049786756551     
 -1.865508743097532E-002  0.137923761019920     
 -1.847963913950297E-002  0.155762516193725     
 -1.789071348525506E-002  0.173341893190932     
 -1.702806247640203E-002  0.190242057487401     
 -1.574363289136950E-002  0.206243115509229     
 -1.426753804343414E-002  0.220961241683880     
 -1.242149275321988E-002  0.234221253137014     
 -1.052756682085849E-002  0.245735913970703     
 -8.400587543567631E-003  0.255430999210958     
 -6.440642151121855E-003  0.263187752890033     
 -4.501640463303889E-003  0.269109082417529     
 -3.017432897953407E-003  0.273305952152890     
 -1.952804048929360E-003  0.276172887813365     
 -1.674120135130366E-003  0.278082821526124     
 -2.355830421867562E-003  0.279828474027527     
 -4.008201893343696E-003  0.281842810193455     
 -7.272171045102347E-003  0.285284661742849     
 -1.101688876927569E-002  0.289549671353273     
 -1.611311717519245E-002  0.296949759218762     
 -2.067961878012443E-002  0.307277036215547     
 -2.741483851986353E-002  0.319963181785851     
 -2.670093348021773E-002  0.322347718463159     
 -2.288409190996487E-002  0.311156027077635     
  2.877226723378569E-002  0.235856897824749     
  0.327852647717896       0.100218612961880     
   1.00000000000000       0.000000000000000E+000
  2.122610839453942E-314  0.000000000000000E+000
  1.653125961902463E-003 -1.121914887636245E-004
  4.223715974328155E-004  4.999416459224299E-004
 -2.555144721310839E-003  2.429281969620781E-003
 -6.588121273639066E-003  6.638724043760097E-003
 -1.109889532297495E-002  1.323111279715366E-002
 -1.573471649126579E-002  2.252039980101412E-002
 -2.026514495865652E-002  3.440144182345452E-002
 -2.451699552885428E-002  4.885996556498094E-002
 -2.840596144599783E-002  6.567043759094039E-002
 -3.183113490007022E-002  8.463810372397157E-002
 -3.475873821986007E-002  0.105484111951569     
 -3.710836899034934E-002  0.127894123356121     
 -3.885709007064311E-002  0.151562150894539     
 -3.993663255478241E-002  0.176073955218373     
 -4.033138954831295E-002  0.201115937126483     
 -3.999702653779896E-002  0.226179195322977     
 -3.893557623893166E-002  0.250973435990863     
 -3.714732023730779E-002  0.274912833615529     
 -3.466474398271827E-002  0.297774298189038     
 -3.155703213216528E-002  0.318938062953653     
 -2.789780775308964E-002  0.338301420586330     
 -2.384988032868697E-002  0.355284559332009     
 -1.953686435436932E-002  0.369962067552599     
 -1.523595702463527E-002  0.381893246315877     
 -1.113246580475030E-002  0.391389158808336     
 -7.614069606125915E-003  0.398243832268062     
 -4.933817137729008E-003  0.403059523519100     
 -3.509263332026605E-003  0.405890549666891     
 -3.662705186966458E-003  0.407654153076763     
 -5.466899265572646E-003  0.408303568860895     
 -9.218425457527267E-003  0.408992396516173     
 -1.361834527108311E-002  0.408587893345634     
 -1.834297866900360E-002  0.407645984442898     
 -2.090034303017081E-002  0.402750059905290     
 -2.360313713413740E-002  0.394609710568467     
 -1.264907149062741E-002  0.361800059264580     
  2.330781206234369E-002  0.308076515074501     
  0.141561708528293       0.205552717391975     
  0.449517133558034       7.259986344481659E-002
   1.00000000000000       0.000000000000000E+000
  2.122610839453942E-314  0.000000000000000E+000
  1.114696185183798E-003  4.026403380341056E-004
 -1.508176207349139E-003  2.212147903980135E-003
 -6.647430965251247E-003  6.004304779920913E-003
 -1.321990485525665E-002  1.247772333686878E-002
 -2.055588827722236E-002  2.185387014664373E-002
 -2.805781343363617E-002  3.428762485690806E-002
 -3.541805874321283E-002  4.979811743668834E-002
 -4.234741401322138E-002  6.824061811204525E-002
 -4.869693096792523E-002  8.949227923168139E-002
 -5.433049997235510E-002  0.113216525808741     
 -5.913784583242932E-002  0.139213726804006     
 -6.305391910937000E-002  0.167027316400299     
 -6.595435252484688E-002  0.196401877220417     
 -6.782696569663177E-002  0.226785411128889     
 -6.852827971776809E-002  0.257882876089696     
 -6.811475400628421E-002  0.289056683432606     
 -6.644031711363500E-002  0.320002282664877     
 -6.365809546955965E-002  0.350013513793733     
 -5.964589984829154E-002  0.378828275217416     
 -5.468010889600260E-002  0.405704491958986     
 -4.869524933398983E-002  0.430497768148567     
 -4.210574409386061E-002  0.452479391751131     
 -3.494271557219221E-002  0.471716416380779     
 -2.775058873134033E-002  0.487548681255566     
 -2.070162114304791E-002  0.500356407044508     
 -1.441550516699653E-002  0.509579507525250     
 -9.222346726982097E-003  0.515986742158171     
 -5.635927680445749E-003  0.519045623195625     
 -4.022002828541383E-003  0.519852988286539     
 -4.284326196144414E-003  0.517531259272517     
 -6.285681998166323E-003  0.513118801969837     
 -8.395225080861326E-003  0.504685235390211     
 -9.137023719985513E-003  0.491788899182958     
 -4.130916981808262E-003  0.469353108465187     
  1.042762340496438E-002  0.433450904445084     
  4.291358606931008E-002  0.373088825777238     
  0.122208289899590       0.283648399499418     
  0.272957972431408       0.168876313653101     
  0.556593633080437       5.290836905824936E-002
   1.00000000000000       0.000000000000000E+000
  2.122610839453942E-314  0.000000000000000E+000
 -2.689751783692093E-004  9.201422705725948E-004
 -5.029888915617520E-003  4.047415077561799E-003
 -1.275360657892698E-002  9.666371905525974E-003
 -2.233719761360673E-002  1.843382353442347E-002
 -3.283821479589817E-002  3.039381696387627E-002
 -4.360154792285430E-002  4.578291394490521E-002
 -5.413081869814490E-002  6.446085161682098E-002
 -6.409130102894225E-002  8.641923235912327E-002
 -7.323752312903413E-002  0.111372518728533     
 -8.138303965495200E-002  0.139128419439499     
 -8.838283269677420E-002  0.169318162873763     
 -9.409603420067948E-002  0.201621332205988     
 -9.841330188257814E-002  0.235610541641767     
 -0.101210253980426       0.270847592847471     
 -0.102411806027692       0.306871095988410     
 -0.101923492286588       0.343122076393733     
 -9.973152639252481E-002  0.379143719196739     
 -9.580609263825289E-002  0.414261065805767     
 -9.022997652835625E-002  0.448080816601904     
 -8.308087636167864E-002  0.479836630307792     
 -7.456884890628239E-002  0.509275104406547     
 -6.491966008246565E-002  0.535585947861531     
 -5.448995573865777E-002  0.558740546368438     
 -4.367483699839409E-002  0.577939300994754     
 -3.297796662165409E-002  0.593458890709432     
 -2.291873914399806E-002  0.604524050642456     
 -1.409754654093743E-002  0.611766128525828     
 -6.901014208347597E-003  0.614291749559388     
 -1.803703459543005E-003  0.613021696672116     
  1.732306828706118E-003  0.606462237386922     
  3.998662322688908E-003  0.595405905202490     
  7.921437953258130E-003  0.576747063022966     
  1.525674125711059E-002  0.550356282889083     
  3.306680736681623E-002  0.509488508742775     
  6.593411520778791E-002  0.452307357110527     
  0.125791343047956       0.371102829085342     
  0.229406124447952       0.266069704191266     
  0.393712999857729       0.150464006955195     
  0.649810712455157       4.506524530636755E-002
   1.00000000000000       0.000000000000000E+000
  2.122610839453942E-314  0.000000000000000E+000
 -2.623849209983293E-003  1.364384202488328E-003
 -1.008357392784900E-002  5.646142860501421E-003
 -2.090068072602428E-002  1.300573158508906E-002
 -3.378912940997078E-002  2.380678054777262E-002
 -4.776562778643741E-002  3.811059239068980E-002
 -6.199488872798729E-002  5.600712216216536E-002
 -7.592503051887656E-002  7.741972330925888E-002
 -8.911162437179374E-002  0.102234547250121     
 -0.101247991638323       0.130250006761799     
 -0.112103859451092       0.161186675637786     
 -0.121454711872717       0.194755181342494     
 -0.129159486794740       0.230559786891697     
 -0.135005590232898       0.268231160917597     
 -0.138901663942226       0.307266485367700     
 -0.140646432141756       0.347227358932280     
 -0.140214714242070       0.387504079577514     
 -0.137450991436000       0.427616379558560     
 -0.132438448336527       0.466852430810563     
 -0.125116716221790       0.504743656478300     
 -0.115723546345642       0.540494895773132     
 -0.104343963175309       0.573727610118931     
 -9.140282769481088E-002  0.603596978692722     
 -7.716850185054552E-002  0.629904366581742     
 -6.225156676498737E-002  0.651790655710471     
 -4.710199452147110E-002  0.669309859681411     
 -3.243709516690618E-002  0.681589781545713     
 -1.876035437500050E-002  0.688932495579505     
 -6.613424719986794E-003  0.690347052012568     
  3.935874090884786E-003  0.686177176857552     
  1.328215995406014E-002  0.675001605967281     
  2.295406454589659E-002  0.656554214387232     
  3.569638077365703E-002  0.628313766312075     
  5.601018283396093E-002  0.588370136419516     
  8.956051765989481E-002  0.532625090139195     
  0.144364959114243       0.457886979085312     
  0.226023584646440       0.362365719269401     
  0.345814115245490       0.250081252420760     
  0.509125002984200       0.134832484180149     
  0.725479297553994       4.108035938669195E-002
   1.00000000000000       0.000000000000000E+000
  2.122610839453942E-314  0.000000000000000E+000
 -5.782668139231621E-003  1.759018793794145E-003
 -1.653543309437180E-002  7.047281387096389E-003
 -3.078358382760039E-002  1.583511251894604E-002
 -4.728059893588129E-002  2.837214245290933E-002
 -6.489743584254411E-002  4.457553383793892E-002
 -8.277348518647086E-002  6.455415294870941E-002
 -0.100225997590930       8.809889825517148E-002
 -0.116775814311079       0.115194978182175     
 -0.132039303528314       0.145514173091506     
 -0.145732883613065       0.178916074879495     
 -0.157599483534571       0.214983249250706     
 -0.167414897337728       0.253466323244729     
 -0.174972402537946       0.293868413631498     
 -0.180060469137534       0.335814820982045     
 -0.182525938970612       0.378745819165043     
 -0.182185937510665       0.422138595091419     
 -0.178986948884005       0.465407462299269     
 -0.172824280164442       0.507863307869108     
 -0.163803785800974       0.548959676748200     
 -0.151960272927695       0.587840281527627     
 -0.137609077638879       0.624084874820873     
 -0.120976146616927       0.656689400998489     
 -0.102607653306214       0.685451016495917     
 -8.292844605166988E-002  0.709241681154872     
 -6.268260425877357E-002  0.728143291544637     
 -4.237815991784580E-002  0.740887915675548     
 -2.279952600212616E-002  0.747835722463951     
 -4.098273740687258E-003  0.747450107196686     
  1.337441643633471E-002  0.740184136288203     
  3.094441610323890E-002  0.723916698441511     
  4.972983310257274E-002  0.698672792720252     
  7.432762672476054E-002  0.661291664071067     
  0.108530139141481       0.610582149931294     
  0.160014373909047       0.543060169126508     
  0.234190194513326       0.456778021010802     
  0.334569954070597       0.353437028977031     
  0.463847158539932       0.237217397567833     
  0.616906014169814       0.124561409058806     
  0.795537000834120       3.692198181754595E-002
   1.00000000000000       0.000000000000000E+000
  2.122610839453942E-314  0.000000000000000E+000
 -9.565367105562991E-003  2.036214538582427E-003
 -2.405921503248451E-002  8.086606231168313E-003
 -4.208467103248995E-002  1.801881950568583E-002
 -6.236849981704989E-002  3.187680491963541E-002
 -8.378238402700194E-002  4.955578246086009E-002
 -0.105365533707306       7.105511177346380E-002
 -0.126415593094263       9.619502339237938E-002
 -0.146374895335059       0.124886779535970     
 -0.164819957970991       0.156865810585491     
 -0.181426582564238       0.191947762089148     
 -0.195870036960442       0.229783231272933     
 -0.207911650536543       0.270098070737081     
 -0.217246159228144       0.312443060673585     
 -0.223669847930266       0.356436632707065     
 -0.226901921181608       0.401522959317708     
 -0.226795976310176       0.447193085362939     
 -0.223149897048524       0.492800624545845     
 -0.215934585746324       0.537695979975808     
 -0.205100263847088       0.581190957991683     
 -0.190803373670880       0.622500062990740     
 -0.173212392796040       0.660968858143943     
 -0.152718297358770       0.695700614695361     
 -0.129735582912812       0.726155329156803     
 -0.104885804915390       0.751357523631460     
 -7.876784817486360E-002  0.770928203709644     
 -5.211135317840331E-002  0.783822692518835     
 -2.542640405128964E-002  0.789773195494730     
  8.568866005198150E-004  0.787604481913091     
  2.706462568050023E-002  0.776919370967160     
  5.408209696863263E-002  0.756229959088340     
  8.449028492280423E-002  0.724518146915300     
  0.122049226414527       0.679775184361541     
  0.172408580428970       0.620084464018740     
  0.241510032539269       0.543689497779441     
  0.333494206083036       0.449811086515381     
  0.448279363442471       0.341097326944383     
  0.580293473360383       0.225072517358088     
  0.719168114419842       0.115516268201521     
  0.859822013005251       3.308179604921871E-002
   1.00000000000000       0.000000000000000E+000
  2.122610839453942E-314  0.000000000000000E+000
 -1.386115493959454E-002  2.259268726939963E-003
 -3.244090081350229E-002  8.862910045098135E-003
 -5.445799891953268E-002  1.957653393539573E-002
 -7.868305660907818E-002  3.435908675868108E-002
 -0.103937915331857       5.300626561234931E-002
 -0.129273617937081       7.551925311729586E-002
 -0.153917076283796       0.101629854570003     
 -0.177302900228548       0.131320574747937     
 -0.198955994994915       0.164248812867763     
 -0.218513773687768       0.200345030812855     
 -0.235619600642544       0.239185821960413     
 -0.249958553968604       0.280621201142289     
 -0.261212333279463       0.324133010069322     
 -0.269058214909325       0.369440983746766     
 -0.273230330216711       0.415932611517108     
 -0.273421113289935       0.463143112179257     
 -0.269488077949920       0.510397895879341     
 -0.261206832303641       0.556999665147282     
 -0.248647401976119       0.602282851007939     
 -0.231751624160950       0.645293162049920     
 -0.210873364830766       0.685471123711647     
 -0.186184231442132       0.721613460758524     
 -0.158340842968005       0.753359516012054     
 -0.127736557946511       0.779290101769982     
 -9.525401118812252E-002  0.799287732339926     
 -6.132659228365918E-002  0.811747178937243     
 -2.679796006559671E-002  0.816731778444102     
  8.435061566334149E-003  0.812439302466493     
  4.422944907096588E-002  0.798867790148744     
  8.251289399381073E-002  0.773968914940973     
  0.125082159852577       0.737200880106112     
  0.177178180744786       0.686447885941502     
  0.243192703333967       0.620320282235148     
  0.329155382208429       0.538175646604922     
  0.437278217179126       0.439381079173300     
  0.562483228762633       0.329091947075530     
  0.695272428512252       0.213679641703132     
  0.817021551870031       0.108146046939518     
  0.919299012219858       3.045774386223287E-002
   1.00000000000000       0.000000000000000E+000
  2.122610839453942E-314  0.000000000000000E+000
 -1.844050694819969E-002  2.372196419727964E-003
 -4.134283404900248E-002  9.298679351695725E-003
 -6.748134277483757E-002  2.047700116509096E-002
 -9.568696646343766E-002  3.575316712451394E-002
 -0.124807690123627       5.490742233196388E-002
 -0.153855632611499       7.786479977764270E-002
 -0.182075780534671       0.104395296367811     
 -0.208854577755475       0.134426772087556     
 -0.233708542219898       0.167693880778502     
 -0.256237212835517       0.204095919222485     
 -0.276037675557284       0.243297626046966     
 -0.292762866251939       0.285134234801263     
 -0.306005515289881       0.329157866328646     
 -0.315419591874288       0.375090064927921     
 -0.320608969094570       0.422340316900082     
 -0.321264612482165       0.470467447921258     
 -0.317081121168252       0.518740795682591     
 -0.307872266181282       0.566520883341738     
 -0.293527554864626       0.612982363345238     
 -0.274081301425828       0.657280792519518     
 -0.249704782785227       0.698575729302934     
 -0.220721840485325       0.735846254571783     
 -0.187606743271512       0.768320909228430     
 -0.150962864056556       0.794857016663026     
 -0.111455544537674       0.814794145493511     
 -6.979376608800797E-002  0.826921877952378     
 -2.645866331705258E-002  0.830635840020203     
  1.826007954293717E-002  0.824674417923445     
  6.493882570222120E-002  0.808293605988415     
  0.114875446208687       0.780151743757784     
  0.171052357636350       0.739099869440299     
  0.237739464029401       0.683833208268086     
  0.319892241229589       0.613085455983965     
  0.422280672529843       0.526753890263779     
  0.543668486493985       0.425843056920795     
  0.677309356191408       0.314910911121164     
  0.806132623882601       0.202463255091970     
  0.908750470157143       0.101322048079744     
  0.974444721198503       2.829923002838530E-002
   1.00000000000000       0.000000000000000E+000
  2.122610839453942E-314  0.000000000000000E+000
 -2.322714056690253E-002  2.438303086104796E-003
 -5.053165143820239E-002  9.487317560367753E-003
 -8.083922270482681E-002  2.079648615793455E-002
 -0.113017168437156       3.616973291826955E-002
 -0.145928697788150       5.533213010102472E-002
 -0.178627293133152       7.822424452355846E-002
 -0.210332280487224       0.104565615282678     
 -0.240453624732896       0.134360905483928     
 -0.268474701227810       0.167296953170513     
 -0.293980908368400       0.203393675171191     
 -0.316531649240162       0.242266775725215     
 -0.335718037167338       0.283885761937533     
 -0.351093568830035       0.327753467978766     
 -0.362196903117970       0.373703910795131     
 -0.368606682607743       0.421107002244681     
 -0.369845679472759       0.469569030556394     
 -0.365622102226509       0.518352880464678     
 -0.355538340788390       0.566755608929404     
 -0.339561197478737       0.614012455129747     
 -0.317488282372439       0.659067060065631     
 -0.289645978961863       0.701240478588323     
 -0.256113063450402       0.739137285229515     
 -0.217594927718349       0.772266484854612     
 -0.174437586857670       0.798969589855430     
 -0.127605906228024       0.818975310998239     
 -7.748262136259663E-002  0.830477758315291     
 -2.493657186166890E-002  0.833330899732673     
  3.027604571102364E-002  0.825704211444294     
  8.816022015299409E-002  0.807324354439265     
  0.150891383172829       0.776485869381122     
  0.220551789188236       0.732455007368394     
  0.302203214091462       0.674094604555418     
  0.399723089293142       0.600338752394332     
  0.516504668211495       0.512218076607444     
  0.650599854643927       0.410310060131183     
  0.789347531655152       0.301037059999072     
  0.914167947866757       0.191439300583049     
  0.997550141008413       9.487385416073743E-002
   1.02619194773694       2.631339285182334E-002
   1.00000000000000       0.000000000000000E+000
  2.122610839453942E-314  0.000000000000000E+000
 -2.800380353375679E-002  2.407591979199432E-003
 -5.971741781502604E-002  9.373775185113906E-003
 -9.410787544421390E-002  2.051430162210681E-002
 -0.130146467739985       3.557468315288240E-002
 -0.166747694756194       5.429731323260532E-002
 -0.202962857649919       7.657221704527546E-002
 -0.238066786916172       0.102190977689586     
 -0.271440717016280       0.131113865925944     
 -0.302594551659341       0.163142687594649     
 -0.331073018735540       0.198261051590274     
 -0.356414932132125       0.236218687513521     
 -0.378156277662831       0.276954949319097     
 -0.395774306260228       0.320095539088893     
 -0.408745980491135       0.365453216517860     
 -0.416517587896252       0.412473333905043     
 -0.418564347950345       0.460759612585603     
 -0.414415391174788       0.509563706566862     
 -0.403667702669920       0.558218911900629     
 -0.386081163219412       0.605827719187731     
 -0.361515879285581       0.651436547916414     
 -0.330084515855173       0.694091804906173     
 -0.292010735132028       0.732596059338294     
 -0.247787352136555       0.766043509903223     
 -0.197989950286043       0.793089129277485     
 -0.143344671039392       0.812933837976926     
 -8.455435525579387E-002  0.824203028531142     
 -2.213495614863226E-002  0.826167734972663     
  4.370555741364833E-002  0.817520720973024     
  0.113578177578897       0.797464306234463     
  0.188994846975601       0.764834528629957     
  0.272806161399860       0.718672838039082     
  0.369225061302875       0.658231946084611     
  0.481703323233010       0.582968360612163     
  0.612956189455824       0.493808644134479     
  0.756540179659527       0.392903650861628     
  0.899504702751139       0.285637077607600     
   1.01659128691100       0.180463557001458     
   1.07911303934121       8.883778860283122E-002
   1.07425554752393       2.443959807006521E-002
   1.00000000000000       0.000000000000000E+000
  2.122610839453942E-314  0.000000000000000E+000
 -3.270964223261819E-002  2.335565633445928E-003
 -6.866066222858615E-002  9.033269267915168E-003
 -0.106994891850571       1.969827508818300E-002
 -0.146721995843600       3.407080531745563E-002
 -0.186810378974420       5.187289313509586E-002
 -0.226382091103952       7.304246082508950E-002
 -0.264712029494403       9.734351063409791E-002
 -0.301238907884956       0.124843902785776     
 -0.335447451212526       0.155307581469049     
 -0.366897194512720       0.188873307798715     
 -0.395076281445434       0.225239289846284     
 -0.419478065197903       0.264523989278308     
 -0.439507452452047       0.306288675395816     
 -0.454532808021514       0.350513514527576     
 -0.463926835936220       0.396578711232624     
 -0.466989835028355       0.444193743000199     
 -0.463210311834026       0.492573734780684     
 -0.451956146073756       0.541038545777366     
 -0.433017161984694       0.588726861583023     
 -0.405994351991666       0.634504432700450     
 -0.371127011793298       0.677571234487536     
 -0.328375464191547       0.716367396968789     
 -0.278460354552492       0.750280045616256     
 -0.221695453930707       0.777457635340109     
 -0.159126386344915       0.797513094341447     
 -9.115308723847350E-002  0.808513368104395     
 -1.871238690862184E-002  0.810196019047185     
  5.843240766382737E-002  0.800778101747274     
  0.140297752007747       0.779891767046379     
  0.229008776653426       0.746156479544228     
  0.326580280540967       0.698900116458082     
  0.437383312639870       0.637670287151922     
  0.564160173559186       0.561883826497221     
  0.707329993311837       0.473525104506088     
  0.860688266636524       0.374051924044542     
   1.00522766130048       0.270297945515485     
   1.11549552659010       0.169265637206498     
   1.15846922540741       8.264365066974778E-002
   1.11903499399924       2.258742943506011E-002
   1.00000000000000       0.000000000000000E+000
  2.122610839453942E-314  0.000000000000000E+000
 -3.714362381390132E-002  2.173532364065620E-003
 -7.711765500974195E-002  8.411256992415260E-003
 -0.119107551888711       1.831948382644753E-002
 -0.162254083116448       3.161325517226020E-002
 -0.205604513018464       4.807101792134762E-002
 -0.248298354471082       6.760003168358662E-002
 -0.289703141309150       9.007642651549477E-002
 -0.329236426437171       0.115527462381334     
 -0.366445374488047       0.143877257563277     
 -0.400839914349234       0.175216078761492     
 -0.431915950150592       0.209431850084997     
 -0.459084165597810       0.246588016534470     
 -0.481689870766416       0.286436774500405     
 -0.498994437802744       0.328901968219642     
 -0.510240487233598       0.373515765974904     
 -0.514623503241269       0.419944328747001     
 -0.511441667956025       0.467466455835589     
 -0.499999239569106       0.515398335194145     
 -0.479860300533914       0.562807136666389     
 -0.450642963100044       0.608629728684539     
 -0.412356754129082       0.651833031078775     
 -0.365085090893417       0.691035344205593     
 -0.309335048843065       0.725239640590055     
 -0.245652897980373       0.752892636440464     
 -0.174872989483661       0.773125613934136     
 -9.773092112643533E-002  0.784402726900516     
 -1.488781226571672E-002  0.785976856430523     
  7.343943899393129E-002  0.776496790833939     
  0.167692853541697       0.755246711648145     
  0.269393766587607       0.721199218420688     
  0.380914467859928       0.673689402243291     
  0.505992809361476       0.612364627386503     
  0.646201694014188       0.537320650368118     
  0.801827947609757       0.450134126779553     
  0.961646652352249       0.353665554971267     
   1.10739162010257       0.253606578360907     
   1.20791588929949       0.157894228847412     
   1.22985315840019       7.667005068671409E-002
   1.16044698058543       2.075902660763731E-002
   1.00000000000000       0.000000000000000E+000
  2.122610839453942E-314  0.000000000000000E+000
 -4.124767760493504E-002  1.970760925476468E-003
 -8.483735319029878E-002  7.570218121534283E-003
 -0.130156353734210       1.643178034820011E-002
 -0.176393098429814       2.829665164265283E-002
 -0.222671612335978       4.295094322771576E-002
 -0.268231323359769       6.038471623152471E-002
 -0.312451673381348       8.045880821886800E-002
 -0.354841561687841       0.103343897310421     
 -0.394922459279595       0.128924320603717     
 -0.432250183810214       0.157488378261822     
 -0.466252651622146       0.188857156743304     
 -0.496322107979079       0.223331228656851     
 -0.521693967288300       0.260569808056554     
 -0.541535047751893       0.300741159572170     
 -0.554956697698176       0.343270815394856     
 -0.560981673882708       0.388023098386733     
 -0.558797021205029       0.434188492151753     
 -0.547470361256323       0.481165255574340     
 -0.526527252032478       0.528001717194557     
 -0.495316750045823       0.573536579814596     
 -0.453925704400115       0.616841632355537     
 -0.402173443186815       0.656232379291265     
 -0.340774671136650       0.690967942547958     
 -0.270035489753506       0.719030565170378     
 -0.191113929969433       0.739933555610954     
 -0.104501887405168       0.751625521219665     
 -1.128947554537070E-002  0.753787243623575     
  8.862356134180255E-002  0.744652028292721     
  0.195109709551020       0.723868793369988     
  0.310029922641927       0.690266497570726     
  0.435050416195058       0.643361597205806     
  0.573549313980065       0.583138849503862     
  0.726754731450310       0.509509998749713     
  0.892088023006621       0.425031630633158     
   1.05925628569065       0.331744804821096     
   1.20414765019428       0.236573217685201     
   1.29624680973142       0.145992236694248     
   1.29936531810563       7.031603554388174E-002
   1.19849569628020       1.890300202238469E-002
   1.00000000000000       0.000000000000000E+000
  2.122610839453942E-314  0.000000000000000E+000
 -4.482919785017607E-002  1.682212399068603E-003
 -9.161340343761552E-002  6.463900053491991E-003
 -0.139790187020445       1.401655631425847E-002
 -0.188697162104160       2.408680093560761E-002
 -0.237562385910978       3.655109715830798E-002
 -0.285650654308809       5.138517117191705E-002
 -0.332467117551714       6.859331761645958E-002
 -0.377499838397326       8.830641175284973E-002
 -0.420366228762711       0.110604171734883     
 -0.460562228884965       0.135713699191258     
 -0.497553755451376       0.163694029406179     
 -0.530623359387446       0.194766175368378     
 -0.558970380261116       0.228848987321014     
 -0.581605952130512       0.266019677865185     
 -0.597524556856363       0.305945237344940     
 -0.605574592185335       0.348404391826293     
 -0.604754985463565       0.392751849844312     
 -0.593988859439556       0.438336583752836     
 -0.572572634492938       0.484229877262763     
 -0.539796859853344       0.529297749510235     
 -0.495521801341682       0.572452262104461     
 -0.439635154468586       0.612147236785122     
 -0.372663333878779       0.647308675062278     
 -0.295115189973361       0.676174982469560     
 -0.207999163819817       0.697823835755382     
 -0.112124237812599       0.710540260143137     
 -8.418598775264761E-003  0.713587406444814     
  0.102802370324441       0.705530636173165     
  0.221632322294592       0.685773219361867     
  0.349431788405593       0.653349796126911     
  0.487838142554823       0.607900947038226     
  0.639834666138255       0.549335937145886     
  0.804895494758777       0.478293481073173     
  0.980789460502650       0.396782390678002     
   1.15198052800498       0.308091581023202     
   1.29586616259408       0.218003592672711     
   1.37721598496824       0.133653686343068     
   1.36004709334576       6.396679147040010E-002
   1.23312638469071       1.701267268106972E-002
   1.00000000000000       0.000000000000000E+000
  2.122610839453942E-314  0.000000000000000E+000
 -4.783338400808257E-002  1.353100637277141E-003
 -9.718840224472428E-002  5.149479628453721E-003
 -0.147725780606704       1.113153411707643E-002
 -0.198834662707899       1.910010676783548E-002
 -0.249829534373479       2.896268970051458E-002
 -0.300097844686854       4.080347254904865E-002
 -0.349159191677799       5.461723129331609E-002
 -0.396621697767469       7.070067140135337E-002
 -0.442074408715542       8.908799281607652E-002
 -0.485089297387678       0.110232367999377     
 -0.525050677708067       0.134111573128822     
 -0.561252480370790       0.161229806846337     
 -0.592749786567725       0.191389891730846     
 -0.618486080470710       0.224988299779338     
 -0.637261286503437       0.261551128565196     
 -0.647772195880681       0.301161121526442     
 -0.648815387199340       0.343036802819820     
 -0.639092183593448       0.386734539089017     
 -0.617756103612654       0.431247132884758     
 -0.583841851242652       0.475463615410685     
 -0.537193968390034       0.518337150826749     
 -0.477457995231934       0.558111383985916     
 -0.405306711416597       0.593909774180248     
 -0.321052615330299       0.623559802533449     
 -0.225999962519306       0.646471003643445     
 -0.120793903366488       0.660435871967931     
 -6.775019051159365E-003  0.665098850605711     
  0.115916907963162       0.658619971665260     
  0.246853389043245       0.640715307163975     
  0.387471797475159       0.610284519362989     
  0.538845357188728       0.567083019457820     
  0.703168381129468       0.511356689627674     
  0.879884941646519       0.443471530849052     
   1.06354630429042       0.366375161780396     
   1.24004889401475       0.282433934646801     
   1.38135097930536       0.198593874599997     
   1.45340007000604       0.120429330445027     
   1.41877894331800       5.707245013087080E-002
   1.26407686420384       1.501618910053076E-002
   1.00000000000000       0.000000000000000E+000
  2.122610839453942E-314  0.000000000000000E+000
 -5.008125743637021E-002  9.492374942693153E-004
 -0.101404902857292       3.609007283334061E-003
 -0.153676367593487       7.796232179437871E-003
 -0.206437250163740       1.335370990725979E-002
 -0.259118472766460       2.029842817653265E-002
 -0.311131479358980       2.871511578631325E-002
 -0.362142872612524       3.875156430928838E-002
 -0.411739052680073       5.066495847376243E-002
 -0.459631372449875       6.469467406498269E-002
 -0.505328002894342       8.122273343122974E-002
 -0.548282750093177       0.100489403199324     
 -0.587662236986831       0.122900710910086     
 -0.622520213884533       0.148573394601323     
 -0.651600446418634       0.177786066273316     
 -0.673619070722297       0.210398251683216     
 -0.687020227297929       0.246371936129169     
 -0.690438849432677       0.285213282361063     
 -0.682323654342604       0.326386605517024     
 -0.661619298190557       0.369040334338894     
 -0.627182853244087       0.412042795024714     
 -0.578655945020761       0.454300416678402     
 -0.515647300213677       0.494143884168833     
 -0.438684855791800       0.530438566651017     
 -0.348207841187691       0.561211591082514     
 -0.245449974026677       0.585478361464995     
 -0.131319618940401       0.601299074290284     
 -7.124548561210867E-003  0.607930146815688     
  0.126641337816935       0.603776021876683     
  0.269557592665423       0.588344778623164     
  0.422676475948561       0.560637388072560     
  0.586673692624526       0.520577857509082     
  0.763575277763753       0.468231809029691     
  0.950595729484332       0.404699513965888     
   1.14303909786934       0.332305073305537     
   1.32154244245443       0.254560213361434     
   1.46015844481146       0.177250566024027     
   1.52114238160059       0.106466593180903     
   1.46766208318688       4.994423779133043E-002
   1.29137864601154       1.292546367276221E-002
   1.00000000000000       0.000000000000000E+000
  2.122610839453942E-314  0.000000000000000E+000
 -5.153129807767985E-002  5.101995699484625E-004
 -0.104022814595634       1.897384089371787E-003
 -0.157397913625474       4.092485417153699E-003
 -0.211235296113954       7.015962685574506E-003
 -0.265045236499707       1.073206625300838E-002
 -0.318369351517706       1.544128999060403E-002
 -0.370885540665669       2.128331685171417E-002
 -0.422317003370084       2.867557694863890E-002
 -0.472349325236564       3.780773382929025E-002
 -0.520592116539536       4.928215027816946E-002
 -0.566417846866956       6.325252082027830E-002
 -0.609040394956621       8.042060970104048E-002
 -0.647350369467425       0.100780927177129     
 -0.680069005272186       0.124981903684775     
 -0.705660477579637       0.152730389751116     
 -0.722466819447837       0.184392910516327     
 -0.728813649162399       0.219314236316676     
 -0.722975855811974       0.257310086266719     
 -0.703607787069282       0.297406005318486     
 -0.669354971670807       0.338651270643024     
 -0.619687005006242       0.379932164860432     
 -0.554016606901723       0.419498646239968     
 -0.472891276706574       0.456346893003383     
 -0.376614186610823       0.488161899150720     
 -0.266636941177159       0.514232333405061     
 -0.143794799407336       0.532130899084485     
 -9.763618851026216E-003  0.541451293023026     
  0.134990259872841       0.540158374684206     
  0.289580070495434       0.528039853479616     
  0.454879532689151       0.503922950865812     
  0.631129043171232       0.467808623614454     
  0.819197237827359       0.420081404732059     
   1.01651756411717       0.361496104696784     
   1.21497951567399       0.295322987813965     
   1.39699828199829       0.224010274379950     
   1.53176213399838       0.154548135400333     
   1.58309274356930       9.124816487277988E-002
   1.51411399401067       4.214397465060622E-002
   1.31444102350166       1.067685404173272E-002
   1.00000000000000       0.000000000000000E+000
  2.122610839453942E-314  0.000000000000000E+000
 -5.204250265191072E-002  2.202519860832034E-005
 -0.104965879592009       4.363620537880900E-005
 -0.158708203139102       9.824293643782438E-005
 -0.212978650441877       1.874763451594172E-004
 -0.267394273094191       4.816156681971517E-004
 -0.321509456873787       1.193791113204125E-003
 -0.375151438177518       2.595780216379301E-003
 -0.428023831988282       5.066184241521464E-003
 -0.479948910868502       8.972955662503383E-003
 -0.530482592597097       1.484221241756336E-002
 -0.579097864015708       2.307605978411566E-002
 -0.624884704678107       3.426935139815612E-002
 -0.666781078606035       4.875206840881606E-002
 -0.703283707959991       6.704227881038070E-002
 -0.732833526856721       8.925655905731446E-002
 -0.753446321412264       0.115621967181543     
 -0.763347215066562       0.145905491152924     
 -0.760428956021774       0.179802387111779     
 -0.743188949325978       0.216664809823729     
 -0.709926211160464       0.255480768791360     
 -0.659951114475583       0.295253718985957     
 -0.592468160320376       0.334267821302889     
 -0.507930559794639       0.371375340890191     
 -0.406630323658636       0.404397485281886     
 -0.290027443578885       0.432277505877715     
 -0.159126732978661       0.452784352746655     
 -1.570029013076079E-002  0.465125207368207     
  0.139505566625030       0.467433726097085     
  0.305395800470959       0.459278604815865     
  0.482564346448002       0.439514141540202     
  0.670496942626548       0.408309982174097     
  0.870086591141545       0.365801756458556     
   1.07615309883191       0.313473718435754     
   1.28166361010272       0.253905862288578     
   1.46395218249644       0.190637181952082     
   1.59472306804718       0.129415570112761     
   1.63525549821844       7.500202792820218E-002
   1.54950532336343       3.388571555018639E-002
   1.33345742544432       8.291969092791934E-003
   1.00000000000000       0.000000000000000E+000
  2.122610839453942E-314  0.000000000000000E+000
 -5.160047805609733E-002 -4.864672857748705E-004
 -0.104051121018129      -1.900696007215233E-003
 -0.157456995097918      -4.068666977041524E-003
 -0.211525516329083      -6.897082976271024E-003
 -0.265924426664844      -1.016514675989527E-002
 -0.320324806675493      -1.356060933451698E-002
 -0.374557445456705      -1.682287201235195E-002
 -0.428462519324535      -1.945358355307249E-002
 -0.481848646328649      -2.113552973141443E-002
 -0.534390314348523      -2.117225408952975E-002
 -0.585501818008290      -1.924229682681995E-002
 -0.634360854584299      -1.449241054687027E-002
 -0.679754105783134      -6.700428898199234E-003
 -0.720220495045450       5.024884167958442E-003
 -0.753919321100129       2.066650027449746E-002
 -0.778846484331498       4.092559900932927E-002
 -0.792817335280551       6.542083318742759E-002
 -0.793637349086556       9.434174068579423E-002
 -0.779334658964060       0.126910257232294     
 -0.748075012470931       0.162484558147819     
 -0.698769338196485       0.200011480395622     
 -0.630493754844823       0.237871002553206     
 -0.543504694670806       0.274987311675556     
 -0.438027633949677       0.308941884462146     
 -0.315586713444438       0.338890424709423     
 -0.177208846526091       0.362118037726599     
 -2.494985179971473E-002  0.378127495494839     
  0.140317435499053       0.384545943124605     
  0.317089796017715       0.381202955929817     
  0.505528423224482       0.366703994622955     
  0.704781260463113       0.341273409959381     
  0.914265624027289       0.305342837890682     
   1.12919047248224       0.259963967132631     
   1.33905716733297       0.208718626232638     
   1.52318998735810       0.153861602615333     
   1.64919922749342       0.102467229095948     
   1.68020662392464       5.717218805202329E-002
   1.58159768713511       2.486463950666616E-002
   1.34747824763826       5.711236691446605E-003
   1.00000000000000       0.000000000000000E+000
  2.122610839453942E-314  0.000000000000000E+000
 -5.014040934767124E-002 -1.000948483191493E-003
 -0.101324457215831      -3.852293224212662E-003
 -0.153615602379623      -8.268443289416103E-003
 -0.206796762773253      -1.404590011198838E-002
 -0.260608624235213      -2.088704468267413E-002
 -0.314712033585045      -2.846196356877854E-002
 -0.369067840107100      -3.643052100271717E-002
 -0.423502400952205      -4.433225580497933E-002
 -0.477959814083829      -5.173888238467401E-002
 -0.532089172363183      -5.802917154061868E-002
 -0.585431282756680      -6.269696085249682E-002
 -0.637075774969471      -6.499210952747271E-002
 -0.685915383643714      -6.439029916740080E-002
 -0.730280455092631      -6.012306930211525E-002
 -0.768394484621240      -5.176924231887735E-002
 -0.797887434583631      -3.875796928624986E-002
 -0.816574091703918      -2.093572962936155E-002
 -0.821753817987633       1.770524885396960E-003
 -0.811386862730664       2.909882908565248E-002
 -0.783085688261423       6.033520146641774E-002
 -0.735665006466295       9.476170223778443E-002
 -0.667746385189775       0.130758840800546     
 -0.579537404036369       0.167282293838294     
 -0.471032677345703       0.201992933008420     
 -0.343823944252617       0.233783377264232     
 -0.198960346854337       0.260064081598931     
 -3.870705984121944E-002  0.279945458466954     
  0.135867072061716       0.291153290642999     
  0.322837355329521       0.293253535659947     
  0.522162004953378       0.284819560804313     
  0.731893612606001       0.266212643791154     
  0.951609285239414       0.237558882569241     
   1.17362819778599       0.200626392987444     
   1.38875577905057       0.158217310397972     
   1.57164597796223       0.113650878984313     
   1.69267197398291       7.258931229035419E-002
   1.71376525959238       3.809056695427694E-002
   1.60124938763895       1.522205020676144E-002
   1.35694699820445       2.970143210475227E-003
   1.00000000000000       0.000000000000000E+000
  2.122610839453942E-314  0.000000000000000E+000
 -4.768618328606499E-002 -1.510236618665256E-003
 -9.670604634958077E-002 -5.766244384871817E-003
 -0.147185430375961      -1.235017814177325E-002
 -0.198848012042164      -2.096793327931312E-002
 -0.251432838069410      -3.128734815928005E-002
 -0.304685032557933      -4.291905067617789E-002
 -0.358554914404917      -5.554294422425959E-002
 -0.412987843638677      -6.865017068647250E-002
 -0.467934022755328      -8.186225111592051E-002
 -0.523166812768442      -9.448069233122154E-002
 -0.578215392919433      -0.106065735822936     
 -0.632296061271463      -0.115704853252182     
 -0.684206065821237      -0.122950066543868     
 -0.732394642259759      -0.126728067965848     
 -0.774832238805078      -0.126701126547880     
 -0.809236917283743      -0.121824999445821     
 -0.832965593362724      -0.112032492492569     
 -0.843350368394646      -9.665715872039149E-002
 -0.837717111401434      -7.603637866013488E-002
 -0.813652253802561      -5.031987907152584E-002
 -0.769294267671215      -2.025869197761278E-002
 -0.703217288574232       1.285068126875448E-002
 -0.615112473275940       4.801718802075392E-002
 -0.504975623563827       8.282547276567713E-002
 -0.374197610050068       0.116336587318681     
 -0.223940658863603       0.145508683010612     
 -5.660072759926679E-002  0.169714398874765     
  0.126467827124395       0.186088417606960     
  0.322997122635164       0.194449890528475     
  0.532258030294097       0.193013438307595     
  0.752014608177992       0.182177897758935     
  0.980109668920621       0.162332257404968     
   1.20932668711233       0.134685960531316     
   1.42712702484582       0.103134300960807     
   1.61024249821709       6.937801515449610E-002
   1.72596217906058       4.057673000058599E-002
   1.73823400309398       1.719480593150119E-002
   1.61639336961034       4.768731145022785E-003
   1.36052561265568       2.077515847686458E-005
   1.00000000000000       0.000000000000000E+000
  2.122610839453942E-314  0.000000000000000E+000
 -4.428985886201334E-002 -1.968516502933316E-003
 -9.039658742478617E-002 -7.515546061616304E-003
 -0.138334188784473      -1.612951716944299E-002
 -0.187814725422541      -2.740443511900708E-002
 -0.238601029933125      -4.098156178826097E-002
 -0.290392190683176      -5.646097515523767E-002
 -0.343232236522365      -7.351779438636408E-002
 -0.397058219253586      -9.168060998011959E-002
 -0.451937734913125      -0.110559188801429     
 -0.507662058952932      -0.129522947229378     
 -0.563899191168208      -0.148061858574432     
 -0.619850697257071      -0.165349891501553     
 -0.674473505985986      -0.180744802475750     
 -0.726087643655955      -0.193266269507938     
 -0.772825353512486      -0.202201593612388     
 -0.812078102265508      -0.206591280868751     
 -0.841329640161869      -0.205804846112133     
 -0.857346792944690      -0.199235192229939     
 -0.857511313590230      -0.186554679981678     
 -0.838661868406886      -0.167931710475402     
 -0.798923262438691      -0.143537023440780     
 -0.736110667482081      -0.114639325792144     
 -0.649897866888603      -8.194431057991829E-002
 -0.539729239358753      -4.780349046100925E-002
 -0.407081216909356      -1.325744235209101E-002
 -0.252905537419415       1.872267028833467E-002
 -7.988009469501380E-002  4.714539532986028E-002
  0.110550142982333       6.917656321754889E-002
  0.315506858398108       8.431112762589547E-002
  0.534084922626717       9.067340512240439E-002
  0.762658621157741       8.873395363503268E-002
  0.999272615341123       7.851130980525706E-002
   1.23370687051312       6.189336475027196E-002
   1.45481925377622       4.185901473695672E-002
   1.63538555901200       2.114289358076972E-002
   1.74549865390277       5.214941938763588E-003
   1.74951831480257      -5.065462873992356E-003
   1.61764330915535      -6.363307055914471E-003
   1.35901827804888      -3.088071644203286E-003
   1.00000000000000       0.000000000000000E+000
  2.122610839453942E-314  0.000000000000000E+000
 -4.001528364816415E-002 -2.388396438221632E-003
 -8.245664024238042E-002 -9.065278230193612E-003
 -0.127252581366394      -1.944316426716402E-002
 -0.173999141806417      -3.304464353795281E-002
 -0.222385656300961      -4.951464442394336E-002
 -0.272155729610619      -6.844720239599847E-002
 -0.323319218372146      -8.955277940888655E-002
 -0.375902574598175      -0.112397572526213     
 -0.429998109960948      -0.136640149307554     
 -0.485512838673912      -0.161693124058622     
 -0.542165589017074      -0.187095614091442     
 -0.599310058097895      -0.212008968390387     
 -0.655908769467903      -0.235828214926022     
 -0.710469643247157      -0.257425985209985     
 -0.760985232378198      -0.276102762828190     
 -0.805046260339886      -0.290544994649310     
 -0.839745260927637      -0.300101780374759     
 -0.862015530290976      -0.303588838165731     
 -0.868542861918586      -0.300622373677386     
 -0.856260654091630      -0.290674006691728     
 -0.822372885931508      -0.273822916507403     
 -0.764725166728620      -0.250762133067475     
 -0.682082821560174      -0.222064872659771     
 -0.573935337674940      -0.189906657663782     
 -0.441153286648728      -0.155133345357850     
 -0.284865900328218      -0.121057984584604     
 -0.107608015619920      -8.840497093243342E-002
  8.873938193411890E-002 -6.067149897831654E-002
  0.301053586902487      -3.809671688072559E-002
  0.527502229107942      -2.307160371866690E-002
  0.764157120968251      -1.509573772217321E-002
   1.00716315500747      -1.396778212298221E-002
   1.24672687773040      -1.853819335154330E-002
   1.46870411069475      -2.464709988114596E-002
   1.64792198951828      -3.165179565751694E-002
   1.75266542576738      -3.240546571967057E-002
   1.74938145244185      -2.922691696930944E-002
   1.61291207720843      -1.830864011138527E-002
   1.35068368654675      -6.384009279559408E-003
   1.00000000000000       0.000000000000000E+000
  2.122610839453942E-314  0.000000000000000E+000
 -3.505981420697209E-002 -2.696980753466435E-003
 -7.324870521798793E-002 -1.027494406715129E-002
 -0.114324979754301      -2.209879220360231E-002
 -0.157767244313000      -3.761898034295483E-002
 -0.203243227613381      -5.651207933998139E-002
 -0.250404848036887      -7.838372645644962E-002
 -0.299313630747086      -0.103016842579416     
 -0.349986277058031      -0.130015407650889     
 -0.402599348242856      -0.159135468429780     
 -0.457123513785728      -0.189844415287992     
 -0.513404280211291      -0.221759457134524     
 -0.570881421431028      -0.254101906487589     
 -0.628700707078567      -0.286256421127581     
 -0.685391601534873      -0.317142321288227     
 -0.739180117643189      -0.345875990954610     
 -0.787493586821583      -0.371150933829470     
 -0.827669760533178      -0.391889104657653     
 -0.856172105754549      -0.406847318701717     
 -0.869878548247714      -0.414978877957812     
 -0.864904366121649      -0.415622514482367     
 -0.838539252430957      -0.408099505965846     
 -0.787588835780186      -0.392922873636091     
 -0.710820273374579      -0.370075818435275     
 -0.606760425594647      -0.341566143292964     
 -0.476323428583614      -0.308053256239201     
 -0.320065590921026      -0.272754592200381     
 -0.140790931686362      -0.236626577845714     
  5.968771798940203E-002 -0.203174358326727     
  0.277532767232301      -0.172995050983402     
  0.510699121034087      -0.148640631896550     
  0.753698262700300      -0.129639641793056     
   1.00276841666001      -0.116259845422528     
   1.24526825566667      -0.106778957655769     
   1.46833616665374      -9.815790134265835E-002
   1.64395184497229      -8.880862508481023E-002
   1.74300753082244      -7.366954328577589E-002
   1.73418108848634      -5.473335915904336E-002
   1.59290040727497      -3.085108141277929E-002
   1.33679798377145      -9.810893397548783E-003
   1.00000000000000       0.000000000000000E+000
  2.122610839453942E-314  0.000000000000000E+000
 -2.951462828913998E-002 -2.933329777911674E-003
 -6.298605716830055E-002 -1.112110261309694E-002
 -9.992690129163784E-002 -2.395688394201872E-002
 -0.139671940957172      -4.085522901884027E-002
 -0.181736936559795      -6.155361961947790E-002
 -0.225789395913378      -8.570307262759130E-002
 -0.271822593962443      -0.113141608454979     
 -0.319910528442467      -0.143586421311286     
 -0.370259683420331      -0.176840906674687     
 -0.422932231699388      -0.212533577882545     
 -0.477881466353971      -0.250313742009000     
 -0.534696510674912      -0.289567042083379     
 -0.592653736635408      -0.329679124499395     
 -0.650503679297859      -0.369661577686279     
 -0.706528106386456      -0.408574332341510     
 -0.758431185758995      -0.445026648294056     
 -0.803386268113614      -0.477797200411376     
 -0.838135133116723      -0.505282768053691     
 -0.859016692882311      -0.526192183485723     
 -0.862348570856344      -0.539217331234549     
 -0.844450638010881      -0.543347077671163     
 -0.802211822814779      -0.538334540271407     
 -0.733163037962441      -0.523790710047031     
 -0.635861647978923      -0.501209338803043     
 -0.510110079456799      -0.470865493683640     
 -0.356622188999594      -0.436049100145771     
 -0.177615024479382      -0.397327555537557     
  2.459039424669092E-002 -0.358858008600341     
  0.246094883666032      -0.320871775723874     
  0.483768683107392      -0.286654205492199     
  0.731751860561539      -0.255663857549036     
  0.984367375437548      -0.228193329142668     
   1.22924629959037      -0.203483962309326     
   1.45113274864565      -0.177333468493273     
   1.62393695221552      -0.150835824495934     
   1.71825056398136      -0.117142531187070     
   1.70483334973769      -8.210848551332370E-002
   1.56525164716874      -4.419424050644080E-002
   1.31521229397567      -1.337725066242216E-002
   1.00000000000000       0.000000000000000E+000
  2.122610839453942E-314  0.000000000000000E+000
 -2.372367922983381E-002 -3.010297091060214E-003
 -5.216167113418084E-002 -1.149475999104882E-002
 -8.464117646202571E-002 -2.486640446048332E-002
 -0.120281950091657      -4.255210664344177E-002
 -0.158559239134457      -6.436966881323269E-002
 -0.199004047041002      -9.001670714546769E-002
 -0.241627886771129      -0.119459200125971     
 -0.286482422349762      -0.152451575851547     
 -0.333815650759289      -0.188981655393958     
 -0.383782872439059      -0.228713265198118     
 -0.436421136773415      -0.271517810134025     
 -0.491503354500682      -0.316808049014646     
 -0.548459577131297      -0.364183804845423     
 -0.606254718740016      -0.412652934630107     
 -0.663406020447730      -0.461399755103481     
 -0.717744445687071      -0.508954827410177     
 -0.766738022148558      -0.554019886438580     
 -0.806985873811835      -0.594781890377169     
 -0.835110854400607      -0.629572397324461     
 -0.846832899105202      -0.656706810798139     
 -0.838645530606578      -0.674497641675201     
 -0.806344572835139      -0.682185523759450     
 -0.747471864353877      -0.678597333517740     
 -0.659253977252464      -0.664705608752161     
 -0.541428974397731      -0.640221834025223     
 -0.393644462314171      -0.608074737525247     
 -0.218231774984912      -0.568741958971673     
 -1.714984206123978E-002 -0.526293584830993     
  0.205089915390027      -0.481209293942525     
  0.445077258906538      -0.436993626563858     
  0.695522922187123      -0.393261213192652     
  0.950459292298886      -0.350913474353622     
   1.19528352168074      -0.308855619507628     
   1.41559863881397      -0.264307414376741     
   1.58401197916233      -0.217607351391606     
   1.67337009512876      -0.164531364356384     
   1.65848499174054      -0.110761724914632     
   1.52111545926251      -5.794270540262395E-002
   1.28776542526393      -1.702961796201111E-002
   1.00000000000000       0.000000000000000E+000
  2.122610839453942E-314  0.000000000000000E+000
 -1.777893830435018E-002 -2.989853877070026E-003
 -4.111712386755447E-002 -1.138194366340232E-002
 -6.897031054462927E-002 -2.475421769996072E-002
 -0.100342084789198      -4.254282217941876E-002
 -0.134493261038928      -6.469190286323087E-002
 -0.170969676951591      -9.097753948220801E-002
 -0.209676997366216      -0.121438939276506     
 -0.250699799198724      -0.155983840716378     
 -0.294300266420524      -0.194640872912948     
 -0.340687028932836      -0.237313354191156     
 -0.390031286171993      -0.283885121519403     
 -0.442214808247635      -0.334087387761971     
 -0.496902415517806      -0.387490612962585     
 -0.553253294366785      -0.443461583970317     
 -0.610063055972750      -0.501077497991363     
 -0.665444627397466      -0.559175478605977     
 -0.717059507883933      -0.616218643546315     
 -0.761830116113146      -0.670495007693960     
 -0.796275938565218      -0.719912447376665     
 -0.816379252926129      -0.762519859092280     
 -0.818007515462571      -0.796000654501270     
 -0.797047681284363      -0.818928780009761     
 -0.749835311349708      -0.829359020496132     
 -0.673512590444219      -0.827461854338937     
 -0.566345859467560      -0.812121208665465     
 -0.427922802169859      -0.785861002923985     
 -0.259452062215571      -0.748391709936551     
 -6.321372116844118E-002 -0.704164965946578     
  0.156542419500288      -0.652973555412944     
  0.395425927867188      -0.599223168486685     
  0.645727432511631      -0.542321676697220     
  0.899819276575931      -0.483636883063981     
   1.14310485384496      -0.423137849514397     
   1.35969010223565      -0.357284280954804     
   1.52398687065673      -0.289591191713380     
   1.61006928557786      -0.214180550538209     
   1.59494775707223      -0.141388508653739     
   1.46750205142408      -7.258627245188057E-002
   1.25183527755012      -2.077884784015428E-002
   1.00000000000000       0.000000000000000E+000
  2.122610839453942E-314  0.000000000000000E+000
 -1.213364771412099E-002 -2.790749557911430E-003
 -3.040143799104724E-002 -1.075482070899122E-002
 -5.362534491749781E-002 -2.356328960431770E-002
 -8.054140178333904E-002 -4.078077068712770E-002
 -0.110393227775785      -6.245596732890064E-002
 -0.142567010111882      -8.845002949896008E-002
 -0.176972352573546      -0.118945216018279     
 -0.213653195951196      -0.153880179977329     
 -0.252868862268162      -0.193502773899492     
 -0.294920432754821      -0.237722367875136     
 -0.339994253408901      -0.286735294602142     
 -0.388208864690760      -0.340259484807616     
 -0.439297102957765      -0.398271283085248     
 -0.492794258371843      -0.460086473147656     
 -0.547641868162896      -0.525245735881430     
 -0.602411895392731      -0.592443386009514     
 -0.654988170719667      -0.660570533943406     
 -0.702676566827284      -0.727588596606704     
 -0.742245361504731      -0.791640509123890     
 -0.769707233127619      -0.850157259109314     
 -0.781098663069620      -0.900697585691132     
 -0.771697010078850      -0.940871603596652     
 -0.737813052978321      -0.968203498462129     
 -0.675303120925443      -0.981667733136188     
 -0.582207525152193      -0.979415506179945     
 -0.456620004203581      -0.962844948180107     
 -0.299535647700109      -0.931154860285879     
 -0.112383155913446      -0.888131169456720     
  0.100456338019860      -0.833482552638309     
  0.334294116056705      -0.771620314608785     
  0.580682129804321      -0.702146894495026     
  0.831016561558221      -0.627265601021129     
   1.06973254546121      -0.546717746263710     
   1.28112418704851      -0.459031168815692     
   1.44031861036004      -0.367123451810556     
   1.52310451140431      -0.268472596784315     
   1.51221659819297      -0.173593100831387     
   1.39636044883523      -8.759251273920189E-002
   1.20988364988786      -2.462758151658203E-002
   1.00000000000000       0.000000000000000E+000
  2.122610839453942E-314  0.000000000000000E+000
 -6.847440639124469E-003 -2.486943507049896E-003
 -2.042067339294262E-002 -9.603885737990661E-003
 -3.912973541090688E-002 -2.132382131100151E-002
 -6.169069025622383E-002 -3.726519717571500E-002
 -8.711590333360171E-002 -5.765850676214715E-002
 -0.114840998015239      -8.244828959358066E-002
 -0.144646541270297      -0.111895830004667     
 -0.176598322502479      -0.146084455030870     
 -0.210939177316009      -0.185283223498722     
 -0.247977229442412      -0.229651496437507     
 -0.288015613319939      -0.279367444343142     
 -0.331207683573647      -0.334540924846557     
 -0.377557724248743      -0.395086157851783     
 -0.426704751228562      -0.460874279696564     
 -0.478023988031471      -0.531306168903624     
 -0.530281805871717      -0.605769173459736     
 -0.581910151180630      -0.682871573936072     
 -0.630477753367426      -0.761287184234494     
 -0.673255103678470      -0.838638977401075     
 -0.706490350988128      -0.912849903887094     
 -0.726379979034028      -0.980630774683714     
 -0.728244800602178       -1.03957108176582     
 -0.707895752197782       -1.08599810652361     
 -0.660904122141052       -1.11825151820489     
 -0.584122537698624       -1.13301525114942     
 -0.475119035708766       -1.13080437950003     
 -0.333536774330992       -1.10936480558979     
 -0.160433876976377       -1.07209690409507     
  4.041899412835739E-002  -1.01740733534182     
  0.264130056725433      -0.950287807149783     
  0.501844084365147      -0.869797624127132     
  0.744169011527748      -0.779127548896969     
  0.975186709138155      -0.678613378020983     
   1.17896790498394      -0.567002969304660     
   1.33251500218312      -0.450628275565475     
   1.41404246168610      -0.325942945401489     
   1.40900599647689      -0.208736569293091     
   1.31325779576365      -0.104159527391719     
   1.15835662110193      -2.874014849900180E-002
   1.00000000000000       0.000000000000000E+000
  2.122610839453942E-314  0.000000000000000E+000
 -2.402963141413441E-003 -2.028703893983020E-003
 -1.166683075838215E-002 -8.026095068415454E-003
 -2.619077336061424E-002 -1.812280593731173E-002
 -4.445817136015655E-002 -3.218290005648117E-002
 -6.552808422783415E-002 -5.053378976243193E-002
 -8.870225514652126E-002 -7.323003789443204E-002
 -0.113769795831522      -0.100646805815521     
 -0.140749129540830      -0.132879009706488     
 -0.169841109524941      -0.170386125231211     
 -0.201419370070365      -0.213290332036499     
 -0.235724950097444      -0.262083706755745     
 -0.273130970835332      -0.316808853454850     
 -0.313595029452493      -0.377864306812506     
 -0.357181487578389      -0.445018047315130     
 -0.403260296178690      -0.518359280242172     
 -0.451267873008022      -0.597093158283499     
 -0.499678338578808      -0.680710872991301     
 -0.546941802560281      -0.767527245206563     
 -0.590386723618233      -0.856143527090215     
 -0.627161240411706      -0.943777310864309     
 -0.653450144338026       -1.02799887678881     
 -0.665097743903528       -1.10513402455059     
 -0.657705896726816       -1.17196699847061     
 -0.626540720222913       -1.22489455058039     
 -0.567956870199829       -1.26052603612588     
 -0.478369253327653       -1.27692997727994     
 -0.356712802417953       -1.27145394019797     
 -0.202834030130809       -1.24526425076282     
 -1.981671415114734E-002  -1.19639221106359     
  0.187537752435404       -1.12872751873209     
  0.410879261046762       -1.04114884100420     
  0.639535519374068      -0.937764120847095     
  0.858738126027018      -0.818235452449830     
   1.05162669580485      -0.684094155364426     
   1.19857101908826      -0.541266562601321     
   1.27847895540377      -0.390533987003520     
   1.28333500413102      -0.247363931706085     
   1.21089502438465      -0.122340473708887     
   1.09977004608450      -3.338816276399996E-002
   1.00000000000000       0.000000000000000E+000
  2.122610839453942E-314  0.000000000000000E+000
  1.205694626797496E-003 -1.486229219082773E-003
 -4.509562855510961E-003 -6.014246385098712E-003
 -1.521736365083880E-002 -1.411939033456243E-002
 -2.953835422380279E-002 -2.575090606978574E-002
 -4.636159224025409E-002 -4.143319266526547E-002
 -6.509475372474573E-002 -6.128353607062426E-002
 -8.541344347416403E-002 -8.573525399394970E-002
 -0.107355807815894      -0.114978995528948     
 -0.131081773871404      -0.149455657245431     
 -0.156925090112541      -0.189478960006129     
 -0.185195149251005      -0.235474551152246     
 -0.216211658989844      -0.287837328862941     
 -0.250159330922252      -0.346856806796464     
 -0.287078926412322      -0.412887928725425     
 -0.326788440485122      -0.485845558638433     
 -0.368761337556307      -0.565822409684235     
 -0.412192951738938      -0.652012842192076     
 -0.455633622344094      -0.743928886210798     
 -0.497391118494385      -0.839649817657373     
 -0.534717546709885      -0.937763499398247     
 -0.564866065533012       -1.03494943249649     
 -0.583626354129969       -1.12871763185561     
 -0.587395621930806       -1.21443517352771     
 -0.570972659407452       -1.28898235749782     
 -0.530836941599844       -1.34698865094480     
 -0.462338407899632       -1.38599116696644     
 -0.363874714750405       -1.40109590631254     
 -0.233764626048785       -1.39230407441930     
 -7.464557900737566E-002  -1.35551124341923     
  0.110174505085618       -1.29383118737252     
  0.311981849441004       -1.20517660733498     
  0.521271879788678       -1.09378844748645     
  0.722626693927514      -0.959415445688949     
  0.900938786226327      -0.804300873642670     
   1.03862869099565      -0.637731455647338     
   1.11758600192405      -0.461236097913972     
   1.13407145424929      -0.292867782657583     
   1.09180209772829      -0.144198909763111     
   1.02931706132999      -3.947716215656523E-002
   1.00000000000000       0.000000000000000E+000
  2.122610839453942E-314  0.000000000000000E+000
  3.588728491862158E-003 -8.682154904169198E-004
  7.656874498603753E-004 -3.827706231077779E-003
 -6.710397605405261E-003 -9.600922601212678E-003
 -1.738306426377201E-002 -1.845909145322486E-002
 -3.026961383232816E-002 -3.097828480684627E-002
 -4.473315442623955E-002 -4.737729097351440E-002
 -6.047086829636829E-002 -6.814037601745496E-002
 -7.749576704130623E-002 -9.343686004008735E-002
 -9.589663138947775E-002 -0.123816937280567     
 -0.116040542733991      -0.159506938247912     
 -0.138111160950226      -0.201156550388101     
 -0.162575916090235      -0.249030963493555     
 -0.189473041789058      -0.303829297185382     
 -0.219185059932378      -0.365738129239114     
 -0.251381414627300      -0.435353485198218     
 -0.286177451114432      -0.512540367576583     
 -0.322616349807776      -0.597532944303871     
 -0.360298440663821      -0.689495873873977     
 -0.397343691341159      -0.787950129877581     
 -0.432497398085218      -0.890876969419261     
 -0.462713325837252      -0.996723489006087     
 -0.485536885632156       -1.10186659587497     
 -0.496830132415179       -1.20350269063864     
 -0.492899433068990       -1.29644129926541     
 -0.469334735023113       -1.37685677497712     
 -0.422082670415559       -1.43893861427877     
 -0.348293981967623       -1.47875941203506     
 -0.245689060001659       -1.49202884448115     
 -0.115421501595187       -1.47516577473409     
  4.001980030182148E-002  -1.42726127535660     
  0.213707300308208       -1.34659181777685     
  0.395625871273545       -1.23594443406702     
  0.573337491439986       -1.09447410593412     
  0.730204333817712      -0.926764290954509     
  0.853273774920643      -0.739349838343475     
  0.926764250878747      -0.541923080591618     
  0.954158515235350      -0.345608683092763     
  0.947080077975038      -0.170229942250298     
  0.948216231264562      -4.666451242574749E-002
   1.00000000000000       0.000000000000000E+000
  2.122610839453942E-314  0.000000000000000E+000
  4.836878905180197E-003 -2.121503398559926E-004
  3.965096073376305E-003 -1.476726475640957E-003
 -8.159517954694118E-004 -4.884907125523545E-003
 -8.350416727504046E-003 -1.080400523601718E-002
 -1.763721687159496E-002 -1.994539223047011E-002
 -2.819037627641445E-002 -3.255439383351909E-002
 -3.965834963665841E-002 -4.912040566532756E-002
 -5.207038115018013E-002 -6.984378519126443E-002
 -6.547852791954886E-002 -9.519883317517264E-002
 -8.016965860186342E-002 -0.125505653575068     
 -9.634885526633979E-002 -0.161287810102262     
 -0.114355232738657      -0.203028616152016     
 -0.134364698992208      -0.251260173643694     
 -0.156620557778470      -0.306599480551891     
 -0.181128130429366      -0.369420207011365     
 -0.207875848604124      -0.440353490069181     
 -0.236549921445539      -0.519314681088796     
 -0.266645294370791      -0.606713512568003     
 -0.297347541660103      -0.701575349083715     
 -0.327298101609371      -0.803700156796843     
 -0.354994192436222      -0.910723403098496     
 -0.377786758129407       -1.02131784796117     
 -0.393435947095783       -1.13133794960997     
 -0.397739066682926       -1.23789501514848     
 -0.388136308209147       -1.33511909201454     
 -0.359395633322369       -1.41865950853996     
 -0.309958683032415       -1.48186817351070     
 -0.235403994418456       -1.52026496366680     
 -0.137453278477359       -1.52750635928777     
 -1.559895950740471E-002  -1.50077418635649     
  0.122958288093758       -1.43740709785763     
  0.271717784172814       -1.33753240310579     
  0.417698084359233       -1.20101007563943     
  0.548518750630519       -1.03093714917237     
  0.651995040362354      -0.836170412665088     
  0.717724043849412      -0.626466162873168     
  0.754834771159954      -0.408495608246362     
  0.780736932220527      -0.200225681335002     
  0.849579160712884      -5.428661866587343E-002
   1.00000000000000       0.000000000000000E+000
  2.122610839453942E-314  0.000000000000000E+000
  4.869081228895551E-003  3.543925365289024E-004
  5.197102041110545E-003  5.772174850990493E-004
  2.428854038004439E-003 -5.332684844531127E-004
 -2.452720054354461E-003 -3.639480155673750E-003
 -8.635591675063685E-003 -9.420455492932753E-003
 -1.572350895294914E-002 -1.817288184386124E-002
 -2.339428425136271E-002 -3.035310694946640E-002
 -3.170272341094366E-002 -4.611481666397221E-002
 -4.061547091573726E-002 -6.592268879470288E-002
 -5.043259820662979E-002 -8.999099045438159E-002
 -6.120601794047818E-002 -0.118899794286958     
 -7.333681128664507E-002 -0.152981687489235     
 -8.681126331644193E-002 -0.192953268819503     
 -0.102060188456971      -0.239233837389044     
 -0.118873310929145      -0.292603298453086     
 -0.137659015404634      -0.353437744706436     
 -0.157854370312675      -0.422412219680589     
 -0.179757891729472      -0.499606823150875     
 -0.202243807823442      -0.585313153424504     
 -0.225325318260390      -0.678885686670652     
 -0.247064006783725      -0.779849891731137     
 -0.266889079403609      -0.886195194111158     
 -0.281887700396420      -0.996275292054325     
 -0.290552901016149       -1.10595200112919     
 -0.289265985477202       -1.21224563456779     
 -0.275501241465932       -1.30840395770262     
 -0.246142455832342       -1.39062761656089     
 -0.198370795855757       -1.45016662524900     
 -0.131981539129763       -1.48348485952415     
 -4.626679016423641E-002  -1.48161576340040     
  5.339379602913776E-002  -1.44429190673021     
  0.162867714062588       -1.36642420125048     
  0.270538212956642       -1.24884055300735     
  0.367806389100227       -1.09311470689337     
  0.444345992560647      -0.906089106322293     
  0.494034965976376      -0.700037941585782     
  0.535723964098151      -0.473103158235872     
  0.597034894831057      -0.239768285162414     
  0.735746813980797      -6.555207443226245E-002
   1.00000000000000       0.000000000000000E+000
  2.122610839453942E-314  0.000000000000000E+000
  3.873992890685057E-003  8.184768716093048E-004
  4.633746468068052E-003  2.233819534682507E-003
  3.316325709887853E-003  2.926140147321702E-003
  5.229757775947250E-004  2.205789575472218E-003
 -3.090481238647470E-003 -6.260724573285625E-004
 -7.282948199554621E-003 -5.825773916310988E-003
 -1.177994825139517E-002 -1.378536575681221E-002
 -1.663276887270898E-002 -2.463248610156523E-002
 -2.181348054770292E-002 -3.870184361484746E-002
 -2.751084575693359E-002 -5.620209585992391E-002
 -3.378206926991565E-002 -7.755077907156370E-002
 -4.086496635222617E-002 -0.103116024461308     
 -4.880498469395454E-002 -0.133419991654076     
 -5.784193590858113E-002 -0.169019862704345     
 -6.794892691505736E-002 -0.210451726905732     
 -7.931970287199788E-002 -0.258448624171764     
 -9.179901027030109E-002 -0.313362400091912     
 -0.105445274232991      -0.376034636603119     
 -0.119904617093008      -0.446303374729667     
 -0.134924058887488      -0.524939516384040     
 -0.149867628545884      -0.610793305324782     
 -0.163864674671588      -0.704175179087272     
 -0.175954170690414      -0.802390803730825     
 -0.184237542601285      -0.904588162336546     
 -0.187598144327119       -1.00616338697194     
 -0.182829245029316       -1.10418113066233     
 -0.169346632309075       -1.19241842008362     
 -0.143001060038488       -1.26527300428995     
 -0.105136962774779       -1.31654262101772     
 -5.280522904535896E-002  -1.33820286743795     
  8.927015797618381E-003  -1.32819833686610     
  7.895450983793735E-002  -1.27958230184755     
  0.147853002721829       -1.19296652382046     
  0.210225799314719       -1.06586015210397     
  0.256786532905386      -0.910008550695206     
  0.286445751791018      -0.731079221133457     
  0.315166129462084      -0.520048936055290     
  0.383568481745428      -0.284090933062563     
  0.589458121776311      -8.697400735493382E-002
   1.00000000000000       0.000000000000000E+000
  2.122610839453942E-314  0.000000000000000E+000
  2.283036103895806E-003  9.021950348397284E-004
  2.908919344536796E-003  2.853445010032713E-003
  2.486981007505319E-003  4.655092072013567E-003
  1.205397479997415E-003  5.520759128347622E-003
 -4.547274882644850E-004  4.908106106916359E-003
 -2.442096282650193E-003  2.591249150579142E-003
 -4.511589150390844E-003 -1.685824523475280E-003
 -6.767065627744136E-003 -8.029735841998746E-003
 -9.117658098340344E-003 -1.661664762313505E-002
 -1.173671694891264E-002 -2.762560221291220E-002
 -1.456871711883660E-002 -4.130059780059998E-002
 -1.783948319766297E-002 -5.795477367134229E-002
 -2.144811338471561E-002 -7.795053343290859E-002
 -2.568512362322034E-002 -0.101740032011985     
 -3.033979720031127E-002 -0.129782639349674     
 -3.578921471529891E-002 -0.162636564904736     
 -4.164186849735903E-002 -0.200776224488889     
 -4.837751187706267E-002 -0.244792906043290     
 -5.533125093624836E-002 -0.295011925077132     
 -6.307171207316224E-002 -0.351903646616967     
 -7.054769604742339E-002 -0.415362272066848     
 -7.832850217254739E-002 -0.485426230326886     
 -8.489600668372579E-002 -0.561142068697354     
 -9.059661449898139E-002 -0.641551951799106     
 -9.356685976095612E-002 -0.724410468921232     
 -9.351201376624219E-002 -0.806950828235554     
 -8.886975095659909E-002 -0.885479036279657     
 -7.820955577529207E-002 -0.954553707595079     
 -6.185510953834267E-002  -1.01009644684256     
 -3.728296315139552E-002  -1.04377401753441     
 -8.859464837176222E-003  -1.05441329865810     
  2.683917302552845E-002  -1.03322333939699     
  6.075914413514120E-002 -0.983652958941889     
  9.373133879071834E-002 -0.896304925912683     
  0.114108048396332      -0.792680406783384     
  0.116933882670367      -0.671689222582366     
  0.107019890128192      -0.517330336840775     
  0.137570986255502      -0.344400082477747     
  0.335590446213841      -0.121321782450511     
   1.00000000000000       0.000000000000000E+000
  2.122610839453942E-314  0.000000000000000E+000
  6.202197556822363E-004  6.202197556824365E-004
  9.236193344193216E-004  2.293722541927508E-003
  9.042298917552906E-004  3.981221633926613E-003
  5.644888950388266E-004  5.244593131879518E-003
  1.342241340710385E-004  5.684763867385426E-003
 -3.983182849152790E-004  5.206775145232011E-003
 -9.300049732693714E-004  3.675436956740982E-003
 -1.509564922419023E-003  1.058458290606706E-003
 -2.101571465807864E-003 -2.738541622939975E-003
 -2.772716630636181E-003 -7.751340347004866E-003
 -3.481400691044254E-003 -1.417480650179404E-002
 -4.326315701898972E-003 -2.208399574774037E-002
 -5.237951862913748E-003 -3.178285217764828E-002
 -6.347745968543795E-003 -4.342335454030388E-002
 -7.546890091917420E-003 -5.737194066171943E-002
 -8.996688302455419E-003 -7.389487739430457E-002
 -1.054474962449001E-002 -9.332523132934868E-002
 -1.236884659407886E-002 -0.116092690628872     
 -1.427492899648088E-002 -0.142326658401267     
 -1.641996342581964E-002 -0.172673432083085     
 -1.858322681842424E-002 -0.206775250549848     
 -2.081648060884116E-002 -0.245511869260990     
 -2.292176279169399E-002 -0.287622460247169     
 -2.468778868971967E-002 -0.334097420365089     
 -2.607330904057975E-002 -0.382303565038510     
 -2.634703848691211E-002 -0.432909253117642     
 -2.588547908298778E-002 -0.481711457144308     
 -2.319418998579341E-002 -0.528035503127809     
 -1.947463784844523E-002 -0.567203454993759     
 -1.273837926180238E-002 -0.595957642262736     
 -5.530825533193460E-003 -0.611618647302422     
  4.492352366158991E-003 -0.608647244917822     
  1.458566056065807E-002 -0.589748969724730     
  2.399588572498974E-002 -0.546228077126986     
  2.989677363980378E-002 -0.498934787729986     
  2.456228045120718E-002 -0.459163440483533     
  3.666827205492252E-004 -0.392503358714339     
  1.502633505440251E-002 -0.338321572015584     
  0.189318555013371      -0.186587429211373     
   1.00000000000000       0.000000000000000E+000
  2.122610839453942E-314  0.000000000000000E+000
  2.122610839453942E-314  0.000000000000000E+000
  2.122610839453942E-314  0.000000000000000E+000
  2.122610839453942E-314  0.000000000000000E+000
  2.122610839453942E-314  0.000000000000000E+000
  2.122610839453942E-314  0.000000000000000E+000
  2.122610839453942E-314  0.000000000000000E+000
  2.122610839453942E-314  0.000000000000000E+000
  2.122610839453942E-314  0.000000000000000E+000
  2.122610839453942E-314  0.000000000000000E+000
  2.122610839453942E-314  0.000000000000000E+000
  2.122610839453942E-314  0.000000000000000E+000
  2.122610839453942E-314  0.000000000000000E+000
  2.122610839453942E-314  0.000000000000000E+000
  2.122610839453942E-314  0.000000000000000E+000
  2.122610839453942E-314  0.000000000000000E+000
  2.122610839453942E-314  0.000000000000000E+000
  2.122610839453942E-314  0.000000000000000E+000
  2.122610839453942E-314  0.000000000000000E+000
  2.122610839453942E-314  0.000000000000000E+000
  2.122610839453942E-314  0.000000000000000E+000
  2.122610839453942E-314  0.000000000000000E+000
  2.122610839453942E-314  0.000000000000000E+000
  2.122610839453942E-314  0.000000000000000E+000
  2.122610839453942E-314  0.000000000000000E+000
  2.122610839453942E-314  0.000000000000000E+000
  2.122610839453942E-314  0.000000000000000E+000
  2.122610839453942E-314  0.000000000000000E+000
  2.122610839453942E-314  0.000000000000000E+000
  2.122610839453942E-314  0.000000000000000E+000
  2.122610839453942E-314  0.000000000000000E+000
  2.122610839453942E-314  0.000000000000000E+000
  2.122610839453942E-314  0.000000000000000E+000
  2.122610839453942E-314  0.000000000000000E+000
  2.122610839453942E-314  0.000000000000000E+000
  2.122610839453942E-314  0.000000000000000E+000
  2.122610839453942E-314  0.000000000000000E+000
  2.122610839453942E-314  0.000000000000000E+000
  2.122610839453942E-314  0.000000000000000E+000
  2.122610839453942E-314  0.000000000000000E+000
   1.00000000000000       0.000000000000000E+000
