  5.432309224871097E-312  0.000000000000000E+000
  2.122610839453942E-314  0.000000000000000E+000
  2.122610839453942E-314  0.000000000000000E+000
  2.122610839453942E-314  0.000000000000000E+000
  2.122610839453942E-314  0.000000000000000E+000
  2.122610839453942E-314  0.000000000000000E+000
  2.122610839453942E-314  0.000000000000000E+000
  2.122610839453942E-314  0.000000000000000E+000
  2.122610839453942E-314  0.000000000000000E+000
  2.122610839453942E-314  0.000000000000000E+000
  2.122610839453942E-314  0.000000000000000E+000
  2.122610839453942E-314  0.000000000000000E+000
  2.122610839453942E-314  0.000000000000000E+000
  2.122610839453942E-314  0.000000000000000E+000
  2.122610839453942E-314  0.000000000000000E+000
  2.122610839453942E-314  0.000000000000000E+000
  2.122610839453942E-314  0.000000000000000E+000
  2.122610839453942E-314  0.000000000000000E+000
  2.122610839453942E-314  0.000000000000000E+000
  2.122610839453942E-314  0.000000000000000E+000
  2.122610839453942E-314  0.000000000000000E+000
  2.122610839453942E-314  0.000000000000000E+000
  2.122610839453942E-314  0.000000000000000E+000
  2.122610839453942E-314  0.000000000000000E+000
  2.122610839453942E-314  0.000000000000000E+000
  2.122610839453942E-314  0.000000000000000E+000
  2.122610839453942E-314  0.000000000000000E+000
  2.122610839453942E-314  0.000000000000000E+000
  2.122610839453942E-314  0.000000000000000E+000
  2.122610839453942E-314  0.000000000000000E+000
  2.122610839453942E-314  0.000000000000000E+000
  2.122610839453942E-314  0.000000000000000E+000
  2.122610839453942E-314  0.000000000000000E+000
  2.122610839453942E-314  0.000000000000000E+000
  2.122610839453942E-314  0.000000000000000E+000
  2.122610839453942E-314  0.000000000000000E+000
  2.122610839453942E-314  0.000000000000000E+000
  2.122610839453942E-314  0.000000000000000E+000
  2.122610839453942E-314  0.000000000000000E+000
  2.122610839453942E-314  0.000000000000000E+000
   1.00000000000000       0.000000000000000E+000
  2.122610839453942E-314  0.000000000000000E+000
  2.273427967818375E-004 -2.273944985907618E-004
  8.126640041939891E-005 -3.504493360252122E-004
 -2.016881287450060E-004 -2.004926822768752E-004
 -5.674972417982075E-004  6.704735383617850E-004
 -9.414519983246724E-004  2.167680488518992E-003
 -1.306113785312066E-003  4.416679994256672E-003
 -1.665423956791715E-003  7.339173350113868E-003
 -1.991043531602804E-003  1.093461494785393E-002
 -2.300658252958834E-003  1.513638963079451E-002
 -2.560320214022898E-003  1.988639742734199E-002
 -2.795355772726110E-003  2.512251950291273E-002
 -2.967728167613101E-003  3.073799727453632E-002
 -3.107743581409886E-003  3.667729166389593E-002
 -3.176295026235986E-003  4.279122522315612E-002
 -3.206761481610068E-003  4.903556240191571E-002
 -3.163855160169918E-003  5.522916619725648E-002
 -3.081456329861650E-003  6.134615485620364E-002
 -2.934044502838260E-003  6.719362824716939E-002
 -2.752167111389182E-003  7.277033676658735E-002
 -2.526524097721283E-003  7.790307507694341E-002
 -2.279931316020018E-003  8.261853154790108E-002
 -2.025074453022884E-003  8.680513546991833E-002
 -1.771995776007751E-003  9.051558102693516E-002
 -1.562125600339843E-003  9.375510950970094E-002
 -1.392471962588263E-003  9.659424989114342E-002
 -1.337832501317236E-003  9.921402968510805E-002
 -1.392371886785135E-003  0.101714144663261     
 -1.632565359658457E-003  0.104522259648815     
 -1.978407471600519E-003  0.107664486247930     
 -2.691934759372656E-003  0.112166611380941     
 -4.058854755958080E-003  0.118037766294015     
 -5.955371834474769E-003  0.125882532577674     
 -8.673325422758749E-003  0.137147393209461     
 -1.010720623963199E-002  0.154118931692448     
 -5.140440923709988E-003  0.168135172591039     
 -6.774800062872071E-003  0.194404239186404     
 -5.314942048399885E-002  0.254190601327550     
 -4.970444137823643E-002  0.213639917013553     
  0.146366182179682       0.146366182179680     
   1.00000000000000       0.000000000000000E+000
  2.122610839453942E-314  0.000000000000000E+000
  3.505010378316302E-004 -8.424529533052317E-005
 -1.801180076678384E-004  1.735311113219052E-004
 -1.236012159575658E-003  1.134852922293441E-003
 -2.475613866328161E-003  3.182103728231085E-003
 -3.836245016024694E-003  6.419123393561755E-003
 -5.156198558141193E-003  1.085122098765854E-002
 -6.470324289450333E-003  1.651976046082268E-002
 -7.671817146802615E-003  2.331479555624391E-002
 -8.800829487211771E-003  3.121938973887906E-002
 -9.773038325205435E-003  4.006464751001471E-002
 -1.062107526558044E-002  4.978974600948442E-002
 -1.127956299088183E-002  6.018223716602324E-002
 -1.176944442024102E-002  7.114609345821014E-002
 -1.204969112879045E-002  8.243694855450201E-002
 -1.212911659662729E-002  9.393403754176871E-002
 -1.199950761483027E-002  0.105377541024981     
 -1.165912637239096E-002  0.116639390240365     
 -1.113938852292842E-002  0.127469889790673     
 -1.043191629322992E-002  0.137758456318293     
 -9.609472491955613E-003  0.147298465412613     
 -8.665108551436242E-003  0.156028864938701     
 -7.707053795461829E-003  0.163822563869758     
 -6.744947520743116E-003  0.170707538355203     
 -5.906931904691674E-003  0.176670478608447     
 -5.248870100339293E-003  0.181876759761487     
 -4.885560488984214E-003  0.186442373301660     
 -4.967615883819046E-003  0.190747722402098     
 -5.547485052872974E-003  0.195051222571594     
 -6.958783239092082E-003  0.200029049071608     
 -9.057576600569396E-003  0.205972969981095     
 -1.266806949651306E-002  0.213899943336863     
 -1.689137243277388E-002  0.223330573292020     
 -2.270310218255449E-002  0.236739890883089     
 -2.881837688305312E-002  0.254900159002161     
 -3.724490804980046E-002  0.276976827661761     
 -3.792114641520734E-002  0.290856660638967     
 -3.345164503020651E-002  0.291891313727020     
  2.266999307006421E-002  0.227369973596942     
  0.327656457222212       9.822098335410204E-002
   1.00000000000000       0.000000000000000E+000
  2.122610839453942E-314  0.000000000000000E+000
  2.043587531401685E-004  1.931570552311007E-004
 -1.128682691724452E-003  1.196098475484363E-003
 -3.270197212740122E-003  3.205525480680860E-003
 -5.846012640073118E-003  6.710276534660838E-003
 -8.591150248998324E-003  1.169583021024904E-002
 -1.135642671400405E-002  1.830513692040340E-002
 -1.404802554787957E-002  2.646248138665186E-002
 -1.657928787944287E-002  3.615953121937934E-002
 -1.890926846786935E-002  4.726558193307344E-002
 -2.096476192534289E-002  5.966398854547760E-002
 -2.272572702051462E-002  7.318667708062540E-002
 -2.412324734942970E-002  8.763472656510461E-002
 -2.515042043975986E-002  0.102811470932512     
 -2.574953743293922E-002  0.118451875240988     
 -2.593078459118365E-002  0.134347080046968     
 -2.565936328048518E-002  0.150184684364035     
 -2.496884166190807E-002  0.165769135848234     
 -2.385988854132981E-002  0.180770771967870     
 -2.239445348538959E-002  0.195039075111123     
 -2.061949099472864E-002  0.208270543017619     
 -1.862789305929595E-002  0.220393588148003     
 -1.652014915925417E-002  0.231185676243549     
 -1.442193556127665E-002  0.240686266716891     
 -1.248899592948978E-002  0.248811763070573     
 -1.088614744338925E-002  0.255742545177291     
 -9.811471803914390E-003  0.261577253219063     
 -9.477673968450076E-003  0.266659865642230     
 -1.009808342460801E-002  0.271284522266548     
 -1.198357926809258E-002  0.275969888091554     
 -1.521283621847916E-002  0.280971416872252     
 -2.023602763978087E-002  0.287027143772635     
 -2.633111593106688E-002  0.293740480723514     
 -3.339896005305212E-002  0.301519473924219     
 -3.987865178238419E-002  0.308597974967868     
 -4.715596835596278E-002  0.315226917358601     
 -4.002324065368912E-002  0.300620895959052     
 -3.866688963166110E-003  0.267852571898925     
  0.121843912186287       0.185512495238373     
  0.442197850603790       6.704005974488141E-002
   1.00000000000000       0.000000000000000E+000
  2.122610839453942E-314  0.000000000000000E+000
 -6.198853599931189E-004  5.276569887510877E-004
 -3.094679693857466E-003  2.320550001591784E-003
 -6.716317285637450E-003  5.553711069808981E-003
 -1.089938526813575E-002  1.052890871775260E-002
 -1.536779682826483E-002  1.730280005449457E-002
 -1.985462550833769E-002  2.593125193979652E-002
 -2.424117250166742E-002  3.640066447332040E-002
 -2.837489810585308E-002  4.863977029513685E-002
 -3.218477235900170E-002  6.255330837890181E-002
 -3.556010752848448E-002  7.796528404228294E-002
 -3.844283895303592E-002  9.471327129640419E-002
 -4.074849546689844E-002  0.112545811172545     
 -4.242529211828124E-002  0.131241222681909     
 -4.342220975295298E-002  0.150489765011464     
 -4.370229248632064E-002  0.170028994573681     
 -4.326267460902309E-002  0.189511782728752     
 -4.209496732419468E-002  0.208665221106729     
 -4.025826045720909E-002  0.227134303169120     
 -3.778791656660171E-002  0.244677410418969     
 -3.481204752663210E-002  0.260969718794433     
 -3.142511546162851E-002  0.275851109842882     
 -2.782006879563698E-002  0.289069149571331     
 -2.416701012921619E-002  0.300598321840073     
 -2.070395946287756E-002  0.310294002315066     
 -1.769542098067568E-002  0.318314140591486     
 -1.538201833217138E-002  0.324632879471062     
 -1.413781935699762E-002  0.329617461272217     
 -1.411523390469386E-002  0.333304199414391     
 -1.578779928961877E-002  0.336218453652626     
 -1.899671816137408E-002  0.338210647009888     
 -2.407087849995364E-002  0.339782080962337     
 -3.005821510152742E-002  0.340211381597057     
 -3.623600457930617E-002  0.338921034330434     
 -3.910243157284037E-002  0.332745358863741     
 -3.368616919846815E-002  0.317499462696644     
 -8.776234390781920E-003  0.283023045870238     
  6.933597793201826E-002  0.222994585571942     
  0.231258361574644       0.137762493529916     
  0.535151404637399       4.407053171328369E-002
   1.00000000000000       0.000000000000000E+000
  2.122610839453942E-314  0.000000000000000E+000
 -2.005673125919539E-003  8.522730271349584E-004
 -6.107038554677061E-003  3.480495719540155E-003
 -1.146129322237388E-002  7.875637365776273E-003
 -1.754462757511420E-002  1.430822502359680E-002
 -2.394768020566964E-002  2.272789263855102E-002
 -3.040459824809660E-002  3.323561759771516E-002
 -3.669616887442510E-002  4.573370218120371E-002
 -4.265608132095055E-002  6.021028248031412E-002
 -4.814437175100217E-002  7.649601147655784E-002
 -5.302572902297346E-002  9.446179390760254E-002
 -5.719680915529396E-002  0.113876083224094     
 -6.053756286348551E-002  0.134513014065334     
 -6.297654075252507E-002  0.156088467471111     
 -6.441774031989161E-002  0.178290591761676     
 -6.483502882637369E-002  0.200805901676813     
 -6.417557305976600E-002  0.223253273413942     
 -6.247667004980365E-002  0.245324642732202     
 -5.975043953290819E-002  0.266597026998458     
 -5.611295733367963E-002  0.286812083906052     
 -5.165949713591446E-002  0.305544626553727     
 -4.659268553537509E-002  0.322634299755104     
 -4.109970503847599E-002  0.337700737848469     
 -3.546849638789996E-002  0.350726630556806     
 -2.996919120405379E-002  0.361415490114680     
 -2.496375653069833E-002  0.369926044624010     
 -2.076195672050398E-002  0.376046587056913     
 -1.777187433103823E-002  0.380118364149871     
 -1.621380915690965E-002  0.381907627941201     
 -1.645249038464205E-002  0.381885806554642     
 -1.825698312112890E-002  0.379468950072941     
 -2.159904644675887E-002  0.375030410895115     
 -2.496171397467862E-002  0.366932157173170     
 -2.708744750957545E-002  0.355031562897495     
 -2.241011267366316E-002  0.334478756302173     
 -4.554981388313228E-003  0.303890293233304     
  4.241221564364654E-002  0.255233683425187     
  0.142264438322305       0.188273102278634     
  0.320790952900206       0.110331331533762     
  0.608804863052085       3.340834145365278E-002
   1.00000000000000       0.000000000000000E+000
  2.122610839453942E-314  0.000000000000000E+000
 -3.991093260343273E-003  1.128502156569285E-003
 -1.007203596604197E-002  4.482809166165003E-003
 -1.749975997896239E-002  9.986016802894347E-003
 -2.568147503020244E-002  1.771924044759567E-002
 -3.422494447083462E-002  2.764666992713731E-002
 -4.279398913594893E-002  3.978195290562937E-002
 -5.114631916308025E-002  5.405768882892484E-002
 -5.905992879038664E-002  7.040657112769788E-002
 -6.635369403328992E-002  8.868859110041979E-002
 -7.285468680164639E-002  0.108735811028453     
 -7.840754668198525E-002  0.130332335702129     
 -8.287193926185048E-002  0.153221918144700     
 -8.611909154106133E-002  0.177116137322485     
 -8.805207118955646E-002  0.201679014439650     
 -8.858809189827030E-002  0.226568399694742     
 -8.769671146980554E-002  0.251385691882966     
 -8.536711188315600E-002  0.275767382410478     
 -8.165961171502668E-002  0.299278692624816     
 -7.666008761578165E-002  0.321579920453392     
 -7.053570857113035E-002  0.342236215646540     
 -6.348581665976047E-002  0.360983602316826     
 -5.578403282168504E-002  0.377427303264668     
 -4.774585701499365E-002  0.391426847718849     
 -3.972594038668749E-002  0.402658327035617     
 -3.213331170881797E-002  0.411130320006276     
 -2.533770160574154E-002  0.416586639874860     
 -1.976130157862687E-002  0.419155186275647     
 -1.564101650980658E-002  0.418567118505140     
 -1.317107366683862E-002  0.414926475665939     
 -1.212234497346801E-002  0.407747291129429     
 -1.180085506751187E-002  0.396718166317464     
 -1.070974855470634E-002  0.380679854427495     
 -5.607545095553113E-003  0.358221719238818     
  8.038252314185897E-003  0.326910020354130     
  4.066170359972530E-002  0.284075408863600     
  0.103235163996828       0.227753447135824     
  0.217054933796888       0.159642364325863     
  0.399494893048624       8.809283440327467E-002
  0.660696673464363       2.744442202235351E-002
   1.00000000000000       0.000000000000000E+000
  2.122610839453942E-314  0.000000000000000E+000
 -6.483438053346362E-003  1.378298825536157E-003
 -1.493385725286895E-002  5.377533210552471E-003
 -2.465008345627227E-002  1.180086032413333E-002
 -3.513009944245446E-002  2.066364740712124E-002
 -4.593572001030762E-002  3.184583523731235E-002
 -5.674191201427329E-002  4.536205354960200E-002
 -6.724747263556394E-002  6.107999131438920E-002
 -7.720987633054890E-002  7.896370049610822E-002
 -8.639622484598265E-002  9.882143436339867E-002
 -9.459408675289743E-002  0.120524944791095     
 -0.101610028318227       0.143813189615146     
 -0.107250970390434       0.168460381247050     
 -0.111369944117082       0.194140032706255     
 -0.113807937691555       0.220524695128580     
 -0.114490073150322       0.247244124177528     
 -0.113320259713766       0.273875950531788     
 -0.110327265698788       0.300042770710357     
 -0.105510547325913       0.325245502442385     
 -9.902844440076990E-002  0.349148167462010     
 -9.100193783337095E-002  0.371206224296967     
 -8.172932803640763E-002  0.391177475674910     
 -7.146062192404035E-002  0.408510045896483     
 -6.062120830225226E-002  0.423100077671408     
 -4.956292729806616E-002  0.434416455652274     
 -3.879212297482756E-002  0.442515160681629     
 -2.866998126646518E-002  0.446873110556679     
 -1.967583153382150E-002  0.447681408450949     
 -1.195301894675788E-002  0.444328205907696     
 -5.696448444295472E-003  0.437027850635883     
 -3.266905650943230E-004  0.424859170118803     
  4.848963540183782E-003  0.407821109933122     
  1.222242628424754E-002  0.384314825738165     
  2.482186230007245E-002  0.353814207495169     
  4.878036850843349E-002  0.314151175544739     
  9.238071952981360E-002  0.264598776987629     
  0.166998172836565       0.205169753627998     
  0.287219502782556       0.138566530010126     
  0.464214275258291       7.392288960086535E-002
  0.704044088608946       2.215597735168711E-002
   1.00000000000000       0.000000000000000E+000
  2.122610839453942E-314  0.000000000000000E+000
 -9.378437709279529E-003  1.559737917923161E-003
 -2.048640987085008E-002  6.056691115053889E-003
 -3.273592456690423E-002  1.324080870285423E-002
 -4.565461513690073E-002  2.299368048229914E-002
 -5.883839988526698E-002  3.518815390106389E-002
 -7.194719662482260E-002  4.976762123087235E-002
 -8.466624336630045E-002  6.661358130621625E-002
 -9.672116386339016E-002  8.564466386147006E-002
 -0.107839266561504       0.106694133505047     
 -0.117776008764109       0.129607156348863     
 -0.126283101375883       0.154144803726509     
 -0.133142161307579       0.180063818970940     
 -0.138143310848829       0.207046226560621     
 -0.141115731043802       0.234753747315001     
 -0.141920333564702       0.262801313836942     
 -0.140469251068574       0.290762231814996     
 -0.136733885772834       0.318213367291108     
 -0.130746724352551       0.344658807022428     
 -0.122624034205167       0.369681001477107     
 -0.112545162062431       0.392747192041257     
 -0.100786943591157       0.413494751908559     
 -8.767789093540794E-002  0.431393603693003     
 -7.363791228312441E-002  0.446176308915683     
 -5.910817037315177E-002  0.457348584086316     
 -4.457876309942877E-002  0.464748357178270     
 -3.050481060008151E-002  0.467922812071919     
 -1.726953023881784E-002  0.466767464470746     
 -5.129334794962212E-003  0.460826430681571     
  6.030274931234636E-003  0.449914550756933     
  1.659321322518167E-002  0.433465935204912     
  2.797955957850029E-002  0.410993062132356     
  4.206853900329911E-002  0.381720527659903     
  6.309591884363859E-002  0.344799564883265     
  9.581564571628337E-002  0.299609335120693     
  0.148891414733892       0.246010619387948     
  0.230929224573354       0.185417574713057     
  0.352651845146236       0.121890528179468     
  0.522595099524028       6.273407642633462E-002
  0.740433222448933       1.785079475509273E-002
   1.00000000000000       0.000000000000000E+000
  2.122610839453942E-314  0.000000000000000E+000
 -1.261190326235096E-002  1.709498492958846E-003
 -2.662025672916817E-002  6.583507314340354E-003
 -4.154908355057609E-002  1.430532874682718E-002
 -5.701525474715913E-002  2.470908349952079E-002
 -7.263462158382840E-002  3.760913935254030E-002
 -8.808773818253793E-002  5.294105442395784E-002
 -0.103043584308183       7.054164243183775E-002
 -0.117209936055472       9.035026265879517E-002
 -0.130283202984804       0.112166082093701     
 -0.141976067107337       0.135870849627296     
 -0.152008436147492       0.161196874281881     
 -0.160102107088837       0.187935574394553     
 -0.166024965523137       0.215745820329112     
 -0.169534596407938       0.244305906001136     
 -0.170489147337880       0.273216696856824     
 -0.168724016929946       0.302034712351482     
 -0.164235828385760       0.330338045885569     
 -0.156983864514892       0.357568433848952     
 -0.147141594531525       0.383331160669547     
 -0.134827543703184       0.406978546380601     
 -0.120404603690929       0.428196153999014     
 -0.104156895609357       0.446285637480999     
 -8.660888351338671E-002  0.461053055323681     
 -6.816453480072210E-002  0.471787553992500     
 -4.942403350199709E-002  0.478424648382197     
 -3.077787786044922E-002  0.480258297873954     
 -1.272127793704056E-002  0.477311703694279     
  4.653684020688362E-003  0.468865737874619     
  2.131607872354770E-002  0.454925781751542     
  3.801692318763100E-002  0.434725986541294     
  5.588270335123532E-002  0.408113785251075     
  7.739824847260711E-002  0.374374404388706     
  0.105995681874706       0.333246899649820     
  0.146850017875008       0.284734621938350     
  0.206682853678974       0.229350538919827     
  0.292900532265247       0.169565720682583     
  0.413441796091571       0.109075294546217     
  0.572989460608155       5.512981262647790E-002
  0.771353251619048       1.526525553188473E-002
   1.00000000000000       0.000000000000000E+000
  2.122610839453942E-314  0.000000000000000E+000
 -1.604075296895742E-002  1.788457090826715E-003
 -3.311033547974465E-002  6.889565553571324E-003
 -5.083195858012466E-002  1.495396786890725E-002
 -6.890825139845184E-002  2.573905546112894E-002
 -8.699558405640669E-002  3.905498083350650E-002
 -0.104801046159402       5.478762070349317E-002
 -0.121991250713202       7.279050550616714E-002
 -0.138264188715302       9.296939681959329E-002
 -0.153285354120535       0.115154771854828     
 -0.166739970048565       0.139208756552566     
 -0.178298039115800       0.164897113540680     
 -0.187648344055244       0.191999294255090     
 -0.194496456391914       0.220196830783830     
 -0.198572457960744       0.249162533103519     
 -0.199666964014073       0.278496054535573     
 -0.197603804235954       0.307756348044945     
 -0.192315572170095       0.336485335755636     
 -0.183774610198560       0.364139419487996     
 -0.172102357469672       0.390244983717634     
 -0.157459568723282       0.414187165395886     
 -0.140172974837113       0.435525833501243     
 -0.120597437148560       0.453620653098624     
 -9.922964256185778E-002  0.468103692203877     
 -7.656986352534720E-002  0.478356951118578     
 -5.317183331883747E-002  0.484094032120401     
 -2.955167588580074E-002  0.484753520812825     
 -6.086541301288806E-003  0.480096409264443     
  1.695027048962808E-002  0.469630802079150     
  3.978798005963516E-002  0.453095731784272     
  6.286485059200950E-002  0.430085606267688     
  8.772704888993735E-002  0.400291367847300     
  0.116263034289622       0.363525971898029     
  0.152201209803614       0.319717682914581     
  0.199647115357676       0.269423782841801     
  0.264594932015130       0.213830656776550     
  0.352971255810392       0.155438732272453     
  0.470057991437444       9.845528316317718E-002
  0.619589901936133       4.885677441526400E-002
  0.798431219255875       1.343139648554826E-002
   1.00000000000000       0.000000000000000E+000
  2.122610839453942E-314  0.000000000000000E+000
 -1.961805930602589E-002  1.836046841868755E-003
 -3.982228152056745E-002  7.033174586582010E-003
 -6.037892478226219E-002  1.521647806275969E-002
 -8.106848354796181E-002  2.612003951531386E-002
 -0.101611369576675       3.952499652703696E-002
 -0.121739800009563       5.531818143110118E-002
 -0.141135607428471       7.332895872974289E-002
 -0.159485550200591       9.348927288956643E-002
 -0.176439529773208       0.115609058546300     
 -0.191644612834213       0.139593986445380     
 -0.204739877727858       0.165190654023818     
 -0.215355319368362       0.192223720959470     
 -0.223163745089719       0.220358352927045     
 -0.227821199402813       0.249296470738018     
 -0.229097506901092       0.278629510198654     
 -0.226734732300006       0.307911298676447     
 -0.220669386310541       0.336692657600446     
 -0.210794156047231       0.364376328490733     
 -0.197267495362145       0.390524239862640     
 -0.180182066933814       0.414413003941541     
 -0.159935830992545       0.435670636500252     
 -0.136830633034443       0.453498221131928     
 -0.111463030355887       0.467627828897259     
 -8.428601102180319E-002  0.477250123701520     
 -5.597620874856075E-002  0.482203934804550     
 -2.698077360259372E-002  0.481735060452611     
  2.169050226617884E-003  0.475748682732365     
  3.133179174369675E-002  0.463610264295856     
  6.050844127549625E-002  0.445225191098109     
  9.035187812087517E-002  0.420180464558741     
  0.121997304216340       0.388369459484177     
  0.157520764972779       0.349847690808731     
  0.199878093976046       0.304758450269572     
  0.252917904956810       0.254195172562756     
  0.321416804127695       0.199377553910612     
  0.409947180322333       0.143339932626873     
  0.522689300655514       8.966147523472565E-002
  0.661061116683232       4.403587412674176E-002
  0.822608239185984       1.199512324440593E-002
   1.00000000000000       0.000000000000000E+000
  2.122610839453942E-314  0.000000000000000E+000
 -2.319023102834942E-002  1.815759564460903E-003
 -4.654231216903488E-002  6.965894223591109E-003
 -6.990725173628549E-002  1.506517548147819E-002
 -9.318011016913411E-002  2.581275459609050E-002
 -0.116124576317215       3.900149547202914E-002
 -0.138525301195440       5.449136682542090E-002
 -0.160071748785103       7.214238806729498E-002
 -0.180455919704225       9.186544868478218E-002
 -0.199307762541099       0.113516463661744     
 -0.216248110594105       0.136985959818401     
 -0.230874484254245       0.162071438719039     
 -0.242772969879858       0.188586319026028     
 -0.251558426928564       0.216237679824001     
 -0.256839490003001       0.244721261376961     
 -0.258319114199265       0.273646161287023     
 -0.255703171597172       0.302569244330709     
 -0.248862488527909       0.331021331952530     
 -0.237678381113034       0.358424972932613     
 -0.222255019170796       0.384275831795626     
 -0.202707737686224       0.407896220785575     
 -0.179396896235436       0.428799918186947     
 -0.152684015204332       0.446267979881230     
 -0.123139567118554       0.459876288968581     
 -9.131244110118121E-002  0.468935436652495     
 -5.784606057033119E-002  0.473101483686914     
 -2.332359006725417E-002  0.471782383822099     
  1.179166223264248E-002  0.464705072206755     
  4.716057230413091E-002  0.451437390164885     
  8.289921323425523E-002  0.431771920938487     
  0.119350595923744       0.405524218532078     
  0.157741451549677       0.372641826848744     
  0.199652172127297       0.333383004291533     
  0.247841039605245       0.288208210344460     
  0.305440938493865       0.238253103376172     
  0.376283836092726       0.185223080152052     
  0.464181232568768       0.131803453757178     
  0.571494753061516       8.174603308208113E-002
  0.699513973370798       3.975536392582885E-002
  0.844375215226367       1.075980670857224E-002
   1.00000000000000       0.000000000000000E+000
  2.122610839453942E-314  0.000000000000000E+000
 -2.672068731666372E-002  1.765187433054136E-003
 -5.312255101267858E-002  6.736394398429340E-003
 -7.921612548053858E-002  1.453628451815966E-002
 -0.104963735574419       2.486334787112283E-002
 -0.130218415233274       3.750859812279857E-002
 -0.154792836240993       5.235037720278942E-002
 -0.178410578312890       6.924249136269715E-002
 -0.200760401663876       8.813652876026383E-002
 -0.221464603723775       0.108878269372462     
 -0.240114141513386       0.131416262322624     
 -0.256270846524649       0.155533949375138     
 -0.269467968145326       0.181106929442316     
 -0.279271409094892       0.207827373136045     
 -0.285218913257833       0.235439274514413     
 -0.286968350232481       0.263543497772128     
 -0.284145267707656       0.291711494600595     
 -0.276596879845073       0.319484108230469     
 -0.264126747356524       0.346249291066417     
 -0.246850625472254       0.371542986147825     
 -0.224820418901959       0.394598810497371     
 -0.198448736328339       0.415007627246317     
 -0.168053648598424       0.431918214927194     
 -0.134295589663208       0.445016325464552     
 -9.769465886731986E-002  0.453463794767425     
 -5.901732206352128E-002  0.457044195253500     
 -1.881703983678213E-002  0.455042066478361     
  2.228017895047445E-002  0.447308410771458     
  6.397843861102408E-002  0.433366750284491     
  0.106158695591677       0.413110570203482     
  0.149193716408077       0.386449566707132     
  0.193938261035026       0.353389935696206     
  0.241857955090229       0.314461059074066     
  0.295140714362196       0.270096422065744     
  0.356389255805300       0.221823453862457     
  0.428738157404766       0.171118383707003     
  0.514826580533721       0.120921161647707     
  0.616619488679536       7.438874816427245E-002
  0.733988488009193       3.594443588110388E-002
  0.863866991718359       9.652137714536824E-003
   1.00000000000000       0.000000000000000E+000
  2.122610839453942E-314  0.000000000000000E+000
 -3.005675081998127E-002  1.650499178110487E-003
 -5.937106951423250E-002  6.308965291050079E-003
 -8.802789418307411E-002  1.361050521880685E-002
 -0.116119001910978       2.325086169655095E-002
 -0.143541899063690       3.505246027255018E-002
 -0.170175155033446       4.888754280344550E-002
 -0.195758601626812       6.465847760594784E-002
 -0.219993215807133       8.230650583467904E-002
 -0.242492370743682       0.101741816216231     
 -0.262817817809867       0.122900562510964     
 -0.280499581998262       0.145638036853996     
 -0.295013211575360       0.169816732016524     
 -0.305873735894491       0.195194507562412     
 -0.312548135680103       0.221505112470044     
 -0.314632423314476       0.248392559169731     
 -0.311686676421308       0.275427631743359     
 -0.303497654256896       0.302156728113565     
 -0.289827551571446       0.327986573425595     
 -0.270746305660740       0.352412094646710     
 -0.246302787692704       0.374715490049322     
 -0.216886785551502       0.394401079288220     
 -0.182857181559482       0.410702503747150     
 -0.144873579158269       0.423186564923096     
 -0.103538428300902       0.431134209845919     
 -5.962970711374366E-002  0.434203806159941     
 -1.382222161834707E-002  0.431819777803187     
  3.324264550093747E-002  0.423742501702812     
  8.110027929077553E-002  0.409629944490411     
  0.129595947398521       0.389375841237343     
  0.178860291143144       0.362978493103390     
  0.229610192336673       0.330593451637797     
  0.282964210636931       0.292735802999339     
  0.340690814321026       0.250143115337318     
  0.404956363860242       0.204152186282325     
  0.478001336494165       0.156549694677160     
  0.562108441540928       0.109832185374269     
  0.658027281321058       6.714804302973955E-002
  0.765739476966725       3.222000391160822E-002
  0.881518679962257       8.587487963050472E-003
   1.00000000000000       0.000000000000000E+000
  2.122610839453942E-314  0.000000000000000E+000
 -3.316730952929543E-002  1.506168461877902E-003
 -6.513108834065362E-002  5.723379763768867E-003
 -9.614634078157927E-002  1.232549859613729E-002
 -0.126362380373539       2.102785520262445E-002
 -0.155778826559157       3.167481059649260E-002
 -0.184303617542819       4.417532931766505E-002
 -0.211719539758168       5.843989770979146E-002
 -0.237731971222905       7.446671319883350E-002
 -0.261947966275383       9.216295328947027E-002
 -0.283909239343956       0.111539512118554     
 -0.303101114396283       0.132439894643374     
 -0.318955740807711       0.154808571573270     
 -0.330919102730734       0.178387761251424     
 -0.338395802405807       0.202983292421302     
 -0.340907396081957       0.228228761371215     
 -0.337942637332818       0.253736854002081     
 -0.329230598356070       0.279061867054200     
 -0.314467877928560       0.303605637400353     
 -0.293703151030678       0.326902401590679     
 -0.266939992119241       0.348177999004787     
 -0.234593528114105       0.367013324778158     
 -0.197005865295597       0.382547587617004     
 -0.154906736667990       0.394453456482841     
 -0.108908933539167       0.401911146674498     
 -5.989719653749186E-002  0.404691393949545     
 -8.577067529197735E-003  0.402155589654861     
  4.426888358949076E-002  0.394151526145551     
  9.812170501092335E-002  0.380357584380062     
  0.152635473060849       0.360698824606046     
  0.207822856530274       0.335310373787560     
  0.264127603187798       0.304295605296278     
  0.322382876844905       0.268418468636965     
  0.383989412321254       0.228246375594637     
  0.450516008618368       0.185395718661744     
  0.523835614249272       0.141308155849483     
  0.605300927086866       9.860665696569859E-002
  0.695598867680877       5.986373897345006E-002
  0.793853215179654       2.857781358430599E-002
  0.897053605374932       7.558528870713522E-003
   1.00000000000000       0.000000000000000E+000
  2.122610839453942E-314  0.000000000000000E+000
 -3.590586262227181E-002  1.303037014631831E-003
 -7.023898917475178E-002  4.958774823717592E-003
 -0.103318771359863       1.067653679269614E-002
 -0.135429279130334       1.819707121122088E-002
 -0.166613303691955       2.741388661179004E-002
 -0.196848438582353       3.824732959781330E-002
 -0.225939771738350       5.067145184203183E-002
 -0.253605898795964       6.468251910976559E-002
 -0.279454516074243       8.026739924049882E-002
 -0.302992982702139       9.742656224444542E-002
 -0.323685003360483       0.116094053675248     
 -0.340890645109034       0.136199403522652     
 -0.354014751071744       0.157574572433173     
 -0.362366493329504       0.180011559894066     
 -0.365415731190687       0.203216611426032     
 -0.362552954542981       0.226798032397231     
 -0.353459899044320       0.250349283009906     
 -0.337755876726463       0.273288029075749     
 -0.315462938308639       0.295143972664039     
 -0.286548085804197       0.315188755198166     
 -0.251431676894958       0.332956834653479     
 -0.210468104503451       0.347666062279791     
 -0.164426082337301       0.358917476973855     
 -0.113974530824149       0.365993013745977     
 -6.006643680151598E-002  0.368597366399916     
 -3.496277417586107E-003  0.366191984187229     
  5.485551202829927E-002  0.358604922849656     
  0.114352952767379       0.345575715462440     
  0.174499339047033       0.327097740468203     
  0.235152271124974       0.303285050216830     
  0.296486780050143       0.274419503640687     
  0.359127999597476       0.241121059075267     
  0.423988863454210       0.204208069882394     
  0.492399703960835       0.165000603017032     
  0.565481667680549       0.125122557431428     
  0.644446129856388       8.674035683887991E-002
  0.729192743277236       5.233152026529905E-002
  0.819054519376231       2.480352559340000E-002
  0.910808174740650       6.509113780889262E-003
   1.00000000000000       0.000000000000000E+000
  2.122610839453942E-314  0.000000000000000E+000
 -3.824684754372127E-002  1.071815745232967E-003
 -7.453643235167602E-002  4.047819613409596E-003
 -0.109360971709218       8.706362046968695E-003
 -0.143048530189685       1.482545255457495E-002
 -0.175746258503931       2.233989599813764E-002
 -0.207458996429999       3.122088352878982E-002
 -0.238036000352910       4.146036214940316E-002
 -0.267205866037040       5.312267397687122E-002
 -0.294567837830651       6.619609527224138E-002
 -0.319619242856911       8.076736322791481E-002
 -0.341769597304630       9.676084405130674E-002
 -0.360347904353087       0.114203872648362     
 -0.374669694350313       0.132914186167707     
 -0.383996117581973       0.152778813169273     
 -0.387690867092880       0.173494743721331     
 -0.385090787290923       0.194742941862140     
 -0.375780210657514       0.216125481362983     
 -0.359335868751598       0.237092312287342     
 -0.335717255831432       0.257212023024243     
 -0.304875995115732       0.275741381202428     
 -0.267220886819539       0.292288025866118     
 -0.223127191837703       0.306019880263482     
 -0.173402878331121       0.316633764734094     
 -0.118773976060767       0.323357827310216     
 -6.027068449623250E-002  0.325987022622315     
  1.221962834747627E-003  0.323966589530266     
  6.472124325965162E-002  0.317172292194962     
  0.129458611641946       0.305402104242437     
  0.194809817370686       0.288619352846981     
  0.260421466568436       0.267087313348936     
  0.326302256244542       0.240952796364374     
  0.392719680708387       0.211053133762053     
  0.460383617094369       0.177942812520918     
  0.530061996655105       0.143148861274867     
  0.602717056159139       0.107876345798312     
  0.678869731559229       7.435710020040820E-002
  0.758515313100738       4.448048348768295E-002
  0.840536142689577       2.095247549741062E-002
  0.922355078418100       5.436397804782166E-003
   1.00000000000000       0.000000000000000E+000
  2.122610839453942E-314  0.000000000000000E+000
 -4.005820245763387E-002  7.917408087175690E-004
 -7.790039995627611E-002  2.991758351143167E-003
 -0.114066691290525       6.435351560677727E-003
 -0.149014163228076       1.095310399400984E-002
 -0.182925516013231       1.653947749293976E-002
 -0.215871161664510       2.319111690291346E-002
 -0.247723665084371       3.096919421700812E-002
 -0.278223077646953       3.994232603881630E-002
 -0.306975980816086       5.018377551913480E-002
 -0.333441852401844       6.177208097213911E-002
 -0.357018803883035       7.473189301181137E-002
 -0.376953169456715       8.907658489335167E-002
 -0.392532174306770       0.104731736864010     
 -0.402899953714647       0.121571890680398     
 -0.407384508230631       0.139394777859570     
 -0.405191718441955       0.157879151720694     
 -0.395879326437894       0.176703254163902     
 -0.378907223496277       0.195335111516578     
 -0.354235302592307       0.213381889271126     
 -0.321738611181334       0.230146106316078     
 -0.281865085421614       0.245235625252198     
 -0.234966213232990       0.257890097982490     
 -0.181929728413438       0.267783986559997     
 -0.123504534843253       0.274226848169274     
 -6.083751444201601E-002  0.276998980984003     
  5.135010815492760E-003  0.275605556480448     
  7.327483691609654E-002  0.269951566792524     
  0.142748964706084       0.259833843317690     
  0.212718757096317       0.245316755609149     
  0.282753271775842       0.226563854738488     
  0.352544810585519       0.203894403017683     
  0.422260623338125       0.177922538551991     
  0.492148068883338       0.149393189807083     
  0.562867204788823       0.119479990600875     
  0.634806218210300       8.947939863621136E-002
  0.708464055260869       6.115074340007992E-002
  0.783392955734386       3.623904354763617E-002
  0.858721264210577       1.688102464032929E-002
  0.932034366934842       4.316028956256488E-003
   1.00000000000000       0.000000000000000E+000
  2.122610839453942E-314  0.000000000000000E+000
 -4.132397088786079E-002  4.880721056659836E-004
 -8.018475003391835E-002  1.816933174682861E-003
 -0.117282113850945       3.917620353258488E-003
 -0.153094339876432       6.671932906039822E-003
 -0.187899399368614       1.012844433521860E-002
 -0.221786452135597       1.434010879309403E-002
 -0.254668304016302       1.939085961302941E-002
 -0.286296608369122       2.541711934032654E-002
 -0.316268068999234       3.249646054557460E-002
 -0.344041207490632       4.079280142200186E-002
 -0.368955204238433       5.032575746126778E-002
 -0.390240325225931       6.121089265258665E-002
 -0.407079893015036       7.336739366877797E-002
 -0.418590533422858       8.677953124262321E-002
 -0.423965667594956       0.101246204956221     
 -0.422383830306339       0.116546087634317     
 -0.413264411111600       0.132377024409215     
 -0.396056723116613       0.148277600311352     
 -0.370611128705732       0.163902584034711     
 -0.336823707313434       0.178584343835415     
 -0.295085845112001       0.192007024065274     
 -0.245808531591218       0.203405947973971     
 -0.189879914650570       0.212545281295813     
 -0.128145434602982       0.218722258968041     
 -6.179341808498713E-002  0.221788799933733     
  8.108260459168371E-003  0.221266612000535     
  8.036166206454821E-002  0.217074429013640     
  0.153958034582463       0.209085693597863     
  0.227993336432892       0.197284181508754     
  0.301788733415392       0.181978544102542     
  0.374962684565909       0.163287240692452     
  0.447324795549173       0.142010465743919     
  0.519043763444385       0.118554867878376     
  0.590310200187612       9.425064726580121E-002
  0.661486833545962       6.991092946413512E-002
  0.732615972646005       4.731975772954290E-002
  0.803426536703479       2.760423539082767E-002
  0.872936809502827       1.269615601176331E-002
  0.939313469837955       3.163652399350435E-003
   1.00000000000000       0.000000000000000E+000
  2.122610839453942E-314  0.000000000000000E+000
 -4.194138175650908E-002  1.531899207149064E-004
 -8.132635265687296E-002  5.544015985137526E-004
 -0.118873586002829       1.207506242942492E-003
 -0.155169509991455       2.071663663541505E-003
 -0.190510112328548       3.254005495297622E-003
 -0.225038899221301       4.842493661732911E-003
 -0.258685853222486       6.982058188505664E-003
 -0.291212636600723       9.817422762757495E-003
 -0.322226037163322       1.350128858006329E-002
 -0.351149481558726       1.819288788117719E-002
 -0.377320632933099       2.400691626717208E-002
 -0.399886346369206       3.105118681167637E-002
 -0.418017540478784       3.935796711358492E-002
 -0.430702508364952       4.890945186902216E-002
 -0.437120201891831       5.962435264963976E-002
 -0.436293056005786       7.129339083719383E-002
 -0.427639613484172       8.372299443493865E-002
 -0.410455995288557       9.648559882344457E-002
 -0.384621578590787       0.109316141425034     
 -0.349915505062901       0.121605717754511     
 -0.306797053464015       0.133083733707699     
 -0.255616339731968       0.143061567643570     
 -0.197367174537081       0.151324623458305     
 -0.132886462716099       0.157241369048826     
 -6.350024682663416E-002  0.160687136886663     
  9.701900840839880E-003  0.161215643789748     
  8.535172000464172E-002  0.158801615440603     
  0.162412149115561       0.153273234474247     
  0.239761092463151       0.144720986268671     
  0.316693950183347       0.133300375364883     
  0.392537983192682       0.119274978730111     
  0.467073466686033       0.103169402284438     
  0.540098015138770       8.551778438256973E-002
  0.611775095719748       6.725461575624922E-002
  0.682093831481334       4.921069458578912E-002
  0.751136250613474       3.267090757415290E-002
  0.818493551394865       1.857937212448598E-002
  0.883427354282491       8.288251374841920E-003
  0.944594684400489       1.965870683318579E-003
   1.00000000000000       0.000000000000000E+000
  2.122610839453942E-314  0.000000000000000E+000
 -4.191016089278539E-002 -1.960304854621384E-004
 -8.121177280743996E-002 -7.764202611533970E-004
 -0.118745172248423      -1.625496901700408E-003
 -0.155083115125708      -2.725195272119365E-003
 -0.190594820451390      -3.911093908329929E-003
 -0.225426074185421      -5.045245341230050E-003
 -0.259539829826079      -5.960422554345645E-003
 -0.292705918624901      -6.459342102470552E-003
 -0.324524255266634      -6.382881478830265E-003
 -0.354424759636939      -5.504244830978968E-003
 -0.381691762758618      -3.705125387630123E-003
 -0.405473005890218      -7.884529265873256E-004
 -0.424834304669270       3.288396939174963E-003
 -0.438761776732461       8.616272882275009E-003
 -0.446284070996560       1.513899736148944E-002
 -0.446428184953594       2.276206832485455E-002
 -0.438441962854174       3.133927424451544E-002
 -0.421646028068501       4.054350423942233E-002
 -0.395766554047969       5.018373569449688E-002
 -0.360636922292008       5.971989064327508E-002
 -0.316614624505547       6.897733854679659E-002
 -0.264135415047006       7.730245445920464E-002
 -0.204154469077160       8.457906026304364E-002
 -0.137621449450467       9.019486579928988E-002
 -6.587108064197834E-002  9.409179151777573E-002
  9.868820204681109E-003  9.585815752475230E-002
  8.820453818961396E-002  9.546264817366312E-002
  0.167926056723870       9.281082881928716E-002
  0.247893384218099       8.787783357904687E-002
  0.327173310965542       8.094614662642881E-002
  0.405089909906291       7.202754288679813E-002
  0.481123156499715       6.179751909304923E-002
  0.555084262961926       5.038707636968914E-002
  0.626797739922904       3.884224877050151E-002
  0.696316532111379       2.744809017292054E-002
  0.763492996337822       1.747409849588912E-002
  0.828131988580649       9.214633305179489E-003
  0.889678180456245       3.793142568376257E-003
  0.947289543760664       7.448416106064591E-004
   1.00000000000000       0.000000000000000E+000
  2.122610839453942E-314  0.000000000000000E+000
 -4.117719295206100E-002 -5.498437527662107E-004
 -7.985982057258190E-002 -2.111404888089651E-003
 -0.116863985394039      -4.491200665163474E-003
 -0.152831078330348      -7.576965728100807E-003
 -0.188120362779716      -1.116065729643359E-002
 -0.222913868575912      -1.506641872732745E-002
 -0.257178337058999      -1.908935306519059E-002
 -0.290694571883667      -2.302228470910445E-002
 -0.323071227046367      -2.665771596133222E-002
 -0.353715934819483      -2.976829936765468E-002
 -0.381920509872842      -3.216431363227935E-002
 -0.406764702301291      -3.364387395662679E-002
 -0.427319457192313      -3.406511558087834E-002
 -0.442450753634648      -3.331739520502928E-002
 -0.451196150859257      -3.133611076076494E-002
 -0.452420428378855      -2.817288028447313E-002
 -0.445395627597167      -2.384869386350282E-002
 -0.429268045012631      -1.862044434661676E-002
 -0.403813918692483      -1.257073131210400E-002
 -0.368720039684334      -6.145447391520581E-003
 -0.324422677560767       5.587566543638503E-004
 -0.271268440761671       6.991041888061997E-003
 -0.210313879689611       1.308622768699610E-002
 -0.142480695341066       1.831505226070029E-002
 -6.921943349334415E-002  2.266346294220627E-002
  8.230708062407137E-003  2.574620192972457E-002
  8.834565215945551E-002  2.759448809510193E-002
  0.169897009979492       2.804782034243234E-002
  0.251587162220423       2.717372981604197E-002
  0.332478190369446       2.507162703525482E-002
  0.411694243214313       2.185578315567042E-002
  0.488724532047742       1.789263471222808E-002
  0.563150972480040       1.337229454610547E-002
  0.634821076197212       8.909810484196624E-003
  0.703623680629633       4.736888402541034E-003
  0.769483894815333       1.591190321839591E-003
  0.832331381625054      -4.542105814663055E-004
  0.891827136803752      -8.727831607955309E-004
  0.947883942887828      -5.061845540559270E-004
   1.00000000000000       0.000000000000000E+000
  2.122610839453942E-314  0.000000000000000E+000
 -3.976308617702103E-002 -9.033842610142638E-004
 -7.721344252743796E-002 -3.439666891038156E-003
 -0.113221196275237      -7.306889788319059E-003
 -0.148369746273466      -1.233541889077791E-002
 -0.183056103334548      -1.826943791890940E-002
 -0.217441868321810      -2.490162676439683E-002
 -0.251517108670934      -3.201110219313628E-002
 -0.285063216576687      -3.936755037023053E-002
 -0.317691417974284      -4.675597616049589E-002
 -0.348821423542575      -5.391608185038294E-002
 -0.377711811564900      -6.064264003520064E-002
 -0.403460330830923      -6.667704986529607E-002
 -0.425052850694275      -7.184229893783951E-002
 -0.441379373319106      -7.594187507171805E-002
 -0.451336198172728      -7.884846241583922E-002
 -0.453823363986179      -8.050603147194701E-002
 -0.447933570268948      -8.084134065133264E-002
 -0.432865643416460      -8.000106074398508E-002
 -0.408217879009880      -7.794457343599950E-002
 -0.373748213070646      -7.502706736387195E-002
 -0.329759606568253      -7.120575912911334E-002
 -0.276683231717815      -6.697168230887074E-002
 -0.215509389800580      -6.226005790051255E-002
 -0.147251016578745      -5.756319841945275E-002
 -7.334821016495675E-002 -5.281107822905151E-002
  4.862048422414559E-003 -4.835197959657795E-002
  8.584585812258445E-002 -4.415519486139560E-002
  0.168258598804159      -4.032002428122296E-002
  0.250811334511608      -3.690289949649393E-002
  0.332411677975479      -3.371006699274280E-002
  0.412232023317920      -3.090728665462651E-002
  0.489565428788020      -2.802272627933132E-002
  0.564082555533577      -2.531785363607839E-002
  0.635444088282442      -2.211783220805903E-002
  0.703675029874064      -1.879341761804834E-002
  0.768674860588894      -1.466935979472365E-002
  0.830602333765167      -1.035289612769558E-002
  0.889528637318218      -5.579164648793985E-003
  0.945761153609960      -1.764746734235133E-003
   1.00000000000000       0.000000000000000E+000
  2.122610839453942E-314  0.000000000000000E+000
 -3.768549852478049E-002 -1.227694083141289E-003
 -7.339029686571098E-002 -4.669103493822685E-003
 -0.107908027418208      -9.954902444102845E-003
 -0.141832699187585      -1.682013980889139E-002
 -0.175517352898672      -2.499281064704505E-002
 -0.209135597037517      -3.423374836560437E-002
 -0.242663578474335      -4.431947983674578E-002
 -0.275897494627695      -5.501113415541667E-002
 -0.308453018828262      -6.608592359606014E-002
 -0.339751706817410      -7.727656190348504E-002
 -0.369066806795766      -8.834790661155466E-002
 -0.395463752706368      -9.901873277963592E-002
 -0.417949561764824      -0.109049310500169     
 -0.435330349751646      -0.118191269291915     
 -0.446531383764432      -0.126222190329912     
 -0.450316314385471      -0.132996058957310     
 -0.445818584586239      -0.138326058067697     
 -0.432071867595106      -0.142229865708728     
 -0.408728324569678      -0.144557530064005     
 -0.375394459414422      -0.145507552111059     
 -0.332434613428159      -0.144951222192337     
 -0.280182452163375      -0.143220649202722     
 -0.219686132180570      -0.140192193250641     
 -0.151930577340486      -0.136233807958861     
 -7.840135543743429E-002 -0.131228914233227     
 -4.583630553147243E-004 -0.125476423687646     
  8.033015461055466E-002 -0.118890807999651     
  0.162584712330295      -0.111628817751584     
  0.244980282883362      -0.103681191422979     
  0.326411800859076      -9.503798442100829E-002
  0.405999288382603      -8.581122590918600E-002
  0.483068086102758      -7.585097428865362E-002
  0.557231506078344      -6.542618035210024E-002
  0.628229488310727      -5.432176855632127E-002
  0.696113396610040      -4.303273789185011E-002
  0.760900475327176      -3.145255267066067E-002
  0.823062049501516      -2.045582949321641E-002
  0.882851678406529      -1.039171263089730E-002
  0.941490625424889      -3.036865479947757E-003
   1.00000000000000       0.000000000000000E+000
  2.122610839453942E-314  0.000000000000000E+000
 -3.498698686458313E-002 -1.533077850392472E-003
 -6.840998383472277E-002 -5.799053298380901E-003
 -0.101022976797282      -1.234953911763505E-002
 -0.133317306077283      -2.087482031228225E-002
 -0.165637177296617      -3.107872900219910E-002
 -0.198112622615517      -4.271803961660787E-002
 -0.230731423878627      -5.556552865395015E-002
 -0.263281715434715      -6.939694097466680E-002
 -0.295396908797450      -8.398292500238125E-002
 -0.326514524965350      -9.906905099441750E-002
 -0.355909634399603      -0.114392459591919     
 -0.382680040275057      -0.129664655801301     
 -0.405793442131650      -0.144582858199962     
 -0.424101005626194      -0.158859534153321     
 -0.436431057025734      -0.172164248819938     
 -0.441602972249507      -0.184280043181716     
 -0.438601983051922      -0.194865262389257     
 -0.426524031506293      -0.203848866068353     
 -0.404855978700925      -0.210889324272836     
 -0.373264205029007      -0.216100619616763     
 -0.331978727489533      -0.219148846728825     
 -0.281378804385276      -0.220303094615755     
 -0.222443134607593      -0.219254983723139     
 -0.156180465425122      -0.216333306011125     
 -8.406988571939424E-002 -0.211293387698356     
 -7.477302087118159E-003 -0.204405982212635     
  7.201107284607891E-002 -0.195550050238461     
  0.153008919286300      -0.184845986237101     
  0.234204599729978      -0.172381213728727     
  0.314464250097455      -0.158097089628351     
  0.392992283567626      -0.142363766954829     
  0.469061556949222      -0.124988666711129     
  0.542456036748628      -0.106697127427830     
  0.612880598307672      -8.727533446488039E-002
  0.680624241946516      -6.786945950100283E-002
  0.745825842461121      -4.848239118053710E-002
  0.809219885088768      -3.072122897154926E-002
  0.871591712367590      -1.522550086087155E-002
  0.934427846515058      -4.308982214905563E-003
   1.00000000000000       0.000000000000000E+000
  2.122610839453942E-314  0.000000000000000E+000
 -3.177069426114801E-002 -1.773443184086272E-003
 -6.249172707190231E-002 -6.724480243797723E-003
 -9.279114059989771E-002 -1.436469581318235E-002
 -0.123100368185910      -2.431031388260643E-002
 -0.153688811057643      -3.628346493247846E-002
 -0.184670462399931      -5.002515438029312E-002
 -0.216002779061151      -6.534457698234508E-002
 -0.247494305985067      -8.201337426761958E-002
 -0.278777782205991      -9.984072946486261E-002
 -0.309325432565358      -0.118558943065134     
 -0.338431197728191      -0.137928572276697     
 -0.365215167319540      -0.157619192605626     
 -0.388676720026708      -0.177322821987392     
 -0.407650280151964      -0.196664221775530     
 -0.421003916295088      -0.215274186611967     
 -0.427486799994179      -0.232790569432263     
 -0.426126256951177      -0.248807456484908     
 -0.415905106360871      -0.263051615856437     
 -0.396345057445628      -0.275110960710871     
 -0.366993551974105      -0.284859169312229     
 -0.328094428997272      -0.291904412382722     
 -0.279948223370208      -0.296274660855902     
 -0.223512981027261      -0.297622557013259     
 -0.159787439841871      -0.296082731521788     
 -9.018772631125976E-002 -0.291378751397805     
 -1.613030435476105E-002 -0.283677228135893     
  6.090059031153462E-002 -0.272819141772651     
  0.139444826590697      -0.258939638978588     
  0.218315442574033      -0.242077812725625     
  0.296349398244160      -0.222334317755954     
  0.372876127158597      -0.200039290130993     
  0.447248266342112      -0.175316387278046     
  0.519373626503496      -0.148935160626038     
  0.589134859758147      -0.121153400516593     
  0.657000323452794      -9.330736243670731E-002
  0.723333831187603      -6.600835052800100E-002
  0.789255674830531      -4.119468991380616E-002
  0.855744345439562      -2.016355452909414E-002
  0.925195543037536      -5.598358114524293E-003
   1.00000000000000       0.000000000000000E+000
  2.122610839453942E-314  0.000000000000000E+000
 -2.809559392889054E-002 -1.975503840481930E-003
 -5.574103434578839E-002 -7.455484783110767E-003
 -8.341884563046417E-002 -1.592900009063305E-002
 -0.111426841024998      -2.699052239532987E-002
 -0.139974282589408      -4.037390495820173E-002
 -0.169116638537361      -5.584564842967024E-002
 -0.198809808816739      -7.322805007754850E-002
 -0.228848878174626      -9.234376216741105E-002
 -0.258901808004494      -0.112998883604214     
 -0.288459285056060      -0.134985392067995     
 -0.316862137512348      -0.158027274466865     
 -0.343271338523233      -0.181844999240211     
 -0.366715177358136      -0.206044288873951     
 -0.386083358308322      -0.230277417845851     
 -0.400228309635527      -0.254026119044617     
 -0.407958406889988      -0.276925081723016     
 -0.408231709389203      -0.298354186768572     
 -0.400078761114240      -0.318010367842900     
 -0.382918343653557      -0.335218224161067     
 -0.356315169416723      -0.349808805044579     
 -0.320420301695891      -0.361111455434538     
 -0.275504758522561      -0.369113962936467     
 -0.222485592671536      -0.373219142075345     
 -0.162280298106145      -0.373531535258024     
 -9.632713329088184E-002 -0.369589757986071     
 -2.591854467124621E-002 -0.361537876087442     
  4.741026194912666E-002 -0.349128205630166     
  0.122343565591340      -0.332478995497986     
  0.197681363770812      -0.311645774611007     
  0.272403395883456      -0.286726581726108     
  0.345947115647982      -0.258205792807779     
  0.417778185549161      -0.226214958110763     
  0.488102980815654      -0.191928206538046     
  0.556899846336042      -0.155650916473851     
  0.625062355098309      -0.119386380585519     
  0.693155302615883      -8.390461231735326E-002
  0.762685363278011      -5.197309900481353E-002
  0.835140910161930      -2.520591491953052E-002
  0.913073911061073      -6.917818536516859E-003
   1.00000000000000       0.000000000000000E+000
  2.122610839453942E-314  0.000000000000000E+000
 -2.415113435467857E-002 -2.082689050091810E-003
 -4.846002225178390E-002 -7.897528013038134E-003
 -7.325281425772912E-002 -1.693481840786756E-002
 -9.869708814893784E-002 -2.876047278883186E-002
 -0.124911127815584      -4.315970143048235E-002
 -0.151907585079019      -5.990763076506010E-002
 -0.179603296914693      -7.889543990592519E-002
 -0.207819558092149      -9.994831554486588E-002
 -0.236219905895418      -0.122951383179364     
 -0.264364788916051      -0.147678533657556     
 -0.291614183581433      -0.173931061480702     
 -0.317215712954603      -0.201371988334591     
 -0.340231558409636      -0.229671162420780     
 -0.359624322136286      -0.258364149757963     
 -0.374284572563691      -0.286975767458002     
 -0.383052908714595      -0.314948342229987     
 -0.384914460005046      -0.341684597125737     
 -0.378882932175481      -0.366611609697657     
 -0.364373466758563      -0.389066280530052     
 -0.340905030719777      -0.408555330449584     
 -0.308575259673437      -0.424420419525299     
 -0.267621767307643      -0.436317627485254     
 -0.218847064696536      -0.443664744477858     
 -0.163187500311222      -0.446286123508743     
 -0.101903545587284      -0.443723446320033     
 -3.636730246872297E-002 -0.435941474063395     
  3.211719136800622E-002 -0.422665105652722     
  0.102132345744759      -0.403971713546972     
  0.172753425748735      -0.379833203267195     
  0.242939190132333      -0.350457273095221     
  0.312436085784262      -0.316246896332838     
  0.380826444431498      -0.277576962417945     
  0.448636805019452      -0.235639316963366     
  0.516187675461822      -0.191187783444432     
  0.584649923091325      -0.146380300819464     
  0.655162918665207      -0.102686509341254     
  0.729527738499077      -6.326409283973965E-002
  0.809617706721458      -3.053513772690377E-002
  0.898668983321897      -8.308660665565694E-003
   1.00000000000000       0.000000000000000E+000
  2.122610839453942E-314  0.000000000000000E+000
 -2.000027914425384E-002 -2.135986779346372E-003
 -4.083228154056098E-002 -8.069543085259201E-003
 -6.258150169154601E-002 -1.734518844774764E-002
 -8.527953710896027E-002 -2.953677200550450E-002
 -0.108939257828284      -4.448347795825196E-002
 -0.133516425604199      -6.200931959311306E-002
 -0.158913847454673      -8.203633670608143E-002
 -0.184940828291314      -0.104465234548784     
 -0.211311342483751      -0.129182617136949     
 -0.237605462161090      -0.156057900636923     
 -0.263274934651982      -0.184852258579540     
 -0.287608972862052      -0.215333978737041     
 -0.309775631649174      -0.247075126367491     
 -0.328790211254760      -0.279714007590160     
 -0.343632128636160      -0.312603481063155     
 -0.353188055085124      -0.345273504326387     
 -0.356490515758967      -0.376875199042948     
 -0.352567338710194      -0.406899313531355     
 -0.340837800223100      -0.434368959582459     
 -0.320776346781387      -0.458827934002214     
 -0.292468642826769      -0.479283531565697     
 -0.256032394123219      -0.495403343273493     
 -0.212282506243079      -0.506308105283134     
 -0.161960386636514      -0.511811224309299     
 -0.106391864373270      -0.511230511461927     
 -4.669134035224397E-002 -0.504502842273220     
  1.573460737282041E-002 -0.491220738112651     
  7.976657412032713E-002 -0.471429691796164     
  0.144408276637207      -0.445011321836787     
  0.208937279955549      -0.412142602240250     
  0.273211714253231      -0.373258614767421     
  0.337104810128972      -0.328725285386433     
  0.401567916978777      -0.279915511214395     
  0.467203237788180      -0.227694621907659     
  0.535919543305604      -0.174678206760636     
  0.609086748321203      -0.122523568428728     
  0.689352856997442      -7.548145638409456E-002
  0.778856201042083      -3.624573767428160E-002
  0.881046705360663      -9.812710628904294E-003
   1.00000000000000       0.000000000000000E+000
  2.122610839453942E-314  0.000000000000000E+000
 -1.590003733404653E-002 -2.079214988985954E-003
 -3.319997575278716E-002 -7.914852116231021E-003
 -5.183286816074854E-002 -1.710067221784826E-002
 -7.164824752511048E-002 -2.924611083005161E-002
 -9.257588506674118E-002 -4.426424599531186E-002
 -0.114511825898101      -6.201492554205099E-002
 -0.137322870338193      -8.250513432072391E-002
 -0.160850260018281      -0.105643953977312     
 -0.184802134361022      -0.131420084076388     
 -0.208857176171269      -0.159681298624668     
 -0.232482277154445      -0.190306589115331     
 -0.255111379678336      -0.222999071478696     
 -0.275940332347551      -0.257459971155526     
 -0.294148034689019      -0.293199071823515     
 -0.308740444713570      -0.329703152172138     
 -0.318753019294323      -0.366289366884846     
 -0.323220963854420      -0.402242199763614     
 -0.321277874451141      -0.436747631212274     
 -0.312294774242102      -0.468958319414199     
 -0.295802350425914      -0.498041384518433     
 -0.271766770210614      -0.523126391082256     
 -0.240335945970088      -0.543482236215186     
 -0.202131758925585      -0.558335360592145     
 -0.157938666752996      -0.567148486285508     
 -0.108828024143984      -0.569301050892252     
 -5.599186842516245E-002 -0.564484327381321     
 -5.358290227322284E-004 -0.552281897228555     
  5.631816412220667E-002 -0.532629036155405     
  0.113937927132760      -0.505287197077330     
  0.171542279479576      -0.470426863402054     
  0.229403789626708      -0.428290946747113     
  0.287531080813148      -0.379420834340561     
  0.347315926809971      -0.324797022803565     
  0.410182920543303      -0.265790351048389     
  0.478425579490746      -0.204840232617804     
  0.554584612756588      -0.144320913826755     
  0.641623982695546      -8.908205420857150E-002
  0.742455587337667      -4.282590780327077E-002
  0.860746724230077      -1.155564846262966E-002
   1.00000000000000       0.000000000000000E+000
  2.122610839453942E-314  0.000000000000000E+000
 -1.190065505254488E-002 -1.961533867678530E-003
 -2.579795430473252E-002 -7.456154289251893E-003
 -4.132676340098358E-002 -1.621530455017045E-002
 -5.823779612277804E-002 -2.788601076199728E-002
 -7.633048095694234E-002 -4.247387425678478E-002
 -9.546635744788518E-002 -5.989760170030514E-002
 -0.115491589565231      -8.020687987675028E-002
 -0.136244183442295      -0.103391563537610     
 -0.157492515369938      -0.129443026694032     
 -0.178933784820954      -0.158319983734098     
 -0.200159334524742      -0.189861075091970     
 -0.220637346778378      -0.223912055952848     
 -0.239733791268438      -0.260078543602790     
 -0.256667598281012      -0.298039859130716     
 -0.270632164002109      -0.337114351369946     
 -0.280687781554301      -0.376802607493355     
 -0.286039674029144      -0.416138083386138     
 -0.285799685242525      -0.454484445129434     
 -0.279465768166920      -0.490673684222067     
 -0.266469415858635      -0.524021902436653     
 -0.246860137175281      -0.553313059425964     
 -0.220595273780096      -0.577914618378687     
 -0.188363877968924      -0.596749619654132     
 -0.150677020559875      -0.609316218754969     
 -0.108699451644726      -0.614773216990345     
 -6.328857110937729E-002 -0.612776806556411     
 -1.568670316367032E-002 -0.602802672563370     
  3.326373494176053E-002 -0.584684660398418     
  8.277129920127009E-002 -0.558081437406280     
  0.132501789971603      -0.523023034915750     
  0.182707011848238      -0.479665268141318     
  0.233904907956509      -0.428471111681789     
  0.287858080096603      -0.369952893426457     
  0.346556488391719      -0.305416643926780     
  0.413639841140767      -0.237579356314291     
  0.491843190112312      -0.168648363226880     
  0.586062435927740      -0.104936658150673     
  0.699389113342536      -5.051171148944147E-002
  0.836130133446060      -1.366908577798404E-002
   1.00000000000000       0.000000000000000E+000
  2.122610839453942E-314  0.000000000000000E+000
 -8.287556511505383E-003 -1.740677272627387E-003
 -1.894458655002126E-002 -6.700474087516968E-003
 -3.150169566867800E-002 -1.470539431816826E-002
 -4.551648573575259E-002 -2.550722351491503E-002
 -6.074000166739536E-002 -3.918994507340840E-002
 -7.697815042843929E-002 -5.572840436078159E-002
 -9.405513371691146E-002 -7.525112275312454E-002
 -0.111848385350399      -9.775607849470096E-002
 -0.130120273727168      -0.123335282266252     
 -0.148682091322148      -0.151921087641383     
 -0.167132392384867      -0.183485487625768     
 -0.185118236614805      -0.217809163315858     
 -0.202021949792710      -0.254669491230471     
 -0.217289209010383      -0.293626510190486     
 -0.230125400026127      -0.334207818602240     
 -0.239833931443038      -0.375718407138044     
 -0.245601565578807      -0.417431032520372     
 -0.246758252887544      -0.458423175706178     
 -0.242721583925259      -0.497781866099880     
 -0.233082172118996      -0.534456375643059     
 -0.217728435344095      -0.567482531152283     
 -0.196710652030445      -0.595824520434888     
 -0.170485540387350      -0.618627438031510     
 -0.139609445321383      -0.635020895663326     
 -0.104975250118483      -0.644327082307314     
 -6.748483231187760E-002 -0.645919462721591     
 -2.810714444150867E-002 -0.639351141286301     
  1.222890242279497E-002 -0.624302447806657     
  5.300008615796097E-002 -0.600300777935700     
  9.382735792385274E-002 -0.567345619505935     
  0.135231558266876      -0.525133684029164     
  0.177993123876486      -0.474293277520484     
  0.224447455835801      -0.414360583947504     
  0.277506514371290      -0.346580340830817     
  0.341706129424029      -0.273382750527329     
  0.421101222854004      -0.197223139813958     
  0.521242055373435      -0.124320901911093     
  0.648794717710911      -6.081366214679149E-002
  0.807012976553359      -1.661597630449915E-002
   1.00000000000000       0.000000000000000E+000
  2.122610839453942E-314  0.000000000000000E+000
 -5.080512572651261E-003 -1.463998671071235E-003
 -1.288111034341552E-002 -5.666855737124692E-003
 -2.264113893313174E-002 -1.264450274968800E-002
 -3.389914501965133E-002 -2.220731607341602E-002
 -4.628739878351271E-002 -3.455123539035322E-002
 -5.961633667944131E-002 -4.970296936868975E-002
 -7.369592032418723E-002 -6.783006797528771E-002
 -8.841184947066530E-002 -8.899654199312654E-002
 -0.103591068035424      -0.113288485242828     
 -0.119057826499856      -0.140741401151328     
 -0.134546740823205      -0.171284752860604     
 -0.149724959808032      -0.204853196997196     
 -0.164175793780692      -0.241139589323652     
 -0.177367814804097      -0.279914457291131     
 -0.188752897094978      -0.320563915060804     
 -0.197641514945598      -0.362652990711546     
 -0.203475956133566      -0.405242849192776     
 -0.205545547040822      -0.447697997911416     
 -0.203488779390496      -0.488827912268002     
 -0.196776402999979      -0.527858640469605     
 -0.185452062663071      -0.563519605443933     
 -0.169356065898674      -0.594999121364553     
 -0.149036300031821      -0.621168950218525     
 -0.124768635264443      -0.641292835295123     
 -9.751019664454992E-002 -0.654521147590779     
 -6.785257472277147E-002 -0.660241516936750     
 -3.686255484199689E-002 -0.658000948410434     
 -5.143452096934863E-003 -0.647379971242544     
  2.656196266498464E-002 -0.627884746348088     
  5.826051669868797E-002 -0.599289613422121     
  9.021112971189979E-002 -0.561222414169079     
  0.123696468040337      -0.513874994617010     
  0.161050164452425      -0.455968977752410     
  0.206016541753983      -0.387925609456905     
  0.264704845491673      -0.312213639019302     
  0.342207331406129      -0.231152102314298     
  0.447215372009912      -0.149418344981285     
  0.587826028949046      -7.390325403973434E-002
  0.771359755647482      -2.109137559886695E-002
   1.00000000000000       0.000000000000000E+000
  2.122610839453942E-314  0.000000000000000E+000
 -2.533956170266494E-003 -1.118263052396396E-003
 -7.821767224536591E-003 -4.448561787338049E-003
 -1.509330788387087E-002 -1.015062478076090E-002
 -2.374574058140009E-002 -1.819299345063165E-002
 -3.341726938121797E-002 -2.883118258343212E-002
 -4.389681592100513E-002 -4.214747570106503E-002
 -5.499045294054164E-002 -5.836125617636700E-002
 -6.663463545450009E-002 -7.753165428456457E-002
 -7.864809076068316E-002 -9.982112826486184E-002
 -9.096821572912633E-002 -0.125229026977963     
 -0.103325267919871      -0.153805725671543     
 -0.115565075667439      -0.185424298124267     
 -0.127273554996307      -0.219957763874046     
 -0.138160340744311      -0.257081740454989     
 -0.147677489083541      -0.296428735145392     
 -0.155417389910637      -0.337417858872017     
 -0.160795278739446      -0.379418304325517     
 -0.163380514485924      -0.421580844176898     
 -0.162725154011837      -0.463065177070089     
 -0.158526031740037      -0.502814172257487     
 -0.150662377980074      -0.539918104212870     
 -0.139105873865050      -0.573241082967925     
 -0.124175794832227      -0.601989069633206     
 -0.106178290368664      -0.625111080153769     
 -8.582970690690522E-002 -0.642050337820380     
 -6.370376250227440E-002 -0.651944964836711     
 -4.068889810417093E-002 -0.654551638622911     
 -1.735462056262685E-002 -0.649342711389046     
  5.650295969697953E-003 -0.635877034784435     
  2.828320351539731E-002 -0.613818418410532     
  5.086823091530131E-002 -0.582703509731002     
  7.433912077197376E-002 -0.542495372178749     
  0.101327045119585      -0.490977608708528     
  0.135551021892871      -0.428071493081441     
  0.183484887383681      -0.353632925432294     
  0.253894306176787      -0.271623877346549     
  0.357436464010841      -0.181241433617416     
  0.512787274150891      -9.159438160035134E-002
  0.727094215633397      -2.670583256456645E-002
   1.00000000000000       0.000000000000000E+000
  2.122610839453942E-314  0.000000000000000E+000
 -6.263209838172860E-004 -7.352096721350517E-004
 -3.955650974408453E-003 -3.058271541345428E-003
 -9.033493484742122E-003 -7.363200870289531E-003
 -1.534964699259699E-002 -1.368020290163335E-002
 -2.248223437095855E-002 -2.235751909495147E-002
 -3.026596297609806E-002 -3.350611554940826E-002
 -3.851628335862588E-002 -4.735588652164222E-002
 -4.718287303072231E-002 -6.400448056763881E-002
 -5.614998813411191E-002 -8.358533407662827E-002
 -6.535482900977907E-002 -0.106176146517241     
 -7.465298972018666E-002 -0.131775897033669     
 -8.389058681826972E-002 -0.160396556948832     
 -9.284369744277610E-002 -0.191838429102230     
 -0.101226579651284      -0.225992137765527     
 -0.108738084033680      -0.262386166041804     
 -0.114967972093688      -0.300735009815477     
 -0.119604698368997      -0.340259120361117     
 -0.122181760984964      -0.380470081069408     
 -0.122501117662461      -0.420328813869635     
 -0.120162111076427      -0.459166590476692     
 -0.115217786247975      -0.495841616520229     
 -0.107470160898437      -0.529581677332455     
 -9.730611518163958E-002 -0.559369258016510     
 -8.481398284771891E-002 -0.584439225982366     
 -7.068113542471843E-002 -0.604104664447249     
 -5.527067506671168E-002 -0.617688209426237     
 -3.942561368729458E-002 -0.624949261288420     
 -2.355833291064427E-002 -0.625441749470315     
 -8.405697382319478E-003 -0.618826909088879     
  6.060766982240834E-003 -0.604638525569320     
  1.977471890741135E-002 -0.582873089849828     
  3.383796763468709E-002 -0.553161900435025     
  4.977308785055597E-002 -0.512668868411189     
  7.225371682071784E-002 -0.460713500326745     
  0.107232520398296      -0.395227501972698     
  0.165824664024606      -0.318929896163452     
  0.264111416712743      -0.223096389989650     
  0.424247227029693      -0.112108487191149     
  0.670809602666758      -3.206261913294393E-002
   1.00000000000000       0.000000000000000E+000
  2.122610839453942E-314  0.000000000000000E+000
  5.058582302494627E-004 -3.575099408403860E-004
 -1.304567661989323E-003 -1.699851460303456E-003
 -4.597658169431564E-003 -4.536180137504052E-003
 -8.853521251247524E-003 -9.058122946071124E-003
 -1.370892362634317E-002 -1.563106069069119E-002
 -1.903977039279161E-002 -2.438333420283406E-002
 -2.466736850051938E-002 -3.555912299199498E-002
 -3.060402235591370E-002 -4.922119541947163E-002
 -3.671859371025253E-002 -6.554356497371380E-002
 -4.304366556715273E-002 -8.455224263412518E-002
 -4.941698189286550E-002 -0.106333699482766     
 -5.582977707242653E-002 -0.130841465726461     
 -6.204645128257597E-002 -0.158029802516856     
 -6.798599062069841E-002 -0.187722823657750     
 -7.333712602148401E-002 -0.219684125943827     
 -7.794555384818426E-002 -0.253544861757585     
 -8.147171472586424E-002 -0.288843850248578     
 -8.372311473895730E-002 -0.324980904547261     
 -8.442791377547133E-002 -0.361300212354059     
 -8.342324292287573E-002 -0.396985679039292     
 -8.062325035767332E-002 -0.431304942197197     
 -7.597213791789328E-002 -0.463309121711087     
 -6.966117680560924E-002 -0.492373655865223     
 -6.179391329247405E-002 -0.517545969611102     
 -5.285516581368318E-002 -0.538501165852396     
 -4.310452593176919E-002 -0.554413978920176     
 -3.323502205082454E-002 -0.565373202716715     
 -2.351444525261833E-002 -0.570823208758359     
 -1.466000138163905E-002 -0.570919554610866     
 -6.851058054276193E-003 -0.565030010027389     
 -5.085930914077226E-004 -0.553653808115557     
  5.022048291201064E-003 -0.536744398808812     
  1.034838187515236E-002 -0.510819611409509     
  1.997656027738585E-002 -0.475441068364476     
  3.926128861421635E-002 -0.425855060931172     
  7.964219428183324E-002 -0.363449887455512     
  0.165695015439076      -0.270688505888545     
  0.330279428793509      -0.144265910953906     
  0.603922241302042      -4.170874826893183E-002
   1.00000000000000       0.000000000000000E+000
  2.122610839453942E-314  0.000000000000000E+000
  9.477462892888372E-004 -3.422970148515133E-006
  8.878827058024650E-005 -4.063706291980769E-004
 -1.768219420771517E-003 -1.903059525323728E-003
 -4.313323829435983E-003 -4.706651296421650E-003
 -7.222129433818111E-003 -9.196080591979187E-003
 -1.043011634011758E-002 -1.549557981990678E-002
 -1.380370341374032E-002 -2.380130629851802E-002
 -1.735495108423607E-002 -3.419152659920045E-002
 -2.101641052376389E-002 -4.677555684844144E-002
 -2.479925386090023E-002 -6.162946087699839E-002
 -2.863812193458723E-002 -7.877515994205292E-002
 -3.250324488348216E-002 -9.826955608484568E-002
 -3.630282125491925E-002 -0.120004489317339     
 -3.994316954677227E-002 -0.143984089481434     
 -4.330587831125336E-002 -0.169905535978041     
 -4.622714201620508E-002 -0.197675451518038     
 -4.859073272449252E-002 -0.226751794403520     
 -5.018144705076834E-002 -0.256906933074938     
 -5.093946687848406E-002 -0.287378359246232     
 -5.064559467007328E-002 -0.317794418205794     
 -4.935866116321416E-002 -0.347283779222608     
 -4.692233249429493E-002 -0.375363731916630     
 -4.355462086846978E-002 -0.401247638789914     
 -3.922869438072403E-002 -0.424416084096125     
 -3.431679262185644E-002 -0.444392226873031     
 -2.895959980749954E-002 -0.460735995225691     
 -2.363609340616211E-002 -0.473389575070393     
 -1.857808620418187E-002 -0.482141781135157     
 -1.426322136544608E-002 -0.487252962892568     
 -1.104277494812536E-002 -0.488569223051777     
 -9.417885478639119E-003 -0.486813655438205     
 -9.108487272838328E-003 -0.482927250720582     
 -1.052986793055474E-002 -0.472834315510083     
 -1.022197338107518E-002 -0.456336409003349     
 -5.930470209969938E-003 -0.430593575257025     
  1.358489371150837E-002 -0.393718421466136     
  6.870404790538101E-002 -0.317162414888519     
  0.207003964073347      -0.188282981533833     
  0.503957733773481      -6.243524036267561E-002
   1.00000000000000       0.000000000000000E+000
  2.122610839453942E-314  0.000000000000000E+000
  7.918141103068661E-004  2.036388317402013E-004
  4.954498476117110E-004  4.715732614993447E-004
 -3.221720417693903E-004  8.057572740849967E-005
 -1.545876820073797E-003 -1.242725638377220E-003
 -2.914638386743936E-003 -3.832087480639202E-003
 -4.457881530644044E-003 -7.740711707386569E-003
 -6.038515246476818E-003 -1.315278522352307E-002
 -7.728805617510088E-003 -2.007320437500736E-002
 -9.434798234110390E-003 -2.862357721159915E-002
 -1.123263193189081E-002 -3.881288766947742E-002
 -1.302387841079919E-002 -5.071312844313539E-002
 -1.487700278438476E-002 -6.432150699952878E-002
 -1.666615381239338E-002 -7.963873121693454E-002
 -1.844574689513172E-002 -9.661867099855037E-002
 -2.005975854701483E-002 -0.115146866410438     
 -2.154267798046246E-002 -0.135093821935627     
 -2.272689434866944E-002 -0.156193749686164     
 -2.362465802378333E-002 -0.178202067447022     
 -2.409618313895490E-002 -0.200704333751113     
 -2.413528004721037E-002 -0.223332305947624     
 -2.368079384410092E-002 -0.245591069169513     
 -2.271899712893258E-002 -0.267013837094651     
 -2.131021319933189E-002 -0.287165020069098     
 -1.945416566290634E-002 -0.305534711066173     
 -1.734372362264745E-002 -0.321940298640776     
 -1.501541872626910E-002 -0.335912402635884     
 -1.274478862594366E-002 -0.347679858576573     
 -1.064222260907964E-002 -0.356839946295289     
 -8.991645774263297E-003 -0.364217680001258     
 -8.180519658408471E-003 -0.369378299083708     
 -8.310899426381042E-003 -0.374031064153698     
 -9.452125907122449E-003 -0.378351046446338     
 -1.080574576631779E-002 -0.382022781193488     
 -1.336833207847493E-002 -0.381339726963621     
 -1.602031664211889E-002 -0.382703250505332     
 -2.239317947204818E-002 -0.384038031666149     
 -2.014591228206558E-002 -0.343551592863128     
  4.769117742179184E-002 -0.264919691027105     
  0.293584602359224      -0.102038434090317     
   1.00000000000000       0.000000000000000E+000
  2.122610839453942E-314  0.000000000000000E+000
  2.672370631906673E-004  2.672370631905363E-004
  2.153080832028477E-004  8.012315798804190E-004
  3.394034230706325E-005  9.896131655207539E-004
 -2.914844358434583E-004  6.481707865342226E-004
 -6.533275660206721E-004 -3.818541783020372E-004
 -1.068987826188367E-003 -2.166498652142073E-003
 -1.485908387787959E-003 -4.759034732556832E-003
 -1.931786242319228E-003 -8.195422789780363E-003
 -2.379760622992958E-003 -1.249786733681501E-002
 -2.852333782124720E-003 -1.770923497886109E-002
 -3.326052719834992E-003 -2.382933428892273E-002
 -3.814770221336299E-003 -3.091136135229068E-002
 -4.296809537517481E-003 -3.890348902631932E-002
 -4.769576625607755E-003 -4.787086403506720E-002
 -5.219366658786511E-003 -5.766546960345583E-002
 -5.618228721269818E-003 -6.835679824302601E-002
 -5.971075821307118E-003 -7.966619386514488E-002
 -6.219717724619089E-003 -9.165294393647599E-002
 -6.399281409815162E-003 -0.103906735200725     
 -6.424993007392877E-003 -0.116457492611692     
 -6.368532203623737E-003 -0.128816169292688     
 -6.134047756072379E-003 -0.140965724809931     
 -5.824333330235140E-003 -0.152449691984553     
 -5.361948072940261E-003 -0.163200782727928     
 -4.863473017044573E-003 -0.172936549759048     
 -4.298372673657509E-003 -0.181578214535020     
 -3.757213229930748E-003 -0.189120273168896     
 -3.289743132170553E-003 -0.195508996792366     
 -2.920980248342605E-003 -0.201191959280110     
 -2.932590469070062E-003 -0.206372180736641     
 -3.432378027682016E-003 -0.211538960324264     
 -4.262946117250820E-003 -0.217937649485279     
 -4.833723520594047E-003 -0.225076384784784     
 -6.024146721365177E-003 -0.232414276807932     
 -8.497042581063782E-003 -0.246784562772839     
 -1.610694329718385E-002 -0.284568156525410     
 -3.779560804914719E-002 -0.289157536922058     
 -1.039755955476186E-002 -0.292962050249049     
  0.179438865264432      -0.180061417374723     
   1.00000000000000       0.000000000000000E+000
  2.122610839453942E-314  0.000000000000000E+000
  2.122610839453942E-314  0.000000000000000E+000
  2.122610839453942E-314  0.000000000000000E+000
  2.122610839453942E-314  0.000000000000000E+000
  2.122610839453942E-314  0.000000000000000E+000
  2.122610839453942E-314  0.000000000000000E+000
  2.122610839453942E-314  0.000000000000000E+000
  2.122610839453942E-314  0.000000000000000E+000
  2.122610839453942E-314  0.000000000000000E+000
  2.122610839453942E-314  0.000000000000000E+000
  2.122610839453942E-314  0.000000000000000E+000
  2.122610839453942E-314  0.000000000000000E+000
  2.122610839453942E-314  0.000000000000000E+000
  2.122610839453942E-314  0.000000000000000E+000
  2.122610839453942E-314  0.000000000000000E+000
  2.122610839453942E-314  0.000000000000000E+000
  2.122610839453942E-314  0.000000000000000E+000
  2.122610839453942E-314  0.000000000000000E+000
  2.122610839453942E-314  0.000000000000000E+000
  2.122610839453942E-314  0.000000000000000E+000
  2.122610839453942E-314  0.000000000000000E+000
  2.122610839453942E-314  0.000000000000000E+000
  2.122610839453942E-314  0.000000000000000E+000
  2.122610839453942E-314  0.000000000000000E+000
  2.122610839453942E-314  0.000000000000000E+000
  2.122610839453942E-314  0.000000000000000E+000
  2.122610839453942E-314  0.000000000000000E+000
  2.122610839453942E-314  0.000000000000000E+000
  2.122610839453942E-314  0.000000000000000E+000
  2.122610839453942E-314  0.000000000000000E+000
  2.122610839453942E-314  0.000000000000000E+000
  2.122610839453942E-314  0.000000000000000E+000
  2.122610839453942E-314  0.000000000000000E+000
  2.122610839453942E-314  0.000000000000000E+000
  2.122610839453942E-314  0.000000000000000E+000
  2.122610839453942E-314  0.000000000000000E+000
  2.122610839453942E-314  0.000000000000000E+000
  2.122610839453942E-314  0.000000000000000E+000
  2.122610839453942E-314  0.000000000000000E+000
  2.122610839453942E-314  0.000000000000000E+000
   1.00000000000000       0.000000000000000E+000
