  5.432309224871097E-312  0.000000000000000E+000
  2.122610839453942E-314  0.000000000000000E+000
  2.122610839453942E-314  0.000000000000000E+000
  2.122610839453942E-314  0.000000000000000E+000
  2.122610839453942E-314  0.000000000000000E+000
  2.122610839453942E-314  0.000000000000000E+000
  2.122610839453942E-314  0.000000000000000E+000
  2.122610839453942E-314  0.000000000000000E+000
  2.122610839453942E-314  0.000000000000000E+000
  2.122610839453942E-314  0.000000000000000E+000
  2.122610839453942E-314  0.000000000000000E+000
  2.122610839453942E-314  0.000000000000000E+000
  2.122610839453942E-314  0.000000000000000E+000
  2.122610839453942E-314  0.000000000000000E+000
  2.122610839453942E-314  0.000000000000000E+000
  2.122610839453942E-314  0.000000000000000E+000
  2.122610839453942E-314  0.000000000000000E+000
  2.122610839453942E-314  0.000000000000000E+000
  2.122610839453942E-314  0.000000000000000E+000
  2.122610839453942E-314  0.000000000000000E+000
  2.122610839453942E-314  0.000000000000000E+000
  2.122610839453942E-314  0.000000000000000E+000
  2.122610839453942E-314  0.000000000000000E+000
  2.122610839453942E-314  0.000000000000000E+000
  2.122610839453942E-314  0.000000000000000E+000
  2.122610839453942E-314  0.000000000000000E+000
  2.122610839453942E-314  0.000000000000000E+000
  2.122610839453942E-314  0.000000000000000E+000
  2.122610839453942E-314  0.000000000000000E+000
  2.122610839453942E-314  0.000000000000000E+000
  2.122610839453942E-314  0.000000000000000E+000
  2.122610839453942E-314  0.000000000000000E+000
  2.122610839453942E-314  0.000000000000000E+000
  2.122610839453942E-314  0.000000000000000E+000
  2.122610839453942E-314  0.000000000000000E+000
  2.122610839453942E-314  0.000000000000000E+000
  2.122610839453942E-314  0.000000000000000E+000
  2.122610839453942E-314  0.000000000000000E+000
  2.122610839453942E-314  0.000000000000000E+000
  2.122610839453942E-314  0.000000000000000E+000
   1.00000000000000       0.000000000000000E+000
  2.122610839453942E-314  0.000000000000000E+000
  1.557342700039460E-004 -1.558127710934134E-004
  3.307497338101796E-007 -1.529180809964643E-004
 -2.486964754183801E-004  1.051779816959573E-004
 -5.424425102020361E-004  9.607697665665351E-004
 -8.326963206530793E-004  2.318861132376921E-003
 -1.102079211537315E-003  4.239527118289326E-003
 -1.361815759769597E-003  6.658549701410475E-003
 -1.588724732592834E-003  9.550509685512791E-003
 -1.800838114035774E-003  1.286616610514036E-002
 -1.974471591117036E-003  1.654980186366580E-002
 -2.130540637579330E-003  2.056054339958310E-002
 -2.245289735184329E-003  2.482194816085158E-002
 -2.340398061113637E-003  2.930082257499034E-002
 -2.393547745826647E-003  3.390641329847806E-002
 -2.426179212567187E-003  3.861401428137991E-002
 -2.419900608510866E-003  4.332607218172774E-002
 -2.394709938885842E-003  4.802875818856455E-002
 -2.339185020006565E-003  5.263024167142701E-002
 -2.270077198985543E-003  5.712978925849047E-002
 -2.186394559433078E-003  6.145995671077724E-002
 -2.099754758955372E-003  6.563436061507819E-002
 -2.022686656837247E-003  6.963499661082204E-002
 -1.959201929949158E-003  7.348855816335875E-002
 -1.940017564022080E-003  7.726258587859396E-002
 -1.963530337690029E-003  8.099162301591310E-002
 -2.081610895834203E-003  8.486786425291799E-002
 -2.298711321328830E-003  8.894938867690089E-002
 -2.655207286070813E-003  9.360480421442945E-002
 -3.090105454173966E-003  9.881641898606452E-002
 -3.820351480744493E-003  0.105467052993187     
 -5.159767047686266E-003  0.113526410189605     
 -6.938711991242242E-003  0.123370021398603     
 -9.478632922885899E-003  0.136428536810505     
 -1.066221667403280E-002  0.154729917079793     
 -5.402422653490961E-003  0.169643747233254     
 -6.746167562163648E-003  0.196169374367447     
 -5.286123922006721E-002  0.255758813934231     
 -4.932832532343777E-002  0.214631226627364     
  0.146643825373108       0.146643825373111     
   1.00000000000000       0.000000000000000E+000
  2.122610839453942E-314  0.000000000000000E+000
  1.529965820971419E-004 -2.480904482322239E-006
 -3.752823965494164E-004  3.705912398026916E-004
 -1.282377894407083E-003  1.368524552038757E-003
 -2.277098376014867E-003  3.252697639330810E-003
 -3.326162685927691E-003  6.075435870516299E-003
 -4.304920267167746E-003  9.793457784372434E-003
 -5.252000632760518E-003  1.441967808360028E-002
 -6.093011677091706E-003  1.984262399937514E-002
 -6.866805242890078E-003  2.603930823362713E-002
 -7.520616901119422E-003  3.287245117771578E-002
 -8.086201657781190E-003  4.029904374795657E-002
 -8.526061449438887E-003  4.816896120081999E-002
 -8.863226143971916E-003  5.642689668135805E-002
 -9.075706177127517E-003  6.491707823595780E-002
 -9.179177824304672E-003  7.357942688839116E-002
 -9.169708887176308E-003  8.226116306075158E-002
 -9.058223028407648E-003  9.090838289074579E-002
 -8.860772104777211E-003  9.938452823447079E-002
 -8.587588931390638E-003  0.107656881349206     
 -8.274152109920859E-003  0.115621807347016     
 -7.936990179825052E-003  0.123287854003537     
 -7.626360844133834E-003  0.130602315217688     
 -7.377456813475738E-003  0.137641706130114     
 -7.244373352801756E-003  0.144419909418064     
 -7.305575831193080E-003  0.151116798261247     
 -7.592981202087302E-003  0.157811607817019     
 -8.269242171809899E-003  0.164851743037948     
 -9.306215761334804E-003  0.172383380842475     
 -1.103004774027709E-002  0.180987574896276     
 -1.323772600224467E-002  0.190767673516654     
 -1.672238414560816E-002  0.202577594743285     
 -2.058183250515205E-002  0.215699111577032     
 -2.574619834903422E-002  0.232400794808919     
 -3.104072183824851E-002  0.253241279742204     
 -3.844917878596146E-002  0.277211850765055     
 -3.815512754725192E-002  0.292110100995483     
 -3.282092196300938E-002  0.293358004014692     
  2.373853524106327E-002  0.228426743165110     
  0.328620279682317       9.857715101124427E-002
   1.00000000000000       0.000000000000000E+000
  2.122610839453942E-314  0.000000000000000E+000
 -1.022089493041045E-004  2.426125095388199E-004
 -1.364485588615251E-003  1.254875327243897E-003
 -3.177470589801932E-003  3.133099775513245E-003
 -5.237827502649840E-003  6.219360375998143E-003
 -7.347571268707598E-003  1.045834006349706E-002
 -9.399557618018702E-003  1.591299293958594E-002
 -1.133850295803200E-002  2.249749640600007E-002
 -1.311314304034246E-002  3.017266192551719E-002
 -1.471139877825933E-002  3.882801138475869E-002
 -1.609641944875649E-002  4.836024237706199E-002
 -1.727176480269188E-002  5.864995231657035E-002
 -1.820598652011228E-002  6.955598104776961E-002
 -1.891031629474120E-002  8.095475366215830E-002
 -1.936153217179342E-002  9.268173341572089E-002
 -1.957974518596492E-002  0.104617514904903     
 -1.955579441961151E-002  0.116587993425519     
 -1.932183563953197E-002  0.128490616412240     
 -1.888912568685608E-002  0.140160587649833     
 -1.830507382188154E-002  0.151528185111385     
 -1.760677037108989E-002  0.162462542109666     
 -1.685995227405802E-002  0.172944663061865     
 -1.613094801745569E-002  0.182906464839542     
 -1.550833045220283E-002  0.192398008088558     
 -1.508717775722939E-002  0.201441160985313     
 -1.498867125905593E-002  0.210174217141946     
 -1.532318448364295E-002  0.218720799001347     
 -1.625594307466237E-002  0.227321356456460     
 -1.789008942001891E-002  0.236189301691892     
 -2.048911755750564E-002  0.245671236441666     
 -2.401748431453190E-002  0.255826921145213     
 -2.889160983142900E-002  0.267162520667273     
 -3.431943764732551E-002  0.278992863370706     
 -4.021892715898715E-002  0.291480796494005     
 -4.509163870900937E-002  0.302550265414984     
 -5.045257142017218E-002  0.312307947869161     
 -4.135114201657145E-002  0.299745471547089     
 -3.469420349696630E-003  0.268099681572839     
  0.123303095429609       0.186062108306226     
  0.443730916053128       6.727801633938110E-002
   1.00000000000000       0.000000000000000E+000
  2.122610839453942E-314  0.000000000000000E+000
 -9.257734553190121E-004  5.152828294599774E-004
 -3.193657470162431E-003  2.172211058247984E-003
 -6.224080365683416E-003  5.040328194298472E-003
 -9.549859196844456E-003  9.299941564333098E-003
 -1.296943223094534E-002  1.494643269644828E-002
 -1.629004733385420E-002  2.197372099678593E-002
 -1.944507466292042E-002  3.033823916526272E-002
 -2.234101730095610E-002  3.995123475843875E-002
 -2.495467483345189E-002  5.072562148147849E-002
 -2.722911582221610E-002  6.251258555645572E-002
 -2.915453597405247E-002  7.519731395543007E-002
 -3.069375575670440E-002  8.859841472822792E-002
 -3.184317357053500E-002  0.102580385292743     
 -3.258569108141664E-002  0.116942818042726     
 -3.292823713199684E-002  0.131541888579283     
 -3.287939859533058E-002  0.146171938346082     
 -3.246457643465996E-002  0.160698380377718     
 -3.172336441220048E-002  0.174927065023431     
 -3.070908288125194E-002  0.188755558308997     
 -2.949401789901757E-002  0.202020405076395     
 -2.817008787209282E-002  0.214678338598692     
 -2.683747107804620E-002  0.226614586958723     
 -2.563960074898730E-002  0.237873154800907     
 -2.468908958381572E-002  0.248396168969589     
 -2.419621463970271E-002  0.258339278417408     
 -2.425208999072345E-002  0.267686234149073     
 -2.514672208407178E-002  0.276708098830259     
 -2.687305013236905E-002  0.285353843918812     
 -2.979793086975689E-002  0.293944747744924     
 -3.362031043124965E-002  0.302142000492487     
 -3.857672197811126E-002  0.310146308999703     
 -4.364649063052455E-002  0.316966805102800     
 -4.811739890000629E-002  0.321693444739193     
 -4.857130796073951E-002  0.320866742796041     
 -4.027326888768604E-002  0.310082041041609     
 -1.230592414659981E-002  0.278949567924008     
  6.854133467737857E-002  0.221215111839806     
  0.232389215956392       0.137282940861288     
  0.536798066436623       4.402343452091814E-002
   1.00000000000000       0.000000000000000E+000
  2.122610839453942E-314  0.000000000000000E+000
 -2.208594788942459E-003  7.725772058738388E-004
 -5.865336866280143E-003  3.087123276101093E-003
 -1.030155365072049E-002  6.866486922134247E-003
 -1.510987672584910E-002  1.225685681224678E-002
 -1.998867772132724E-002  1.916816706289218E-002
 -2.475320361387950E-002  2.762541200005309E-002
 -2.926681846080064E-002  3.751914355844083E-002
 -3.343533227303978E-002  4.880171053272421E-002
 -3.719326317481210E-002  6.133062180086253E-002
 -4.047796740481426E-002  7.498828384172887E-002
 -4.325562216675605E-002  8.961002266475475E-002
 -4.547880273827690E-002  0.105031358080988     
 -4.713619915492650E-002  0.121072352498020     
 -4.819751595683937E-002  0.137533880926520     
 -4.867820020098600E-002  0.154234105590850     
 -4.857393350193263E-002  0.170953531470300     
 -4.793487763476229E-002  0.187526253829733     
 -4.679282771195758E-002  0.203730028684028     
 -4.524012660738098E-002  0.219436717160742     
 -4.335207774667720E-002  0.234441555583847     
 -4.126792986134625E-002  0.248677465100308     
 -3.910718221426037E-002  0.261974746011091     
 -3.705709559447911E-002  0.274348348361077     
 -3.526817974380765E-002  0.285666022076857     
 -3.397048281631430E-002  0.296036790222791     
 -3.330336847782042E-002  0.305328966759631     
 -3.352058379114910E-002  0.313735750572741     
 -3.463392173556916E-002  0.320988377071592     
 -3.684908006973303E-002  0.327306537163736     
 -3.972911452209731E-002  0.331940775574698     
 -4.312754050977677E-002  0.334932977303285     
 -4.541700416056755E-002  0.334356211839368     
 -4.535739847513426E-002  0.329742828831834     
 -3.750195211107861E-002  0.315862986197476     
 -1.575378607741103E-002  0.291182190379521     
  3.538500225042505E-002  0.247286043559409     
  0.139129470484102       0.184011402840085     
  0.320587557210198       0.108636451750525     
  0.609937010935371       3.299688794908438E-002
   1.00000000000000       0.000000000000000E+000
  2.122610839453942E-314  0.000000000000000E+000
 -3.952266266111322E-003  9.829628557226891E-004
 -9.269673868252469E-003  3.853373005304347E-003
 -1.537223544769321E-002  8.479193714150292E-003
 -2.180575375833929E-002  1.485398384960856E-002
 -2.829061146933674E-002  2.289655625310039E-002
 -3.459270773183444E-002  3.256302113682735E-002
 -4.056876804272751E-002  4.376443864250157E-002
 -4.608851679438418E-002  5.640918476604870E-002
 -5.107004258712837E-002  7.037479129393198E-002
 -5.542961081892996E-002  8.551271928094897E-002
 -5.911323014516204E-002  0.101669408072002     
 -6.206405777840065E-002  0.118654811968987     
 -6.425100196340142E-002  0.136289045358560     
 -6.564468181847381E-002  0.154350305034090     
 -6.624490808052184E-002  0.172644970550926     
 -6.605861842805595E-002  0.190932869131396     
 -6.512873251868509E-002  0.209024360828870     
 -6.350788931335467E-002  0.226676568144193     
 -6.129373966090916E-002  0.243725960653340     
 -5.858887309609286E-002  0.259943658158906     
 -5.555288015479024E-002  0.275214823427343     
 -5.233215414766430E-002  0.289336884232586     
 -4.914635142108388E-002  0.302259494846042     
 -4.616168213152308E-002  0.313803706961004     
 -4.363602900813769E-002  0.323978782598533     
 -4.169775793398849E-002  0.332592141540291     
 -4.057205183163104E-002  0.339659045115980     
 -4.021943866594450E-002  0.344864358844899     
 -4.062304869686108E-002  0.348078313099569     
 -4.128401479787953E-002  0.348642685410055     
 -4.136358783563444E-002  0.345916665819580     
 -3.919091228060891E-002  0.338445799696722     
 -3.158864146438779E-002  0.324477637564427     
 -1.408820228684300E-002  0.301196383251536     
  2.333407950692286E-002  0.265701497570060     
  9.121601340499556E-002  0.215660072210746     
  0.210162757984692       0.152669157820065     
  0.396817012444064       8.497682424532733E-002
  0.660601250272630       2.661932257670746E-002
   1.00000000000000       0.000000000000000E+000
  2.122610839453942E-314  0.000000000000000E+000
 -6.083027240102197E-003  1.169607060845298E-003
 -1.335391503017623E-002  4.518825150892860E-003
 -2.127796062343847E-002  9.827173699874009E-003
 -2.947939938380596E-002  1.703284228898815E-002
 -3.764873279856260E-002  2.599095941867686E-002
 -4.556910684028068E-002  3.665355516190186E-002
 -5.305884797813669E-002  4.888315204686162E-002
 -5.998361693965923E-002  6.260594867697222E-002
 -6.623070011496301E-002  7.766213631654915E-002
 -7.170211610478154E-002  9.392644093375382E-002
 -7.632386373290229E-002  0.111213679234383     
 -8.002001089889997E-002  0.129350918497871     
 -8.275162412086154E-002  0.148131675558884     
 -8.446865668284376E-002  0.167339166216676     
 -8.517606322063506E-002  0.186758177115818     
 -8.486214114685395E-002  0.206137596865829     
 -8.358832800269268E-002  0.225271461637706     
 -8.139446901407292E-002  0.243886559871164     
 -7.840818345904144E-002  0.261807971351694     
 -7.472801922872968E-002  0.278753233216030     
 -7.054934857033268E-002  0.294599784473351     
 -6.602256576974291E-002  0.309062087298066     
 -6.139863533532366E-002  0.322084380820450     
 -5.684577710903358E-002  0.333363624516088     
 -5.263377753621163E-002  0.342908001847242     
 -4.886013656723762E-002  0.350337576524525     
 -4.572358204423361E-002  0.355686257726722     
 -4.304718991585623E-002  0.358356813015522     
 -4.073780114782607E-002  0.358303898484302     
 -3.790366281504503E-002  0.354457371970103     
 -3.363701028382662E-002  0.346499342984049     
 -2.537121891913116E-002  0.332496524902954     
 -1.008051878546132E-002  0.311649524653531     
  1.823053240547264E-002  0.281289665465166     
  6.747273281125735E-002  0.240542600277009     
  0.148479650002534       0.188902222831600     
  0.275144312189236       0.128903037839610     
  0.457846539044374       6.947996512317337E-002
  0.701945222637475       2.093941068506134E-002
   1.00000000000000       0.000000000000000E+000
  2.122610839453942E-314  0.000000000000000E+000
 -8.504768944013629E-003  1.299171940090001E-003
 -1.793951679351680E-002  5.005749015953754E-003
 -2.786282537155972E-002  1.085953752906898E-002
 -3.792720620973058E-002  1.869765437217116E-002
 -4.785758636799201E-002  2.836769407708517E-002
 -5.742994919630515E-002  3.976670497585228E-002
 -6.646358036238098E-002  5.276417050529317E-002
 -7.480550198588966E-002  6.725036421571724E-002
 -8.232827202101993E-002  8.308020771874677E-002
 -8.891640474538746E-002  0.100106482902785     
 -9.447511469624370E-002  0.118157322490042     
 -9.891544124806644E-002  0.137043737366569     
 -0.102177147627913       0.156565784633799     
 -0.104203781624842       0.176494092658530     
 -0.104982568779245       0.196608835727098     
 -0.104503470128154       0.216648597762577     
 -0.102817159758511       0.236387966563329     
 -9.997354792587577E-002  0.255545230105558     
 -9.609813700558788E-002  0.273907129822116     
 -9.130632865129833E-002  0.291184536162193     
 -8.579753244147488E-002  0.307191736827230     
 -7.974204216187590E-002  0.321640043460501     
 -7.338938366812106E-002  0.334375313328395     
 -6.692616188448459E-002  0.345102017875557     
 -6.058511561254629E-002  0.353675979043344     
 -5.448003754324141E-002  0.359757485556210     
 -4.867233074947581E-002  0.363144355376421     
 -4.301676186410890E-002  0.363369216202716     
 -3.706639583984366E-002  0.360034047491956     
 -3.003881652621609E-002  0.352408121901040     
 -2.028132408575942E-002  0.339708708791024     
 -5.652154436328390E-003  0.320832690380262     
  1.804869048002402E-002  0.294621458535950     
  5.550070762621305E-002  0.259997933466568     
  0.114937465552882       0.216539796818815     
  0.204430912107743       0.165192045174710     
  0.333998983315389       0.109661905291544     
  0.511383039357408       5.695468506592231E-002
  0.735646179354044       1.626405398529771E-002
   1.00000000000000       0.000000000000000E+000
  2.122610839453942E-314  0.000000000000000E+000
 -1.116837474564447E-002  1.402403066831924E-003
 -2.293718684599180E-002  5.365650022634405E-003
 -3.495745485031117E-002  1.158524176108481E-002
 -4.695482446729370E-002  1.986000149774524E-002
 -5.867383974046288E-002  2.999627780295539E-002
 -6.991393556054196E-002  4.187907740082759E-002
 -8.048762418031780E-002  5.534664448385702E-002
 -9.023972625338510E-002  7.029580351655670E-002
 -9.902689822018691E-002  8.655887575624302E-002
 -0.106717772066301       0.104005308078153     
 -0.113201910282579       0.122445534188091     
 -0.118368203486960       0.141706454191287     
 -0.122145920195274       0.161574693331752     
 -0.124454591748439       0.181828143530180     
 -0.125279337978869       0.202238137293160     
 -0.124587825748197       0.222535264896355     
 -0.122438744924352       0.242491005268237     
 -0.118864036423361       0.261794701436668     
 -0.114006737445269       0.280236876581971     
 -0.107968772820123       0.297473092853588     
 -0.100973278442154       0.313329669322692     
 -9.317606060065656E-002  0.327430323303181     
 -8.485113856028459E-002  0.339644322667196     
 -7.615287964417723E-002  0.349549384937517     
 -6.733456739654067E-002  0.357045184424737     
 -5.842381909180416E-002  0.361620536239976     
 -4.950259530790805E-002  0.363160688417544     
 -4.022220430286925E-002  0.360987856821445     
 -3.019099854742709E-002  0.354889610399402     
 -1.822468312059267E-002  0.343936179280315     
 -2.875428908242540E-003  0.327729801719529     
  1.860842413566972E-002  0.305158998233853     
  4.970375607754820E-002  0.275750423591704     
  9.548722145838333E-002  0.238921213596541     
  0.162300689008310       0.194972206400720     
  0.257017635676392       0.145771806714495     
  0.386884498648678       9.457873799905661E-002
  0.555869909441025       4.824383676631810E-002
  0.763211021578876       1.336324424400825E-002
   1.00000000000000       0.000000000000000E+000
  2.122610839453942E-314  0.000000000000000E+000
 -1.395542546896380E-002  1.449752085994460E-003
 -2.816370316678859E-002  5.552723001825125E-003
 -4.235325046685891E-002  1.198171173568403E-002
 -5.631684809767010E-002  2.048201126408102E-002
 -6.983577300625880E-002  3.085420297145126E-002
 -8.273203024166302E-002  4.294648914548762E-002
 -9.482601603326841E-002  5.660398503143362E-002
 -0.105959887739029       7.169777843698294E-002
 -0.115981454812152       8.807597832942318E-002
 -0.124745688555851       0.105592501186124     
 -0.132125397946599       0.124075451271326     
 -0.137992367714660       0.143341683322864     
 -0.142256781935310       0.163191197453871     
 -0.144822886660945       0.183395968365416     
 -0.145658398940817       0.203730463979308     
 -0.144721192214615       0.223923291164029     
 -0.142056719536101       0.243733216495408     
 -0.137694945602796       0.262852967437449     
 -0.131769666006848       0.281038610297611     
 -0.124389438984261       0.297957405204570     
 -0.115766867723023       0.313372668306434     
 -0.106073019294024       0.326933883231143     
 -9.555562703311726E-002  0.338410474651432     
 -8.439491968503000E-002  0.347431756816982     
 -7.277308794463820E-002  0.353751856926300     
 -6.076447588276279E-002  0.356960586443987     
 -4.828786110028219E-002  0.356748782141773     
 -3.509304812748600E-002  0.352631730086643     
 -2.047738340507051E-002  0.344175399368726     
 -3.485534032076372E-003  0.330803175328080     
  1.778734336619432E-002  0.311958955376500     
  4.557316085976661E-002  0.287098622227650     
  8.366361305491268E-002  0.255858198633522     
  0.136116592687945       0.218292217260573     
  0.208579255764192       0.175217381970899     
  0.306464232507265       0.128585693786064     
  0.434455709740575       8.201616905022666E-002
  0.595602047778620       4.097395445423122E-002
  0.786398145826033       1.126560158126312E-002
   1.00000000000000       0.000000000000000E+000
  2.122610839453942E-314  0.000000000000000E+000
 -1.683198043940007E-002  1.472180023697907E-003
 -3.351623522887106E-002  5.610792741467329E-003
 -4.989107463686392E-002  1.207748068980461E-002
 -6.580919021795810E-002  2.059798564083891E-002
 -8.110168227706713E-002  3.095574842112209E-002
 -9.561467963418721E-002  4.299214132816367E-002
 -0.109183708576505       5.653784793990614E-002
 -0.121652176994376       7.147126501616036E-002
 -0.132863074045812       8.762976901888996E-002
 -0.142658671197567       0.104884389408628     
 -0.150897969658718       0.123055405866080     
 -0.157432737691147       0.141978390244821     
 -0.162157594385200       0.161448808570592     
 -0.164953999195181       0.181251254237140     
 -0.165777789276784       0.201160244690162     
 -0.164564659300695       0.220903659287005     
 -0.161355495468070       0.240247015998699     
 -0.156160407269766       0.258862874307725     
 -0.149117526152672       0.276523065604525     
 -0.140316463756392       0.292850483698656     
 -0.129982872257077       0.307635792349769     
 -0.118262617494498       0.320457010369559     
 -0.105424965357697       0.331126467646678     
 -9.160250227082843E-002  0.339175392334179     
 -7.701159686604120E-002  0.344424573287865     
 -6.162933081716333E-002  0.346347467811537     
 -4.543897654244806E-002  0.344742207866556     
 -2.801147409713443E-002  0.339016625584089     
 -8.787138523520229E-003  0.328912677515775     
  1.345373215830817E-002  0.313820664352454     
  4.028405905812083E-002  0.293455522303540     
  7.416505178753331E-002  0.267425056413478     
  0.118183280513983       0.235683676236103     
  0.176188933630513       0.198690698202313     
  0.252654885047747       0.157361767986104     
  0.351736810069349       0.114060278661343     
  0.477039975595245       7.172185689448758E-002
  0.629468636864182       3.543641982003366E-002
  0.806229762459018       9.632423179285803E-003
   1.00000000000000       0.000000000000000E+000
  2.122610839453942E-314  0.000000000000000E+000
 -1.967669977919487E-002  1.443342699740848E-003
 -3.882758915009689E-002  5.511190041188670E-003
 -5.735217327759141E-002  1.185950074236341E-002
 -7.518703584324847E-002  2.019460569442423E-002
 -9.219794749363305E-002  3.030452328936017E-002
 -0.108270569004060       4.201326250473980E-002
 -0.123252644225651       5.516544540223002E-002
 -0.136995622720969       6.962543178317619E-002
 -0.149339846893017       8.525255984853489E-002
 -0.160116261221188       0.101908549454005     
 -0.169172928251796       0.119438859916108     
 -0.176340055199308       0.137673565852745     
 -0.181497761029229       0.156430682381438     
 -0.184503105793504       0.175493549271584     
 -0.185297331772709       0.194650361692714     
 -0.183794805135977       0.213633391098519     
 -0.180023501130608       0.232206821620582     
 -0.173979790585987       0.250056074426102     
 -0.165789579740527       0.266930753284101     
 -0.155539519866314       0.282479171339540     
 -0.143438127918332       0.296443641368143     
 -0.129642059045726       0.308446102266663     
 -0.114386311097166       0.318220946889611     
 -9.783369428939093E-002  0.325370866043251     
 -8.012961211958629E-002  0.329610723473347     
 -6.131467986662720E-002  0.330526562690672     
 -4.124275269087943E-002  0.327796984812421     
 -1.961234231265695E-002  0.321000916649638     
  4.325222310093774E-003  0.309788121779956     
  3.154114817418429E-002  0.293788215359693     
  6.377528974000794E-002  0.272730441694252     
  0.103040894840499       0.246493284928699     
  0.152306954835283       0.215235374997448     
  0.214738882383450       0.179561113005941     
  0.293977151313687       0.140717175503315     
  0.393437302340552       0.100776003265572     
  0.515074968815331       6.273577277182324E-002
  0.659697762279119       3.062027656860324E-002
  0.823340198904218       8.265932040267782E-003
   1.00000000000000       0.000000000000000E+000
  2.122610839453942E-314  0.000000000000000E+000
 -2.246518431453667E-002  1.391288876142448E-003
 -4.398969768594668E-002  5.287340216030810E-003
 -6.458844452410285E-002  1.135901011109064E-002
 -8.424487319412725E-002  1.930964462523474E-002
 -0.102889305838685       2.893166495824953E-002
 -0.120429841915436       4.005352146803003E-002
 -0.136741493610328       5.252045661650821E-002
 -0.151680180479445       6.621141916368553E-002
 -0.165087593346734       8.098532635204271E-002
 -0.176786895917796       9.672669885645009E-002
 -0.186611598565195       0.113280838898419     
 -0.194377005534181       0.130503351952439     
 -0.199941100990613       0.148214129225812     
 -0.203142935910825       0.166218185971903     
 -0.203901140428195       0.184310082622430     
 -0.202111885181711       0.202233227893964     
 -0.197785610139023       0.219765531711792     
 -0.190901450832889       0.236587485343553     
 -0.181576667515747       0.252472424586821     
 -0.169879797099775       0.267044253129724     
 -0.156022122000337       0.280081156138748     
 -0.140135006763957       0.291161102496512     
 -0.122470898943666       0.300068607501159     
 -0.103148751942749       0.306347969289275     
 -8.235441429394512E-002  0.309781874523739     
 -6.005242962971509E-002  0.309897506564881     
 -3.618036958071071E-002  0.306464803646413     
 -1.032481602736357E-002  0.299031803698772     
  1.809457402805679E-002  0.287367988339529     
  5.015875908520713E-002  0.271146068949206     
  8.728864252474021E-002  0.250230352957801     
  0.131471413738969       0.224662523025164     
  0.185146865798881       0.194679410917364     
  0.251063884137106       0.161143903321565     
  0.332194450016914       0.125149169175067     
  0.430943749723044       8.890813714052338E-002
  0.548889527916180       5.482419190019873E-002
  0.685628492943688       2.656584468797100E-002
  0.837988995934570       7.100579473864919E-003
   1.00000000000000       0.000000000000000E+000
  2.122610839453942E-314  0.000000000000000E+000
 -2.508099041941335E-002  1.292875609928297E-003
 -4.885741507521781E-002  4.922296407898772E-003
 -7.139183542780762E-002  1.056959810666063E-002
 -9.275730036242565E-002  1.794488504809303E-002
 -0.112914702696339       2.685760860266048E-002
 -0.131818936221021       3.713684927117200E-002
 -0.149359525366093       4.865157638697869E-002
 -0.165405203754053       6.127798592860480E-002
 -0.179800330483642       7.490553084013779E-002
 -0.192356867910318       8.941593984878553E-002
 -0.202903465540239       0.104688735602484     
 -0.211229332904387       0.120578565697840     
 -0.217183732344297       0.136938424877721     
 -0.220573095113473       0.153576420557097     
 -0.221306275543799       0.170313409709777     
 -0.219247759317068       0.186902673933115     
 -0.214398453467412       0.203135821023153     
 -0.206712998258212       0.218713315235117     
 -0.196298243600534       0.233404504889519     
 -0.183210347048389       0.246866887950680     
 -0.167644849614530       0.258853714138552     
 -0.149737311097376       0.268993656681415     
 -0.129711220199638       0.277025725723174     
 -0.107712719651227       0.282565313652324     
 -8.387652276928775E-002  0.285336266194357     
 -5.822983014502884E-002  0.284959609223804     
 -3.063527941541877E-002  0.281152174917926     
 -8.005944493378736E-004  0.273576635568300     
  3.192712694744329E-002  0.261990333760192     
  6.841521658846945E-002  0.246185225880741     
  0.110065992073900       0.226098606185839     
  0.158530910903789       0.201846214783705     
  0.215965264951138       0.173835525389194     
  0.284686317195983       0.142853746572430     
  0.366939431638825       0.110162848153471     
  0.464782214429201       7.760633376054915E-002
  0.578774482491338       4.750933301573091E-002
  0.708636692641054       2.282260073735310E-002
  0.850734873007866       6.050288493418591E-003
   1.00000000000000       0.000000000000000E+000
  2.122610839453942E-314  0.000000000000000E+000
 -2.750551297493302E-002  1.172616130467184E-003
 -5.332118682971745E-002  4.440259559576910E-003
 -7.762530148853036E-002  9.522008539938082E-003
 -0.100525456298867       1.613931665788542E-002
 -0.122052175685944       2.412481585944983E-002
 -0.142179466978540       3.332405532143697E-002
 -0.160828715451689       4.361955562265148E-002
 -0.177875301365487       5.491118942184624E-002
 -0.193166533807814       6.709669750321436E-002
 -0.206511786897820       8.008833959879240E-002
 -0.217722520442122       9.377189062590088E-002
 -0.226579667323603       0.108035962710089     
 -0.232903581798731       0.122741053998576     
 -0.236489857816231       0.137727601732972     
 -0.237214632462926       0.152828574545961     
 -0.234931268259770       0.167822373408652     
 -0.229611062112201       0.182520402025917     
 -0.221197906215041       0.196636340748093     
 -0.209777625578815       0.209969126115719     
 -0.195394246504254       0.222175099342656     
 -0.178235125261090       0.233047513310579     
 -0.158417827220145       0.242200622734482     
 -0.136175184656430       0.249423028609570     
 -0.111623609772087       0.254308589882483     
 -8.493318813930174E-002  0.256638560807433     
 -5.608733908338610E-002  0.256018223740340     
 -2.502694247192939E-002  0.252226725704699     
  8.585114590181155E-003  0.244937607586812     
  4.525261979047684E-002  0.233967409258947     
  8.583999593252951E-002  0.219170654166987     
  0.131497337425846       0.200515937298809     
  0.183721635430692       0.178244257189416     
  0.244309933487417       0.152705777152061     
  0.315139651323005       0.124830208117618     
  0.398094597761356       9.563535339381656E-002
  0.494490703375662       6.698402744302442E-002
  0.604822730017206       4.069434214826184E-002
  0.728138587153643       1.944251443619454E-002
  0.861469790866756       5.108467887126719E-003
   1.00000000000000       0.000000000000000E+000
  2.122610839453942E-314  0.000000000000000E+000
 -2.963057754505944E-002  1.011710950791603E-003
 -5.726097103640826E-002  3.836661984719705E-003
 -8.310433682744726E-002  8.220014915939529E-003
 -0.107356478979962       1.391230001915423E-002
 -0.130072673756384       2.077455945689850E-002
 -0.151273840052840       2.866872238092468E-002
 -0.170895906281853       3.750959925620671E-002
 -0.188827478877724       4.720481120420207E-002
 -0.204922013663701       5.768970107131972E-002
 -0.218976702554557       6.888084032558124E-002
 -0.230803355649378       8.070554412513542E-002
 -0.240153469893554       9.305718593821942E-002
 -0.246844593161383       0.105838454953074     
 -0.250633867083956       0.118898653581785     
 -0.251393536878334       0.132108954092911     
 -0.248937519498307       0.145264114054068     
 -0.243232907989860       0.158204718718887     
 -0.234190340413504       0.170671188885967     
 -0.221889971204891       0.182478356877816     
 -0.206354553473821       0.193321487337578     
 -0.187761154044605       0.202994378426454     
 -0.166222756279225       0.211162476324239     
 -0.141953374962985       0.217601417891756     
 -0.115086947388515       0.221966308580807     
 -8.576521926345365E-002  0.224019750598833     
 -5.402032788368501E-002  0.223432863073067     
 -1.976503571095701E-002  0.219976087846584     
  1.724267364062657E-002  0.213382301281028     
  5.750078991973381E-002  0.203491397153214     
  0.101713432466027       0.190188875968301     
  0.150919567296083       0.173516148408352     
  0.206383865308382       0.153676812372118     
  0.269587215420493       0.131127640101825     
  0.342145114132082       0.106631319508030     
  0.425377192068373       8.126249759560986E-002
  0.520446583587480       5.652902730905646E-002
  0.627235242999294       3.412003711580001E-002
  0.744985453985174       1.617410335586647E-002
  0.870613556499554       4.217456690649000E-003
   1.00000000000000       0.000000000000000E+000
  2.122610839453942E-314  0.000000000000000E+000
 -3.144306576695855E-002  8.308907814977089E-004
 -6.057096605103686E-002  3.128154906654692E-003
 -8.770757393565592E-002  6.695920724467276E-003
 -0.113069393345364       1.130861255009534E-002
 -0.136779061073379       1.686607615315861E-002
 -0.158871151820443       2.325676961130878E-002
 -0.179312445752678       3.041927080403670E-002
 -0.197998608590396       3.829204362394839E-002
 -0.214784980514745       4.682595336038409E-002
 -0.229470485980988       5.597382020060501E-002
 -0.241847211995898       6.567551256421462E-002
 -0.251665154656947       7.586458922114472E-002
 -0.258708070288918       8.645791683193692E-002
 -0.262730413354364       9.734564157314854E-002
 -0.263564299421590       0.108418523506055     
 -0.261021098512605       0.119508548325000     
 -0.255028862999153       0.130483967198216     
 -0.245495704565937       0.141114843741810     
 -0.232470180459801       0.151252677768802     
 -0.215970663309309       0.160612529886898     
 -0.196155045511516       0.169032501860265     
 -0.173127146466704       0.176188717713731     
 -0.147098795519308       0.181904967725452     
 -0.118188431352392       0.185842535861693     
 -8.655927571479750E-002  0.187810140009268     
 -5.222656407069366E-002  0.187489477444229     
 -1.515997812530700E-002  0.184686723204671     
  2.488078840332598E-002  0.179162127908632     
  6.828419245774206E-002  0.170767138203022     
  0.115689095199853       0.159442623993580     
  0.167958577409210       0.145191590485003     
  0.226159052267286       0.128297961951929     
  0.291546057436219       0.109085383053052     
  0.365347439967137       8.838262110422666E-002
  0.448701578225049       6.698258002021386E-002
  0.542254541451417       4.635992696829096E-002
  0.645950772791218       2.775362547800937E-002
  0.758693391954288       1.308057148037670E-002
  0.877947042258215       3.370039178547711E-003
   1.00000000000000       0.000000000000000E+000
  2.122610839453942E-314  0.000000000000000E+000
 -3.284810847323761E-002  6.177354457217840E-004
 -6.316272252096762E-002  2.326021088160508E-003
 -9.128711350576348E-002  4.969459827350002E-003
 -0.117517581701021       8.372144679688704E-003
 -0.141992406418837       1.246999213677281E-002
 -0.164787820636094       1.718130551777944E-002
 -0.185881976538470       2.248104146986507E-002
 -0.205181826711616       2.832485040774783E-002
 -0.222549780034405       3.470344062158486E-002
 -0.237772321431281       4.158159908522914E-002
 -0.250645493673909       4.894311621994481E-002
 -0.260889541899716       5.673391317393472E-002
 -0.268290613101170       6.491739178502413E-002
 -0.272563115328414       7.340104587761985E-002
 -0.273541080812046       8.212153354429894E-002
 -0.270993045768076       9.093649313211900E-002
 -0.264848385820593       9.975535090816029E-002
 -0.254976803710509       0.108383857088060     
 -0.241425928675492       0.116706313040225     
 -0.224186054825290       0.124483056923481     
 -0.203409318503722       0.131574793319354     
 -0.179186123467346       0.137709378575027     
 -0.151716302561060       0.142724295826225     
 -0.121123368927330       0.146332820919743     
 -8.755600152749526E-002  0.148353785186734     
 -5.105859401681426E-002  0.148511582557500     
 -1.159847292372683E-002  0.146627992156789     
  3.100203498860211E-002  0.142482891998961     
  7.708906447781121E-002  0.135958649835007     
  0.127194848262971       0.126972443735031     
  0.182044025767880       0.115575600755784     
  0.242554040455736       0.101955871880636     
  0.309696564609979       8.648137095592387E-002
  0.384547859439218       6.977644732715624E-002
  0.467836814909488       5.261863342166642E-002
  0.560158933982778       3.614587215778120E-002
  0.661115206090391       2.145065060711343E-002
  0.769814390376489       1.000145057527499E-002
  0.883834598122967       2.538706298567870E-003
   1.00000000000000       0.000000000000000E+000
  2.122610839453942E-314  0.000000000000000E+000
 -3.384009638098026E-002  3.883029896880058E-004
 -6.494277414721450E-002  1.440364655807625E-003
 -9.374789072799712E-002  3.077877925335125E-003
 -0.120554487197874       5.159392300817576E-003
 -0.145558890840458       7.670937127862924E-003
 -0.168842273750108       1.056338478074022E-002
 -0.190408853454479       1.384253644228441E-002
 -0.210170443002118       1.749710835594687E-002
 -0.227989864759600       2.153928580849925E-002
 -0.243657892512668       2.597039067536977E-002
 -0.256950749654479       3.079367492710118E-002
 -0.267592996968383       3.599575078853245E-002
 -0.275336419828043       4.156303214850348E-002
 -0.279900415636540       4.744654726514090E-002
 -0.281076630132097       5.361323999462610E-002
 -0.278639155069805       5.996425306006282E-002
 -0.272473944881232       6.644832711190479E-002
 -0.262455377604161       7.291135028980582E-002
 -0.248593037987317       7.928534909759967E-002
 -0.230878457324307       8.536495396966712E-002
 -0.209436002877260       9.106361030162717E-002
 -0.184351676333885       9.613710440534730E-002
 -0.155811442130529       0.100474532680656     
 -0.123929858530769       0.103812729723937     
 -8.885975175523082E-002  0.106012299127708     
 -5.064095726763566E-002  0.106821336788707     
 -9.269847198620678E-003  0.106081564574903     
  3.540942648577677E-002  0.103602508192417     
  8.367911180712129E-002  9.924771934795214E-002
  0.135986133083182       9.297325571196338E-002
  0.192950843086607       8.474806286874095E-002
  0.255299131400838       7.480129180082043E-002
  0.323877658976269       6.332131705073894E-002
  0.399452696845212       5.094879659229946E-002
  0.482680630690119       3.815578872715426E-002
  0.573816900842973       2.602045274187653E-002
  0.672578085969771       1.521264607744503E-002
  0.777957823046662       7.011999318232709E-003
  0.887983223166336       1.729199275458836E-003
   1.00000000000000       0.000000000000000E+000
  2.122610839453942E-314  0.000000000000000E+000
 -3.434610717764834E-002  1.390926484780240E-004
 -6.586462571997168E-002  5.017996198096729E-004
 -9.499385517240691E-002  1.061467092801192E-003
 -0.122095599322079       1.744464478791614E-003
 -0.147368024849500       2.574744380650859E-003
 -0.170924138012829       3.543368313042238E-003
 -0.192772535815718       4.690077519866924E-003
 -0.212833691177063       6.028615585203777E-003
 -0.230975535565753       7.606289067007043E-003
 -0.246978680466621       9.444277940009304E-003
 -0.260624928545371       1.158490084893900E-002
 -0.271613624151817       1.403660307030683E-002
 -0.279702781372497       1.682929249091633E-002
 -0.284576252923748       1.994284625117802E-002
 -0.286032232243993       2.339044852203500E-002
 -0.283804893106067       2.711180874492016E-002
 -0.277785485698637       3.110168519047217E-002
 -0.267810501131740       3.525440792172559E-002
 -0.253890721275793       3.954475364863318E-002
 -0.235987332696195       4.382295478215086E-002
 -0.214218840544376       4.804002948721615E-002
 -0.188652113821497       5.200874799084841E-002
 -0.159459680793996       5.565063901525309E-002
 -0.126750283886208       5.875226564411392E-002
 -9.066143958563222E-002  6.120315637731454E-002
 -5.124319313400923E-002  6.278279962406597E-002
 -8.490934721010120E-003  6.336027914288007E-002
  3.771987802272751E-002  6.274408081029170E-002
  8.762889213782868E-002  6.082381739448526E-002
  0.141625587048858       5.750355651707593E-002
  0.200207260598236       5.277084625827277E-002
  0.264020037704531       4.672873585589649E-002
  0.333686650753498       3.955802651939958E-002
  0.409901663486087       3.167525682414656E-002
  0.493043789081782       2.348715243979879E-002
  0.583377811980582       1.574126385093161E-002
  0.680463709203134       8.951376245395937E-003
  0.783487004371394       3.990328400220757E-003
  0.890744555285138       9.221073582795125E-004
   1.00000000000000       0.000000000000000E+000
  2.122610839453942E-314  0.000000000000000E+000
 -3.437111023380217E-002 -1.200756105703585E-004
 -6.585911121423310E-002 -4.857897512919129E-004
 -9.497141228301383E-002 -1.035553453986362E-003
 -0.122049405263912      -1.801156338219168E-003
 -0.147332582297599      -2.703466721961069E-003
 -0.170926506934924      -3.718337404589749E-003
 -0.192858534205097      -4.771924979282745E-003
 -0.213048969444893      -5.821766872523176E-003
 -0.231366068613841      -6.794625302993156E-003
 -0.247595158680658      -7.639738639490477E-003
 -0.261502514034562      -8.287935149372516E-003
 -0.272795868885321      -8.697353709857704E-003
 -0.281204722525964      -8.804264596203476E-003
 -0.286423787297026      -8.590847338195425E-003
 -0.288214089264281      -7.999902288009886E-003
 -0.286321070415579      -7.050610172562108E-003
 -0.280595828578480      -5.693452151861083E-003
 -0.270883243454696      -3.992328832532752E-003
 -0.257156703231108      -1.909156287134274E-003
 -0.239379093555606       4.461956206378605E-004
 -0.217638571538689       3.091647938345994E-003
 -0.191994680014994       5.876303374398277E-003
 -0.162598863165632       8.784701133711024E-003
 -0.129545908864926       1.163583830666556E-002
 -9.296247736991370E-002  1.436761910211731E-002
 -5.288894174007830E-002  1.678876468097844E-002
 -9.322245735469310E-003  1.878759522887655E-002
  3.784605540045537E-002  2.019885747543437E-002
  8.883701730118601E-002  2.088280600508756E-002
  0.143967737776538       2.076526081187949E-002
  0.203698487149772       1.972847971010605E-002
  0.268519807530617       1.788630560253093E-002
  0.339014208982898       1.520800537245080E-002
  0.415647582795619       1.209217526130625E-002
  0.498804563775368       8.614615862307341E-003
  0.588544595519153       5.445926733643451E-003
  0.684567358624433       2.678931900257106E-003
  0.786095112462924       1.015105020018413E-003
  0.891783546963823       1.248676494029726E-004
   1.00000000000000       0.000000000000000E+000
  2.122610839453942E-314  0.000000000000000E+000
 -3.387571624960566E-002 -3.815634421132818E-004
 -6.493356036331091E-002 -1.471542421476286E-003
 -9.365249097588561E-002 -3.151546082840689E-003
 -0.120409552636003      -5.373096613822479E-003
 -0.145427781127517      -8.024319615099987E-003
 -0.168830598111819      -1.103532823159623E-002
 -0.190639449155187      -1.430784177092014E-002
 -0.210780995998108      -1.776905140204328E-002
 -0.229124262743123      -2.132266497478135E-002
 -0.245450258858189      -2.489078521353814E-002
 -0.259530642528857      -2.837789469066855E-002
 -0.271058337974415      -3.170991253467137E-002
 -0.279771213132506      -3.479128944443360E-002
 -0.285340198528934      -3.756184894738269E-002
 -0.287535474680386      -3.992723477083920E-002
 -0.286073256615703      -4.185234584401971E-002
 -0.280811158470960      -4.324677160941858E-002
 -0.271564269039476      -4.410967449031050E-002
 -0.258305417205294      -4.436026670905114E-002
 -0.240971788667487      -4.403793931723330E-002
 -0.219639870116557      -4.308151690372799E-002
 -0.194350404841291      -4.157326976260026E-002
 -0.165231041693001      -3.948552170507871E-002
 -0.132365468583929      -3.694210257133116E-002
 -9.585008486707153E-002 -3.396361994337356E-002
 -5.572177576900571E-002 -3.070737654116494E-002
 -1.195659053076225E-002 -2.724850110506487E-002
  3.555079203600958E-002 -2.375636904272092E-002
  8.700657235591562E-002 -2.034705114894666E-002
  0.142718285806586      -1.715521789971408E-002
  0.203066806730693      -1.430229824807608E-002
  0.268529657687703      -1.181363476850933E-002
  0.339536823479567      -9.767487317219929E-003
  0.416557206947093      -8.004925672514838E-003
  0.499802857674683      -6.554666828750529E-003
  0.589394632980945      -5.086990950461249E-003
  0.684997684503217      -3.677661392210094E-003
  0.786008545177630      -2.024303461132838E-003
  0.891451484158454      -6.794264116079915E-004
   1.00000000000000       0.000000000000000E+000
  2.122610839453942E-314  0.000000000000000E+000
 -3.287799438434957E-002 -6.436843249600975E-004
 -6.305648539782491E-002 -2.457789124623746E-003
 -9.104057557128277E-002 -5.236426983815809E-003
 -0.117160180299329      -8.886842537894960E-003
 -0.141655599502258      -1.324534901112353E-002
 -0.164628099956693      -1.821454832257343E-002
 -0.186108854982389      -2.366350246138691E-002
 -0.206017493107693      -2.950142028773184E-002
 -0.224225493998616      -3.560384456994669E-002
 -0.240517301426422      -4.187715467199652E-002
 -0.254658469025422      -4.819222590581160E-002
 -0.266352356333346      -5.445658829374075E-002
 -0.275321428412191      -6.052978072841578E-002
 -0.281250608665318      -6.632814048774012E-002
 -0.283886804549593      -7.169871581217507E-002
 -0.282959498607667      -7.657757440320646E-002
 -0.278298820830643      -8.080273805416065E-002
 -0.269727119803201      -8.434033701703206E-002
 -0.257190077129673      -8.702852515344328E-002
 -0.240620883552094      -8.887112553606981E-002
 -0.220072584622961      -8.972207378876378E-002
 -0.195567692602752      -8.962711413301318E-002
 -0.167214633878378      -8.847767865864618E-002
 -0.135067077551115      -8.636166984388137E-002
 -9.920399840975666E-002 -8.323358224732069E-002
 -5.963096118221769E-002 -7.921844099279172E-002
 -1.630519211456334E-002 -7.435409616472441E-002
  3.089100634177298E-002 -6.878548553451662E-002
  8.218800273227314E-002 -6.264544202728312E-002
  0.137858441039808      -5.605669312606080E-002
  0.198316611182259      -4.924752737707394E-002
  0.263938376075702      -4.225270038471966E-002
  0.335202682052324      -3.538032072350648E-002
  0.412427076160620      -2.851499408875794E-002
  0.495910146969827      -2.204854776317699E-002
  0.585661994998975      -1.574350274809094E-002
  0.681512128205523      -1.012641056244389E-002
  0.782982439163573      -5.058250169078658E-003
  0.889372176294597      -1.485561642128074E-003
   1.00000000000000       0.000000000000000E+000
  2.122610839453942E-314  0.000000000000000E+000
 -3.138415615467744E-002 -8.866759902041655E-004
 -6.029831263449641E-002 -3.376947551749711E-003
 -8.718905714964152E-002 -7.211730389172949E-003
 -0.112385041237331      -1.221589275606844E-002
 -0.136089960028867      -1.820509678521472E-002
 -0.158405484708514      -2.503746997075496E-002
 -0.179345459800933      -3.257291351143404E-002
 -0.198834197679213      -4.068866093937486E-002
 -0.216738703223797      -4.925497629879177E-002
 -0.232848340778828      -5.814570334858479E-002
 -0.246932693481584      -6.722463311732832E-002
 -0.258696186288224      -7.635752304813194E-002
 -0.267870022334541      -8.539188645632016E-002
 -0.274134105239849      -9.418844866873002E-002
 -0.277244588040071      -0.102576183739094     
 -0.276920368635468      -0.110420899003095     
 -0.272996180881732      -0.117536434265168     
 -0.265280980847941      -0.123806845548883     
 -0.253714636972405      -0.129039894468238     
 -0.238217587131423      -0.133151592835285     
 -0.218821498268285      -0.135958403293028     
 -0.195538908540813      -0.137420866420769     
 -0.168439193913956      -0.137385064159867     
 -0.137568364400781      -0.135866281227052     
 -0.102952676529600      -0.132766506931775     
 -6.458713437051211E-002 -0.128162998957045     
 -2.237502066466897E-002 -0.122040219600614     
  2.382228177709143E-002 -0.114533779109136     
  7.426863720224321E-002 -0.105741173442651     
  0.129272765160201      -9.583406475409381E-002
  0.189235120287732      -8.504567147809193E-002
  0.254595832555670      -7.354969645149838E-002
  0.325758437890790      -6.171891554423958E-002
  0.403144922922135      -4.969541492868705E-002
  0.486958256528180      -3.800673163024534E-002
  0.577349370907481      -2.678776025338473E-002
  0.674173996012022      -1.676066939080021E-002
  0.777122701668768      -8.212627727679696E-003
  0.885898773459104      -2.314699465938760E-003
   1.00000000000000       0.000000000000000E+000
  2.122610839453942E-314  0.000000000000000E+000
 -2.942571438437822E-002 -1.118585465939419E-003
 -5.667673779560021E-002 -4.237325506810607E-003
 -8.216911303648373E-002 -9.026458517653891E-003
 -0.106158828897235      -1.527070688909504E-002
 -0.128836891654549      -2.274728884414415E-002
 -0.150269203961583      -3.129774971799620E-002
 -0.170469186556798      -4.075617046229708E-002
 -0.189347742873618      -5.099685384342239E-002
 -0.206778373022798      -6.186278986430736E-002
 -0.222552080759311      -7.323041907084771E-002
 -0.236445944390727      -8.492548292886153E-002
 -0.248175070850862      -9.681604306995822E-002
 -0.257474483793745      -0.108695939801946     
 -0.264038134167650      -0.120424445287758     
 -0.267620531718178      -0.131759988922235     
 -0.267951770494819      -0.142561351431859     
 -0.264860758062447      -0.152556829151901     
 -0.258158044769270      -0.161616887527463     
 -0.247776566643529      -0.169453218162094     
 -0.233622565849544      -0.175960894395348     
 -0.215722267812908      -0.180855429178478     
 -0.194054356791046      -0.184068538933543     
 -0.168683683898710      -0.185346966113450     
 -0.139603703481176      -0.184670404540090     
 -0.106831584730474      -0.181849315060776     
 -7.029907252875940E-002 -0.176922538215921     
 -2.988374095921449E-002 -0.169803846319888     
  1.460842853005075E-002 -0.160593593512113     
  6.350150690946894E-002 -0.149370609659460     
  0.117127988573615      -0.136289535087226     
  0.175994537291900      -0.121653025570683     
  0.240515280714509      -0.105653652282318     
  0.311255228093231      -8.888103762033875E-002
  0.388558264410564      -7.153606910249800E-002
  0.472839731729794      -5.455403463746385E-002
  0.564191415394728      -3.817254702955511E-002
  0.662696883970339      -2.365040006643111E-002
  0.768192919202260      -1.143727546248844E-002
  0.880583445534607      -3.168230716259448E-003
   1.00000000000000       0.000000000000000E+000
  2.122610839453942E-314  0.000000000000000E+000
 -2.706348887653187E-002 -1.308528419821746E-003
 -5.232739277638040E-002 -4.963278244703709E-003
 -7.612195996837384E-002 -1.059524709890178E-002
 -9.865826067330208E-002 -1.791927919636083E-002
 -0.120073685653754      -2.670922727837507E-002
 -0.140415241461773      -3.677171177277439E-002
 -0.159669970732142      -4.794972219163913E-002
 -0.177752402388152      -6.008849977163926E-002
 -0.194527458169738      -7.304584508393093E-002
 -0.209802383392894      -8.666332325179679E-002
 -0.223356593524779      -0.100782275530426     
 -0.234925552549568      -0.115222262619820     
 -0.244251657386711      -0.129790647204450     
 -0.251047396499484      -0.144280968860283     
 -0.255073908175536      -0.158461368485563     
 -0.256075385768067      -0.172107747258539     
 -0.253880525812475      -0.184952564472205     
 -0.248309934724753      -0.196769900196319     
 -0.239283471886505      -0.207267259002728     
 -0.226715614936014      -0.216236505460430     
 -0.210601530843962      -0.223375686875134     
 -0.190927707440903      -0.228514941203630     
 -0.167707186433331      -0.231364410392552     
 -0.140938721598738      -0.231813239228680     
 -0.110566808640955      -0.229611585561578     
 -7.651745278213390E-002 -0.224727398602516     
 -3.857977418440583E-002 -0.216997543158974     
  3.468401486784970E-003 -0.206483106296080     
  5.004027063009053E-002 -0.193185674641707     
  0.101551166351817      -0.177284822026642     
  0.158571352205492      -0.159030894199068     
  0.221691523436857      -0.138744286888209     
  0.291491560512805      -0.117052018887662     
  0.368566654484784      -9.441947994132588E-002
  0.453307762676101      -7.194409359614891E-002
  0.546087943274022      -5.028564654732310E-002
  0.647020756683852      -3.095623524444873E-002
  0.756162175237508      -1.491998150654655E-002
  0.873767990706391      -4.083581146106232E-003
   1.00000000000000       0.000000000000000E+000
  2.122610839453942E-314  0.000000000000000E+000
 -2.433942456352587E-002 -1.474859203559297E-003
 -4.732316085986972E-002 -5.568022823324146E-003
 -6.918694863713880E-002 -1.187438891517106E-002
 -9.005206707888938E-002 -2.008005216450742E-002
 -0.110010845755140      -2.994380125992220E-002
 -0.129066961865192      -4.126987081260493E-002
 -0.147196690660962      -5.388748524744587E-002
 -0.164298319032800      -6.765485001681783E-002
 -0.180248123241721      -8.240682710424045E-002
 -0.194854141853405      -9.800653306915789E-002
 -0.207918547734276      -0.114256356939997     
 -0.219186422038282      -0.131001023233613     
 -0.228425995962665      -0.147990035385850     
 -0.235360993627457      -0.165042319589459     
 -0.239776656396644      -0.181849356795623     
 -0.241422876859986      -0.198209582493002     
 -0.240149597835894      -0.213762996268838     
 -0.235770620513214      -0.228299676726695     
 -0.228225869883796      -0.241424361064062     
 -0.217404506463471      -0.252933868182850     
 -0.203323298055449      -0.262418221281407     
 -0.185920657623440      -0.269696512279075     
 -0.165232723090821      -0.274369716036612     
 -0.141186480693618      -0.276296250738279     
 -0.113744310489727      -0.275115273782635     
 -8.273918534555152E-002 -0.270743861173932     
 -4.795278965659235E-002 -0.262915046744080     
 -9.057337575079762E-003 -0.251630334431104     
  3.442517987764421E-002 -0.236801395524102     
  8.301614037065727E-002 -0.218565675562324     
  0.137455856472369      -0.197143458222574     
  0.198402156549637      -0.172839135982964     
  0.266763651775126      -0.146453639243647     
  0.343133956242577      -0.118487421012728     
  0.428333030113593      -9.047989931563792E-002
  0.522717260343261      -6.321113557388988E-002
  0.626784461394375      -3.887941905884516E-002
  0.740691009149356      -1.863625634751459E-002
  0.864862500845599      -5.079058970752759E-003
   1.00000000000000       0.000000000000000E+000
  2.122610839453942E-314  0.000000000000000E+000
 -2.137125436491609E-002 -1.578904942995498E-003
 -4.185610337714399E-002 -5.980929710876924E-003
 -6.158804036870271E-002 -1.278574521270062E-002
 -8.059936283789884E-002 -2.163870059364044E-002
 -9.892111370988917E-002 -3.231461607166769E-002
 -0.116520243539442      -4.460048979041499E-002
 -0.133343693629969      -5.835129014658379E-002
 -0.149293312041479      -7.340339131962340E-002
 -0.164235546375919      -8.962450029750781E-002
 -0.178006200797653      -0.106843946255846     
 -0.190408223642990      -0.124901548952494     
 -0.201226378427136      -0.143590989555744     
 -0.210233140434263      -0.162702610903188     
 -0.217194971878100      -0.181985037398434     
 -0.221898439142725      -0.201172530085104     
 -0.224133996294760      -0.219974732368352     
 -0.223744156440816      -0.238073550190257     
 -0.220579453676784      -0.255155650292689     
 -0.214558962035946      -0.270861366550688     
 -0.205605691644692      -0.284876334063843     
 -0.193698903276545      -0.296810217938757     
 -0.178809192400708      -0.306370688367779     
 -0.160916621035801      -0.313150455195257     
 -0.139978533187620      -0.316903113152640     
 -0.115879763671735      -0.317216324395144     
 -8.847247493060223E-002 -0.313913984729628     
 -5.743881563447773E-002 -0.306624671216022     
 -2.243046358558067E-002 -0.295285307684335     
  1.715770360175888E-002 -0.279639477375763     
  6.197632081375063E-002 -0.259807795703206     
  0.112922742755081      -0.235849822493270     
  0.170909465295225      -0.208117364330077     
  0.237004678735204      -0.177362286812788     
  0.312241931917792      -0.144319302736022     
  0.397511072211798      -0.110623098110150     
  0.493815260473748      -7.758106550703907E-002
  0.601620452000489      -4.771912284487787E-002
  0.721533955174534      -2.291534044866870E-002
  0.854159051855838      -6.218989401085182E-003
   1.00000000000000       0.000000000000000E+000
  2.122610839453942E-314  0.000000000000000E+000
 -1.820479921817251E-002 -1.648156089896994E-003
 -3.605192384951071E-002 -6.217710416644878E-003
 -5.351995910945821E-002 -1.330252387316257E-002
 -7.055077209711499E-002 -2.253706898722554E-002
 -8.710135530162064E-002 -3.371223305368984E-002
 -0.103098883374955      -4.662703307633941E-002
 -0.118471003800481      -6.113807370467673E-002
 -0.133106527230794      -7.710759856936918E-002
 -0.146887929902716      -9.438696772057845E-002
 -0.159652751665246      -0.112842678006780     
 -0.171240390032984      -0.132277934634125     
 -0.181443125345440      -0.152532707081876     
 -0.190079293231760      -0.173340398357740     
 -0.196921443394744      -0.194502922182579     
 -0.201804290126825      -0.215678842854528     
 -0.204516349068917      -0.236634437821391     
 -0.204947316093650      -0.256961270086731     
 -0.202932087078402      -0.276400062392714     
 -0.198436540332216      -0.294492533431516     
 -0.191350104731829      -0.310967506071950     
 -0.181702168579065      -0.325333052435879     
 -0.169409192814359      -0.337317951135718     
 -0.154507725034900      -0.346415187562107     
 -0.136878243995649      -0.352366131207746     
 -0.116467739471892      -0.354651044207877     
 -9.302253528631163E-002 -0.353040374769814     
 -6.627295945084745E-002 -0.347040402130742     
 -3.573087981417034E-002 -0.336496443609025     
 -7.756601976152707E-004 -0.320976394768980     
  3.942045811134428E-002 -0.300470879400386     
  8.595372408819035E-002 -0.274914071806937     
  0.139919073734992      -0.244530854958180     
  0.202862627373224      -0.210054662302262     
  0.276015772856731      -0.172237970589888     
  0.361012890767887      -0.132974519882836     
  0.458933902994183      -9.369441669433547E-002
  0.571114241279429      -5.793293312959144E-002
  0.698092302836295      -2.773951422264036E-002
  0.840786595763858      -7.531549811874098E-003
   1.00000000000000       0.000000000000000E+000
  2.122610839453942E-314  0.000000000000000E+000
 -1.500734411417582E-002 -1.641837302295036E-003
 -3.013752163199432E-002 -6.228398213793267E-003
 -4.526940434587366E-002 -1.337015104748481E-002
 -6.022101137370555E-002 -2.270482392306520E-002
 -7.489524658079710E-002 -3.405699508500391E-002
 -8.917177150556120E-002 -4.723155925776548E-002
 -0.102954342938840      -6.212237648219075E-002
 -0.116137753854927      -7.857932446773247E-002
 -0.128596572465409      -9.649848557866525E-002
 -0.140206170716891      -0.115715982106454     
 -0.150804960666716      -0.136089126972357     
 -0.160240379492973      -0.157408439741659     
 -0.168329992797910      -0.179472388652730     
 -0.174908632638151      -0.202014391475733     
 -0.179804709296280      -0.224768702883966     
 -0.182869519189716      -0.247415178989134     
 -0.183976334677230      -0.269628882952898     
 -0.183020237487874      -0.291049853300639     
 -0.179938210797251      -0.311304479967586     
 -0.174677345281374      -0.330012982089961     
 -0.167225957100589      -0.346757983339523     
 -0.157559257918862      -0.361157897361765     
 -0.145663377191002      -0.372753525599049     
 -0.131481650405698      -0.381181375987939     
 -0.114901236726111      -0.385911936619423     
 -9.572505102973307E-002 -0.386617290024631     
 -7.360605814483920E-002 -0.382707658308644     
 -4.808400203085000E-002 -0.373935127586725     
 -1.840229781420086E-002 -0.359647768076810     
  1.632216152887277E-002 -0.339722376847450     
  5.739539342192775E-002 -0.313788054153181     
  0.106171247388556      -0.282048643700454     
  0.164478886808769      -0.244744258485520     
  0.234467356917996      -0.202893563491516     
  0.318027955890227      -0.158159048773999     
  0.417483794147608      -0.112498017076531     
  0.534293011172464      -7.002727024641228E-002
  0.669866365562238      -3.377039886686051E-002
  0.824986490619622      -9.167538992196599E-003
   1.00000000000000       0.000000000000000E+000
  2.122610839453942E-314  0.000000000000000E+000
 -1.181939651774101E-002 -1.593477268197588E-003
 -2.427956771879927E-002 -6.027293377194791E-003
 -3.706056734106445E-002 -1.298736525716297E-002
 -4.991333203065278E-002 -2.212213633530874E-002
 -6.264940722204629E-002 -3.330587059571028E-002
 -7.512653036458410E-002 -4.636672206928126E-002
 -8.722612750427396E-002 -6.121451065109269E-002
 -9.883944715960205E-002 -7.773205300104392E-002
 -0.109861557434680      -9.580464518079222E-002
 -0.120171508870650      -0.115315235843234     
 -0.129653570851068      -0.136087833991591     
 -0.138159160218678      -0.157975500785145     
 -0.145565039783314      -0.180724140083922     
 -0.151705200726537      -0.204145260471736     
 -0.156472325270539      -0.227904025614591     
 -0.159707376227904      -0.251770667694332     
 -0.161348144229212      -0.275339163815522     
 -0.161266450706348      -0.298345714256457     
 -0.159463568730593      -0.320330264403885     
 -0.155849228588935      -0.341004765141645     
 -0.150480200536199      -0.359868247650891     
 -0.143281513862924      -0.376611930486592     
 -0.134320653961889      -0.390703324099721     
 -0.123477496626569      -0.401816835003694     
 -0.110745884342715      -0.409344651650508     
 -9.584519733967010E-002 -0.412936184438240     
 -7.855408973468990E-002 -0.411915506881991     
 -5.829152185883034E-002 -0.405923794726117     
 -3.441544435190518E-002 -0.394130254328625     
 -5.826597978043821E-003 -0.376198415507170     
  2.882220421286659E-002 -0.351521768570748     
  7.124203736065864E-002 -0.320087275976860     
  0.123685484717459      -0.281503709952563     
  0.188804097911441      -0.236544644879260     
  0.269876796853475      -0.187019162697080     
  0.369379853614913      -0.134595825621430     
  0.490762021941900      -8.482125955629904E-002
  0.635491798120197      -4.104574654298080E-002
  0.805132028644864      -1.122098633628356E-002
   1.00000000000000       0.000000000000000E+000
  2.122610839453942E-314  0.000000000000000E+000
 -8.840145474729038E-003 -1.467473434873448E-003
 -1.870558577866024E-002 -5.601436375017293E-003
 -2.920538468948949E-002 -1.214043088440429E-002
 -3.995422775782836E-002 -2.078886067811150E-002
 -5.073425568585491E-002 -3.146635276542464E-002
 -6.135974620189340E-002 -4.402915757686478E-002
 -7.170120194283479E-002 -5.842753171530853E-002
 -8.166325865552514E-002 -7.453922822844242E-002
 -9.113633698940160E-002 -9.229768103704662E-002
 -0.100044791923843      -0.111558609861467     
 -0.108268828925308      -0.132208848407703     
 -0.115723220417137      -0.154056253930599     
 -0.122277176719684      -0.176928505253862     
 -0.127836922643257      -0.200575742926020     
 -0.132279979760546      -0.224764936803248     
 -0.135521980383951      -0.249189640396026     
 -0.137474659154489      -0.273563865548045     
 -0.138083165034538      -0.297534507299160     
 -0.137311215351984      -0.320774589830573     
 -0.135140674446529      -0.342899068277034     
 -0.131583282250136      -0.363544975914642     
 -0.126640880761367      -0.382305747456671     
 -0.120337074710715      -0.398775622554869     
 -0.112638771152714      -0.412538901325355     
 -0.103503365767366      -0.423077074691257     
 -9.276137026376881E-002 -0.429946647944632     
 -8.016647544635580E-002 -0.432490071460500     
 -6.528165307152967E-002 -0.430256153285277     
 -4.743120753493482E-002 -0.422223864842387     
 -2.558168155384058E-002 -0.407960379390407     
  1.693870740146205E-003 -0.386324847280652     
  3.638761290062770E-002 -0.357284745220472     
  8.122125642369118E-002 -0.319406434067812     
  0.139801597398784      -0.273154965503466     
  0.216313521553345      -0.220004713028156     
  0.314584381961887      -0.161685012560925     
  0.438775859581307      -0.103637807940708     
  0.594040274925309      -5.126213608939621E-002
  0.780799959275533      -1.418997115270664E-002
   1.00000000000000       0.000000000000000E+000
  2.122610839453942E-314  0.000000000000000E+000
 -6.094225917953419E-003 -1.297526187060519E-003
 -1.360113274833077E-002 -4.958665833225653E-003
 -2.192093071148949E-002 -1.086006126986068E-002
 -3.065356047085567E-002 -1.873787192884636E-002
 -3.949489390643238E-002 -2.858756631712621E-002
 -4.826818456422553E-002 -4.029406425940108E-002
 -5.682901547028033E-002 -5.382915602505708E-002
 -6.509051546887069E-002 -6.910449734816840E-002
 -7.296894499566582E-002 -8.604222793797570E-002
 -8.039231079327072E-002 -0.104548787172523     
 -8.729044439937765E-002 -0.124478741333379     
 -9.357611032608071E-002 -0.145712508151007     
 -9.918138889503582E-002 -0.168030400749836     
 -0.104003607205532      -0.191278385644017     
 -0.107988624727637      -0.215163611574680     
 -0.111033957138218      -0.239496729355182     
 -0.113119543650008      -0.263922650049013     
 -0.114161639255712      -0.288221709634041     
 -0.114190048614837      -0.311994122116492     
 -0.113148420259258      -0.334996533595019     
 -0.111115919040241      -0.356799769237095     
 -0.108052200188435      -0.377137005689450     
 -0.104062261379067      -0.395550647687155     
 -9.907328022549348E-002 -0.411747422988419     
 -9.315973050396030E-002 -0.425176588756079     
 -8.612053904562451E-002 -0.435468400799385     
 -7.788880292352929E-002 -0.441971782498898     
 -6.798243498275872E-002 -0.444238782006268     
 -5.601548826644102E-002 -0.441127635977012     
 -4.082689359739909E-002 -0.432056327864843     
 -2.127253463556568E-002 -0.415644059272133     
  4.927979945607062E-003 -0.391399299373736     
  4.054433051349032E-002 -0.356955560431899     
  8.992447304460466E-002 -0.311767584845024     
  0.158890462201029      -0.257270107101352     
  0.252497864594513      -0.194922040623102     
  0.378030173279250      -0.128567375777725     
  0.542305615693124      -6.436502429756817E-002
  0.749951153396608      -1.872073140766356E-002
   1.00000000000000       0.000000000000000E+000
  2.122610839453942E-314  0.000000000000000E+000
 -3.780699916285030E-003 -1.063691019623663E-003
 -9.146143791654297E-003 -4.140958726678794E-003
 -1.548542305559534E-002 -9.194419737062916E-003
 -2.228905505920803E-002 -1.606542164365033E-002
 -2.926307897049774E-002 -2.479585493397728E-002
 -3.621447788836078E-002 -3.530914415096663E-002
 -4.300290330228130E-002 -4.761174025216589E-002
 -4.956861039587064E-002 -6.160922175890006E-002
 -5.582393999766627E-002 -7.726803762576806E-002
 -6.174578943885203E-002 -9.446742723892504E-002
 -6.725425867858661E-002 -0.113125826387550     
 -7.232436569329918E-002 -0.133083610694535     
 -7.687276395023743E-002 -0.154209685819931     
 -8.086695249085098E-002 -0.176299151776856     
 -8.422927145991763E-002 -0.199174356499943     
 -8.693051764971572E-002 -0.222583683636606     
 -8.891610632539533E-002 -0.246313506382051     
 -9.017498514129828E-002 -0.270070867512841     
 -9.069074272695675E-002 -0.293621861077360     
 -9.047910136564574E-002 -0.316641401757308     
 -8.956577045110066E-002 -0.338888605781907     
 -8.798701139433263E-002 -0.360013302138007     
 -8.579622016566749E-002 -0.379764259895100     
 -8.301571405715166E-002 -0.397767233659457     
 -7.968659225081925E-002 -0.413699606233776     
 -7.576039197684983E-002 -0.427114805586684     
 -7.118333048886925E-002 -0.437573412108520     
 -6.567966858471370E-002 -0.444590057796001     
 -5.891086304720217E-002 -0.447112411975692     
 -5.001125619283025E-002 -0.444425993942120     
 -3.785435083373141E-002 -0.435088473204416     
 -2.070194016061875E-002 -0.418290495556250     
  4.500549044860816E-003 -0.390697461884176     
  4.199487516643273E-002 -0.351170599966499     
  9.809627254364428E-002 -0.298463128703380     
  0.181530147361984      -0.235506279453084     
  0.301832175051407      -0.160713382338997     
  0.476558884052791      -8.235315523530891E-002
  0.710344505089625      -2.445428210319246E-002
   1.00000000000000       0.000000000000000E+000
  2.122610839453942E-314  0.000000000000000E+000
 -1.900983960767667E-003 -7.931798766055455E-004
 -5.514826197109908E-003 -3.149036363363530E-003
 -1.006719475337572E-002 -7.215967544599611E-003
 -1.511823984814239E-002 -1.287945905757265E-002
 -2.032576000455758E-002 -2.025983740854009E-002
 -2.554076147349850E-002 -2.930736116330783E-002
 -3.062936533665905E-002 -4.003646993442230E-002
 -3.554590965540115E-002 -5.238559969477466E-002
 -4.023533743419613E-002 -6.629914762525375E-002
 -4.467184631495821E-002 -8.170907302281867E-002
 -4.882327524272510E-002 -9.849883192916577E-002
 -5.265342186437331E-002 -0.116585947374949     
 -5.613584834697451E-002 -0.135796812510418     
 -5.922091035267287E-002 -0.156029982628129     
 -6.189155488737953E-002 -0.177057997987449     
 -6.409450405901020E-002 -0.198758810596829     
 -6.583418914086138E-002 -0.220861316767377     
 -6.706722516178538E-002 -0.243226453644837     
 -6.783107326961921E-002 -0.265557009314028     
 -6.810230797993837E-002 -0.287703570352197     
 -6.795608226523142E-002 -0.309362155915030     
 -6.738876198168398E-002 -0.330378999887369     
 -6.650803585197773E-002 -0.350447116295971     
 -6.530782148878063E-002 -0.369406468229335     
 -6.390731284314669E-002 -0.386916351384677     
 -6.225906090101199E-002 -0.402768311409100     
 -6.046566609265397E-002 -0.416535344249470     
 -5.828783422245502E-002 -0.427988299487894     
 -5.571686890387436E-002 -0.436074129391208     
 -5.198123385884964E-002 -0.440190573311699     
 -4.654466452431858E-002 -0.439160628718508     
 -3.763798413465715E-002 -0.432097743700005     
 -2.341101565002760E-002 -0.414862294930814     
  1.268606494052635E-003 -0.385814932755145     
  4.226020010515724E-002 -0.341666042301966     
  0.110742731145061      -0.284023510552220     
  0.221876268643334      -0.203436445343763     
  0.396994415101422      -0.103284498881383     
  0.658484620235448      -2.992766743545716E-002
   1.00000000000000       0.000000000000000E+000
  2.122610839453942E-314  0.000000000000000E+000
 -6.068174071937912E-004 -5.002009070928451E-004
 -2.779961331568105E-003 -2.104889074290031E-003
 -5.828590918675916E-003 -5.069875342735304E-003
 -9.297699232020271E-003 -9.406399350274349E-003
 -1.289519820342233E-002 -1.526725765924501E-002
 -1.650856692470923E-002 -2.262255164439440E-002
 -2.001328650237125E-002 -3.151179440564447E-002
 -2.340622296369079E-002 -4.185303895837510E-002
 -2.662245719248094E-002 -5.363059144527552E-002
 -2.968218185869230E-002 -6.674632765263469E-002
 -3.253542194570404E-002 -8.114469128379934E-002
 -3.519786861070300E-002 -9.670970965294429E-002
 -3.762030573095387E-002 -0.113353465554913     
 -3.981097599693249E-002 -0.130936783788647     
 -4.172324519980022E-002 -0.149344605760476     
 -4.336522611748569E-002 -0.168409748011018     
 -4.470150135620338E-002 -0.188001072004053     
 -4.575024813389932E-002 -0.207924120105978     
 -4.649648260730372E-002 -0.228049979060778     
 -4.697707829913372E-002 -0.248162224210348     
 -4.720274312814424E-002 -0.268156636685876     
 -4.723197823139207E-002 -0.287801476485794     
 -4.709958318650304E-002 -0.307031969129768     
 -4.688091331330707E-002 -0.325597216422985     
 -4.662687814349360E-002 -0.343470266138527     
 -4.641663411746075E-002 -0.360357315762815     
 -4.629585053947868E-002 -0.376235104075502     
 -4.624852670738049E-002 -0.390773975947406     
 -4.625967233385156E-002 -0.403570466296927     
 -4.619500073561568E-002 -0.413838285378511     
 -4.581274294563169E-002 -0.421098962990616     
 -4.420317385848982E-002 -0.424764626845242     
 -4.030051987283014E-002 -0.420172637554496     
 -2.940870208866954E-002 -0.405973492640114     
 -6.059187769653421E-003 -0.376195765602956     
  4.117626381359110E-002 -0.331204127671062     
  0.136327480788435      -0.252603518856845     
  0.311629812821510      -0.136262472118379     
  0.595815890643093      -3.980506292914403E-002
   1.00000000000000       0.000000000000000E+000
  2.122610839453942E-314  0.000000000000000E+000
  1.504596298760639E-004 -2.056839405911914E-004
 -1.036240562689814E-003 -1.021263024008468E-003
 -2.828944260772890E-003 -2.901559778818143E-003
 -4.951160846593982E-003 -5.887643867308711E-003
 -7.142601144575939E-003 -1.015463370628935E-002
 -9.342979362111144E-003 -1.569953452124841E-002
 -1.146714689686462E-002 -2.252728472848441E-002
 -1.351147708310910E-002 -3.059946522022898E-002
 -1.545024445047190E-002 -3.985892588917146E-002
 -1.728585814863516E-002 -5.026793620750732E-002
 -1.900964159239701E-002 -6.173281681967303E-002
 -2.061518542296868E-002 -7.421577576824641E-002
 -2.209759866998532E-002 -8.759337206615811E-002
 -2.344154136494030E-002 -0.101825312910954     
 -2.464613234682106E-002 -0.116758941283257     
 -2.569251259083470E-002 -0.132349243646883     
 -2.658880954530974E-002 -0.148420385920679     
 -2.732024740819037E-002 -0.164924880288363     
 -2.790920509312826E-002 -0.181677942195716     
 -2.835268541187181E-002 -0.198636703680899     
 -2.869047111350944E-002 -0.215626787631370     
 -2.893650862399232E-002 -0.232621642439796     
 -2.914808330535190E-002 -0.249473036336656     
 -2.935885839497905E-002 -0.266181098015900     
 -2.964425958656094E-002 -0.282633055187146     
 -3.005603878851836E-002 -0.298874898138315     
 -3.069933382247522E-002 -0.314766263047731     
 -3.157596344995409E-002 -0.330437705875810     
 -3.280174607809234E-002 -0.345554984465119     
 -3.439934545084261E-002 -0.360087513867450     
 -3.660536886064433E-002 -0.373673445628187     
 -3.880329919557111E-002 -0.387117584139575     
 -4.127608689227024E-002 -0.395040577066627     
 -4.033297249759697E-002 -0.396695088981535     
 -3.362892045888237E-002 -0.387968880717149     
 -9.990092320258506E-003 -0.366157744091842     
  5.071362005139775E-002 -0.301915320335446     
  0.195794977512064      -0.181554771037688     
  0.499331304528687      -6.085963797816267E-002
   1.00000000000000       0.000000000000000E+000
  2.122610839453942E-314  0.000000000000000E+000
  3.622676575497682E-004  1.523648579238409E-005
 -1.425213401894125E-004 -1.554755803663360E-004
 -9.759091956843269E-004 -1.040947143490993E-003
 -2.022785167602975E-003 -2.747289141819510E-003
 -3.073575923439065E-003 -5.449908810340287E-003
 -4.147698985028586E-003 -9.104588805436421E-003
 -5.155918946406143E-003 -1.374509877450600E-002
 -6.138486989889483E-003 -1.929523450726366E-002
 -7.049628110973340E-003 -2.574287168368478E-002
 -7.926271089563118E-003 -3.302306015574270E-002
 -8.734519917343971E-003 -4.110080452589230E-002
 -9.505392978659119E-003 -4.991628195648583E-002
 -1.020500280915851E-002 -5.942122173215313E-002
 -1.086225141121129E-002 -6.955345251331126E-002
 -1.144111251772623E-002 -8.025467005861703E-002
 -1.197259763302676E-002 -9.145336436951187E-002
 -1.242015217410085E-002 -0.103088759661921     
 -1.282155896920424E-002 -0.115077258986180     
 -1.314176148004555E-002 -0.127370547091567     
 -1.343060918851587E-002 -0.139873870245741     
 -1.365436495902293E-002 -0.152573744690012     
 -1.388164589781713E-002 -0.165366531970369     
 -1.407592183790181E-002 -0.178302407696713     
 -1.433727868930967E-002 -0.191266583070239     
 -1.461733069238554E-002 -0.204413979393148     
 -1.506187208293230E-002 -0.217620531934924     
 -1.558446688196829E-002 -0.231162532676981     
 -1.640365825660947E-002 -0.244852932638338     
 -1.738432185178307E-002 -0.259187555147911     
 -1.900901277063059E-002 -0.273766044589866     
 -2.098783099077717E-002 -0.289588614324733     
 -2.347445530797644E-002 -0.306669917820995     
 -2.538490005176425E-002 -0.323721325140094     
 -2.775983464159228E-002 -0.336692433412361     
 -2.934261777832533E-002 -0.350843424115168     
 -3.378269648356885E-002 -0.363730380151134     
 -2.886168890086883E-002 -0.332469722687249     
  4.243815445555373E-002 -0.260284458493327     
  0.291580269553952      -0.101055953817738     
   1.00000000000000       0.000000000000000E+000
  2.122610839453942E-314  0.000000000000000E+000
  1.602179349244972E-004  1.602179349244240E-004
  2.163145546471148E-005  3.675023865838428E-004
 -1.853474668273729E-004  1.731165849160897E-004
 -4.646894264021725E-004 -5.299835383351359E-004
 -7.496805676127579E-004 -1.769713573091712E-003
 -1.038082493680313E-003 -3.585493133581280E-003
 -1.310311129884732E-003 -5.923936586142962E-003
 -1.568485088750507E-003 -8.793439823256803E-003
 -1.812049687491489E-003 -1.213123983775091E-002
 -2.040322548547225E-003 -1.594702907923673E-002
 -2.256862484107283E-003 -2.017683596143700E-002
 -2.458068564370775E-003 -2.483259942366270E-002
 -2.648088492133098E-003 -2.984687363933607E-002
 -2.821339193969439E-003 -3.523576036686785E-002
 -2.983038147753807E-003 -4.092252053311458E-002
 -3.126274740891001E-003 -4.692753461873777E-002
 -3.257644923415047E-003 -5.316509135192252E-002
 -3.370879584141014E-003 -5.966042859699339E-002
 -3.473547746226566E-003 -6.632530138569001E-002
 -3.563086506139938E-003 -7.319211906646808E-002
 -3.646196047720093E-003 -8.018128920248789E-002
 -3.728108799839078E-003 -8.733728353502528E-002
 -3.811139879513942E-003 -9.460404321986517E-002
 -3.915832966183277E-003 -0.102048334187020     
 -4.038445908289124E-003 -0.109650166125940     
 -4.217172651772657E-003 -0.117529393464175     
 -4.430984030702647E-003 -0.125690212783708     
 -4.746075476355745E-003 -0.134311142332358     
 -5.117279087906054E-003 -0.143533344868812     
 -5.773818593534821E-003 -0.153774734388959     
 -6.817382889146622E-003 -0.164936373828117     
 -7.990341003495469E-003 -0.178388006070449     
 -8.770825062467598E-003 -0.192879823096011     
 -9.885477067148660E-003 -0.207910909653345     
 -1.213951692035588E-002 -0.229423115682000     
 -1.919004454436849E-002 -0.273765504453329     
 -4.013959025977671E-002 -0.283570334929211     
 -1.173731571400011E-002 -0.290771141004686     
  0.179115740208694      -0.179924868757808     
   1.00000000000000       0.000000000000000E+000
  2.122610839453942E-314  0.000000000000000E+000
  2.122610839453942E-314  0.000000000000000E+000
  2.122610839453942E-314  0.000000000000000E+000
  2.122610839453942E-314  0.000000000000000E+000
  2.122610839453942E-314  0.000000000000000E+000
  2.122610839453942E-314  0.000000000000000E+000
  2.122610839453942E-314  0.000000000000000E+000
  2.122610839453942E-314  0.000000000000000E+000
  2.122610839453942E-314  0.000000000000000E+000
  2.122610839453942E-314  0.000000000000000E+000
  2.122610839453942E-314  0.000000000000000E+000
  2.122610839453942E-314  0.000000000000000E+000
  2.122610839453942E-314  0.000000000000000E+000
  2.122610839453942E-314  0.000000000000000E+000
  2.122610839453942E-314  0.000000000000000E+000
  2.122610839453942E-314  0.000000000000000E+000
  2.122610839453942E-314  0.000000000000000E+000
  2.122610839453942E-314  0.000000000000000E+000
  2.122610839453942E-314  0.000000000000000E+000
  2.122610839453942E-314  0.000000000000000E+000
  2.122610839453942E-314  0.000000000000000E+000
  2.122610839453942E-314  0.000000000000000E+000
  2.122610839453942E-314  0.000000000000000E+000
  2.122610839453942E-314  0.000000000000000E+000
  2.122610839453942E-314  0.000000000000000E+000
  2.122610839453942E-314  0.000000000000000E+000
  2.122610839453942E-314  0.000000000000000E+000
  2.122610839453942E-314  0.000000000000000E+000
  2.122610839453942E-314  0.000000000000000E+000
  2.122610839453942E-314  0.000000000000000E+000
  2.122610839453942E-314  0.000000000000000E+000
  2.122610839453942E-314  0.000000000000000E+000
  2.122610839453942E-314  0.000000000000000E+000
  2.122610839453942E-314  0.000000000000000E+000
  2.122610839453942E-314  0.000000000000000E+000
  2.122610839453942E-314  0.000000000000000E+000
  2.122610839453942E-314  0.000000000000000E+000
  2.122610839453942E-314  0.000000000000000E+000
  2.122610839453942E-314  0.000000000000000E+000
  2.122610839453942E-314  0.000000000000000E+000
   1.00000000000000       0.000000000000000E+000
