  5.432309224871097E-312  0.000000000000000E+000
  2.122610839453942E-314  0.000000000000000E+000
  2.122610839453942E-314  0.000000000000000E+000
  2.122610839453942E-314  0.000000000000000E+000
  2.122610839453942E-314  0.000000000000000E+000
  2.122610839453942E-314  0.000000000000000E+000
  2.122610839453942E-314  0.000000000000000E+000
  2.122610839453942E-314  0.000000000000000E+000
  2.122610839453942E-314  0.000000000000000E+000
  2.122610839453942E-314  0.000000000000000E+000
  2.122610839453942E-314  0.000000000000000E+000
  2.122610839453942E-314  0.000000000000000E+000
  2.122610839453942E-314  0.000000000000000E+000
  2.122610839453942E-314  0.000000000000000E+000
  2.122610839453942E-314  0.000000000000000E+000
  2.122610839453942E-314  0.000000000000000E+000
  2.122610839453942E-314  0.000000000000000E+000
  2.122610839453942E-314  0.000000000000000E+000
  2.122610839453942E-314  0.000000000000000E+000
  2.122610839453942E-314  0.000000000000000E+000
  2.122610839453942E-314  0.000000000000000E+000
  2.122610839453942E-314  0.000000000000000E+000
  2.122610839453942E-314  0.000000000000000E+000
  2.122610839453942E-314  0.000000000000000E+000
  2.122610839453942E-314  0.000000000000000E+000
  2.122610839453942E-314  0.000000000000000E+000
  2.122610839453942E-314  0.000000000000000E+000
  2.122610839453942E-314  0.000000000000000E+000
  2.122610839453942E-314  0.000000000000000E+000
  2.122610839453942E-314  0.000000000000000E+000
  2.122610839453942E-314  0.000000000000000E+000
  2.122610839453942E-314  0.000000000000000E+000
  2.122610839453942E-314  0.000000000000000E+000
  2.122610839453942E-314  0.000000000000000E+000
  2.122610839453942E-314  0.000000000000000E+000
  2.122610839453942E-314  0.000000000000000E+000
  2.122610839453942E-314  0.000000000000000E+000
  2.122610839453942E-314  0.000000000000000E+000
  2.122610839453942E-314  0.000000000000000E+000
  2.122610839453942E-314  0.000000000000000E+000
   1.00000000000000       0.000000000000000E+000
  2.122610839453942E-314  0.000000000000000E+000
  1.173830038146915E-004 -1.173207927259133E-004
 -2.593943364986049E-005 -7.368771434510808E-005
 -2.395516808513043E-004  1.942571097360742E-004
 -4.814550253164574E-004  9.615330266746544E-004
 -7.166303308456391E-004  2.142697378556787E-003
 -9.303501126235310E-004  3.772420976307475E-003
 -1.134680199351514E-003  5.798355464540272E-003
 -1.311628701853553E-003  8.193330825654117E-003
 -1.476801985748816E-003  1.091978126501622E-002
 -1.613643682214930E-003  1.393435178803115E-002
 -1.738526709298697E-003  1.720811972065359E-002
 -1.836207990718948E-003  2.069024392299084E-002
 -1.922175637213431E-003  2.435860165125711E-002
 -1.983138929241264E-003  2.816008321627510E-002
 -2.033248379004128E-003  3.207856881137285E-002
 -2.062354872224107E-003  3.606336984219127E-002
 -2.082867841452306E-003  4.010487404469570E-002
 -2.089326134227191E-003  4.416220753868224E-002
 -2.091718683420194E-003  4.823293252415067E-002
 -2.091257460045026E-003  5.229738297846147E-002
 -2.094928448155784E-003  5.636085793792069E-002
 -2.112486376501995E-003  6.044133340237798E-002
 -2.146679621808475E-003  6.455098705021796E-002
 -2.219755871778950E-003  6.877273658993481E-002
 -2.333160002402356E-003  7.312187369999038E-002
 -2.524582557256838E-003  7.777755126358289E-002
 -2.806181332046226E-003  8.277637488674293E-002
 -3.199527281605576E-003  8.844038661477113E-002
 -3.655238406891794E-003  9.473119770673610E-002
 -4.370680130819832E-003  0.102452065016688     
 -5.674047678000241E-003  0.111557691552593     
 -7.380409145466287E-003  0.122319329087444     
 -9.823890138090551E-003  0.136167372844583     
 -1.088925226844578E-002  0.155030128464046     
 -5.499026669226141E-003  0.170300388966139     
 -6.723226293249931E-003  0.196912707637304     
 -5.273585006730301E-002  0.256400042120137     
 -4.917361937652447E-002  0.215030057737592     
  0.146753421593826       0.146753421593836     
   1.00000000000000       0.000000000000000E+000
  2.122610839453942E-314  0.000000000000000E+000
  7.362550324984345E-005  2.467953493197839E-005
 -4.024695119795185E-004  3.997688101676789E-004
 -1.172751099143505E-003  1.313234843914391E-003
 -1.992053083605503E-003  2.962686664523034E-003
 -2.840236156123811E-003  5.379436897190648E-003
 -3.618978941511583E-003  8.511762091509853E-003
 -4.364557179886383E-003  1.236482865380765E-002
 -5.022508335493833E-003  1.684304894283176E-002
 -5.627707174045275E-003  2.192847836938629E-002
 -6.144457280026106E-003  2.751498020724804E-002
 -6.601614531119026E-003  3.357629087467112E-002
 -6.975114039031107E-003  4.000597090649490E-002
 -7.287202895937758E-003  4.677573676027832E-002
 -7.523530244510558E-003  5.378279677969582E-002
 -7.701551911333234E-003  6.100194577986728E-002
 -7.816691505322035E-003  6.833770000795694E-002
 -7.884316964911401E-003  7.577472826807614E-002
 -7.909704089498643E-003  8.323088708994512E-002
 -7.909995125909536E-003  9.071015678985669E-002
 -7.899249254372381E-003  9.815169453347393E-002
 -7.902713786020307E-003  0.105592510848493     
 -7.939806498853159E-003  0.113002008128838     
 -8.054951476882873E-003  0.120470526889854     
 -8.265078640552117E-003  0.128005505936216     
 -8.656349955653043E-003  0.135780233509205     
 -9.222236521147845E-003  0.143833974130774     
 -1.012883008897807E-002  0.152482815464245     
 -1.131591428271040E-002  0.161799779791375     
 -1.310602691975980E-002  0.172308040865791     
 -1.528119422416960E-002  0.184012792942737     
 -1.862311157008366E-002  0.197688747708220     
 -2.224518796735492E-002  0.212514607275922     
 -2.706172456157050E-002  0.230676100569419     
 -3.195976315035033E-002  0.252658358280489     
 -3.891417395060466E-002  0.277399034232500     
 -3.821286922946004E-002  0.292686250764576     
 -3.253567393125972E-002  0.293986751570413     
  2.418336254735984E-002  0.228866194873513     
  0.329006345490421       9.872274251164545E-002
   1.00000000000000       0.000000000000000E+000
  2.122610839453942E-314  0.000000000000000E+000
 -1.932965417373280E-004  2.360130784889067E-004
 -1.310265506465351E-003  1.154961863251914E-003
 -2.840254610703973E-003  2.809936011308315E-003
 -4.535024547374781E-003  5.463410416028744E-003
 -6.239372039362784E-003  9.053849205619554E-003
 -7.873377705089706E-003  1.361608948434434E-002
 -9.401442939448950E-003  1.907380320465412E-002
 -1.079194038658188E-002  2.538891313764462E-002
 -1.204486497105040E-002  3.247482431236409E-002
 -1.314167435184089E-002  4.025341755888614E-002
 -1.409425376368744E-002  4.864075971458726E-002
 -1.488860551790738E-002  5.754213616954480E-002
 -1.554088985715222E-002  6.687833148110194E-002
 -1.604221507652389E-002  7.654934023930027E-002
 -1.641295166189693E-002  8.648436808043443E-002
 -1.665203200690218E-002  9.658674476896145E-002
 -1.678594374015195E-002  0.106800046188500     
 -1.682478290164962E-002  0.117041374777959     
 -1.680398577348683E-002  0.127276786548840     
 -1.674797931018456E-002  0.137450255115036     
 -1.670505980006060E-002  0.147560474210493     
 -1.671639404496361E-002  0.157593689223223     
 -1.684958546255965E-002  0.167593146110492     
 -1.716270874912735E-002  0.177601184024580     
 -1.775510701018753E-002  0.187720576511095     
 -1.869124470280680E-002  0.198051155814333     
 -2.011678762116682E-002  0.208767922128979     
 -2.208691321227220E-002  0.220012576204884     
 -2.485206477722651E-002  0.232039583106959     
 -2.833923648092539E-002  0.244795943821074     
 -3.296508913012090E-002  0.258682659891315     
 -3.793051604065998E-002  0.272881357102127     
 -4.317830498459344E-002  0.287464739436870     
 -4.725883056923955E-002  0.300238676379757     
 -5.174945817293056E-002  0.311279418009951     
 -4.181177458293595E-002  0.299517188501082     
 -3.236606360704114E-003  0.268276011900686     
  0.123933233953294       0.186318873516274     
  0.444357909818990       6.738186936086620E-002
   1.00000000000000       0.000000000000000E+000
  2.122610839453942E-314  0.000000000000000E+000
 -9.387081700784333E-004  4.625115838162696E-004
 -2.919634916679774E-003  1.916841724473396E-003
 -5.463714273036947E-003  4.390194626063424E-003
 -8.191781855072033E-003  8.006689859276765E-003
 -1.094955875351881E-002  1.274517438609166E-002
 -1.359177589765306E-002  1.858422334112598E-002
 -1.607886859139313E-002  2.548155313505292E-002
 -1.834979752200486E-002  3.335887433322629E-002
 -2.040286150923630E-002  4.215047440427937E-002
 -2.220744922204422E-002  5.174137202759000E-002
 -2.377369441960898E-002  6.205664997768588E-002
 -2.508516774984065E-002  7.296820304505386E-002
 -2.615639370916091E-002  8.439694376795134E-002
 -2.698226677363982E-002  9.621119171207951E-002
 -2.758344483956002E-002  0.108335118170379     
 -2.796749062362136E-002  0.120641070671256     
 -2.816609655535362E-002  0.133065933304856     
 -2.820129467309139E-002  0.145493829877521     
 -2.812279555430542E-002  0.157886613681699     
 -2.796728108784300E-002  0.170147993306916     
 -2.781180725854168E-002  0.182279819263873     
 -2.770417685631411E-002  0.194210943440045     
 -2.776166348156330E-002  0.205999635812943     
 -2.803207750711811E-002  0.217596670560083     
 -2.868974514192861E-002  0.229131591712297     
 -2.975619804172959E-002  0.240554048908575     
 -3.147984832423724E-002  0.252063556929936     
 -3.379078787263429E-002  0.263531152028752     
 -3.701812987843906E-002  0.275164303270583     
 -4.082078746628007E-002  0.286511287266948     
 -4.542018012569792E-002  0.297634391613296     
 -4.979983228834194E-002  0.307415699334552     
 -5.328399281079933E-002  0.314819054171073     
 -5.252071039839765E-002  0.316274601176523     
 -4.289131995597319E-002  0.307319104475510     
 -1.360856367567454E-002  0.277503165436273     
  6.835083848681192E-002  0.220626801622988     
  0.232933663204855       0.137153112096960     
  0.537494885429919       4.402060685215207E-002
   1.00000000000000       0.000000000000000E+000
  2.122610839453942E-314  0.000000000000000E+000
 -2.065977506670326E-003  6.731868302159613E-004
 -5.223421312452519E-003  2.663046803727827E-003
 -8.929918186639480E-003  5.875893028064158E-003
 -1.286208996474783E-002  1.040428171888546E-002
 -1.678832601777095E-002  1.615754117609939E-002
 -2.057462942258973E-002  2.313870760972834E-002
 -2.413005023397573E-002  3.125287859269633E-002
 -2.739906114831282E-002  4.045492289079462E-002
 -3.035184247088967E-002  5.063580566719659E-002
 -3.296085332422170E-002  6.170702468539080E-002
 -3.522201433579927E-002  7.355471479290993E-002
 -3.711985068294070E-002  8.606816641827897E-002
 -3.866514571994748E-002  9.913258330575023E-002
 -3.985248000404901E-002  0.112624795331282     
 -4.070727671670568E-002  0.126435885150663     
 -4.123738252900028E-002  0.140439018998644     
 -4.148639502180436E-002  0.154539353053765     
 -4.148000096090248E-002  0.168614627264309     
 -4.128486792418255E-002  0.182594192593260     
 -4.094789226124670E-002  0.196367442412723     
 -4.056390282167661E-002  0.209899070259772     
 -4.020031689695581E-002  0.223092106679694     
 -3.998478230105745E-002  0.235956790062751     
 -3.999430762041189E-002  0.248396711065146     
 -4.039066412742013E-002  0.260472094108867     
 -4.122562111298559E-002  0.272038471254866     
 -4.268574190218958E-002  0.283193943455920     
 -4.469591038260342E-002  0.293604100058141     
 -4.741025895017598E-002  0.303354791998115     
 -5.033078729909388E-002  0.311584090037305     
 -5.329682968473718E-002  0.318184913167631     
 -5.468221998808419E-002  0.321087971905034     
 -5.329837247381144E-002  0.319706491968986     
 -4.379583181763511E-002  0.308663449197939     
 -2.021754807816434E-002  0.286394739742692     
  3.273868143237066E-002  0.244372182727507     
  0.138080024698181       0.182487731559647     
  0.320666788374155       0.108050502499556     
  0.610468575268539       3.285724880759359E-002
   1.00000000000000       0.000000000000000E+000
  2.122610839453942E-314  0.000000000000000E+000
 -3.563297085211072E-003  8.408578638485953E-004
 -8.114566680930638E-003  3.274300144313345E-003
 -1.319091644044104E-002  7.161465327304427E-003
 -1.843670399590272E-002  1.246821454683172E-002
 -2.364424249655981E-002  1.911147426911130E-002
 -2.864386879993914E-002  2.703809208334526E-002
 -3.334642454900650E-002  3.617076447652624E-002
 -3.767162282284525E-002  4.642831796082236E-002
 -4.158543994846491E-002  5.772011261486984E-002
 -4.504752120323054E-002  6.993174458836060E-002
 -4.804828589658042E-002  8.296241128316977E-002
 -5.056733428568711E-002  9.667861414703396E-002
 -5.261118243924971E-002  0.110972426444088     
 -5.417474461549961E-002  0.125698418994691     
 -5.528225823989982E-002  0.140748159864884     
 -5.594568328776374E-002  0.155971691318728     
 -5.621251532192077E-002  0.171267877770165     
 -5.611469201076789E-002  0.186488286516922     
 -5.572963222393731E-002  0.201548052979339     
 -5.510980369924444E-002  0.216304134359296     
 -5.436797685226585E-002  0.230695773188775     
 -5.357143935851481E-002  0.244583010642552     
 -5.286874773970664E-002  0.257930916362503     
 -5.232331634808970E-002  0.270585945454031     
 -5.210498267545578E-002  0.282523444411064     
 -5.222635872616429E-002  0.293528719223224     
 -5.282191491258686E-002  0.303530037805452     
 -5.374085292788762E-002  0.312139205542255     
 -5.489738141972374E-002  0.319094466567102     
 -5.571207115614292E-002  0.323619823459622     
 -5.533566492634353E-002  0.324922437154252     
 -5.208296256882879E-002  0.321402211432103     
 -4.286558235291905E-002  0.311178081343866     
 -2.330321671942493E-002  0.291288699727529     
  1.642402842163507E-002  0.258771561016601     
  8.664838205220507E-002  0.211189160035023     
  0.207716719411907       0.150132255041385     
  0.396004227646776       8.386043249056693E-002
  0.660699799979613       2.632551950399393E-002
   1.00000000000000       0.000000000000000E+000
  2.122610839453942E-314  0.000000000000000E+000
 -5.369038679834016E-003  9.872774994264201E-004
 -1.154354682013117E-002  3.793276661423704E-003
 -1.810708758487927E-002  8.209869378779967E-003
 -2.477382197196172E-002  1.415638394712120E-002
 -3.131734189262143E-002  2.149980246299043E-002
 -3.758787225007416E-002  3.018269203118145E-002
 -4.347047344298394E-002  4.008996138801865E-002
 -4.888900418137097E-002  5.115432136163094E-002
 -5.379000392543949E-002  6.325621700746022E-002
 -5.813099122792877E-002  7.630053341885408E-002
 -6.189084555186443E-002  9.016138780229573E-002
 -6.504483750767817E-002  0.104721445572668     
 -6.759512338410048E-002  0.119850158852536     
 -6.953186410998728E-002  0.135411466260742     
 -7.088082004552287E-002  0.151275641749046     
 -7.165033245320981E-002  0.167292847500509     
 -7.189405126525540E-002  0.183341101374641     
 -7.164268855151126E-002  0.199259755483757     
 -7.098216176184743E-002  0.214942564572242     
 -6.996623989485912E-002  0.230217021459894     
 -6.871429297066994E-002  0.244999532883599     
 -6.729437263513834E-002  0.259094809691600     
 -6.585252142478454E-002  0.272443848801243     
 -6.444149181716950E-002  0.284796621620724     
 -6.320859650013586E-002  0.296108009708598     
 -6.211571496610113E-002  0.305999430135673     
 -6.123959909917802E-002  0.314401792136766     
 -6.027212741735474E-002  0.320659545248331     
 -5.902536184923080E-002  0.324588205610620     
 -5.651990740600936E-002  0.325000207455971     
 -5.181744701925988E-002  0.321434007365238     
 -4.235717793224317E-002  0.311789737891139     
 -2.518825789647012E-002  0.295167217556975     
  5.545959184270146E-003  0.268707375879054     
  5.755781054319602E-002  0.231502372329934     
  0.141422527277921       0.182892619560746     
  0.270769932780178       0.125377715379882     
  0.455691071462155       6.787635315275865E-002
  0.701324598377289       2.050214734330809E-002
   1.00000000000000       0.000000000000000E+000
  2.122610839453942E-314  0.000000000000000E+000
 -7.395692630811516E-003  1.084102329163980E-003
 -1.535358754919846E-002  4.157928622150552E-003
 -2.353851303208575E-002  8.982608177307120E-003
 -3.169361820806178E-002  1.539676440076904E-002
 -3.962653315670899E-002  2.326191367186715E-002
 -4.718614655724361E-002  3.247669269726175E-002
 -5.426594804488179E-002  4.293218887401265E-002
 -6.077905790930171E-002  5.453195884048314E-002
 -6.666971957009270E-002  6.716947306262253E-002
 -7.188562081944211E-002  8.073108881336251E-002
 -7.640013018488091E-002  9.510403053449765E-002
 -8.018118110899809E-002  0.110156062480298     
 -8.322564073845574E-002  0.125766235947620     
 -8.551891943963208E-002  0.141784866489843     
 -8.708344204075139E-002  0.158085192822466     
 -8.792482747307938E-002  0.174503544529201     
 -8.809609749077914E-002  0.190911016936622     
 -8.762626244375649E-002  0.207132160231672     
 -8.660241559228878E-002  0.223039296515187     
 -8.507590808120265E-002  0.238444257384977     
 -8.316465070560861E-002  0.253220070014548     
 -8.093108729044189E-002  0.267157272726290     
 -7.850513566107059E-002  0.280119055726168     
 -7.592844764207989E-002  0.291851027963514     
 -7.328979247835206E-002  0.302175120874282     
 -7.053626263682869E-002  0.310741703844676     
 -6.758539396950655E-002  0.317262338162923     
 -6.412988363949398E-002  0.321202437497439     
 -5.961633121608644E-002  0.322037047501799     
 -5.314550736799348E-002  0.318914219101748     
 -4.304383745042944E-002  0.310910376169098     
 -2.715190980850504E-002  0.296762153470231     
 -1.377276134746384E-003  0.275191440007585     
  3.882818528954999E-002  0.244951500375837     
  0.101465479894514       0.205534728469471     
  0.194334794297211       0.157752255310308     
  0.327186222601760       0.105214144130408     
  0.507464739892941       5.487105877198111E-002
  0.734056976931891       1.569441772565131E-002
   1.00000000000000       0.000000000000000E+000
  2.122610839453942E-314  0.000000000000000E+000
 -9.602726157650046E-003  1.157967992153404E-003
 -1.946670569882914E-002  4.411640100670152E-003
 -2.933967149336645E-002  9.491206748795293E-003
 -3.902848955183061E-002  1.620415463990423E-002
 -4.836200388150573E-002  2.438185111475897E-002
 -5.721381016290265E-002  3.391196277490983E-002
 -6.547686590326193E-002  4.466263023344145E-002
 -7.307028063844287E-002  5.654115104227563E-002
 -7.993053358386276E-002  6.942438190474640E-002
 -8.600248452941522E-002  8.321117037331374E-002
 -9.125134506063681E-002  9.777518913225461E-002
 -9.563890833812629E-002  0.112997660192119     
 -9.915570799797420E-002  0.128745973925680     
 -0.101780030830918       0.144879664904038     
 -0.103530330450059       0.161261477228184     
 -0.104405146031593       0.177728043564141     
 -0.104455509861408       0.194141112192722     
 -0.103703081162172       0.210311684612017     
 -0.102233564159345       0.226104496945322     
 -0.100088062878836       0.241297723926343     
 -9.738131521075465E-002  0.255760670753870     
 -9.415531613391877E-002  0.269221651285576     
 -9.053206377962947E-002  0.281549580807880     
 -8.650623967442987E-002  0.292388415595597     
 -8.215236266742840E-002  0.301588553048197     
 -7.731190471953245E-002  0.308648687813831     
 -7.188846282540635E-002  0.313360429662097     
 -6.535565086057647E-002  0.314987516053275     
 -5.718284995370417E-002  0.313197456878633     
 -4.606839357555497E-002  0.306930951150484     
 -3.051488323764966E-002  0.295674474682502     
 -7.774050046051730E-003  0.278127437072210     
  2.554387312846335E-002  0.253733134338412     
  7.435303743296238E-002  0.221695451928549     
  0.144768068602554       0.182249307514846     
  0.243379545158926       0.137089880180741     
  0.377160498272751       8.934348027666925E-002
  0.549814336938467       4.577553988080819E-002
  0.760419416814964       1.268465944260132E-002
   1.00000000000000       0.000000000000000E+000
  2.122610839453942E-314  0.000000000000000E+000
 -1.188709540357917E-002  1.184620337000527E-003
 -2.372659724806149E-002  4.520301063369521E-003
 -3.533216187573690E-002  9.721490886316483E-003
 -4.656957425125680E-002  1.655623306932602E-002
 -5.730245936795088E-002  2.485175679749026E-002
 -6.742635085404167E-002  3.446790171614474E-002
 -7.684771190934249E-002  4.527780899179470E-002
 -8.548772462800028E-002  5.716893180492297E-002
 -9.328494537083001E-002  7.003012196423929E-002
 -0.100178091994433       8.374799788766023E-002
 -0.106129629635198       9.821045189107513E-002
 -0.111092019223845       0.113290169773794     
 -0.115051454202260       0.128866875095494     
 -0.117976124407261       0.144793815857151     
 -0.119879854578150       0.160939935723025     
 -0.120751277217236       0.177137150904286     
 -0.120636082638556       0.193242618630775     
 -0.119546554296857       0.209065002979162     
 -0.117559541613362       0.224447755018230     
 -0.114707425878521       0.239171791726904     
 -0.111085679185716       0.253060647063536     
 -0.106729057975844       0.265856778165046     
 -0.101715760151873       0.277348797700911     
 -9.603860054374397E-002  0.287219597679915     
 -8.967794791158479E-002  0.295193615587639     
 -8.249138288427271E-002  0.300859677126556     
 -7.419730513997898E-002  0.303831620137732     
 -6.433678724747129E-002  0.303561409407374     
 -5.205586302002992E-002  0.299503738911442     
 -3.625392557227930E-002  0.290959285461148     
 -1.497961601454522E-002  0.277248715640982     
  1.401383609545209E-002  0.257662192007667     
  5.441840299428799E-002  0.231718946814755     
  0.110130910264147       0.199294872120518     
  0.186570656981411       0.161085575481879     
  0.288856260931275       0.118886706458928     
  0.421430661299515       7.613838141976488E-002
  0.587078531077798       3.817642649385850E-002
  0.782221206828153       1.050093295029094E-002
   1.00000000000000       0.000000000000000E+000
  2.122610839453942E-314  0.000000000000000E+000
 -1.422192248693176E-002  1.190082593064112E-003
 -2.804710432981156E-002  4.519624834153101E-003
 -4.138347312370563E-002  9.700807975842283E-003
 -5.414734559512166E-002  1.648639890796210E-002
 -6.624640344902930E-002  2.469418438239510E-002
 -7.760030440888356E-002  3.417692775146850E-002
 -8.813181403060941E-002  4.479915840111467E-002
 -9.777043906217296E-002  5.645149083089504E-002
 -0.106455835414227       6.901652515546425E-002
 -0.114126242069859       8.239188046472846E-002
 -0.120738147299126       9.646097837799134E-002
 -0.126239257320441       0.111110025004035     
 -0.130606720219969       0.126215796136093     
 -0.133801771870577       0.141642690992860     
 -0.135828202761064       0.157258284633182     
 -0.136665909535728       0.172898280893041     
 -0.136350431441157       0.188420834899608     
 -0.134882117516405       0.203625891405097     
 -0.132327782167342       0.218362041085496     
 -0.128700623658008       0.232383330079410     
 -0.124086478677594       0.245526267691813     
 -0.118485344702287       0.257482489411111     
 -0.111968044446590       0.268068713877800     
 -0.104462275459201       0.276888942093221     
 -9.595034053756284E-002  0.283724436552494     
 -8.617195574742167E-002  0.288059858201727     
 -7.487721204155326E-002  0.289617898194279     
 -6.141233016182496E-002  0.287742799455374     
 -4.503545139866331E-002  0.282083278094103     
 -2.437750369477269E-002  0.271890536138961     
  2.206526359672810E-003  0.256789918503629     
  3.718566275873833E-002  0.236192061017016     
  8.356188860810594E-002  0.209970801632896     
  0.145021618991077       0.178368635876859     
  0.225810545747694       0.142195187769650     
  0.329814426836228       0.103624653043052     
  0.460392318357181       6.538926307620303E-002
  0.618248251210912       3.242094763038254E-002
  0.800526062076521       8.808809933818102E-003
   1.00000000000000       0.000000000000000E+000
  2.122610839453942E-314  0.000000000000000E+000
 -1.650481516766927E-002  1.153803090094581E-003
 -3.228994045463910E-002  4.391730180654292E-003
 -4.731308329391123E-002  9.424587057843404E-003
 -6.156036823730810E-002  1.599544091450028E-002
 -7.497049321745934E-002  2.392555715990692E-002
 -8.749748771131456E-002  3.305714709740994E-002
 -9.907967825171406E-002  4.326379614367394E-002
 -0.109657311629376       5.442725121345907E-002
 -0.119175936972942       6.644468984657136E-002
 -0.127570737816732       7.920833372942793E-002
 -0.134798868858770       9.261893943297335E-002
 -0.140797369787289       0.106560135220251     
 -0.145541047094824       0.120925180024629     
 -0.148976737159752       0.135578689407935     
 -0.151103382168785       0.150399669960957     
 -0.151885138352087       0.165227341026990     
 -0.151348889420751       0.179921471463966     
 -0.149479674620168       0.194290660051678     
 -0.146328287604954       0.208169748403351     
 -0.141894998447561       0.221330285098053     
 -0.136235433282962       0.233573540406652     
 -0.129342591272334       0.244624341730879     
 -0.121231567957316       0.254237109835638     
 -0.111836797761204       0.262076428495378     
 -0.101043304421130       0.267832565228440     
 -8.862820903474015E-002  0.271096290513096     
 -7.418688139244888E-002  0.271480472297901     
 -5.716795766395346E-002  0.268504385257667     
 -3.662245217277470E-002  0.261722904178031     
 -1.140993983227421E-002  0.250646521316924     
  2.029075622772335E-002  0.234895017742709     
  6.051049074092579E-002  0.214186027035956     
  0.112142264957572       0.188557223243437     
  0.178185660112938       0.158435576119522     
  0.262079473441412       0.124913837114735     
  0.366961794289872       8.988992906993182E-002
  0.494596840844779       5.612994147126456E-002
  0.645594451350393       2.746832436777787E-002
  0.816019933085219       7.410863060568840E-003
   1.00000000000000       0.000000000000000E+000
  2.122610839453942E-314  0.000000000000000E+000
 -1.871813679321551E-002  1.098514078462197E-003
 -3.636852335735700E-002  4.162509982651337E-003
 -5.300336971664960E-002  8.922360548534767E-003
 -6.864583842222399E-002  1.511956008536196E-002
 -8.328812782370727E-002  2.258395581466748E-002
 -9.690523898006199E-002  3.115921058525771E-002
 -0.109460630902300       4.072319517869082E-002
 -0.120904248615680       5.116524570387313E-002
 -0.131188089617588       6.238570688211195E-002
 -0.140249760986820       7.429019219036109E-002
 -0.148041454069857       8.678276480080391E-002
 -0.154498272577448       9.976331719662243E-002
 -0.159583370717625       0.113129450161306     
 -0.163238536961768       0.126761154128451     
 -0.165447478634471       0.140543781027545     
 -0.166165887694624       0.154326758748222     
 -0.165403881708179       0.167979604457169     
 -0.163132593332837       0.181311526963913     
 -0.159386278967441       0.194172700511880     
 -0.154141713526134       0.206321374927379     
 -0.147440741303794       0.217583379143139     
 -0.139236484767044       0.227653145276000     
 -0.129538254337531       0.236324934289068     
 -0.118214923436482       0.243216156365108     
 -0.105165219334306       0.248081533810752     
 -9.006615788196547E-002  0.250456494594986     
 -7.257002827360701E-002  0.250054821126036     
 -5.199329330987227E-002  0.246356529638235     
 -2.753166835120831E-002  0.239061699510347     
  2.077844357541268E-003  0.227702530785293     
  3.835476487042538E-002  0.212071086155054     
  8.331365425557408E-002  0.192017263730436     
  0.139326325778757       0.167692510606330     
  0.208996528428421       0.139749313156771     
  0.295092544013640       0.109144780902813     
  0.399787765375574       7.788986413906633E-002
  0.524462870294612       4.815173567715994E-002
  0.668589218267320       2.338738539067759E-002
  0.829020766379748       6.241946874958233E-003
   1.00000000000000       0.000000000000000E+000
  2.122610839453942E-314  0.000000000000000E+000
 -2.076731369575088E-002  1.007430579243677E-003
 -4.016785365396279E-002  3.825595713251473E-003
 -5.828922930071535E-002  8.196337402863947E-003
 -7.522562084995182E-002  1.387401152290734E-002
 -9.099430162797773E-002  2.070079331667777E-002
 -0.105608976175971       2.852560754820793E-002
 -0.119048489325878       3.724143862991503E-002
 -0.131277521901480       4.673946290678876E-002
 -0.142256455877984       5.693896535033073E-002
 -0.151921608341686       6.774741866403591E-002
 -0.160228803402755       7.909031635565929E-002
 -0.167101851758150       9.087103107886849E-002
 -0.172503785861894       0.103008528577012     
 -0.176359473920123       0.115389215427987     
 -0.178648402567363       0.127916340358614     
 -0.179306926057363       0.140450131576971     
 -0.178335014189837       0.152870497231323     
 -0.175684764961253       0.165004003220977     
 -0.171370896717662       0.176699257723784     
 -0.165354559146508       0.187741760581074     
 -0.157643446395934       0.197939644165184     
 -0.148183373385817       0.207029547188586     
 -0.136928371824110       0.214769696547119     
 -0.123757311111221       0.220841722221202     
 -0.108487135867414       0.224949116885790     
 -9.083855104554006E-002  0.226721584255467     
 -7.035893983277949E-002  0.225820361712979     
 -4.646940006576740E-002  0.221853977948771     
 -1.826798088471479E-002  0.214498466434758     
  1.530524935344285E-002  0.203436001822122     
  5.577190390530613E-002  0.188503955977173     
  0.104813907531203       0.169669649058808     
  0.164542941153832       0.147215293509034     
  0.237128426623744       0.121758295906548     
  0.324652347148859       9.438788410643024E-002
  0.428936122118902       6.676342728706625E-002
  0.550402019890954       4.096109586502867E-002
  0.688643232060516       1.971030223444762E-002
  0.840126052755811       5.216204812714716E-003
   1.00000000000000       0.000000000000000E+000
  2.122610839453942E-314  0.000000000000000E+000
 -2.264093716249498E-002  8.994277369819315E-004
 -4.360484881244202E-002  3.398061427965263E-003
 -6.306884420777137E-002  7.275131903629747E-003
 -8.115127223769932E-002  1.229488860992549E-002
 -9.792419310470406E-002  1.832322650517486E-002
 -0.113417505996155       2.521946209944326E-002
 -0.127637951271294       3.289190336038839E-002
 -0.140559897229597       4.124519500670000E-002
 -0.152152168111154       5.020990119978777E-002
 -0.162355884691031       5.971089437598827E-002
 -0.171122062707210       6.968365517492207E-002
 -0.178375667411648       8.005163348389620E-002
 -0.184066350152346       9.074457262362184E-002
 -0.188116658951388       0.101669234515698     
 -0.190487575127572       0.112742152247555     
 -0.191108639962947       0.123841085714241     
 -0.189958875873444       0.134863398830789     
 -0.186976784180610       0.145647005104656     
 -0.182156326221119       0.156064049305215     
 -0.175434770021013       0.165902102959095     
 -0.166802929535810       0.175001451834207     
 -0.156168212823049       0.183089788482904     
 -0.143478193921591       0.189969559951237     
 -0.128555506722217       0.195304082627965     
 -0.111233151209152       0.198857112023024     
 -9.115987382808936E-002  0.200238875124002     
 -6.794256297422975E-002  0.199188995657036     
 -4.093208326167773E-002  0.195313169624351     
 -9.360809186364859E-003  0.188377007629834     
  2.784975260297754E-002  0.178101859605348     
  7.197795179995237E-002  0.164395669145518     
  0.124574174720052       0.147321940035952     
  0.187394593028976       0.127142775756399     
  0.262203548750208       0.104589539510538     
  0.350718258164509       8.053359051054158E-002
  0.454070731543129       5.663123220638573E-002
  0.572609565932556       3.447086676468681E-002
  0.705316594768386       1.649420285711952E-002
  0.849300554058478       4.324165458241463E-003
   1.00000000000000       0.000000000000000E+000
  2.122610839453942E-314  0.000000000000000E+000
 -2.425537772836651E-002  7.621631725422090E-004
 -4.658985551292089E-002  2.884467308317470E-003
 -6.720250645063226E-002  6.169145688480673E-003
 -8.627791808779822E-002  1.041153520846971E-002
 -0.103905973505644       1.549771638818478E-002
 -0.120153799145885       2.130570641957351E-002
 -0.135041351486052       2.776423305780712E-002
 -0.148558205231761       3.478954645610922E-002
 -0.160682246184989       4.233466341420351E-002
 -0.171354208257771       5.033362140584514E-002
 -0.180530549457248       5.874634027688150E-002
 -0.188125443868101       6.750604019406371E-002
 -0.194090226867403       7.656763424945864E-002
 -0.198330335352889       8.585059311947543E-002
 -0.200803566076977       9.529513067530186E-002
 -0.201419287737284       0.104796589609994     
 -0.200146306364706       0.114271631317363     
 -0.196902814324702       0.123582557233264     
 -0.191662482418285       0.132613216247916     
 -0.184345460090281       0.141184556621269     
 -0.174908876338117       0.149138188707603     
 -0.163251121080691       0.156246707088646     
 -0.149270607303557       0.162302580450768     
 -0.132797295873654       0.167027983110071     
 -0.113602089826193       0.170168754160438     
 -9.137089688277006E-002  0.171408391522351     
 -6.564950325267953E-002  0.170471183292221     
 -3.587512901092720E-002  0.167044402920786     
 -1.256491829912335E-003  0.160899011078718     
  3.912852004994424E-002  0.151825081020322     
  8.647446120911578E-002  0.139773774753840     
  0.142099639046508       0.124817699540054     
  0.207475759821939       0.107291081952251     
  0.284104652677334       8.779991778712085E-002
  0.373181640540361       6.724757388265949E-002
  0.475684537433122       4.696065061191828E-002
  0.591396627880856       2.839882929192851E-002
  0.719486184534394       1.348017723395132E-002
  0.856982591209596       3.508172250804849E-003
   1.00000000000000       0.000000000000000E+000
  2.122610839453942E-314  0.000000000000000E+000
 -2.560485454963682E-002  6.104968232416858E-004
 -4.904757554105517E-002  2.294515136357111E-003
 -7.060738764923942E-002  4.906689688869979E-003
 -9.047974791588294E-002  8.261828880465248E-003
 -0.108804788971182       1.228166619816331E-002
 -0.125659553192781       1.686205662427330E-002
 -0.141090183544618       2.195557626753154E-002
 -0.155094311849781       2.749671982127111E-002
 -0.167658094582847       3.345628254900759E-002
 -0.178728213667071       3.978863157685706E-002
 -0.188256603199828       4.646949171945725E-002
 -0.196161020306906       5.345460505445456E-002
 -0.202379504509055       6.071575579777067E-002
 -0.206817819605969       6.819615259165501E-002
 -0.209414830007369       7.585614283924411E-002
 -0.210075264381871       8.361423596789344E-002
 -0.208745969495402       9.141212242395465E-002
 -0.205333058102977       9.913246714973196E-002
 -0.199787866696228       0.106690327761354     
 -0.192008255901044       0.113922006071545     
 -0.181932272300621       0.120707562831826     
 -0.169423894972992       0.126828590155598     
 -0.154371761318080       0.132123904921382     
 -0.136560563678473       0.136319182563819     
 -0.115771141831516       0.139213900353998     
 -9.164194860742728E-002  0.140494382846520     
 -6.376461316145007E-002  0.139941355413338     
 -3.154961123359274E-002  0.137254074069078     
  5.692281593130252E-003  0.132248808965863     
  4.884463497674832E-002  0.124748367306579     
  9.892940194320635E-002  0.114707036318444     
  0.157096387872041       0.102251445728243     
  0.224592190468306       8.762410676541871E-002
  0.302569581029358       7.147267664309891E-002
  0.392039411744441       5.445606398137978E-002
  0.493507694801236       3.785105100043810E-002
  0.606808123296979       2.270709046817708E-002
  0.730803982637945       1.071876368412256E-002
  0.863034851540685       2.756123119035146E-003
   1.00000000000000       0.000000000000000E+000
  2.122610839453942E-314  0.000000000000000E+000
 -2.662022638288901E-002  4.376106279144284E-004
 -5.091719623317823E-002  1.644803079851502E-003
 -7.317776536841047E-002  3.509087173735635E-003
 -9.365370787709344E-002  5.891710515790497E-003
 -0.112493873127431       8.739782307791903E-003
 -0.129806847476374       1.197870643116468E-002
 -0.145647614025666       1.558397302447036E-002
 -0.160027234915401       1.950989699440857E-002
 -0.172939605535944       2.375036587544197E-002
 -0.184331819466551       2.827565639137130E-002
 -0.194161623951674       3.308596925052210E-002
 -0.202338134386822       3.815312432581231E-002
 -0.208802136290343       4.347488474481252E-002
 -0.213444856246744       4.901364546270612E-002
 -0.216203038450934       5.475640688905536E-002
 -0.216963578563658       6.064597744956215E-002
 -0.215663855347947       6.664984267793990E-002
 -0.212191239581057       7.268144302726157E-002
 -0.206477492286772       7.867880198529086E-002
 -0.198403523078591       8.451635158642512E-002
 -0.187875700094843       9.009229825776928E-002
 -0.174746783432823       9.523401920380559E-002
 -0.158862414525135       9.979247705052466E-002
 -0.140008190563208       0.103545781058902     
 -0.117917571766887       0.106300548875254     
 -9.225192353418542E-002  0.107798113138187     
 -6.256903960116200E-002  0.107825626057421     
 -2.833743328173952E-002  0.106129466716599     
  1.111837810538101E-002  0.102538489922634     
  5.657742784734272E-002  9.689297445112055E-002
  0.108950481862855       8.916951070220852E-002
  0.169240385676018       7.944592753425242E-002
  0.238439625831436       6.798320082034168E-002
  0.317553685336113       5.526782845022105E-002
  0.407216276631844       4.192985380374499E-002
  0.507885370534242       2.894341587448972E-002
  0.619073478089745       1.722220651861149E-002
  0.739837202080741       8.046792682115061E-003
  0.867815128405184       2.039607113213189E-003
   1.00000000000000       0.000000000000000E+000
  2.122610839453942E-314  0.000000000000000E+000
 -2.730216272270280E-002  2.538789598131528E-004
 -5.213692471711810E-002  9.387346329668487E-004
 -7.485596573932304E-002  2.005912755790962E-003
 -9.570692897883101E-002  3.343789274987134E-003
 -0.114879338196795       4.943114136321566E-003
 -0.132483572015537       6.751807164575871E-003
 -0.148595982748860       8.774745538562757E-003
 -0.163232188281235       1.098626748877103E-002
 -0.176393240534780       1.340268093213055E-002
 -0.188031723542606       1.601437455491703E-002
 -0.198102192538098       1.884225162227377E-002
 -0.206518607242069       2.187971528814484E-002
 -0.213211122593078       2.514721305989738E-002
 -0.218073254032217       2.863060795481637E-002
 -0.221025947140481       3.234397979254788E-002
 -0.221953417055775       3.625505971626115E-002
 -0.220773980949324       4.036424883102022E-002
 -0.217364607947312       4.461031627747590E-002
 -0.211636636422120       4.897067938967873E-002
 -0.203450488063420       5.334409783728866E-002
 -0.192693286002685       5.767440193502641E-002
 -0.179186704831149       6.181089097135905E-002
 -0.162762632454317       6.565487636961012E-002
 -0.143168708418676       6.900317848022153E-002
 -0.120137599976063       7.171357410225411E-002
 -9.329738438836988E-002  7.354371528406482E-002
 -6.222919759162889E-002  7.432365160625563E-002
 -2.639617901381409E-002  7.381655616363607E-002
  1.481685949056360E-002  7.186826187213184E-002
  6.213051328870950E-002  6.833905724904209E-002
  0.116352732857710       6.316727266196227E-002
  0.178324441055630       5.644995830248663E-002
  0.248913895862001       4.831529949499516E-002
  0.328849715598871       3.924638140807667E-002
  0.418691474759633       2.961537839396329E-002
  0.518584550412426       2.032699730355313E-002
  0.628143205985181       1.192623861800912E-002
  0.746306256459824       5.515634848060746E-003
  0.871114497882793       1.358082508117858E-003
   1.00000000000000       0.000000000000000E+000
  2.122610839453942E-314  0.000000000000000E+000
 -2.760124988167375E-002  5.928499575813626E-005
 -5.268004984974168E-002  2.059755015760633E-004
 -7.557908163023411E-002  4.313705169518584E-004
 -9.658680523974648E-002  6.823796389544154E-004
 -0.115890024559699       9.764614965588974E-004
 -0.133621537790781       1.298685380703814E-003
 -0.149859939301480       1.675348095406141E-003
 -0.164631187610998       2.106631628276905E-003
 -0.177940842617376       2.628504721463372E-003
 -0.189743255630572       3.252845608437668E-003
 -0.199997748659014       4.020852312047013E-003
 -0.208613818940721       4.947863393853644E-003
 -0.215524603152075       6.076695470440143E-003
 -0.220614670253523       7.418768274040094E-003
 -0.223803722319608       9.013223035605714E-003
 -0.224963974617142       1.085877350990091E-002
 -0.224005409177548       1.298355958084684E-002
 -0.220791263800385       1.536350976536961E-002
 -0.215214629687465       1.800586925246228E-002
 -0.207121985337090       2.085257871814465E-002
 -0.196370724690310       2.387819901438913E-002
 -0.182770621780107       2.697995556136788E-002
 -0.166114131916357       3.008910735862003E-002
 -0.146142743957503       3.305205972039270E-002
 -0.122548111810896       3.575352114548359E-002
 -9.496417431742681E-002  3.799609529695785E-002
 -6.294737161379972E-002  3.963118191602576E-002
 -2.598698289411771E-002  4.044989374180939E-002
  1.651107269026658E-002  4.031144165427734E-002
  6.521542632241580E-002  3.906553203724199E-002
  0.120831472499200       3.665144335228177E-002
  0.184128366145666       3.308682936070120E-002
  0.255770483458772       2.847685695784082E-002
  0.336426163445112       2.312524810254065E-002
  0.426391184182369       1.733588761070159E-002
  0.525828128480139       1.172417226726636E-002
  0.634184381030102       6.697753546679462E-003
  0.750577402333242       2.999743362213965E-003
  0.873251245956425       6.899788419691627E-004
   1.00000000000000       0.000000000000000E+000
  2.122610839453942E-314  0.000000000000000E+000
 -2.752596283961304E-002 -1.410715701621296E-004
 -5.250546525286039E-002 -5.556309355504474E-004
 -7.532276018530509E-002 -1.182846602346310E-003
 -9.624509330865376E-002 -2.043608052864085E-003
 -0.115485498232020      -3.073928470527205E-003
 -0.133168670042943      -4.265179911421973E-003
 -0.149387486063723      -5.559675002566224E-003
 -0.164167266321658      -6.939371411107871E-003
 -0.177519468924791      -8.343446711425607E-003
 -0.189401956476780      -9.744278925040577E-003
 -0.199773773883682      -1.107632936722149E-002
 -0.208549247874408      -1.230806287065270E-002
 -0.215656461891759      -1.336888425238589E-002
 -0.220983272468429      -1.422903078997571E-002
 -0.224440590844311      -1.481577871197899E-002
 -0.225899289910012      -1.510898437347775E-002
 -0.225257655544997      -1.503990815591585E-002
 -0.222369810191226      -1.460778598409765E-002
 -0.217114948257140      -1.375751033770872E-002
 -0.209320216895446      -1.251923123832503E-002
 -0.198827754496005      -1.086410896731010E-002
 -0.185417505937258      -8.865121091436017E-003
 -0.168866977280810      -6.532802099775839E-003
 -0.148881572056887      -3.991050706334042E-003
 -0.125141591334111      -1.299287007701644E-003
 -9.725033937343819E-002  1.371986999418786E-003
 -6.476236556508447E-002  3.915527135505445E-003
 -2.716256138910852E-002  6.142917606283990E-003
  1.612818720677014E-002  7.919979841334203E-003
  6.572787622315811E-002  9.106659690616570E-003
  0.122308354056994       9.583093090894520E-003
  0.186506878521163       9.361904199926477E-003
  0.258951615251146       8.388717823062140E-003
  0.340103409017813       6.935461906502249E-003
  0.430265554439139       5.029900206460776E-003
  0.529399058779425       3.208592846963053E-003
  0.637078418447976       1.517253829726406E-003
  0.752416166073254       5.505598824250028E-004
  0.873968169194245       3.611382254236837E-005
   1.00000000000000       0.000000000000000E+000
  2.122610839453942E-314  0.000000000000000E+000
 -2.705319621038046E-002 -3.393948742701180E-004
 -5.162628625772578E-002 -1.303851897199519E-003
 -7.407556981890469E-002 -2.789877855881074E-003
 -9.468755551509003E-002 -4.752874122977831E-003
 -0.113659209412055      -7.105338965678773E-003
 -0.131125529862135      -9.798194886354477E-003
 -0.147173412922106      -1.275810093295396E-002
 -0.161834666418267      -1.593801194473072E-002
 -0.175120659302932      -1.926510864598370E-002
 -0.186993191597972      -2.268648806119423E-002
 -0.197413942309682      -2.612496402073690E-002
 -0.206298940150717      -2.952229813460637E-002
 -0.213578742218941      -3.279413413248339E-002
 -0.219140715042408      -3.587951897138422E-002
 -0.222895102069499      -3.868793742906348E-002
 -0.224710145828511      -4.116210577082698E-002
 -0.224477124136743      -4.320986066749469E-002
 -0.222045462874284      -4.478707593297986E-002
 -0.217277943966430      -4.580835507549180E-002
 -0.209995004642426      -4.625502206762597E-002
 -0.200011024443531      -4.606063104591143E-002
 -0.187097295411595      -4.524581936701425E-002
 -0.170993153298614      -4.377755076122820E-002
 -0.151394182660469      -4.172752344996473E-002
 -0.127938696571774      -3.911021671895002E-002
 -0.100221086551076      -3.605158878389847E-002
 -6.776544286715536E-002 -3.262004039453729E-002
 -3.005018129967337E-002 -2.898142959160522E-002
  1.349784429863086E-002 -2.524816385749433E-002
  6.349981183743440E-002 -2.158167421565005E-002
  0.120557230099828      -1.811111936510831E-002
  0.185310732947531      -1.491800875229514E-002
  0.258242339766592      -1.210804035808142E-002
  0.339835027728056      -9.603455776178596E-003
  0.430212264014364      -7.474838005549686E-003
  0.529410219543035      -5.481549314835596E-003
  0.636926635953043      -3.722800080334052E-003
  0.752038039518630      -1.952176819395450E-003
  0.873558407879376      -6.240082731354002E-004
   1.00000000000000       0.000000000000000E+000
  2.122610839453942E-314  0.000000000000000E+000
 -2.620015528905204E-002 -5.367618664183379E-004
 -5.002962680795526E-002 -2.045757337499494E-003
 -7.185428713615863E-002 -4.356707971932954E-003
 -9.192141455515060E-002 -7.391342129762932E-003
 -0.110435209780675      -1.101909382837807E-002
 -0.127511952634383      -1.517026644883251E-002
 -0.143244018683607      -1.974217988371258E-002
 -0.157656566834139      -2.467595416307531E-002
 -0.170765757848332      -2.987405324970622E-002
 -0.182533975388706      -3.527613230426219E-002
 -0.192927004424567      -4.077879433760861E-002
 -0.201864648591378      -4.631730916025717E-002
 -0.209280491788549      -5.177596637578131E-002
 -0.215065211428440      -5.708560370033561E-002
 -0.219130710692975      -6.211719897702692E-002
 -0.221344507404055      -6.680132321231499E-002
 -0.221597955668794      -7.099917447803841E-002
 -0.219732247733832      -7.464862907938247E-002
 -0.215608232201804      -7.760926080804738E-002
 -0.209027772269311      -7.983715770162385E-002
 -0.199800378950090      -8.120290424031854E-002
 -0.187667432294975      -8.169439314525923E-002
 -0.172358924428267      -8.120998880519448E-002
 -0.153532061025605      -7.978295051135463E-002
 -0.130809583094376      -7.735993258792591E-002
 -0.103747840338813      -7.402849441453033E-002
 -7.184841688723036E-002 -6.980192540709919E-002
 -3.456911790324224E-002 -6.481642082065951E-002
  8.694007776513992E-003 -5.916775096528434E-002
  5.853940992547655E-002 -5.300538280730741E-002
  0.115610247802173      -4.651927882287727E-002
  0.180460083660591      -3.980658291019003E-002
  0.253628526028793      -3.314792082781445E-002
  0.335455013163891      -2.651583299392966E-002
  0.426154909456118      -2.028619622240057E-002
  0.525634794486641      -1.430550306251055E-002
  0.633548238222034      -9.068633387646548E-003
  0.749222748583459      -4.460574720603590E-003
  0.871708887867544      -1.290776562455381E-003
   1.00000000000000       0.000000000000000E+000
  2.122610839453942E-314  0.000000000000000E+000
 -2.497662323832167E-002 -7.172928653446160E-004
 -4.777239190286665E-002 -2.729522625008426E-003
 -6.870567815098914E-002 -5.826926238796749E-003
 -8.801586083836274E-002 -9.866511396414503E-003
 -0.105877548850283      -1.470187778123396E-002
 -0.122402861976177      -2.022500571229132E-002
 -0.137669802623603      -2.632689784234117E-002
 -0.151705715433036      -3.291994595644466E-002
 -0.164521732972135      -3.990556847379684E-002
 -0.176086972537188      -4.719661437886313E-002
 -0.186367149472712      -5.469031980077289E-002
 -0.195291316587959      -6.229215948252275E-002
 -0.202794341064143      -6.988587478366684E-002
 -0.208776975999571      -7.736696091942973E-002
 -0.213150514251848      -8.460188711277972E-002
 -0.215792191605270      -9.147933208501823E-002
 -0.216587678553930      -9.784887648134709E-002
 -0.215386535350170      -0.103599993957027     
 -0.212035762292896      -0.108570015249559     
 -0.206343030966810      -0.112660918852050     
 -0.198093216317510      -0.115707152756953     
 -0.187029109875369      -0.117638361814948     
 -0.172844364881239      -0.118301674287083     
 -0.155190613965705      -0.117671444961370     
 -0.133645524220186      -0.115630563166318     
 -0.107747699714233      -0.112215134963002     
 -7.695409836559633E-002 -0.107371899406792     
 -4.068667823967348E-002 -0.101206305508626     
  1.684910490710156E-003 -9.376736628244567E-002
  5.081572216886087E-002 -8.521802846271884E-002
  0.107331460413707      -7.574494417058944E-002
  0.171874127111167      -6.554094807514708E-002
  0.244902232197414      -5.494359544498693E-002
  0.326884655178308      -4.413721852550502E-002
  0.417917734287901      -3.362075997808377E-002
  0.518067182690658      -2.356814109939081E-002
  0.626947858324727      -1.464559694966345E-002
  0.744051737856686      -7.119364981226927E-003
  0.868695607300182      -1.990261242929930E-003
   1.00000000000000       0.000000000000000E+000
  2.122610839453942E-314  0.000000000000000E+000
 -2.340815658366437E-002 -8.889027991960600E-004
 -4.487607913961146E-002 -3.366237500401014E-003
 -6.469223641508215E-002 -7.168898891098330E-003
 -8.304066068629377E-002 -1.212329581294019E-002
 -0.100080757986391      -1.805061098358382E-002
 -0.115896784493669      -2.482879158055628E-002
 -0.130562293269727      -3.232582504210683E-002
 -0.144092745317564      -4.045106349810663E-002
 -0.156503009861139      -4.908405030202794E-002
 -0.167759862022685      -5.814107413938921E-002
 -0.177838205603068      -6.749340418407995E-002
 -0.186669172196213      -7.705281950874132E-002
 -0.194199991292941      -8.667035043909535E-002
 -0.200333819980604      -9.624762636214289E-002
 -0.204996066378072      -0.105610408713486     
 -0.208063100183410      -0.114650188432220     
 -0.209435627059109      -0.123167192246341     
 -0.208955700190663      -0.131046761305724     
 -0.206485333888013      -0.138067799416918     
 -0.201815020384275      -0.144117294706777     
 -0.194742706001773      -0.148961592743333     
 -0.184982022724710      -0.152501250275194     
 -0.172233725179113      -0.154505997528331     
 -0.156107975516831      -0.154906761448053     
 -0.136176616313604      -0.153501590928041     
 -0.111928090101948      -0.150273583187495     
 -8.278907160687757E-002 -0.145088288161354     
 -4.813512875369354E-002 -0.137998174101345     
 -7.265304707000345E-003 -0.129006170141551     
  4.049891978817780E-002 -0.118243383840776     
  9.590251646425471E-002 -0.105922969937251     
  0.159567974107795      -9.224976678348870E-002
  0.232127419614549      -7.772330876100431E-002
  0.313971024183957      -6.258498545034306E-002
  0.405415554365693      -4.768505942157091E-002
  0.506435076597876      -3.329041772068660E-002
  0.616869221219770      -2.055947321051174E-002
  0.736263505267375      -9.886045975806647E-003
  0.864112980346435      -2.726834331379850E-003
   1.00000000000000       0.000000000000000E+000
  2.122610839453942E-314  0.000000000000000E+000
 -2.154213404700247E-002 -1.028470735423820E-003
 -4.144117941702459E-002 -3.900220974451102E-003
 -5.992137129183643E-002 -8.322651283259956E-003
 -7.712806951637213E-002 -1.406822863368604E-002
 -9.318036917758442E-002 -2.095359868809986E-002
 -0.108142904560094      -2.882661382514538E-002
 -0.122068440202276      -3.756024138467547E-002
 -0.134970304861696      -4.703895239606033E-002
 -0.146854321460519      -5.715357888717893E-002
 -0.157696985359731      -6.779441282636356E-002
 -0.167470328209807      -7.884745009334389E-002
 -0.176122557554821      -9.019350579058111E-002
 -0.183600174040181      -0.101699453327035     
 -0.189827611669633      -0.113229426263618     
 -0.194728670968809      -0.124623263916571     
 -0.198203245131486      -0.135728055287142     
 -0.200147023580970      -0.146352176748001     
 -0.200426445436855      -0.156329874109677     
 -0.198892719580401      -0.165436606346294     
 -0.195360063586299      -0.173502077595448     
 -0.189607277059089      -0.180270368411041     
 -0.181367886025194      -0.185579356898156     
 -0.170312585318638      -0.189150693204287     
 -0.156061342736891      -0.190849437886885     
 -0.138141955638594      -0.190395628281173     
 -0.116031436778913      -0.187707201890626     
 -8.909758590157518E-002 -0.182550691936564     
 -5.667144040617072E-002 -0.174925183324120     
 -1.798666767153569E-002 -0.164732976756580     
  2.774287573700532E-002 -0.152099039052423     
  8.131124667660641E-002 -0.137163013646695     
  0.143546365889330      -0.120214924594740     
  0.215083760888509      -0.101774936872233     
  0.296591815663109      -8.230152821260067E-002
  0.388335318797050      -6.279240907595472E-002
  0.490589049922660      -4.389328482952001E-002
  0.603152019142477      -2.699621691860785E-002
  0.725792801413434      -1.297721786250806E-002
  0.858215654648527      -3.543832295786161E-003
   1.00000000000000       0.000000000000000E+000
  2.122610839453942E-314  0.000000000000000E+000
 -1.941021742377368E-002 -1.150779363007829E-003
 -3.752655170914399E-002 -4.345122437816991E-003
 -5.450010420200580E-002 -9.262164848593534E-003
 -7.041084437805332E-002 -1.565183133778773E-002
 -8.533912902216872E-002 -2.331607662895284E-002
 -9.931708421924859E-002 -3.209787313257834E-002
 -0.112383019743159      -4.185730763361747E-002
 -0.124535868168030      -5.248550444698870E-002
 -0.135784053712486      -6.385649339363154E-002
 -0.146099778339122      -7.587535001466468E-002
 -0.155468922143847      -8.840419595157593E-002
 -0.163839711677831      -0.101344041544522     
 -0.171179717416419      -0.114529925199495     
 -0.177413805020956      -0.127849067355929     
 -0.182491921374258      -0.141101450532530     
 -0.186311921281603      -0.154156721565785     
 -0.188799918211486      -0.166775426470585     
 -0.189815399543842      -0.178808857920692     
 -0.189243878036232      -0.189976516493167     
 -0.186885184099028      -0.200113162759200     
 -0.182555226067110      -0.208896829640575     
 -0.175962450652079      -0.216151079512464     
 -0.166813133694729      -0.221518859991939     
 -0.154687907991226      -0.224825208733786     
 -0.139138150206983      -0.225694031696973     
 -0.119583339501814      -0.223974896512985     
 -9.538068399649675E-002 -0.219328034448568     
 -6.578488728579240E-002 -0.211667653462230     
 -2.995343989400098E-002 -0.200786515503912     
  1.299114841873792E-002 -0.186739117889004     
  6.402874606767828E-002 -0.169598736755365     
  0.124053883257083      -0.149615859778460     
  0.194045914480035      -0.127435426103295     
  0.274670942187776      -0.103537606344324     
  0.366631442563978      -7.931042150888115E-002
  0.470156851996223      -5.550922372580339E-002
  0.585430583866325      -3.417941697521914E-002
  0.712232316152985      -1.635525843095885E-002
  0.850433961892695      -4.458426206653375E-003
   1.00000000000000       0.000000000000000E+000
  2.122610839453942E-314  0.000000000000000E+000
 -1.709832713602281E-002 -1.227594770486164E-003
 -3.326993032684693E-002 -4.649524875497614E-003
 -4.859229764352973E-002 -9.932196821542403E-003
 -6.307620312311923E-002 -1.679341868810566E-002
 -7.675745104066271E-002 -2.504389111049332E-002
 -8.963462129573220E-002 -3.451046649985726E-002
 -0.101723065376237      -4.506922097468457E-002
 -0.113016236900346      -5.659315150712241E-002
 -0.123511464345963      -6.897879928777467E-002
 -0.133193500858051      -8.210778605644053E-002
 -0.142042645672944      -9.587036318407274E-002
 -0.150030940220980      -0.110136989835091     
 -0.157122020524522      -0.124775702915680     
 -0.163271761320700      -0.139636006686143     
 -0.168425620942645      -0.154553752827013     
 -0.172517673769587      -0.169354106746285     
 -0.175467794960316      -0.183832352374234     
 -0.177176182273269      -0.197788993127092     
 -0.177519706444654      -0.210970370881137     
 -0.176342679026752      -0.223154647887993     
 -0.173448847370896      -0.234028076388627     
 -0.168592194517180      -0.243351405536787     
 -0.161460570628761      -0.250744286350160     
 -0.151675648248622      -0.255961908276425     
 -0.138757093632839      -0.258557351047969     
 -0.122146160371459      -0.258303020811348     
 -0.101147103416072      -0.254730235724933     
 -7.498455429476743E-002 -0.247683238685756     
 -4.272692747854823E-002 -0.236758617541797     
 -3.346567648162226E-003 -0.221967363521567     
  4.427131961759062E-002 -0.203194264023076     
  0.101302250536733      -0.180693697846467     
  0.168876435989445      -0.155039731932943     
  0.248122325281588      -0.126895984470442     
  0.339798097556474      -9.773173726606137E-002
  0.444796667295389      -6.878676463547088E-002
  0.563216124907889      -4.242415597101645E-002
  0.695299576104899      -2.038615032379609E-002
  0.840973498797571      -5.541185750917960E-003
   1.00000000000000       0.000000000000000E+000
  2.122610839453942E-314  0.000000000000000E+000
 -1.464008694744375E-002 -1.279582832683928E-003
 -2.876591951537839E-002 -4.827366868501450E-003
 -4.234099464358419E-002 -1.031722233906678E-002
 -5.531152759645302E-002 -1.745705776135695E-002
 -6.765378359693847E-002 -2.606625502662230E-002
 -7.933686490382653E-002 -3.597679773909278E-002
 -9.035354576392633E-002 -4.706422634593583E-002
 -0.100684685580602      -5.921661054523001E-002
 -0.110329309366025      -7.231953749651898E-002
 -0.119267384186523      -8.627895721339558E-002
 -0.127496316229065      -0.100964003977426     
 -0.134985654699826      -0.116278036339690     
 -0.141726187238849      -0.132059335233337     
 -0.147670807215514      -0.148197748149208     
 -0.152799782698229      -0.164492170431011     
 -0.157042358588701      -0.180812772557729     
 -0.160360667184976      -0.196911921084819     
 -0.162647555781245      -0.212634690033770     
 -0.163830809172406      -0.227679175435587     
 -0.163743954155010      -0.241859914970398     
 -0.162252010187648      -0.254807508731623     
 -0.159092531669612      -0.266299240723106     
 -0.154023860834425      -0.275889369075482     
 -0.146640313474546      -0.283316200617112     
 -0.136534971877840      -0.288044266424696     
 -0.123097844475096      -0.289783123139808     
 -0.105684753650938      -0.287943518327935     
 -8.343000785146647E-002 -0.282258638878686     
 -5.537897330586228E-002 -0.272136924297707     
 -2.036032907797200E-002 -0.257426744950583     
  2.295548812441999E-002 -0.237861491864830     
  7.591798283118771E-002 -0.213530970036091     
  0.140149340135298      -0.184951298524085     
  0.216989179547778      -0.152777965977334     
  0.307942085366299      -0.118692123889897     
  0.413975507571619      -8.404522282719472E-002
  0.536058207842077      -5.218759928425765E-002
  0.674301477690439      -2.501546371284192E-002
  0.828966444641837      -6.813616962373148E-003
   1.00000000000000       0.000000000000000E+000
  2.122610839453942E-314  0.000000000000000E+000
 -1.215553900718700E-002 -1.276902317054962E-003
 -2.417583755399689E-002 -4.841185424860109E-003
 -3.595356655202814E-002 -1.037655469071977E-002
 -4.734142401840759E-002 -1.759066385841433E-002
 -5.827683131230200E-002 -2.632471073823048E-002
 -6.868706202755352E-002 -3.641234980873589E-002
 -7.854552489518109E-002 -4.775336516575806E-002
 -8.782706406370019E-002 -6.022551798088592E-002
 -9.651979115319316E-002 -7.374456828699982E-002
 -0.104618917400535      -8.819589195376847E-002
 -0.112113419828519      -0.103486889453794     
 -0.119001027915186      -0.119491399381599     
 -0.125263809803330      -0.136095579445442     
 -0.130891653305928      -0.153152481912606     
 -0.135854928349483      -0.170518234875987     
 -0.140127509132573      -0.188020061243250     
 -0.143660862702620      -0.205474532042193     
 -0.146400841407778      -0.222678538570280     
 -0.148265199802145      -0.239395699296773     
 -0.149150179580596      -0.255387849082208     
 -0.148912917088325      -0.270342308852812     
 -0.147365053778672      -0.283977952393413     
 -0.144260139756107      -0.295880976850807     
 -0.139276066300470      -0.305725423443990     
 -0.131999498351628      -0.312951351857771     
 -0.121895960323463      -0.317193827113804     
 -0.108297836623130      -0.317751014009644     
 -9.037688416452840E-002 -0.314266150544482     
 -6.708805208641491E-002 -0.305907225122927     
 -3.720091428181625E-002 -0.292390639774385     
  7.970970665615622E-004 -0.273118418915865     
  4.852935681767111E-002 -0.248120656337931     
  0.107899165845865      -0.217397332220324     
  0.181179984251620      -0.181814361742806     
  0.270143714131318      -0.142813803490300     
  0.377015369275008      -0.102224763910896     
  0.502868934757337      -6.398230676500374E-002
  0.648709288227909      -3.094646907940965E-002
  0.814580620694027      -8.433321473229611E-003
   1.00000000000000       0.000000000000000E+000
  2.122610839453942E-314  0.000000000000000E+000
 -9.674630678486855E-003 -1.244074609007605E-003
 -1.962321292723199E-002 -4.702110804735752E-003
 -2.959324337019382E-002 -1.010966270253076E-002
 -3.938963836122197E-002 -1.718011681110630E-002
 -4.887783604902449E-002 -2.578901499859078E-002
 -5.796861878939703E-002 -3.578392621209173E-002
 -6.660969547105815E-002 -4.707538227423069E-002
 -7.476967427949777E-002 -5.956159895761017E-002
 -8.243873436381981E-002 -7.315139223618256E-002
 -8.960770456263746E-002 -8.776065367766551E-002
 -9.628415795514222E-002 -0.103277111783397     
 -0.102459834735897      -0.119617100861020     
 -0.108146023111794      -0.136638529560167     
 -0.113324402232632      -0.154249553301452     
 -0.118003043505157      -0.172272225607283     
 -0.122145994474890      -0.190600220555805     
 -0.125751483983235      -0.209012488306222     
 -0.128755243250029      -0.227380391005924     
 -0.131133870300373      -0.245427995278795     
 -0.132774737252777      -0.262993187898877     
 -0.133610878307109      -0.279722867460163     
 -0.133447328133867      -0.295402137129312     
 -0.132136468868863      -0.309575928374761     
 -0.129348279006469      -0.321959271261191     
 -0.124797478563579      -0.331930437964724     
 -0.117928311232505      -0.339110283186739     
 -0.108216019919848      -0.342710084767609     
 -9.477333232520357E-002 -0.342266731950113     
 -7.667498569317445E-002 -0.336757734387862     
 -5.252400823701499E-002 -0.325674023852986     
 -2.075979446798490E-002 -0.308159073364074     
  2.057922011936745E-002 -0.283995776928129     
  7.383136045979140E-002 -0.252524577471006     
  0.141787827773941      -0.214323911760699     
  0.227619116445110      -0.170953752577741     
  0.333727444617632      -0.123929656351928     
  0.463187318171684      -7.860412731939807E-002
  0.617054685632604      -3.816209102427354E-002
  0.796181232837305      -1.048236628640238E-002
   1.00000000000000       0.000000000000000E+000
  2.122610839453942E-314  0.000000000000000E+000
 -7.341422395607295E-003 -1.154114557086844E-003
 -1.527154701409003E-002 -4.397324891812510E-003
 -2.348707017739441E-002 -9.501690061858803E-003
 -3.169006436245397E-002 -1.621883978298045E-002
 -3.972484232310005E-002 -2.445622640057989E-002
 -4.746350589434153E-002 -3.408035337670294E-002
 -5.484337451991399E-002 -4.502942476145654E-002
 -6.183171854106016E-002 -5.719696278213658E-002
 -6.840918465031753E-002 -7.052457489482036E-002
 -7.458459728013810E-002 -8.490886766327321E-002
 -8.035356333195941E-002 -0.100280982081814     
 -8.573703036063270E-002 -0.116528268119139     
 -9.073133739389161E-002 -0.133566209966497     
 -9.535565236421169E-002 -0.151267212826093     
 -9.960063118680404E-002 -0.169526719051924     
 -0.103476298388617      -0.188197177978690     
 -0.106962403374404      -0.207147000753645     
 -0.110051478264369      -0.226201883218728     
 -0.112703068994545      -0.245189739908040     
 -0.114876504012700      -0.263899116237261     
 -0.116493329531330      -0.282091063788613     
 -0.117452580849331      -0.299498547440211     
 -0.117606283817247      -0.315778250809737     
 -0.116743464398584      -0.330592433236009     
 -0.114590754667599      -0.343402868054570     
 -0.110743328011412      -0.353762568610385     
 -0.104699131138943      -0.360901040377547     
 -9.575287667048497E-002 -0.364272927737746     
 -8.298710581731987E-002 -0.362664048703585     
 -6.509610296256990E-002 -0.355463803672852     
 -4.046497175150893E-002 -0.341271946286507     
 -6.859738866662625E-003 -0.319823416982818     
  3.852967338163113E-002 -0.289405054682749     
  9.945268680192314E-002 -0.250238308161687     
  0.180020319964239      -0.203538796719870     
  0.283992033236627      -0.150839195349268     
  0.415195850889657      -9.738625111478322E-002
  0.578396470982821      -4.840418871379089E-002
  0.773291932358117      -1.346883171758082E-002
   1.00000000000000       0.000000000000000E+000
  2.122610839453942E-314  0.000000000000000E+000
 -5.175583533899617E-003 -1.031480184703466E-003
 -1.126031299963237E-002 -3.931423530425713E-003
 -1.779596779423957E-002 -8.571182890816209E-003
 -2.447391698405150E-002 -1.472428909714552E-002
 -3.107004211598894E-002 -2.235377185751101E-002
 -3.746262232594808E-002 -3.134573183218320E-002
 -4.356909837786923E-002 -4.165373902087836E-002
 -4.935898157116976E-002 -5.319387058019830E-002
 -5.481812565480506E-002 -6.589946528047141E-002
 -5.995028391707714E-002 -7.970067922844168E-002
 -6.476967488107305E-002 -9.450723312342421E-002
 -6.928611025095986E-002 -0.110254617281366     
 -7.352295342995080E-002 -0.126829667491630     
 -7.748441217172916E-002 -0.144169318896154     
 -8.119524936613787E-002 -0.162135991921951     
 -8.464882704455058E-002 -0.180663721920763     
 -8.786725458815864E-002 -0.199585528652711     
 -9.082712567845284E-002 -0.218825733461445     
 -9.354236507841406E-002 -0.238176613968174     
 -9.596043186210704E-002 -0.257540848447111     
 -9.807598322778205E-002 -0.276648085698139     
 -9.978452708314316E-002 -0.295357530858479     
 -0.101042118857876      -0.313299706556621     
 -0.101645558082147      -0.330264841824445     
 -0.101473504507520      -0.345693182473479     
 -0.100141911897184      -0.359236470654607     
 -9.736642473866591E-002 -0.370122875985204     
 -9.245061845777161E-002 -0.377849031679394     
 -8.479681958453883E-002 -0.381059453640230     
 -7.302384437826769E-002 -0.379027940639546     
 -5.580927131455640E-002 -0.370086011252267     
 -3.067418505036413E-002 -0.353516351154694     
  5.255215027999499E-003 -0.326660818783213     
  5.646106265759912E-002 -0.288688841307842     
  0.128711981905248      -0.240765742662240     
  0.227067524143405      -0.184123257015546     
  0.358467361712545      -0.122392723223338     
  0.529422249036603      -6.156142205746214E-002
  0.743862067368427      -1.802573305894319E-002
   1.00000000000000       0.000000000000000E+000
  2.122610839453942E-314  0.000000000000000E+000
 -3.325262101881338E-003 -8.593871925867585E-004
 -7.723607913938190E-003 -3.329431906836776E-003
 -1.272789118407950E-002 -7.344812268715049E-003
 -1.794462210677806E-002 -1.275486996006636E-002
 -2.315738827946036E-002 -1.955820339640681E-002
 -2.822691617026674E-002 -2.766884393095817E-002
 -3.307106815247354E-002 -3.706581156203956E-002
 -3.766907035269305E-002 -4.765958436984068E-002
 -4.199740836241035E-002 -5.941460764810860E-002
 -4.608011218408332E-002 -7.224002471664273E-002
 -4.991480837189979E-002 -8.608936680714654E-002
 -5.353774096372276E-002 -0.100868943462153     
 -5.695073890376044E-002 -0.116526036406993     
 -6.019032151448411E-002 -0.132962722940551     
 -6.325605342558771E-002 -0.150121282944295     
 -6.618120389805558E-002 -0.167895356096199     
 -6.896001730368263E-002 -0.186220177472398     
 -7.161998220818248E-002 -0.204974029105242     
 -7.414614205032050E-002 -0.224077453015047     
 -7.655398371636007E-002 -0.243381685582281     
 -7.881200044473674E-002 -0.262775468409415     
 -8.090988188040990E-002 -0.282063859195349     
 -8.278540255427488E-002 -0.301069420081840     
 -8.436995434960022E-002 -0.319525189473080     
 -8.554239356361154E-002 -0.337102731878828     
 -8.612819821543237E-002 -0.353392637681680     
 -8.588498481996316E-002 -0.367855231842871     
 -8.438991577263315E-002 -0.379955755161875     
 -8.111339867532087E-002 -0.388456052785297     
 -7.503295536666613E-002 -0.392499209361326     
 -6.485554082802898E-002 -0.390376875006583     
 -4.869012746057188E-002 -0.381052744242036     
 -2.337505352380499E-002 -0.360898345655887     
  1.545101486500701E-002 -0.328489745869513     
  7.409075623308882E-002 -0.282291781979472     
  0.161275632560468      -0.224974239830923     
  0.286282350729909      -0.154748319978259     
  0.466399898409531      -7.967845466222925E-002
  0.705616433968904      -2.380252381405863E-002
   1.00000000000000       0.000000000000000E+000
  2.122610839453942E-314  0.000000000000000E+000
 -1.795069632385316E-003 -6.583851971085537E-004
 -4.798624275233917E-003 -2.589288566068524E-003
 -8.414790730244205E-003 -5.868537263699534E-003
 -1.230219978341838E-002 -1.037813096875324E-002
 -1.620393700207793E-002 -1.617722898530030E-002
 -2.001364501193340E-002 -2.320073162629796E-002
 -2.364688238513543E-002 -3.143303749127316E-002
 -2.708921731706044E-002 -4.080890205644123E-002
 -3.032871415350395E-002 -5.127534628500434E-002
 -3.337968401849570E-002 -6.277774291787146E-002
 -3.625738269960763E-002 -7.524339466090715E-002
 -3.898015676671859E-002 -8.862905651902604E-002
 -4.157154902946689E-002 -0.102851757355513     
 -4.404634418119512E-002 -0.117880016851207     
 -4.643003283232900E-002 -0.133622527472239     
 -4.873243166201412E-002 -0.150057759539281     
 -5.097938691545248E-002 -0.167083760219253     
 -5.317485416983876E-002 -0.184685678736636     
 -5.534427230022498E-002 -0.202743877057021     
 -5.748212155331922E-002 -0.221243794205150     
 -5.961186321305854E-002 -0.240033951006014     
 -6.170915211831848E-002 -0.259088908742377     
 -6.379272034958050E-002 -0.278193542635840     
 -6.579509478372057E-002 -0.297291181044031     
 -6.771952141325017E-002 -0.316042556573773     
 -6.942103314826717E-002 -0.334301431905883     
 -7.087353608501763E-002 -0.351532645313485     
 -7.171587725493993E-002 -0.367512455150804     
 -7.181071991605649E-002 -0.380979241281086     
 -7.025593106607189E-002 -0.391261580775955     
 -6.639523713098995E-002 -0.396880467713963     
 -5.833580334724981E-002 -0.396800717937258     
 -4.413839907077958E-002 -0.386558287611745     
 -1.856852368965346E-002 -0.364263179765010     
  2.424484680370489E-002 -0.326319675633032     
  9.551108071201035E-002 -0.274052054188447     
  0.210187327699180      -0.197828305803219     
  0.389417648803169      -0.100771521309941     
  0.655026778891131      -2.931858412200604E-002
   1.00000000000000       0.000000000000000E+000
  2.122610839453942E-314  0.000000000000000E+000
 -7.078476703416678E-004 -4.350655303702910E-004
 -2.548898155187447E-003 -1.794268497263090E-003
 -4.988149034038677E-003 -4.239116754952087E-003
 -7.669531196036547E-003 -7.746187782513164E-003
 -1.037375468400570E-002 -1.240343333915885E-002
 -1.301870268224481E-002 -1.816097878960150E-002
 -1.552419276500133E-002 -2.502433298209157E-002
 -1.789911048472799E-002 -3.291192351932681E-002
 -2.011826389719509E-002 -4.180075742515870E-002
 -2.221598387398272E-002 -5.161189431129391E-002
 -2.418603135341008E-002 -6.231467827277420E-002
 -2.606690154949998E-002 -7.383797073595301E-002
 -2.785606276663855E-002 -8.615514797758246E-002
 -2.959173932926420E-002 -9.920243272354452E-002
 -3.126937690658245E-002 -0.112962147122564     
 -3.292826885540168E-002 -0.127373564328080     
 -3.455958928053525E-002 -0.142430300484313     
 -3.620610443218900E-002 -0.158068896581992     
 -3.785315134144991E-002 -0.174294630907598     
 -3.954861094434527E-002 -0.191033024781665     
 -4.126995480883702E-002 -0.208298540585984     
 -4.306922732167908E-002 -0.225993579528688     
 -4.491292954735920E-002 -0.244129541087602     
 -4.685279924536447E-002 -0.262561495526586     
 -4.884090774942687E-002 -0.281272576951122     
 -5.091971699725936E-002 -0.300028299703267     
 -5.301454091510992E-002 -0.318733805187586     
 -5.506649730781137E-002 -0.337057249110211     
 -5.692951356468929E-002 -0.354441007341654     
 -5.842324919501515E-002 -0.370026981416855     
 -5.917773383751745E-002 -0.383098659978366     
 -5.823912210260705E-002 -0.392923855899605     
 -5.443522686804478E-002 -0.394557868421092     
 -4.301740357296126E-002 -0.386426352164046     
 -1.847004584259157E-002 -0.362257299734354     
  3.065631003688075E-002 -0.322163378794817     
  0.128274539996829      -0.247529809281000     
  0.306483845696688      -0.134015264147418     
  0.593552796644147      -3.926859481238951E-002
   1.00000000000000       0.000000000000000E+000
  2.122610839453942E-314  0.000000000000000E+000
 -3.066900415637646E-005 -2.061888655730618E-004
 -1.059937758562810E-003 -9.499517256741339E-004
 -2.507859872740723E-003 -2.556259929149528E-003
 -4.157105025253866E-003 -5.026940661605019E-003
 -5.810479410195978E-003 -8.468617953738636E-003
 -7.424685836840649E-003 -1.285754938793040E-002
 -8.945062522390716E-003 -1.817176692116386E-002
 -1.037562042876783E-002 -2.436650130838898E-002
 -1.171094147186779E-002 -3.138639017360111E-002
 -1.296554010033544E-002 -3.919698642897183E-002
 -1.414961030010508E-002 -4.773727637848948E-002
 -1.527742852190032E-002 -5.698707481887091E-002
 -1.636212766530746E-002 -6.689024518564243E-002
 -1.741660053842427E-002 -7.744245480626463E-002
 -1.845326234514336E-002 -8.859357232384320E-002
 -1.948495894231935E-002 -0.100354937844904     
 -2.052285863735605E-002 -0.112680924526980     
 -2.158140917994714E-002 -0.125598941412154     
 -2.267098154524362E-002 -0.139065080036931     
 -2.380885974034682E-002 -0.153123923295875     
 -2.500577922106385E-002 -0.167727931414294     
 -2.628156978691175E-002 -0.182941221183198     
 -2.764938537950012E-002 -0.198700511358173     
 -2.913100067288611E-002 -0.215088952701830     
 -3.074815025320637E-002 -0.232011139711868     
 -3.252212698770031E-002 -0.249577816894168     
 -3.450223405618798E-002 -0.267581071468515     
 -3.664411303828261E-002 -0.286187394266345     
 -3.901181141457333E-002 -0.304903760398036     
 -4.156775245972456E-002 -0.323702361538822     
 -4.450503080448651E-002 -0.341966332584466     
 -4.714248968549562E-002 -0.360462969550897     
 -4.972740792269965E-002 -0.373511558820742     
 -4.851821306678731E-002 -0.380235243479132     
 -4.111980939820577E-002 -0.376217110955428     
 -1.637080103600098E-002 -0.358552832058206     
  4.582395269408149E-002 -0.297697637027771     
  0.192721867378402      -0.179687409260786     
  0.498043076391671      -6.042004476748825E-002
   1.00000000000000       0.000000000000000E+000
  2.122610839453942E-314  0.000000000000000E+000
  2.124085505256003E-004 -2.371809078782807E-005
 -2.383179804897613E-004 -2.468486517527228E-004
 -9.196649033196483E-004 -1.062760089917397E-003
 -1.738236810213006E-003 -2.526116260790083E-003
 -2.534940756149858E-003 -4.751392337472044E-003
 -3.325123153153670E-003 -7.685488633898631E-003
 -4.048712828001183E-003 -1.133448192345085E-002
 -4.736094906442125E-003 -1.562643538566361E-002
 -5.363489122608183E-003 -2.054260333201676E-002
 -5.960146771641446E-003 -2.602800947165622E-002
 -6.513303208730015E-003 -3.206225466029122E-002
 -7.050434873719245E-003 -3.860491102458863E-002
 -7.558525538498832E-003 -4.564596993399674E-002
 -8.067173700777844E-003 -5.315561634335447E-002
 -8.558193264884169E-003 -6.113879084827237E-002
 -9.067153241487351E-003 -6.957112262555630E-002
 -9.567872075239705E-003 -7.847625302034492E-002
 -1.010590069286871E-002 -8.783082896391572E-002
 -1.064445410209428E-002 -9.768199677526243E-002
 -1.124370297346644E-002 -0.108003096905492     
 -1.185268585166636E-002 -0.118871505920341     
 -1.255240511543371E-002 -0.130251512548795     
 -1.327254017534444E-002 -0.142261088432088     
 -1.412724140063303E-002 -0.154843992114270     
 -1.501942459547226E-002 -0.168182100002254     
 -1.611033646628438E-002 -0.182191544997355     
 -1.725420703599258E-002 -0.197121691117547     
 -1.868532943345059E-002 -0.212800622181029     
 -2.020401671050403E-002 -0.229634893275635     
 -2.230615859476552E-002 -0.247210347165780     
 -2.463825345888694E-002 -0.266371924241033     
 -2.736476949339750E-002 -0.287088514932251     
 -2.934798454758198E-002 -0.307862796440305     
 -3.162739779203178E-002 -0.324561159065872     
 -3.291097550093143E-002 -0.342182206477750     
 -3.683869980576344E-002 -0.358191579367849     
 -3.121523626263305E-002 -0.329432510147688     
  4.100505448351441E-002 -0.259004335430402     
  0.291021562713308      -0.100780944482322     
   1.00000000000000       0.000000000000000E+000
  2.122610839453942E-314  0.000000000000000E+000
  1.097884159533860E-004  1.097884159533398E-004
 -1.954357146156256E-005  2.157877616111804E-004
 -1.927836718234264E-004 -1.567319392617297E-005
 -4.112428283371296E-004 -6.568869604140310E-004
 -6.286480124781276E-004 -1.706580716195416E-003
 -8.402886381952306E-004 -3.191424861853654E-003
 -1.036499963235408E-003 -5.052708823011396E-003
 -1.216557442330072E-003 -7.292074999351775E-003
 -1.384092180178012E-003 -9.854478541587381E-003
 -1.538736296786073E-003 -1.274299417407231E-002
 -1.685748927142793E-003 -1.591436219036640E-002
 -1.825602857503834E-003 -1.937483279834568E-002
 -1.961284921283184E-003 -2.309406633825790E-002
 -2.095533621650345E-003 -2.708425003494977E-002
 -2.228510729042151E-003 -3.132403753377724E-002
 -2.365771254278445E-003 -3.583338857198168E-002
 -2.504243827422754E-003 -4.059738932665032E-002
 -2.653206883115481E-003 -4.564607471224284E-002
 -2.806025277110165E-003 -5.096925813239053E-002
 -2.976838414448128E-003 -5.661070629858784E-002
 -3.154801054870303E-003 -6.256358380901644E-002
 -3.360462456324042E-003 -6.889088924786846E-002
 -3.577515693912090E-003 -7.558932837283329E-002
 -3.837643964972581E-003 -8.275097347482098E-002
 -4.120311367140759E-003 -9.037489931222423E-002
 -4.468322737526956E-003 -9.861125547773635E-002
 -4.848938147037536E-003 -0.107439936894014     
 -5.324399607785219E-003 -0.117072673201894     
 -5.845734304767916E-003 -0.127576197873227     
 -6.626790185642210E-003 -0.139400892074379     
 -7.774632924401367E-003 -0.152325943311701     
 -9.008750410578768E-003 -0.167741695097328     
 -9.823719565649466E-003 -0.184239247058849     
 -1.091023847883029E-002 -0.201329842416464     
 -1.310370976839090E-002 -0.224746990578998     
 -2.001059493563603E-002 -0.270839407742673     
 -4.076869419926092E-002 -0.282041994592645     
 -1.210174390580146E-002 -0.290163853279228     
  0.179023628947734      -0.179881338381853     
   1.00000000000000       0.000000000000000E+000
  2.122610839453942E-314  0.000000000000000E+000
  2.122610839453942E-314  0.000000000000000E+000
  2.122610839453942E-314  0.000000000000000E+000
  2.122610839453942E-314  0.000000000000000E+000
  2.122610839453942E-314  0.000000000000000E+000
  2.122610839453942E-314  0.000000000000000E+000
  2.122610839453942E-314  0.000000000000000E+000
  2.122610839453942E-314  0.000000000000000E+000
  2.122610839453942E-314  0.000000000000000E+000
  2.122610839453942E-314  0.000000000000000E+000
  2.122610839453942E-314  0.000000000000000E+000
  2.122610839453942E-314  0.000000000000000E+000
  2.122610839453942E-314  0.000000000000000E+000
  2.122610839453942E-314  0.000000000000000E+000
  2.122610839453942E-314  0.000000000000000E+000
  2.122610839453942E-314  0.000000000000000E+000
  2.122610839453942E-314  0.000000000000000E+000
  2.122610839453942E-314  0.000000000000000E+000
  2.122610839453942E-314  0.000000000000000E+000
  2.122610839453942E-314  0.000000000000000E+000
  2.122610839453942E-314  0.000000000000000E+000
  2.122610839453942E-314  0.000000000000000E+000
  2.122610839453942E-314  0.000000000000000E+000
  2.122610839453942E-314  0.000000000000000E+000
  2.122610839453942E-314  0.000000000000000E+000
  2.122610839453942E-314  0.000000000000000E+000
  2.122610839453942E-314  0.000000000000000E+000
  2.122610839453942E-314  0.000000000000000E+000
  2.122610839453942E-314  0.000000000000000E+000
  2.122610839453942E-314  0.000000000000000E+000
  2.122610839453942E-314  0.000000000000000E+000
  2.122610839453942E-314  0.000000000000000E+000
  2.122610839453942E-314  0.000000000000000E+000
  2.122610839453942E-314  0.000000000000000E+000
  2.122610839453942E-314  0.000000000000000E+000
  2.122610839453942E-314  0.000000000000000E+000
  2.122610839453942E-314  0.000000000000000E+000
  2.122610839453942E-314  0.000000000000000E+000
  2.122610839453942E-314  0.000000000000000E+000
  2.122610839453942E-314  0.000000000000000E+000
   1.00000000000000       0.000000000000000E+000
