  5.432309224871097E-312  0.000000000000000E+000
  2.122610839453942E-314  0.000000000000000E+000
  2.122610839453942E-314  0.000000000000000E+000
  2.122610839453942E-314  0.000000000000000E+000
  2.122610839453942E-314  0.000000000000000E+000
  2.122610839453942E-314  0.000000000000000E+000
  2.122610839453942E-314  0.000000000000000E+000
  2.122610839453942E-314  0.000000000000000E+000
  2.122610839453942E-314  0.000000000000000E+000
  2.122610839453942E-314  0.000000000000000E+000
  2.122610839453942E-314  0.000000000000000E+000
  2.122610839453942E-314  0.000000000000000E+000
  2.122610839453942E-314  0.000000000000000E+000
  2.122610839453942E-314  0.000000000000000E+000
  2.122610839453942E-314  0.000000000000000E+000
  2.122610839453942E-314  0.000000000000000E+000
  2.122610839453942E-314  0.000000000000000E+000
  2.122610839453942E-314  0.000000000000000E+000
  2.122610839453942E-314  0.000000000000000E+000
  2.122610839453942E-314  0.000000000000000E+000
  2.122610839453942E-314  0.000000000000000E+000
  2.122610839453942E-314  0.000000000000000E+000
  2.122610839453942E-314  0.000000000000000E+000
  2.122610839453942E-314  0.000000000000000E+000
  2.122610839453942E-314  0.000000000000000E+000
  2.122610839453942E-314  0.000000000000000E+000
  2.122610839453942E-314  0.000000000000000E+000
  2.122610839453942E-314  0.000000000000000E+000
  2.122610839453942E-314  0.000000000000000E+000
  2.122610839453942E-314  0.000000000000000E+000
  2.122610839453942E-314  0.000000000000000E+000
  2.122610839453942E-314  0.000000000000000E+000
  2.122610839453942E-314  0.000000000000000E+000
  2.122610839453942E-314  0.000000000000000E+000
  2.122610839453942E-314  0.000000000000000E+000
  2.122610839453942E-314  0.000000000000000E+000
  2.122610839453942E-314  0.000000000000000E+000
  2.122610839453942E-314  0.000000000000000E+000
  2.122610839453942E-314  0.000000000000000E+000
  2.122610839453942E-314  0.000000000000000E+000
   1.00000000000000       0.000000000000000E+000
  2.122610839453942E-314  0.000000000000000E+000
  1.061968223378015E-004 -1.060782087585897E-004
 -3.085976556345580E-005 -5.487298395207945E-005
 -2.313973402399664E-004  2.082444408133821E-004
 -4.561408975551161E-004  9.370560439293763E-004
 -6.737665214075929E-004  2.050525675251996E-003
 -8.708119270903861E-004  3.577806412534166E-003
 -1.059055845321734E-003  5.470757657285288E-003
 -1.222455444573213E-003  7.704024500087187E-003
 -1.375430403945452E-003  1.024381935409588E-002
 -1.503732468745883E-003  1.305253041617686E-002
 -1.622028211139862E-003  1.610471785669522E-002
 -1.717557992567566E-003  1.935851615998016E-002
 -1.803794124057896E-003  2.279471174404468E-002
 -1.869854563957317E-003  2.637170660142291E-002
 -1.927755363289033E-003  3.007536997109313E-002
 -1.969352164318754E-003  3.386807408396810E-002
 -2.005028463620640E-003  3.774088547017831E-002
 -2.030573604960098E-003  4.166609858140250E-002
 -2.054341521830641E-003  4.564035151658914E-002
 -2.077715510844022E-003  4.965541703080845E-002
 -2.106738762334710E-003  5.371397674162803E-002
 -2.150011745243183E-003  5.784167404675974E-002
 -2.210295799100042E-003  6.204653777735251E-002
 -2.307255498398354E-003  6.641340512827966E-002
 -2.443480153679156E-003  7.095230171456650E-002
 -2.652742032639409E-003  7.583692075767380E-002
 -2.949490523385325E-003  8.109818837538305E-002
 -3.350425601623532E-003  8.704445084460129E-002
 -3.809335052674372E-003  9.363208426309436E-002
 -4.518815981035670E-003  0.101643029457826     
 -5.810756013353634E-003  0.111028526661954     
 -7.496787573450718E-003  0.122033344154003     
 -9.914085176664849E-003  0.136088437926098     
 -1.094841326691869E-002  0.155097848293000     
 -5.524397857827913E-003  0.170460839163929     
 -6.718115321916195E-003  0.197096917254461     
 -5.270478002108604E-002  0.256559650506729     
 -4.913507793949996E-002  0.215129680043147     
  0.146780853378682       0.146780853378687     
   1.00000000000000       0.000000000000000E+000
  2.122610839453942E-314  0.000000000000000E+000
  5.475437036984733E-005  2.989569508008726E-005
 -3.979621486368251E-004  3.959190559902456E-004
 -1.119331628422349E-003  1.268117827380669E-003
 -1.880721492856148E-003  2.825781377256124E-003
 -2.665585946285409E-003  5.095494692180965E-003
 -3.384336529111265E-003  8.026196053094348E-003
 -4.072003848677129E-003  1.162247033002803E-002
 -4.680191050902522E-003  1.579640976513396E-002
 -5.242170474485526E-003  2.053329253536880E-002
 -5.726874164201913E-003  2.573852942668336E-002
 -6.161960693827641E-003  3.139203538824115E-002
 -6.526502618739633E-003  3.740153000204299E-002
 -6.842246008458360E-003  4.374714145109244E-002
 -7.096087875540862E-003  5.034165924894838E-002
 -7.305767094331114E-003  5.716966114533981E-002
 -7.465615391331744E-003  6.415119357294295E-002
 -7.592051840971458E-003  7.128090110682249E-002
 -7.686648402430636E-003  7.849023580532016E-002
 -7.768267300446242E-003  8.579193287860655E-002
 -7.844701090118509E-003  9.313469648580520E-002
 -7.943370935136522E-003  0.100561558037920     
 -8.075320145176658E-003  0.108045374224935     
 -8.287234065322580E-003  0.115678321795497     
 -8.586465515280462E-003  0.123463593564256     
 -9.060992617030719E-003  0.131570907096169     
 -9.694894346835944E-003  0.140026824037645     
 -1.065496200540008E-002  0.149137694166504     
 -1.187377869675247E-002  0.158956047776874     
 -1.367279772162954E-002  0.169989119442822     
 -1.583166382625907E-002  0.182216424787091     
 -1.912903406693831E-002  0.196392287124463     
 -2.268376623862385E-002  0.211669867655798     
 -2.740599906622094E-002  0.230214664546157     
 -3.219935970526477E-002  0.252494800235598     
 -3.903616063096300E-002  0.277435683787077     
 -3.823051615190353E-002  0.292824775042153     
 -3.246616560874158E-002  0.294140998655801     
  2.429365386066755E-002  0.228974853979971     
  0.329102559692593       9.875879135267916E-002
   1.00000000000000       0.000000000000000E+000
  2.122610839453942E-314  0.000000000000000E+000
 -2.080092469635078E-004  2.286985522488162E-004
 -1.265433414821040E-003  1.104557099210677E-003
 -2.696129533519317E-003  2.670035058619079E-003
 -4.270836042928113E-003  5.164550215010475E-003
 -5.848166133739214E-003  8.527601232475930E-003
 -7.357066480803824E-003  1.278882040605081E-002
 -8.767589099042017E-003  1.787742825802048E-002
 -1.005389318739159E-002  2.375923482524729E-002
 -1.121875652651916E-002  3.035696647892169E-002
 -1.224842062231748E-002  3.760319412930602E-002
 -1.315610696544760E-002  4.542574395475264E-002
 -1.393185187981799E-002  5.374571968430062E-002
 -1.459204676854737E-002  6.249709527510273E-002
 -1.513059291076922E-002  7.159932574455795E-002
 -1.556684767686441E-002  8.099487105757008E-002
 -1.590063339852783E-002  9.060836512603875E-002
 -1.615603346561039E-002  0.100394973541007     
 -1.634153211238337E-002  0.110292546721076     
 -1.648880912250442E-002  0.120275191092085     
 -1.661779249090158E-002  0.130304166631394     
 -1.677195651088656E-002  0.140380925330124     
 -1.698502229675289E-002  0.150502435646800     
 -1.731921860318994E-002  0.160708042154703     
 -1.782260123492587E-002  0.171041436249301     
 -1.858926222799805E-002  0.181594084649074     
 -1.967203524294453E-002  0.192455932262845     
 -2.121226380156590E-002  0.203783387140047     
 -2.325377813017359E-002  0.215696930452756     
 -2.604467235911876E-002  0.228426514659431     
 -2.950398480612658E-002  0.241889028600246     
 -3.404953306976480E-002  0.256458997098540     
 -3.888219139455418E-002  0.271284552875696     
 -4.395181251522502E-002  0.286417062586060     
 -4.782226245666966E-002  0.299634237250023     
 -5.208650941338423E-002  0.311006580242924     
 -4.193429493678043E-002  0.299451137396608     
 -3.182562088004601E-003  0.268314964176514     
  0.124088262651858       0.186380780837921     
  0.444513499101693       6.740708928841896E-002
   1.00000000000000       0.000000000000000E+000
  2.122610839453942E-314  0.000000000000000E+000
 -9.180083931928101E-004  4.396164211797276E-004
 -2.787214477253938E-003  1.813980501735150E-003
 -5.163223990081706E-003  4.140702897455828E-003
 -7.696621468738206E-003  7.529383477841247E-003
 -1.024853257832569E-002  1.195721064659504E-002
 -1.268892191833036E-002  1.740182358365134E-002
 -1.498615099998682E-002  2.382467422282479E-002
 -1.708858851636669E-002  3.115444610153642E-002
 -1.899985348388280E-002  3.933471948253384E-002
 -2.069595339744223E-002  4.826391698898809E-002
 -2.219120219057896E-002  5.788079632750937E-002
 -2.347347283408678E-002  6.807510203430853E-002
 -2.456051527879423E-002  7.878475634618248E-002
 -2.544866979347777E-002  8.989870520728585E-002
 -2.616040265511893E-002  0.101359803635027     
 -2.670109701865598E-002  0.113061787919088     
 -2.710227194573108E-002  0.124959657295085     
 -2.737960212440896E-002  0.136957197429038     
 -2.758021739076746E-002  0.149031143404653     
 -2.773020332030990E-002  0.161100330454999     
 -2.790146157186434E-002  0.173175456901351     
 -2.812754782230421E-002  0.185193177358622     
 -2.851816446842878E-002  0.197212021299703     
 -2.910453298730711E-002  0.209180960043330     
 -3.005156632822993E-002  0.221219359027612     
 -3.136395121798334E-002  0.233264287339891     
 -3.328010472703357E-002  0.245494068953928     
 -3.571595130119504E-002  0.257756957479499     
 -3.899252226866304E-002  0.270229801942307     
 -4.276101945245969E-002  0.282430845623661     
 -4.724114742220409E-002  0.294387367587569     
 -5.141983000964530E-002  0.304949757909001     
 -5.463238362764337E-002  0.313051693112289     
 -5.354474282935718E-002  0.315097489979901     
 -4.356798595324673E-002  0.306611459203425     
 -1.394704632614948E-002  0.277131993654377     
  6.829571045781059E-002  0.220474137713757     
  0.233064985008721       0.137117980756385     
  0.537666285134137       4.401901102639242E-002
   1.00000000000000       0.000000000000000E+000
  2.122610839453942E-314  0.000000000000000E+000
 -1.983682888592152E-003  6.350270870006207E-004
 -4.954286169219186E-003  2.505305442312609E-003
 -8.411720866430397E-003  5.516119703672229E-003
 -1.206082639466675E-002  9.747176274933229E-003
 -1.569279677903911E-002  1.511149446644235E-002
 -1.918989983231074E-002  2.160965458268523E-002
 -2.247479228453112E-002  2.915485622286563E-002
 -2.550302557761154E-002  3.770708766443464E-002
 -2.825390976336630E-002  4.717036094079384E-002
 -3.070863999365206E-002  5.746873938475534E-002
 -3.286946186614752E-002  6.850519712214466E-002
 -3.472769399404765E-002  8.018749332061434E-002
 -3.629762606328452E-002  9.242016368094594E-002
 -3.757795060935792E-002  0.105102954985449     
 -3.859406390837684E-002  0.118146766540331     
 -3.935413388312333E-002  0.131450082962281     
 -3.989751360368108E-002  0.144935837528628     
 -4.024539981071131E-002  0.158506749390284     
 -4.045574072866096E-002  0.172105085980246     
 -4.056553810600864E-002  0.185641569977632     
 -4.065681973582718E-002  0.199086191050428     
 -4.078178689393197E-002  0.212356147986901     
 -4.105230845232383E-002  0.225457071205411     
 -4.152584761695915E-002  0.238296452829702     
 -4.234722273071511E-002  0.250918651954541     
 -4.354655299401538E-002  0.263170902060407     
 -4.529484849859954E-002  0.275124346226873     
 -4.749714723142533E-002  0.286424049913229     
 -5.029702248431292E-002  0.297120531069599     
 -5.318447090615588E-002  0.306321448431338     
 -5.599820985491455E-002  0.313882541117130     
 -5.711602087453665E-002  0.317698875512578     
 -5.536456328432549E-002  0.317155744511261     
 -4.542118624120751E-002  0.306841390988884     
 -2.136415903710695E-002  0.285186722353678     
  3.205967795628580E-002  0.243638516861021     
  0.137807651931187       0.182103837996289     
  0.320680010130730       0.107902453880201     
  0.610597363440258       3.282169760099269E-002
   1.00000000000000       0.000000000000000E+000
  2.122610839453942E-314  0.000000000000000E+000
 -3.390598675480082E-003  7.892578413996967E-004
 -7.662650524843603E-003  3.067658885983481E-003
 -1.239252075061189E-002  6.698794170556826E-003
 -1.725736051070378E-002  1.164437293924162E-002
 -2.207286539343813E-002  1.782508270549423E-002
 -2.668999003152522E-002  2.518953079633580E-002
 -3.103552304136350E-002  3.366809573635716E-002
 -3.504356443241412E-002  4.318736122395415E-002
 -3.869228472755786E-002  5.366963778271203E-002
 -4.195208887776552E-002  6.501471586603587E-002
 -4.482305288802148E-002  7.713944964844850E-002
 -4.729225355427352E-002  8.992968610441041E-002
 -4.937288049447127E-002  0.103298775551672     
 -5.106315056611869E-002  0.117124351155091     
 -5.238982971797952E-002  0.131320887709426     
 -5.336271599692468E-002  0.145763084835404     
 -5.402652564750395E-002  0.160371646069300     
 -5.440451080405201E-002  0.175021663916523     
 -5.456529054934237E-002  0.189645825828975     
 -5.454574735764285E-002  0.204120310926666     
 -5.444388964143063E-002  0.218394278350310     
 -5.430511060346742E-002  0.232339454312289     
 -5.425829119773193E-002  0.245920240831910     
 -5.434035819089736E-002  0.258984498842544     
 -5.469884134173025E-002  0.271494428430200     
 -5.531824391774152E-002  0.283224859580006     
 -5.631201079625881E-002  0.294078421587988     
 -5.750404444765798E-002  0.303644734554475     
 -5.879488156919266E-002  0.311626845242779     
 -5.958882304600717E-002  0.317217298586326     
 -5.903857277065640E-002  0.319585272252303     
 -5.545948463957224E-002  0.317094658185163     
 -4.578914344100993E-002  0.307834145661503     
 -2.567212312169976E-002  0.288808690660692     
  1.465980864205341E-002  0.257042798544914     
  8.548725998262666E-002  0.210076835068276     
  0.207095331835879       0.149501641831067     
  0.395794645858970       8.358291712211642E-002
  0.660719914849094       2.625231116557588E-002
   1.00000000000000       0.000000000000000E+000
  2.122610839453942E-314  0.000000000000000E+000
 -5.081151568945978E-003  9.232668913594792E-004
 -1.086457172824746E-002  3.541731173656564E-003
 -1.697307477472043E-002  7.655618521256124E-003
 -2.315093840050291E-002  1.318348989518883E-002
 -2.919870081603207E-002  2.000045842566038E-002
 -3.498793788930924E-002  2.805138734504868E-002
 -4.042344290971322E-002  3.723224414212740E-002
 -4.544554802577664E-002  4.748286851572121E-002
 -5.001599312112429E-002  5.869914861541455E-002
 -5.410585794225620E-002  7.079945324808230E-002
 -5.770548233868833E-002  8.367730665014543E-002
 -6.080070982543262E-002  9.723473440745127E-002
 -6.340058336688245E-002  0.111363339441030     
 -6.550156697254288E-002  0.125951325342959     
 -6.713025675889804E-002  0.140891698831530     
 -6.829526947685635E-002  0.156061874745120     
 -6.904369205199813E-002  0.171360348629250     
 -6.939890417485650E-002  0.186653962566823     
 -6.943224311859379E-002  0.201851456031534     
 -6.918166860575582E-002  0.216804600792840     
 -6.874445597261118E-002  0.231436123793079     
 -6.816464392390441E-002  0.245568064782020     
 -6.756046918042287E-002  0.259136530676460     
 -6.695428031728332E-002  0.271898459004613     
 -6.646305791929140E-002  0.283791382020384     
 -6.601569533130777E-002  0.294430932236928     
 -6.566079160486958E-002  0.303719134217042     
 -6.506100086587387E-002  0.310981119965622     
 -6.400889362593674E-002  0.315996182463251     
 -6.150882063594770E-002  0.317545034155483     
 -5.661989476818793E-002  0.315130857339441     
 -4.678882354594721E-002  0.306612713517376     
 -2.908744058656244E-002  0.291067361094653     
  2.302173356717431E-003  0.265591536944863     
  5.504212191558906E-002  0.229271290621263     
  0.139642784609862       0.181413692769725     
  0.269671417052528       0.124511234143228     
  0.455149987263522       6.748226314718303E-002
  0.701167086384602       2.039457884695006E-002
   1.00000000000000       0.000000000000000E+000
  2.122610839453942E-314  0.000000000000000E+000
 -6.971670829946230E-003  1.010397157870334E-003
 -1.441152800815802E-002  3.870094438918547E-003
 -2.202011783034875E-002  8.351590444628861E-003
 -2.957101560331943E-002  1.429912375362796E-002
 -3.689864669547617E-002  2.158340694556231E-002
 -4.387517738593258E-002  3.010895417546050E-002
 -5.041569246312050E-002  3.977809045681498E-002
 -5.645208487461063E-002  5.050373134553750E-002
 -6.194664490494416E-002  6.219457316306744E-002
 -6.686250428863624E-002  7.475156554620514E-002
 -7.118763274409493E-002  8.808135090976481E-002
 -7.490159387865945E-002  0.102071409404382     
 -7.801101638561035E-002  0.116623567521883     
 -8.050746503928177E-002  0.131612084349827     
 -8.241627925419918E-002  0.146934409838963     
 -8.374168454994069E-002  0.162453144928956     
 -8.453090940264260E-002  0.178062255336810     
 -8.480228560203637E-002  0.193612175232134     
 -8.462736730831048E-002  0.208993400615229     
 -8.403675459063445E-002  0.224039919995215     
 -8.312337930756739E-002  0.238634804580966     
 -8.191946601554412E-002  0.252583488929259     
 -8.052253633676786E-002  0.265748207297816     
 -7.893685609551102E-002  0.277879064339536     
 -7.721543865984934E-002  0.288784500137701     
 -7.526512098379673E-002  0.298106901565094     
 -7.297074255730335E-002  0.305532481619335     
 -6.998861021417500E-002  0.310505816538941     
 -6.574459642438697E-002  0.312468462167495     
 -5.931655843606159E-002  0.310536578928397     
 -4.903257477840321E-002  0.303751900367157     
 -3.273565067638032E-002  0.290812382397057     
 -6.365255010682824E-003  0.270412189655344     
  3.458905421293824E-002  0.241266217399013     
  9.806956117207781E-002  0.202848156655652     
  0.191807815973697       0.155940977770408     
  0.325490835872881       0.104132887775300     
  0.506492981017904       5.436485880605179E-002
  0.733662634290325       1.555600408007448E-002
   1.00000000000000       0.000000000000000E+000
  2.122610839453942E-314  0.000000000000000E+000
 -9.024382959884948E-003  1.075822597453675E-003
 -1.822970821192109E-002  4.093585074207266E-003
 -2.739649306182138E-002  8.798633143140991E-003
 -3.635939285078472E-002  1.500672583924372E-002
 -4.497467260067714E-002  2.256173643625415E-002
 -5.313947753441137E-002  3.135814188644965E-002
 -6.077018217631722E-002  4.127775979135997E-002
 -6.780655850418184E-002  5.223701612882434E-002
 -7.420515917296892E-002  6.412959120926619E-002
 -7.992905357732123E-002  7.686817884008561E-002
 -8.495956637303877E-002  9.034674687566159E-002
 -8.927316482906171E-002  0.104465745324351     
 -9.287057114768786E-002  0.119115428777072     
 -9.573902506126231E-002  0.134179602818395     
 -9.789876483018299E-002  0.149544419201829     
 -9.934894717102750E-002  0.165074285532822     
 -0.100131817454907       0.180652044086789     
 -0.100259056103035       0.196117371673826     
 -9.979593764362196E-002  0.211350491843668     
 -9.876180363518493E-002  0.226155647349962     
 -9.723990286516671E-002  0.240408884538273     
 -9.523919278276884E-002  0.253857997855059     
 -9.284167480104603E-002  0.266367609189271     
 -9.000047009408634E-002  0.277590724366248     
 -8.674627055094904E-002  0.287361769675716     
 -8.287600339767362E-002  0.295175035550373     
 -7.825254798676894E-002  0.300796332261425     
 -7.231080561611633E-002  0.303469968688937     
 -6.449182684012167E-002  0.302832805632223     
 -5.347301572320621E-002  0.297791528548022     
 -3.775194110566512E-002  0.287804741071549     
 -1.458983513546958E-002  0.271526644153418     
  1.937577467214484E-002  0.248381664138089     
  6.901278492987392E-002  0.217525629747318     
  0.140378065279871       0.179179090003086     
  0.239990959882690       0.135000360714706     
  0.374760026916155       8.808541477313674E-002
  0.548326385827633       4.518264466437226E-002
  0.759734953285836       1.252173618816717E-002
   1.00000000000000       0.000000000000000E+000
  2.122610839453942E-314  0.000000000000000E+000
 -1.114190831777002E-002  1.096981573962561E-003
 -2.217227217580113E-002  4.181299494818502E-003
 -3.293454371829237E-002  8.984817445588381E-003
 -4.332012996381768E-002  1.528794590133605E-002
 -5.321950161155174E-002  2.293128960168309E-002
 -6.255179918862117E-002  3.178427053447452E-002
 -7.124806860594397E-002  4.173354815751904E-002
 -7.925151098978041E-002  5.267753596564274E-002
 -8.652289439355967E-002  6.452107868889226E-002
 -9.302093757979754E-002  7.716558147358688E-002
 -9.872665162152587E-002  9.051827072919337E-002
 -0.103608745710714       0.104471343800774     
 -0.107665741277068       0.118926757110213     
 -0.110875541228336       0.133761704402436     
 -0.113255039432887       0.148868601891176     
 -0.114792939981383       0.164106218250014     
 -0.115526072225428       0.179353786168992     
 -0.115454570786293       0.194447129144452     
 -0.114633068982711       0.209247147458473     
 -0.113068321364464       0.223558798325349     
 -0.110820748190902       0.237215209142825     
 -0.107886695927893       0.249975992265300     
 -0.104299423908167       0.261628988340152     
 -0.100003683295555       0.271863901814191     
 -9.493069863179282E-002  0.280393024884713     
 -8.888635775153583E-002  0.286799238937739     
 -8.154424420940544E-002  0.290674068299415     
 -7.239953541711551E-002  0.291450116250292     
 -6.056879586787995E-002  0.288553327453937     
 -4.492424507850334E-002  0.281253256289542     
 -2.351200670712753E-002  0.268840855854870     
  5.908843097245576E-003  0.250567747495920     
  4.699893090096671E-002  0.225926362988832     
  0.103608365061100       0.194753392396390     
  0.181098447185365       0.157717253152137     
  0.284513479252240       0.116580747143287     
  0.418240009263477       7.474325337237021E-002
  0.585001138969913       3.751299810257516E-002
  0.781206031918856       1.031975276282187E-002
   1.00000000000000       0.000000000000000E+000
  2.122610839453942E-314  0.000000000000000E+000
 -1.329953850215068E-002  1.098265993198056E-003
 -2.615862633273429E-002  4.166618705074026E-003
 -3.851059124352481E-002  8.936813655967430E-003
 -5.029502139808944E-002  1.517566259541507E-002
 -6.144499964755597E-002  2.271637606743132E-002
 -7.190368927232481E-002  3.142180629324087E-002
 -8.161878519336281E-002  4.117151089563516E-002
 -9.054318807864813E-002  5.186646982885014E-002
 -9.864010028088538E-002  6.340623406455252E-002
 -0.105869972088577       7.570195042819558E-002
 -0.112209365203316       8.865679824024847E-002
 -0.117624674486334       0.102175221245810     
 -0.122106386769539       0.116156041700179     
 -0.125627547567674       0.130486883471996     
 -0.128194877756557       0.145057894233558     
 -0.129789535434136       0.159731886253516     
 -0.130436451193009       0.174387420119314     
 -0.130123624187547       0.188853011361696     
 -0.128892103532095       0.202992377490667     
 -0.126727586064304       0.216586048978302     
 -0.123675620715755       0.229477551453509     
 -0.119694338545734       0.241378704724797     
 -0.114803077075920       0.252103362786197     
 -0.108877076960135       0.261265202803511     
 -0.101842158036721       0.268632784555744     
 -9.338229147086308E-002  0.273686538978996     
 -8.319517954749250E-002  0.276128996170116     
 -7.057910438776116E-002  0.275284526407209     
 -5.475557052086255E-002  0.270778771942951     
 -3.432945688245572E-002  0.261828237711622     
 -7.647419483815881E-003  0.248037216803769     
  2.775041802438863E-002  0.228771247744763     
  7.483783517256291E-002  0.203885857374138     
  0.137253275948797       0.173576405816357     
  0.219184111466662       0.138628474216194     
  0.324447726229401       0.101176401519923     
  0.456345439863613       6.390610323152202E-002
  0.615535321254029       3.171514176448653E-002
  0.799151750521421       8.616308485946295E-003
   1.00000000000000       0.000000000000000E+000
  2.122610839453942E-314  0.000000000000000E+000
 -1.540142321915545E-002  1.060886590889367E-003
 -3.006022224128488E-002  4.034376917255787E-003
 -4.395687518112384E-002  8.652198051951061E-003
 -5.709719178131271E-002  1.467393732877014E-002
 -6.944428788005214E-002  2.193630080909375E-002
 -8.097453949394066E-002  3.029346129944135E-002
 -9.165161502791257E-002  3.963301184750172E-002
 -0.101439884808940       4.984843627503469E-002
 -0.110309685468137       6.085206608889056E-002
 -0.118220274777236       7.255049174980825E-002
 -0.125150362623773       8.486211360089309E-002
 -0.131057907640616       9.768915674858378E-002
 -0.135932215466795       0.110944985450960     
 -0.139733767884126       0.124517281937280     
 -0.142464733776001       0.138306299595802     
 -0.144091300712759       0.152177641910013     
 -0.144628716005004       0.166011097499663     
 -0.144048889611468       0.179642525111026     
 -0.142374221829131       0.192922607267844     
 -0.139574949814036       0.205647590409100     
 -0.135662219367985       0.217627529845317     
 -0.130582991900010       0.228605503998938     
 -0.124295586335595       0.238335609038383     
 -0.116676569055094       0.246490644265638     
 -0.107549025599441       0.252750904649036     
 -9.662831812402982E-002  0.256702883971553     
 -8.345304868641375E-002  0.257941217629951     
 -6.741816227506610E-002  0.255967856628269     
 -4.753573332668392E-002  0.250314229274132     
 -2.263490902473298E-002  0.240462280124699     
  9.114290119521784E-003  0.226006355541741     
  4.973544185786563E-002  0.206628441933514     
  0.102094422805881       0.182338977094958     
  0.169141998564398       0.153527186023689     
  0.254264368217521       0.121251397426771     
  0.360529499212158       8.737274104773665E-002
  0.489656705984702       5.460521172233256E-002
  0.642210865146873       2.674158707596365E-002
  0.814270109856890       7.214047905852270E-003
   1.00000000000000       0.000000000000000E+000
  2.122610839453942E-314  0.000000000000000E+000
 -1.743187971869040E-002  1.005908368785006E-003
 -3.379716787922552E-002  3.808473949657388E-003
 -4.916532393001691E-002  8.159667314032143E-003
 -6.357696748470641E-002  1.381823119499982E-002
 -7.704594058932203E-002  2.063023207983318E-002
 -8.956908154917252E-002  2.845093481155598E-002
 -0.101134626669674       3.717285999526888E-002
 -0.111717337634984       4.669567250853388E-002
 -0.121295017733603       5.693530246104495E-002
 -0.129830728648350       6.780960679074095E-002
 -0.137300066803558       7.924044753602928E-002
 -0.143660560992237       9.114399639390443E-002
 -0.148891751849567       0.103437716670857     
 -0.152950141036018       0.116022695347416     
 -0.155823818722898       0.128804761582543     
 -0.157470607664017       0.141658548180390     
 -0.157888797282965       0.154472253462653     
 -0.157035115315050       0.167082179640508     
 -0.154913533862562       0.179352603563682     
 -0.151467983667635       0.191067235760487     
 -0.146692221730195       0.202059035058650     
 -0.140489205816224       0.212041952725412     
 -0.132806452842079       0.220809178024336     
 -0.123450211603925       0.227987389715010     
 -0.112251393422701       0.233322550916176     
 -9.882094904664138E-002  0.236345774284295     
 -8.274836045855505E-002  0.236756730105539     
 -6.329361479111102E-002  0.234016197198439     
 -3.960809021329323E-002  0.227808064553424     
 -1.039729760595852E-002  0.217631862247132     
  2.587095718864073E-002  0.203263348129748     
  7.120498153182998E-002  0.184510925002031     
  0.127951061155985       0.161506792635535     
  0.198668578175227       0.134859372778109     
  0.286072520477664       0.105495056706149     
  0.392276882385571       7.538244635518240E-002
  0.518616123846376       4.663596896287669E-002
  0.664533556763324       2.266597051761089E-002
  0.826894719907500       6.047501261984517E-003
   1.00000000000000       0.000000000000000E+000
  2.122610839453942E-314  0.000000000000000E+000
 -1.930350349603765E-002  9.183760003882111E-004
 -3.726423959642915E-002  3.484949359632056E-003
 -5.398450876427899E-002  7.463433067365810E-003
 -6.957141470108444E-002  1.262653854256640E-002
 -8.406247081417066E-002  1.883158964603579E-002
 -9.749134521168365E-002  2.594003531399718E-002
 -0.109861328002893       3.385743954366817E-002
 -0.121162361870485       4.248615677980001E-002
 -0.131380952939755       5.175818163429286E-002
 -0.140480967959151       6.159387213998133E-002
 -0.148442113853885       7.193324080854298E-002
 -0.155213574217103       8.269626829540558E-002
 -0.160774890838489       9.381858124334588E-002
 -0.165068587194703       0.105207569156315     
 -0.168077807397126       0.116784315663476     
 -0.169743165486559       0.128433597899014     
 -0.170050837961056       0.140052312512833     
 -0.168939212696208       0.151492920282970     
 -0.166389327611028       0.162617599682040     
 -0.162328443071868       0.173235775063294     
 -0.156711445164268       0.183163284234336     
 -0.149431282665001       0.192154910408346     
 -0.140374609257539       0.199969110627495     
 -0.129353780015635       0.206296403851429     
 -0.116112251262988       0.210832800282509     
 -0.100300352643370       0.213205394678833     
 -8.139776612535055E-002  0.213061457785640     
 -5.876529490122006E-002  0.209995122153152     
 -3.145299342546989E-002  0.203663968250577     
  1.633083010169016E-003  0.193725822750804     
  4.203029701363385E-002  0.179996240329550     
  9.141521499518791E-002  0.162411504687501     
  0.151878610316666       0.141226576092308     
  0.225545291685820       0.117023804802878     
  0.314452683640355       9.085458029756270E-002
  0.420362397759392       6.433941528106102E-002
  0.543663689917274       3.949990125864202E-002
  0.683921755491235       1.901670357925967E-002
  0.837631109100723       5.030799687049093E-003
   1.00000000000000       0.000000000000000E+000
  2.122610839453942E-314  0.000000000000000E+000
 -2.100681869578981E-002  8.154779411829468E-004
 -4.038606888584626E-002  3.079130196212183E-003
 -5.832296917416938E-002  6.591098315578950E-003
 -7.494661220324532E-002  1.113375753615666E-002
 -9.034568062564739E-002  1.658763836298579E-002
 -0.104569138148244       2.282323437665124E-002
 -0.117647138411902       2.976124002390837E-002
 -0.129579294436727       3.731513636029264E-002
 -0.140361572386777       4.542812754362001E-002
 -0.149963098737836       5.403488787635762E-002
 -0.158361137544843       6.308529591131512E-002
 -0.165506461726224       7.251601497797715E-002
 -0.171368119978386       8.227308235667664E-002
 -0.175886222518068       9.228103015690343E-002
 -0.179027966863945       0.102473467705368     
 -0.180726083785352       0.112750118838100     
 -0.180947288363917       0.123024179493954     
 -0.179614029892614       0.133157772043074     
 -0.176686511296974       0.143035295660184     
 -0.172064460090381       0.152467450859860     
 -0.165684111667595       0.161301306464625     
 -0.157395341530821       0.169282456259147     
 -0.147075147968842       0.176213889673320     
 -0.134474590889359       0.181767501845532     
 -0.119349151958862       0.185702052209795     
 -0.101272535476572       0.187624050884283     
 -7.977984143048862E-002  0.187264459053869     
 -5.415790070515134E-002  0.184212102590012     
 -2.358769912939415E-002  0.178222067055999     
  1.304643152138508E-002  0.168987404670819     
  5.704077898410889E-002  0.156403364214294     
  0.109944614761596       0.140497489534448     
  0.173494036790747       0.121512665607130     
  0.249416390321527       0.100140222331855     
  0.339383900502189       7.721919654644693E-002
  0.444480534021497       5.436289227322762E-002
  0.565020214527056       3.310973176184642E-002
  0.699970269264370       1.585012197618661E-002
  0.846462172385845       4.153380568496246E-003
   1.00000000000000       0.000000000000000E+000
  2.122610839453942E-314  0.000000000000000E+000
 -2.246583302589960E-002  6.866218889219582E-004
 -4.308248400203762E-002  2.597345079088139E-003
 -6.205463699610118E-002  5.554324322399308E-003
 -7.957248406316077E-002  9.370661265038485E-003
 -9.574081456984562E-002  1.394492530474600E-002
 -0.110643615452201       1.916621312187051E-002
 -0.124323315063902       2.497263904535803E-002
 -0.136795111631842       3.128949510053609E-002
 -0.148063563345660       3.807869302187698E-002
 -0.158099750344677       4.528428593494741E-002
 -0.166885973983845       5.287642077601167E-002
 -0.174365756243659       6.080151610533764E-002
 -0.180509040502180       6.902661618801006E-002
 -0.185242693234563       7.748851163708977E-002
 -0.188529139526815       8.614082486307825E-002
 -0.190284260787838       9.489987464172944E-002
 -0.190461876280615       0.103695415836885     
 -0.188966192594585       0.112412514044846     
 -0.185733258867072       0.120945719889527     
 -0.180646104095621       0.129137560286954     
 -0.173602392088339       0.136836018915415     
 -0.164441800107883       0.143830607571747     
 -0.152986668479920       0.149914643787723     
 -0.138993087504136       0.154819414312215     
 -0.122148916873953       0.158285975511660     
 -0.102062382884872       0.159997186824787     
 -7.820246540855380E-002  0.159667748383735     
 -4.994012946543506E-002  0.156974363402938     
 -1.642830264525869E-002  0.151674486354486     
  2.329374282307606E-002  0.143539122017311     
  7.044301117347304E-002  0.132501548606933     
  0.126337617998792       0.118608798096146     
  0.192435326556353       0.102169827071594     
  0.270201938266317       8.375924237254896E-002
  0.360796595039795       6.424413194393051E-002
  0.465149840356870       4.491304793585253E-002
  0.583020207843077       2.717688894605235E-002
  0.713560171381661       1.290572844981027E-002
  0.853828776858219       3.357504062162716E-003
   1.00000000000000       0.000000000000000E+000
  2.122610839453942E-314  0.000000000000000E+000
 -2.367657347651566E-002  5.449954530398569E-004
 -4.528650253163971E-002  2.047702998452142E-003
 -6.510728254932623E-002  4.379853130534519E-003
 -8.333806194456353E-002  7.372778054339301E-003
 -0.100129858019188       1.095890272720937E-002
 -0.115575455807618       1.504291040261642E-002
 -0.129742295445547       1.958577050795576E-002
 -0.142653031628984       2.452792201083801E-002
 -0.154321641626596       2.984843095620333E-002
 -0.164724770344788       3.550788897181404E-002
 -0.173843028533117       4.149166063749585E-002
 -0.181622951834749       4.776452559637346E-002
 -0.188024926890727       5.430957952201126E-002
 -0.192974987960831       6.108324115939492E-002
 -0.196420415559414       6.805808206193137E-002
 -0.198270383817623       7.516996984844616E-002
 -0.198459776840200       8.237221037122856E-002
 -0.196877600459030       8.956744544839956E-002
 -0.193439227847438       9.668000240506704E-002
 -0.188001307853463       0.103565917198279     
 -0.180442473476596       0.110110863603480     
 -0.170563247217480       0.116112252468928     
 -0.158174831433879       0.121410487798691     
 -0.142983129488531       0.125739511750503     
 -0.124683730108455       0.128897054024844     
 -0.102832764423068       0.130567560586192     
 -7.694273413725433E-002  0.130527899523055     
 -4.635360946350799E-002  0.128464581906166     
 -1.031851082613894E-002  0.124188412298453     
  3.208918114437568E-002  0.117499872822770     
  8.191513404150016E-002  0.108344456800038     
  0.140314830417898       9.681926770928312E-002
  0.208521742935271       8.315019208693226E-002
  0.287660940925538       6.794967960778084E-002
  0.378707217902567       5.184814199004742E-002
  0.482129090459566       3.608168606781513E-002
  0.597733388711734       2.165986373273278E-002
  0.724374428963034       1.022953730753475E-002
  0.859612631274272       2.629615976904219E-003
   1.00000000000000       0.000000000000000E+000
  2.122610839453942E-314  0.000000000000000E+000
 -2.457749841569339E-002  3.851921517412508E-004
 -4.694563407391000E-002  1.447366050215234E-003
 -6.738746018971034E-002  3.088771504275597E-003
 -8.615317994176562E-002  5.185108946578643E-003
 -0.103400847383684       7.691202074458555E-003
 -0.119252568025338       1.054008737546708E-002
 -0.133783386933896       1.371211506594176E-002
 -0.147029750651631       1.716696471041275E-002
 -0.159012400492289       2.090267218544676E-002
 -0.169710785677745       2.489524801901562E-002
 -0.179110301833833       2.915001290534500E-002
 -0.187152619467757       3.364705102199660E-002
 -0.193799441073073       3.839086418116625E-002
 -0.198966638990603       4.335574992108601E-002
 -0.202597252476508       4.853676873781727E-002
 -0.204586752871879       5.389219826433646E-002
 -0.204857593241278       5.939785000507555E-002
 -0.203283173282626       6.498488912174327E-002
 -0.199755515648134       7.059851485491653E-002
 -0.194115990675253       7.613080732899248E-002
 -0.186207171088728       8.148470664295689E-002
 -0.175818521706879       8.650230985637147E-002
 -0.162713586737883       9.103611451718079E-002
 -0.146598209869007       9.487336158712539E-002
 -0.127116005471173       9.781892412034579E-002
 -0.103844564497179       9.961592717205854E-002
 -7.625823949339190E-002  0.100046783217540     
 -4.375362434166449E-002  9.885188510709493E-002
 -5.593420783191702E-003  9.585218897841624E-002
  3.904579935543768E-002  9.087480136240612E-002
  9.110311465453629E-002  8.388372573640809E-002
  0.151588819567195       7.493708545792564E-002
  0.221488029510799       6.427553099024731E-002
  0.301781002135584       5.235888451517766E-002
  0.393071924202624       3.978745276791568E-002
  0.495783117765945       2.750143559045276E-002
  0.609404399839033       1.637803431564469E-002
  0.732981079286739       7.657716254912860E-003
  0.864167982783489       1.941017092673163E-003
   1.00000000000000       0.000000000000000E+000
  2.122610839453942E-314  0.000000000000000E+000
 -2.517063602257536E-002  2.160530676610203E-004
 -4.800612571902887E-002  7.982978276824627E-004
 -6.884704559485982E-002  1.708122587622310E-003
 -8.793832994178030E-002  2.846093034183299E-003
 -0.105474798519757       4.207736455981590E-003
 -0.121579371667377       5.745722851414187E-003
 -0.136347345582584       7.468064791583402E-003
 -0.149818828378376       9.351053213184503E-003
 -0.162022900488060       1.141387216930433E-002
 -0.172943525089699       1.364869128959384E-002
 -0.182565881291260       1.608019668003937E-002
 -0.190835155412053       1.870573553389170E-002
 -0.197706555377705       2.155076389297349E-002
 -0.203096319899457       2.460867843175986E-002
 -0.206936224918959       2.789941449726405E-002
 -0.209116415134798       3.140217867541290E-002
 -0.209544416757145       3.512321030592060E-002
 -0.208079895732163       3.901579979421700E-002
 -0.204597514561169       4.306224478760350E-002
 -0.198914334544814       4.717680346828450E-002
 -0.190855308679557       5.130665202124347E-002
 -0.180174791219081       5.531469349793530E-002
 -0.166622811639404       5.910411654640898E-002
 -0.149863280759334       6.248042401639262E-002
 -0.129538301089828       6.530241659320311E-002
 -0.105188327970554       6.732911542052428E-002
 -7.630995864400406E-002  6.839129028545517E-002
 -4.229045763085115E-002  6.824505050632108E-002
 -2.451725896451879E-003  6.673609620905881E-002
  4.397588369327885E-002  6.370943917313714E-002
  9.782976452299645E-002  5.909993730910761E-002
  0.159964289937944       5.298204165780698E-002
  0.231241661054063       4.547314115464525E-002
  0.312372385720975       3.702692862002773E-002
  0.403887322554949       2.799563004976421E-002
  0.505901933871590       1.924901023531908E-002
  0.618005476951875       1.130704514831268E-002
  0.739124061602843       5.235290100874853E-003
  0.867304176804193       1.289563985407029E-003
   1.00000000000000       0.000000000000000E+000
  2.122610839453942E-314  0.000000000000000E+000
 -2.541316652149774E-002  3.832153459146416E-005
 -4.844707459356937E-002  1.290113003633852E-004
 -6.943230694102397E-002  2.698154986662305E-004
 -8.864995237535130E-002  4.159566193674334E-004
 -0.106291014128058       5.863206419550921E-004
 -0.122498884820641       7.684662932632302E-004
 -0.137370016572296       9.883417405903041E-004
 -0.150955116579689       1.246642881678173E-003
 -0.163286657874619       1.578376594269137E-003
 -0.174352442445434       1.995783513260112E-003
 -0.184141090414872       2.539674046577876E-003
 -0.192596786089763       3.227426557714643E-003
 -0.199675992994882       4.102585520438645E-003
 -0.205290272178021       5.181450064104844E-003
 -0.209367928246029       6.505035290398607E-003
 -0.211791471157227       8.080176210416908E-003
 -0.212457404841079       9.937653360882617E-003
 -0.211215404789178       1.206425131134706E-002
 -0.207918916999748       1.447008103272124E-002
 -0.202373629352417       1.710932144477451E-002
 -0.194371752795922       1.995917927103056E-002
 -0.183656923917992       2.292857374368334E-002
 -0.169936874583729       2.595098619920242E-002
 -0.152869317691385       2.888190723154407E-002
 -0.132052669649694       3.160778723525514E-002
 -0.107032358371053       3.393597379470801E-002
 -7.727764961941920E-002  3.571881506253264E-002
 -4.220052277663047E-002  3.674670521123837E-002
 -1.141050994149256E-003  3.687786879169819E-002
  4.662050452211369E-002  3.595519791172683E-002
  0.101822559764591       3.391276785838378E-002
  0.165250803788558       3.075475490615020E-002
  0.237567626900518       2.657418922196607E-002
  0.319427220213313       2.165399034083422E-002
  0.411099533018772       1.627899855842624E-002
  0.512720058520734       1.103785775540636E-002
  0.623708604697318       6.318038725649835E-003
  0.743167252165119       2.835756167703357E-003
  0.869330093963685       6.531447755760481E-004
   1.00000000000000       0.000000000000000E+000
  2.122610839453942E-314  0.000000000000000E+000
 -2.531405860219994E-002 -1.440888816080360E-004
 -4.823387018582351E-002 -5.638534985402663E-004
 -6.912560163538130E-002 -1.198132583666832E-003
 -8.824940398448743E-002 -2.062642223736848E-003
 -0.105819329256890      -3.095663641923909E-003
 -0.121970288115278      -4.289155605321192E-003
 -0.136812062758710      -5.588068522505105E-003
 -0.150393905610479      -6.976979621254497E-003
 -0.162755130643893      -8.397989519105037E-003
 -0.173885808742686      -9.826541425513773E-003
 -0.183776856424173      -1.119980156201012E-002
 -0.192375546541038      -1.248793618297845E-002
 -0.199637125797583      -1.362264847170225E-002
 -0.205474190785608      -1.457316207170715E-002
 -0.209810804235573      -1.526861361473608E-002
 -0.212525484928033      -1.568434628392955E-002
 -0.213507613607513      -1.575308533899126E-002
 -0.212594950546010      -1.546608804148572E-002
 -0.209630960940454      -1.476922906103371E-002
 -0.204399344038245      -1.368215541710941E-002
 -0.196679824048465      -1.217615289572164E-002
 -0.186183889984015      -1.031292524054452E-002
 -0.172605782243882      -8.101635899453341E-003
 -0.155565101538648      -5.656416693564080E-003
 -0.134649228893454      -3.033224067482112E-003
 -0.109370865383732      -3.966712810570376E-004
 -7.919690702660319E-002  2.151492039175406E-003
 -4.353219524910833E-002  4.422838062872731E-003
 -1.730750657691067E-003  6.289338751345106E-003
  4.688048440533886E-002  7.603663652424267E-003
  0.103007941017026       8.249822200031110E-003
  0.167310515455629       8.225344629089845E-003
  0.240416424969714       7.474047885559485E-003
  0.322777204352927       6.245446829562034E-003
  0.414671806500780       4.559353843435747E-003
  0.516035051157995       2.926096271969572E-003
  0.626411779063246       1.383312946359124E-003
  0.744889682336119       5.043130740239853E-004
  0.870004309319708       3.110005827736444E-005
   1.00000000000000       0.000000000000000E+000
  2.122610839453942E-314  0.000000000000000E+000
 -2.485449769857138E-002 -3.235462624853017E-004
 -4.738139589740850E-002 -1.241132824329907E-003
 -6.791969413002395E-002 -2.653323105001975E-003
 -8.674565212120428E-002 -4.515718168332284E-003
 -0.104057307435267      -6.746207507133794E-003
 -0.119998507103972      -9.299363881105168E-003
 -0.134672540472448      -1.210728559527001E-002
 -0.148135156869115      -1.512776138990355E-002
 -0.160424651086041      -1.829378242514355E-002
 -0.171536330795099      -2.155791759781005E-002
 -0.181462411129210      -2.484881962964540E-002
 -0.190154374283037      -2.811316762020457E-002
 -0.197568238209621      -3.127219313387664E-002
 -0.203619565330027      -3.426820477490278E-002
 -0.208229828502255      -3.701565785018160E-002
 -0.211278848873959      -3.945792999372014E-002
 -0.212647132029564      -4.150677868524080E-002
 -0.212171541213580      -4.311561792774453E-002
 -0.209677652389096      -4.420137690234879E-002
 -0.204945521903519      -4.473985630159516E-002
 -0.197726284435468      -4.466470973597459E-002
 -0.187724678564407      -4.398868854638026E-002
 -0.174596603327694      -4.267608945574480E-002
 -0.157952401670930      -4.078967287488900E-002
 -0.137337631718942      -3.833839714795438E-002
 -0.112255345075750      -3.544003940230577E-002
 -8.214188062984409E-002 -3.215546107166682E-002
 -4.639366246395273E-002 -2.864522965467903E-002
 -4.369713257221008E-003 -2.501423523761919E-002
  4.460937284348634E-002 -2.142367851792800E-002
  0.101181644493052      -1.799823023924138E-002
  0.166013778469409      -1.482595911528977E-002
  0.239589813402026      -1.201361679951264E-002
  0.322388492968151      -9.497128346805609E-003
  0.414508100573127      -7.352676348210060E-003
  0.515962198589527      -5.356899998392610E-003
  0.626210222297912      -3.611677861887525E-003
  0.744501606610950      -1.881501318246127E-003
  0.869605728171573      -5.978724326922621E-004
   1.00000000000000       0.000000000000000E+000
  2.122610839453942E-314  0.000000000000000E+000
 -2.405097574268530E-002 -5.017215160922823E-004
 -4.588031705668597E-002 -1.910737742149423E-003
 -6.583342587825779E-002 -4.067362143968909E-003
 -8.414952164090929E-002 -6.897166624348428E-003
 -0.101032069732415      -1.027877356052014E-002
 -0.116606783926868      -1.414887993017673E-002
 -0.130981709048830      -1.841278028112632E-002
 -0.144205507343316      -2.301870318472144E-002
 -0.156321629717867      -2.787746552140126E-002
 -0.167324742872292      -3.293647215762223E-002
 -0.177212724889833      -3.810148853767883E-002
 -0.185939013591579      -4.331520230913277E-002
 -0.193465408105435      -4.847192558150184E-002
 -0.199708640066674      -5.350843337996226E-002
 -0.204595561379064      -5.830612263729861E-002
 -0.208003193964466      -6.279877659852755E-002
 -0.209816332443477      -6.685750010336917E-002
 -0.209862054187273      -7.041966875627827E-002
 -0.207968101677011      -7.335293511909292E-002
 -0.203895295448268      -7.560873082229845E-002
 -0.197393305053846      -7.706234578664170E-002
 -0.188137261770411      -7.769320422159647E-002
 -0.175776010527433      -7.739958866541080E-002
 -0.159882401325237      -7.620377954792859E-002
 -0.139987418168295      -7.404681853096602E-002
 -0.115556688444011      -7.100509534122504E-002
 -8.600379002078225E-002 -6.708125693543160E-002
 -5.070386038472294E-002 -6.240328875545031E-002
 -8.983762675308853E-003 -5.705334706044105E-002
  3.981572460161254E-002 -5.117893769740018E-002
  9.637655907282917E-002 -4.495681504851708E-002
  0.161282157156499      -3.849061040524801E-002
  0.235076818570054      -3.205123156876613E-002
  0.318098381866412      -2.562541495542793E-002
  0.410538940420147      -1.958303705500995E-002
  0.512279224151448      -1.378627506467569E-002
  0.622933026689467      -8.721662162990211E-003
  0.741785107220692      -4.278100072273500E-003
  0.867833112656686      -1.235230722042859E-003
   1.00000000000000       0.000000000000000E+000
  2.122610839453942E-314  0.000000000000000E+000
 -2.291393989326283E-002 -6.639576493950440E-004
 -4.378403880074961E-002 -2.525541672778792E-003
 -6.291120743215352E-002 -5.389997874109913E-003
 -8.052602793155995E-002 -9.124199734827936E-003
 -9.680390690493104E-002 -1.359321286396267E-002
 -0.111865900740812      -1.869873471337266E-002
 -0.125805964362823      -2.434134083382686E-002
 -0.138674581140999      -3.044322802947876E-002
 -0.150509585470671      -3.691561018026113E-002
 -0.161312512182153      -4.368230588113155E-002
 -0.171079980694992      -5.065130062040204E-002
 -0.179775664274483      -5.773989776507971E-002
 -0.187361175830419      -6.484360903928969E-002
 -0.193765310961269      -7.186968089425974E-002
 -0.198912984535304      -7.869666879340449E-002
 -0.202693793508939      -8.522343125464459E-002
 -0.204986170490600      -9.131063439801532E-002
 -0.205628886478139      -9.685469942451091E-002
 -0.204436279350004      -0.101701280512760     
 -0.201178193271698      -0.105754630862435     
 -0.195581483539718      -0.108852883975201     
 -0.187325167805034      -0.110922496626080     
 -0.176024788354617      -0.111808147644568     
 -0.161248790259356      -0.111475836164961     
 -0.142486645179088      -0.109799387530230     
 -0.119185701291171      -0.106803097805083     
 -9.071790202406638E-002 -0.102419134533252     
 -5.642015350726893E-002 -9.674081944231475E-002
 -1.559432562100268E-002 -8.979991574223439E-002
  3.247946632170250E-002 -8.175082501396949E-002
  8.846604198632145E-002 -7.276411949286241E-002
  0.153042510795723      -6.303088991759090E-002
  0.226672521144454      -5.287654809161081E-002
  0.309828887887937      -4.249063615983905E-002
  0.402581408059473      -3.236313228456539E-002
  0.504973851547774      -2.267456012086056E-002
  0.616568771808700      -1.407786693440118E-002
  0.736814230019138      -6.834189521680956E-003
  0.864945063553003      -1.908078024591830E-003
   1.00000000000000       0.000000000000000E+000
  2.122610839453942E-314  0.000000000000000E+000
 -2.146692538600123E-002 -8.179609822686639E-004
 -4.111350619267562E-002 -3.097007757821153E-003
 -5.921172385294338E-002 -6.594546890825641E-003
 -7.594097458747795E-002 -1.115041369506071E-002
 -9.146157146856237E-002 -1.660028630685553E-002
 -0.105868307397710      -2.283374311183175E-002
 -0.119250246245943      -2.973065741410773E-002
 -0.131645995393985      -3.721120299445417E-002
 -0.143096645076521      -4.516754196057075E-002
 -0.153600303261598      -5.352767797159053E-002
 -0.163162822812793      -6.217770145525960E-002
 -0.171748273282854      -7.104205725187858E-002
 -0.179331641096703      -7.998912057538377E-002
 -0.185842412507785      -8.893328264523293E-002
 -0.191221753916743      -9.771928020128996E-002
 -0.195357297058573      -0.106249805886526     
 -0.198145611369199      -0.114343794656134     
 -0.199418102949614      -0.121894224368091     
 -0.199007760655000      -0.128695806344226     
 -0.196669051207696      -0.134637706195259     
 -0.192145471437589      -0.139496327145484     
 -0.185090318029463      -0.143167693510549     
 -0.175129088577527      -0.145423454140773     
 -0.161793170013696      -0.146183291891413     
 -0.144567774296717      -0.145237908919871     
 -0.122854184891774      -0.142554270177303     
 -9.599398163413876E-002 -0.137982023060434     
 -6.327992078975359E-002 -0.131556513124047     
 -2.394156148169973E-002 -0.123258843787775     
  2.276507959166810E-002 -0.113207318941465     
  7.762684430106190E-002 -0.101591113096669     
  0.141304187680893      -8.861107755839152E-002
  0.214437208424666      -7.474387876297754E-002
  0.297421671287059      -6.023541658727927E-002
  0.390549716768757      -4.591564731484293E-002
  0.493768180934247      -3.205606070998047E-002
  0.606863690810532      -1.979298825818057E-002
  0.729319245814447      -9.508098143677120E-003
  0.860543123985197      -2.621166446540051E-003
   1.00000000000000       0.000000000000000E+000
  2.122610839453942E-314  0.000000000000000E+000
 -1.975338469497648E-002 -9.428161222189235E-004
 -3.795999286115416E-002 -3.574971461398128E-003
 -5.483268868222939E-002 -7.627876588627601E-003
 -7.051451542039390E-002 -1.289277285750974E-002
 -8.512834888758042E-002 -1.920174594826228E-002
 -9.874992530305335E-002 -2.641709875330901E-002
 -0.111448472062178      -3.442381494868732E-002
 -0.123259666799111      -4.311989043490030E-002
 -0.134215226211904      -5.240858310322803E-002
 -0.144321726801800      -6.219552975355769E-002
 -0.153581100605710      -7.238136721696090E-002
 -0.161973604879145      -8.286474930626019E-002
 -0.169472327421263      -9.352979647639509E-002
 -0.176028097112021      -0.104260270905816     
 -0.181579846001286      -0.114914838991720     
 -0.186040015775143      -0.125360057337671     
 -0.189300751975666      -0.135422550762097     
 -0.191220262178062      -0.144953159001624     
 -0.191623092542354      -0.153742067623020     
 -0.190290542735700      -0.161629783320673     
 -0.186951331923226      -0.168368465728057     
 -0.181281731020975      -0.173798602320925     
 -0.172883263305472      -0.177640684284545     
 -0.161299265611123      -0.179753125170980     
 -0.145977770568531      -0.179844426419658     
 -0.126308977819326      -0.177817681657466     
 -0.101581742635492      -0.173418462246677     
 -7.104229575754270E-002 -0.166626422838427     
 -3.385872049501378E-002 -0.157316730347819     
  1.082475624200499E-002 -0.145595879450384     
  6.384301030524629E-002 -0.131574830945857     
  0.126067369644941      -0.115531322892262     
  0.198141438640351      -9.795921421606328E-002
  0.280744419462722      -7.931183537220927E-002
  0.374113146369438      -6.056395530524377E-002
  0.478498804745602      -4.235689284425603E-002
  0.593634443180976      -2.605716448694574E-002
  0.719226535198987      -1.252223700050260E-002
  0.854863457196821      -3.419028942645527E-003
   1.00000000000000       0.000000000000000E+000
  2.122610839453942E-314  0.000000000000000E+000
 -1.780190517336912E-002 -1.052195656056345E-003
 -3.437715644053364E-002 -3.972965528790226E-003
 -4.987130755727222E-002 -8.468314129772874E-003
 -6.436753638249224E-002 -1.430971448453808E-002
 -7.795226435596370E-002 -2.131590719875075E-002
 -9.067091956886822E-002 -2.934506162997109E-002
 -0.102578149717830      -3.827083468298322E-002
 -0.113695442510254      -4.799752943147180E-002
 -0.124055690174834      -5.841426625102729E-002
 -0.133660150086716      -6.944062508236513E-002
 -0.142522916659050      -8.095769436661562E-002
 -0.150622774540551      -9.288337424825241E-002
 -0.157952801698254      -0.105076061958995     
 -0.164463095414400      -0.117441721059120     
 -0.170118826494787      -0.129806798624030     
 -0.174830375106767      -0.142059621730034     
 -0.178521786950949      -0.153987513946699     
 -0.181046149572305      -0.165457599657264     
 -0.182265015340611      -0.176212607530058     
 -0.181949418366022      -0.186097164528657     
 -0.179868604500409      -0.194804867710766     
 -0.175680117398518      -0.202160414359034     
 -0.169024406657404      -0.207811170050855     
 -0.159413306673776      -0.211572986704642     
 -0.146320752793204      -0.213061358633233     
 -0.129087236479777      -0.212106888968431     
 -0.106991532120077      -0.208349113868669     
 -7.920927176567197E-002 -0.201677124654246     
 -4.483085364637406E-002 -0.191853640555752     
 -2.910977590550145E-003 -0.178908442496601     
  4.757388832457447E-002 -0.162879655384564     
  0.107563558831256      -0.144000440386903     
  0.178048429066691      -0.122879883491810     
  0.259707621866354      -9.999044501886915E-002
  0.353217220259762      -7.668670017286219E-002
  0.458779254399459      -5.371794917239963E-002
  0.576510788941199      -3.309739912044037E-002
  0.706112256320102      -1.583537750760954E-002
  0.847339092546372      -4.318315319496798E-003
   1.00000000000000       0.000000000000000E+000
  2.122610839453942E-314  0.000000000000000E+000
 -1.568965049605444E-002 -1.120744938219955E-003
 -3.048847548667321E-002 -4.244691922764652E-003
 -4.447479786444321E-002 -9.066765112130172E-003
 -5.766806301862016E-002 -1.532945862630556E-002
 -7.011364316880069E-002 -2.285964428442604E-002
 -8.182500506838697E-002 -3.150087950952123E-002
 -9.283497556731957E-002 -4.114154145144180E-002
 -0.103158309878100      -5.166998015621597E-002
 -0.112816467752708      -6.299615764137420E-002
 -0.121820615181694      -7.501971083159539E-002
 -0.130178247288901      -8.764801191980594E-002
 -0.137889156663487      -0.100773690674373     
 -0.144941579224825      -0.114286173066055     
 -0.151314628419101      -0.128060818281893     
 -0.156968988031755      -0.141957834368312     
 -0.161850738468444      -0.155829720267372     
 -0.165879331766715      -0.169496256082955     
 -0.168949797034016      -0.182783321539540     
 -0.170918865198287      -0.195458003578423     
 -0.171604876858081      -0.207317824266912     
 -0.170771087816204      -0.218061868886609     
 -0.168124374223161      -0.227460398559908     
 -0.163294938931908      -0.235134345632975     
 -0.155839355812744      -0.240835935005917     
 -0.145209097444810      -0.244106054647563     
 -0.130768741810538      -0.244701365544188     
 -0.111752830085863      -0.242127751696630     
 -8.730669856863084E-002 -0.236203866879858     
 -5.643789087533262E-002 -0.226490801154300     
 -1.804804786778223E-002 -0.212970166777696     
  2.901905672635675E-002 -0.195486289268667     
  8.598865959124596E-002 -0.174267772981532     
  0.154002986918022      -0.149848944334326     
  0.234207416821692      -0.122875248146953     
  0.327333514175634      -9.478044829049241E-002
  0.434249636379796      -6.678917207363801E-002
  0.554978487031120      -4.123109864196775E-002
  0.689686152896789      -1.982074995153963E-002
  0.838158181346313      -5.390841814742965E-003
   1.00000000000000       0.000000000000000E+000
  2.122610839453942E-314  0.000000000000000E+000
 -1.344673304874971E-002 -1.167198159110886E-003
 -2.637903059458420E-002 -4.403592200298295E-003
 -3.877159806733464E-002 -9.410419138051112E-003
 -5.058490040101202E-002 -1.592160631967463E-002
 -6.180901500616024E-002 -2.377164612177899E-002
 -7.242985998435256E-002 -3.280872110233574E-002
 -8.245781453279634E-002 -4.292103335636870E-002
 -9.189494794900571E-002 -5.401050073828850E-002
 -0.100762116066857      -6.597821928401902E-002
 -0.109064525845603      -7.874596962587330E-002
 -0.116823482985606      -9.220402939297330E-002
 -0.124034932637059      -0.106275320257485     
 -0.130711168431474      -0.120825417349789     
 -0.136827650773323      -0.135767203552412     
 -0.142377895670761      -0.150931410756762     
 -0.147303996030533      -0.166212779224389     
 -0.151567380724405      -0.181396599563665     
 -0.155058766606473      -0.196350929902173     
 -0.157687390876010      -0.210803088771430     
 -0.159266432229661      -0.224585219958746     
 -0.159623589118764      -0.237348302160714     
 -0.158457465894768      -0.248878048437085     
 -0.155472729668063      -0.258735711988221     
 -0.150208685725188      -0.266655796880462     
 -0.142193789436751      -0.272094099192919     
 -0.130752111439478      -0.274742840090057     
 -0.115171668276250      -0.273988185874031     
 -9.451679763274398E-002 -0.269534186692178     
 -6.777137869897477E-002 -0.260752292690786     
 -3.369896687316421E-002 -0.247455205991685     
  9.074145946783638E-003 -0.229331588972361     
  6.194733338224808E-002 -0.206438139935222     
  0.126557319030526      -0.179243728906679     
  0.204265805657183      -0.148380902567381     
  0.296550655179609      -0.115485603240769     
  0.404356632137714      -8.189260110364537E-002
  0.528576787083239      -5.091409149901792E-002
  0.669234061933734      -2.441574073767923E-002
  0.826452483873871      -6.656508066422339E-003
   1.00000000000000       0.000000000000000E+000
  2.122610839453942E-314  0.000000000000000E+000
 -1.118034672876840E-002 -1.164745342068918E-003
 -2.219277986261359E-002 -4.415537956874565E-003
 -3.294730592118164E-002 -9.462557668823946E-003
 -4.331875906809089E-002 -1.603907299761622E-002
 -5.326132265357889E-002 -2.399932424452535E-002
 -6.272123413694330E-002 -3.319278222261364E-002
 -7.169014915572597E-002 -4.352961243572004E-002
 -8.016232953075569E-002 -5.490267439969697E-002
 -8.814707609842770E-002 -6.724053850637880E-002
 -9.566098837199259E-002 -8.044732651438220E-002
 -0.102715868947839      -9.444843129010866E-002
 -0.109331406323586      -0.109141951454162     
 -0.115510472986337      -0.124437712497629     
 -0.121261720504030      -0.140218226953322     
 -0.126569214441786      -0.156367463929741     
 -0.131417460893507      -0.172745125255198     
 -0.135759486031732      -0.189196586191202     
 -0.139539010662322      -0.205550594872865     
 -0.142659736264180      -0.221596107696859     
 -0.144999978150863      -0.237121633186677     
 -0.146386329743139      -0.251831555487383     
 -0.146595985795853      -0.265461564950168     
 -0.145337514483339      -0.277602235839943     
 -0.142239463704947      -0.287930626116498     
 -0.136833694689878      -0.295875893143172     
 -0.128525167872546      -0.301060271537229     
 -0.116588095609872      -0.302754875092478     
 -0.100127693179023      -0.300575099070806     
 -7.804510307754794E-002 -0.293648569214298     
 -4.904525730201888E-002 -0.281653435000883     
 -1.157498777269501E-002 -0.263942327111901     
  3.604108973773047E-002 -0.240505242105174     
  9.572268250422411E-002 -0.211290939627857     
  0.169767997174729      -0.177131202653453     
  0.259926675528330      -0.139422031981023     
  0.368403539954095      -9.996543300762054E-002
  0.496195062382870      -6.265964121574172E-002
  0.644221940184823      -3.033182631537924E-002
  0.812375643508933      -8.274300958476115E-003
   1.00000000000000       0.000000000000000E+000
  2.122610839453942E-314  0.000000000000000E+000
 -8.917346956849297E-003 -1.135427901662900E-003
 -1.804064677578503E-002 -4.291032391536683E-003
 -2.714821143770511E-002 -9.222886388890222E-003
 -3.607084541644673E-002 -1.566948792186801E-002
 -4.469609150806402E-002 -2.351571013095893E-002
 -5.295423949187800E-002 -3.262338493665873E-002
 -6.081133855030768E-002 -4.291250679675841E-002
 -6.825451306677024E-002 -5.429414084104884E-002
 -7.529210805156814E-002 -6.669125250643695E-002
 -8.193487889276224E-002 -8.003534025472399E-002
 -8.820872753689836E-002 -9.423545270595662E-002
 -9.412610191680651E-002 -0.109228172770854     
 -9.971447743573023E-002 -0.124900136439961     
 -0.104973976558971      -0.141184289244901     
 -0.109922753793574      -0.157936999083134     
 -0.114536786318379      -0.175079578355844     
 -0.118814121889977      -0.192427128928209     
 -0.122691811949093      -0.209878574894889     
 -0.126133037732933      -0.227190756090156     
 -0.129013109174265      -0.244225302922644     
 -0.131237552010620      -0.260652749181575     
 -0.132585151867945      -0.276274120759873     
 -0.132868167463920      -0.290643509858655     
 -0.131717373087354      -0.303480262704459     
 -0.128798157176373      -0.314154287305686     
 -0.123505574263694      -0.322276230483355     
 -0.115261118072756      -0.327030346553037     
 -0.103122391453926      -0.327927661716285     
 -8.611206724681010E-002 -0.323903883608372     
 -6.277759993408782E-002 -0.314410216296470     
 -3.151677295026768E-002 -0.298537176879303     
  9.681314127865914E-003 -0.276022193678864     
  6.317354930761052E-002 -0.246149559445328     
  0.131780559781771      -0.209455423811019     
  0.218652641180710      -0.167448069210889     
  0.326178468637403      -0.121611337437998     
  0.457356708674484      -7.725809620774886E-002
  0.613159260585213      -3.754053120384898E-002
  0.794290448997572      -1.032372199261913E-002
   1.00000000000000       0.000000000000000E+000
  2.122610839453942E-314  0.000000000000000E+000
 -6.786583684218815E-003 -1.054795617800199E-003
 -1.406872717515470E-002 -4.017490008034632E-003
 -2.157779819728590E-002 -8.676934103988653E-003
 -2.905031173360485E-002 -1.480524984237951E-002
 -3.635373968232580E-002 -2.231616598574688E-002
 -4.338138183158605E-002 -3.108815729876349E-002
 -5.008847916665528E-002 -4.106620552729232E-002
 -5.645825832361309E-002 -5.215698839616589E-002
 -6.248849344399357E-002 -6.431310803617367E-002
 -6.820318763857929E-002 -7.744886385029758E-002
 -7.361522069214192E-002 -9.151272799231842E-002
 -7.876076452964244E-002 -0.106415885672284     
 -8.365185800083924E-002 -0.122097622211968     
 -8.832111735709258E-002 -0.138460058467614     
 -9.276997066167254E-002 -0.155427317115421     
 -9.701693093285525E-002 -0.172885585648769     
 -0.101043944371701      -0.190733610152041     
 -0.104843839379643      -0.208831576284694     
 -0.108367065204864      -0.227034927214292     
 -0.111562818518401      -0.245163161932458     
 -0.114331285083707      -0.262997083379693     
 -0.116550202327550      -0.280292404832039     
 -0.118038998289706      -0.296713081548087     
 -0.118554998002509      -0.311931469380849     
 -0.117783743398189      -0.325401049408337     
 -0.115279990846619      -0.336669006058002     
 -0.110496170910634      -0.344939027959785     
 -0.102680109204901      -0.349642408593322     
 -9.086957826880161E-002 -0.349523949904516     
 -7.370889169670369E-002 -0.343933546493141     
 -4.954579997413478E-002 -0.331416905856177     
 -1.609910735015051E-002 -0.311659085517432     
  2.946136573995087E-002 -0.282888999846109     
  9.091488127578760E-002 -0.245276836847940     
  0.172360500479902      -0.199984775491295     
  0.277545301556800      -0.148505049819721     
  0.410230946465133      -9.604463072036422E-002
  0.575103138574239      -4.779275771927198E-002
  0.771710754407182      -1.331493986404864E-002
   1.00000000000000       0.000000000000000E+000
  2.122610839453942E-314  0.000000000000000E+000
 -4.805997698309064E-003 -9.447756786367133E-004
 -1.040291505358608E-002 -3.599101310459018E-003
 -1.638102268710098E-002 -7.840501315962561E-003
 -2.246592030009783E-002 -1.346069915021370E-002
 -2.846144246605099E-002 -2.042325545867734E-002
 -3.426529710762168E-002 -2.862408517917554E-002
 -3.981228576808919E-002 -3.802187903356107E-002
 -4.508600315578524E-002 -4.854329533157067E-002
 -5.008581145973606E-002 -6.013352531122936E-002
 -5.482904624005971E-002 -7.273664014222443E-002
 -5.934208174619830E-002 -8.628225366902581E-002
 -6.364893389116298E-002 -0.100724515412560     
 -6.778330807969699E-002 -0.115977901061668     
 -7.176279414966692E-002 -0.132002707759335     
 -7.561845992125944E-002 -0.148694897048791     
 -7.935348849564861E-002 -0.166015347327984     
 -8.298960295705625E-002 -0.183832954773767     
 -8.650676664854269E-002 -0.202100078291628     
 -8.990985092481124E-002 -0.220642197888588     
 -9.314108357238260E-002 -0.239388165822690     
 -9.617678685899286E-002 -0.258092394902175     
 -9.889769465869262E-002 -0.276634999047716     
 -0.101233087038967      -0.294657259046525     
 -0.102955846758756      -0.311961568417452     
 -0.103911319709987      -0.327981084039178     
 -0.103683806409549      -0.342367808531523     
 -0.101951528012814      -0.354322455938611     
 -9.798071766933529E-002 -0.363327325466710     
 -9.113515320223453E-002 -0.367982479237394     
 -7.999355365391804E-002 -0.367530191930530     
 -6.319803653098886E-002 -0.360243341563965     
 -3.823110887809084E-002 -0.345356993361401     
 -2.195416501602026E-003 -0.320153804086978     
  4.941943348352658E-002 -0.283743747151362     
  0.122374514683973      -0.237237184122148     
  0.221732402202861      -0.181819233634125     
  0.354364159820977      -0.121077794549191     
  0.526718961128785      -6.096573788387578E-002
  0.742582938403841      -1.787826677089119E-002
   1.00000000000000       0.000000000000000E+000
  2.122610839453942E-314  0.000000000000000E+000
 -3.109036816401413E-003 -7.898047320640325E-004
 -7.163957145434306E-003 -3.056785799467755E-003
 -1.174547136716008E-002 -6.735602581032070E-003
 -1.650060550652878E-002 -1.168543023430140E-002
 -2.123905222394397E-002 -1.790219972159471E-002
 -2.584063562072591E-002 -2.530645846917007E-002
 -3.023904223968240E-002 -3.387989031522333E-002
 -3.442395644853894E-002 -4.354344264159538E-002
 -3.838423490893770E-002 -5.427024136690857E-002
 -4.215229418763233E-002 -6.598469891535702E-002
 -4.573716788088764E-002 -7.865577373508124E-002
 -4.918357232885447E-002 -9.221065171132281E-002
 -5.250351302571035E-002 -0.106618398761000     
 -5.574157323293472E-002 -0.121807345440758     
 -5.890440921423967E-002 -0.137746418609091     
 -6.203117056511295E-002 -0.154359624012417     
 -6.511780288463996E-002 -0.171610874941605     
 -6.819352002749059E-002 -0.189410504340975     
 -7.123781473566794E-002 -0.207705798431829     
 -7.426233006202197E-002 -0.226378359864369     
 -7.722189561793115E-002 -0.245337166668135     
 -8.009628935284092E-002 -0.264412084693530     
 -8.280179457902834E-002 -0.283434957984150     
 -8.525421322677790E-002 -0.302154178736620     
 -8.730430992152179E-002 -0.320236215872997     
 -8.875701468886867E-002 -0.337274243324574     
 -8.933721247317961E-002 -0.352706541436003     
 -8.859754702964016E-002 -0.365985305447374     
 -8.597365270141867E-002 -0.375834704796367     
 -8.041495310627610E-002 -0.381367568921447     
 -7.059564429519068E-002 -0.380822150410129     
 -5.459470705264458E-002 -0.373115719314760     
 -2.922698241551479E-002 -0.354560448786097     
  9.894671249792297E-003 -0.323674405033247     
  6.907331985263435E-002 -0.278863444668053     
  0.157044092655476      -0.222744283723644     
  0.283032695491661      -0.153486581482867     
  0.464274785712758      -7.911338992218822E-002
  0.704625700860932      -2.366489718830840E-002
   1.00000000000000       0.000000000000000E+000
  2.122610839453942E-314  0.000000000000000E+000
 -1.700546804733158E-003 -6.084648496353058E-004
 -4.477168593779739E-003 -2.388353329381768E-003
 -7.791598311090007E-003 -5.401942789655517E-003
 -1.133680729177094E-002 -9.537688787737787E-003
 -1.488390993261543E-002 -1.484619179588181E-002
 -1.834144393067641E-002 -2.126668448237564E-002
 -2.163875072198811E-002 -2.878518886759822E-002
 -2.476959827819835E-002 -3.734415346393596E-002
 -2.773032420187115E-002 -4.690034948137690E-002
 -3.054248211271494E-002 -5.741001440335929E-002
 -3.322763883282594E-002 -6.881785455107925E-002
 -3.581215649605322E-002 -8.109529091789136E-002
 -3.832453570078704E-002 -9.418359785180244E-002
 -4.078784096531680E-002 -0.108069786303573     
 -4.323022451808294E-002 -0.122692073342552     
 -4.566849639881888E-002 -0.138050634901232     
 -4.812748013768654E-002 -0.154075454696592     
 -5.061506354004445E-002 -0.170775191562441     
 -5.315092507869348E-002 -0.188060415574320     
 -5.572896722084853E-002 -0.205939837795254     
 -5.836187010455599E-002 -0.224285482709553     
 -6.101936776099772E-002 -0.243092581040507     
 -6.370491521857523E-002 -0.262157764317768     
 -6.633964541122016E-002 -0.281440016036532     
 -6.890806606337280E-002 -0.300595747103627     
 -7.124862599556743E-002 -0.319487232829130     
 -7.331411230543301E-002 -0.337555631400835     
 -7.472264867801499E-002 -0.354575994149743     
 -7.531412911543645E-002 -0.369245007078226     
 -7.416318950393821E-002 -0.380876567030059     
 -7.058967765740996E-002 -0.387931932001282     
 -6.267710778388225E-002 -0.389346102473412     
 -4.846601320030008E-002 -0.380590511844794     
 -2.270053593675209E-002 -0.359724505517185     
  2.049611118624323E-002 -0.323090591461953     
  9.234115099467079E-002 -0.271955146251214     
  0.207752592817626      -0.196649368548354     
  0.387836984155691      -0.100243509424939     
  0.654303592877700      -2.919060004100451E-002
   1.00000000000000       0.000000000000000E+000
  2.122610839453942E-314  0.000000000000000E+000
 -6.932843881978470E-004 -4.058555285286929E-004
 -2.401548896818040E-003 -1.667097975796507E-003
 -4.640150380092297E-003 -3.924370668106879E-003
 -7.086834153775940E-003 -7.151104039678367E-003
 -9.545771015709368E-003 -1.142449888760821E-002
 -1.194577077233222E-002 -1.669690698877563E-002
 -1.421864678711540E-002 -2.297349487309980E-002
 -1.637684881597463E-002 -3.018086443071736E-002
 -1.840292380841282E-002 -3.830253786669419E-002
 -2.033347790284088E-002 -4.727133340279467E-002
 -2.216856535284073E-002 -5.706911013054995E-002
 -2.394958527881303E-002 -6.764016474186089E-002
 -2.567932451824529E-002 -7.897560936631176E-002
 -2.739949037343322E-002 -9.103076625155583E-002
 -2.910911622166509E-002 -0.103809774690244     
 -3.085071699876241E-002 -0.117274179540139     
 -3.261615877437750E-002 -0.131441427797395     
 -3.445021089889527E-002 -0.146272160656828     
 -3.633498293574915E-002 -0.161794503218185     
 -3.831845594434964E-002 -0.177957805532248     
 -4.037038999300750E-002 -0.194794792976454     
 -4.254079261615979E-002 -0.212228859206646     
 -4.478392980936177E-002 -0.230281429701559     
 -4.714752591652635E-002 -0.248823091006130     
 -4.956723207573725E-002 -0.267835513909482     
 -5.207989182979756E-002 -0.287091784541716     
 -5.459076737447046E-002 -0.306481599106162     
 -5.703428473207654E-002 -0.325670377187446     
 -5.924137340328976E-002 -0.344070512255766     
 -6.102357756358151E-002 -0.360809058355699     
 -6.198660073859989E-002 -0.375123440316406     
 -6.116749965234074E-002 -0.386253088874914     
 -5.737205886463682E-002 -0.389197933228047     
 -4.583938194053172E-002 -0.382338884205481     
 -2.104254701468418E-002 -0.359343459589432     
  2.847440378225723E-002 -0.320273374686146     
  0.126601859835964      -0.246468775699326     
  0.305412706765468      -0.133545183410786     
  0.593080148260120      -3.915628942723273E-002
   1.00000000000000       0.000000000000000E+000
  2.122610839453942E-314  0.000000000000000E+000
 -5.821852612540694E-005 -1.973246632449737E-004
 -1.017504819931920E-003 -8.973397443467769E-004
 -2.348493954271121E-003 -2.390981843571604E-003
 -3.854461132223774E-003 -4.674682003452150E-003
 -5.358173735888204E-003 -7.842338167566449E-003
 -6.822647321626525E-003 -1.187035044864499E-002
 -8.201127127763122E-003 -1.673806368700665E-002
 -9.500152991749854E-003 -2.240514883389545E-002
 -1.071772902533171E-002 -2.882477165793562E-002
 -1.187084082983944E-002 -3.596873381536708E-002
 -1.297151558760134E-002 -4.379003390973215E-002
 -1.403744834595634E-002 -5.227671077265997E-002
 -1.508275424820977E-002 -6.139129829529014E-002
 -1.612447509096180E-002 -7.113982694359727E-002
 -1.717490663459456E-002 -8.149462197985259E-002
 -1.825108670546756E-002 -9.247948880882037E-002
 -1.936246283376115E-002 -0.104073272451229     
 -2.052689550773143E-002 -0.116317421077477     
 -2.175109229673208E-002 -0.129191742680567     
 -2.305422182639188E-002 -0.142755485915365     
 -2.444143198320506E-002 -0.156980578438910     
 -2.593234833230606E-002 -0.171945243820685     
 -2.753300212380895E-002 -0.187597686262055     
 -2.926249325361872E-002 -0.204033415020740     
 -3.113449689102228E-002 -0.221156952066035     
 -3.316491003138545E-002 -0.239088536672355     
 -3.539464037112166E-002 -0.257605853254241     
 -3.777133039540352E-002 -0.276880599301307     
 -4.035058606058919E-002 -0.296389313176723     
 -4.308388012241362E-002 -0.316104396095473     
 -4.615600718482325E-002 -0.335360089129767     
 -4.887331440682735E-002 -0.354916939003411     
 -5.147481324043485E-002 -0.369035541791030     
 -5.020839276638773E-002 -0.376813690179512     
 -4.266667199899867E-002 -0.373773629690348     
 -1.769014895007645E-002 -0.356970562705295     
  4.481091176547524E-002 -0.296819269981254     
  0.192083341979093      -0.179298108685580     
  0.497774184216148      -6.032827294195468E-002
   1.00000000000000       0.000000000000000E+000
  2.122610839453942E-314  0.000000000000000E+000
  1.792276474764065E-004 -2.890546877631481E-005
 -2.430546669843011E-004 -2.506115327519156E-004
 -8.708020034311224E-004 -1.020208605731513E-003
 -1.618824258191892E-003 -2.382277712603432E-003
 -2.343759202643435E-003 -4.438701659398950E-003
 -3.060468362044601E-003 -7.138803962043026E-003
 -3.716372362369634E-003 -1.048763550982628E-002
 -4.339896546496961E-003 -1.441928394872925E-002
 -4.911420069715547E-003 -1.891950256709697E-002
 -5.458785298723312E-003 -2.393985594241183E-002
 -5.972127694953542E-003 -2.946841935043935E-002
 -6.478414901515878E-003 -3.547215648164889E-002
 -6.966849201012915E-003 -4.195278925437470E-002
 -7.467267193022156E-003 -4.888910447347616E-002
 -7.962848739824962E-003 -5.630051174163530E-002
 -8.489956578735948E-003 -6.417259938829027E-002
 -9.022487435034839E-003 -7.254514539782676E-002
 -9.607179274245575E-003 -8.140575732668909E-002
 -1.020560974878601E-002 -9.081767722794275E-002
 -1.087944299473886E-002 -0.100765433506217     
 -1.157409693690136E-002 -0.111340281103937     
 -1.237236097506020E-002 -0.122516898445155     
 -1.319824818091723E-002 -0.134422579562699     
 -1.416799352867647E-002 -0.147009584114710     
 -1.517690977439366E-002 -0.160462309853450     
 -1.638861461358898E-002 -0.174702404049765     
 -1.764808295496360E-002 -0.189973124935405     
 -1.919204619678943E-002 -0.206104144657762     
 -2.081025004251234E-002 -0.223485514080926     
 -2.300050681931514E-002 -0.241699927538616     
 -2.539803954158198E-002 -0.261563756112314     
 -2.816866479093816E-002 -0.283036931710199     
 -3.016425466027969E-002 -0.304582693344208     
 -3.242313042315167E-002 -0.322050874996639     
 -3.364567787210446E-002 -0.340388562109588     
 -3.746900340399568E-002 -0.357042929407413     
 -3.170197285841118E-002 -0.328801550764864     
  4.070766624283992E-002 -0.258737767410545     
  0.290904874380013      -0.100723453792020     
   1.00000000000000       0.000000000000000E+000
  2.122610839453942E-314  0.000000000000000E+000
  9.693471182328703E-005  9.693471182342491E-005
 -2.517811381798638E-005  1.822752985020976E-004
 -1.854481133923809E-004 -4.498256840889232E-005
 -3.850397319798360E-004 -6.483707528427756E-004
 -5.829155293716180E-004 -1.623581627219113E-003
 -7.747490937497529E-004 -2.994341430783152E-003
 -9.524987350156214E-004 -4.706282603809557E-003
 -1.115769834841226E-003 -6.760446019159609E-003
 -1.268056021741437E-003 -9.108644804242016E-003
 -1.409914639374168E-003 -1.175360555262331E-002
 -1.545809982395508E-003 -1.466060062337900E-002
 -1.677728905259810E-003 -1.783583135690675E-002
 -1.807400052558171E-003 -2.125917035952374E-002
 -1.939594010693966E-003 -2.494306601119218E-002
 -2.072706528336635E-003 -2.887807950853396E-002
 -2.214737722385231E-003 -3.308491255166270E-002
 -2.360343944314603E-003 -3.756160762531078E-002
 -2.521447749281063E-003 -4.233957666465229E-002
 -2.688731967641008E-003 -4.742140235787254E-002
 -2.878899520545945E-003 -5.285297159742682E-002
 -3.078232208637689E-003 -5.863838039125573E-002
 -3.309446759950308E-003 -6.484356005503655E-002
 -3.553481599412430E-003 -7.147249619849884E-002
 -3.843454753399329E-003 -7.862104628250297E-002
 -4.156531219685993E-003 -8.629018047784652E-002
 -4.535923968843443E-003 -9.463461901662931E-002
 -4.947430194754313E-003 -0.103629326870241     
 -5.452326738731177E-003 -0.113491372849600     
 -6.001373608596539E-003 -0.124274113273046     
 -6.805422889259193E-003 -0.136433650008048     
 -7.972659204582844E-003 -0.149726964748809     
 -9.218169987827480E-003 -0.165548379523205     
 -1.003955025607206E-002 -0.182458824211545     
 -1.112032850455430E-002 -0.199972365687381     
 -1.330162099378850E-002 -0.223780920966619     
 -2.017947563090980E-002 -0.270233616915825     
 -4.089861928733110E-002 -0.281724539153219     
 -1.217731893180549E-002 -0.290037217193719     
  0.179004255849088      -0.179871913035591     
   1.00000000000000       0.000000000000000E+000
  2.122610839453942E-314  0.000000000000000E+000
  2.122610839453942E-314  0.000000000000000E+000
  2.122610839453942E-314  0.000000000000000E+000
  2.122610839453942E-314  0.000000000000000E+000
  2.122610839453942E-314  0.000000000000000E+000
  2.122610839453942E-314  0.000000000000000E+000
  2.122610839453942E-314  0.000000000000000E+000
  2.122610839453942E-314  0.000000000000000E+000
  2.122610839453942E-314  0.000000000000000E+000
  2.122610839453942E-314  0.000000000000000E+000
  2.122610839453942E-314  0.000000000000000E+000
  2.122610839453942E-314  0.000000000000000E+000
  2.122610839453942E-314  0.000000000000000E+000
  2.122610839453942E-314  0.000000000000000E+000
  2.122610839453942E-314  0.000000000000000E+000
  2.122610839453942E-314  0.000000000000000E+000
  2.122610839453942E-314  0.000000000000000E+000
  2.122610839453942E-314  0.000000000000000E+000
  2.122610839453942E-314  0.000000000000000E+000
  2.122610839453942E-314  0.000000000000000E+000
  2.122610839453942E-314  0.000000000000000E+000
  2.122610839453942E-314  0.000000000000000E+000
  2.122610839453942E-314  0.000000000000000E+000
  2.122610839453942E-314  0.000000000000000E+000
  2.122610839453942E-314  0.000000000000000E+000
  2.122610839453942E-314  0.000000000000000E+000
  2.122610839453942E-314  0.000000000000000E+000
  2.122610839453942E-314  0.000000000000000E+000
  2.122610839453942E-314  0.000000000000000E+000
  2.122610839453942E-314  0.000000000000000E+000
  2.122610839453942E-314  0.000000000000000E+000
  2.122610839453942E-314  0.000000000000000E+000
  2.122610839453942E-314  0.000000000000000E+000
  2.122610839453942E-314  0.000000000000000E+000
  2.122610839453942E-314  0.000000000000000E+000
  2.122610839453942E-314  0.000000000000000E+000
  2.122610839453942E-314  0.000000000000000E+000
  2.122610839453942E-314  0.000000000000000E+000
  2.122610839453942E-314  0.000000000000000E+000
  2.122610839453942E-314  0.000000000000000E+000
   1.00000000000000       0.000000000000000E+000
