  5.432309224871097E-312  0.000000000000000E+000
  2.122610839453942E-314  0.000000000000000E+000
  2.122610839453942E-314  0.000000000000000E+000
  2.122610839453942E-314  0.000000000000000E+000
  2.122610839453942E-314  0.000000000000000E+000
  2.122610839453942E-314  0.000000000000000E+000
  2.122610839453942E-314  0.000000000000000E+000
  2.122610839453942E-314  0.000000000000000E+000
  2.122610839453942E-314  0.000000000000000E+000
  2.122610839453942E-314  0.000000000000000E+000
  2.122610839453942E-314  0.000000000000000E+000
  2.122610839453942E-314  0.000000000000000E+000
  2.122610839453942E-314  0.000000000000000E+000
  2.122610839453942E-314  0.000000000000000E+000
  2.122610839453942E-314  0.000000000000000E+000
  2.122610839453942E-314  0.000000000000000E+000
  2.122610839453942E-314  0.000000000000000E+000
  2.122610839453942E-314  0.000000000000000E+000
  2.122610839453942E-314  0.000000000000000E+000
  2.122610839453942E-314  0.000000000000000E+000
  2.122610839453942E-314  0.000000000000000E+000
  2.122610839453942E-314  0.000000000000000E+000
  2.122610839453942E-314  0.000000000000000E+000
  2.122610839453942E-314  0.000000000000000E+000
  2.122610839453942E-314  0.000000000000000E+000
  2.122610839453942E-314  0.000000000000000E+000
  2.122610839453942E-314  0.000000000000000E+000
  2.122610839453942E-314  0.000000000000000E+000
  2.122610839453942E-314  0.000000000000000E+000
  2.122610839453942E-314  0.000000000000000E+000
  2.122610839453942E-314  0.000000000000000E+000
  2.122610839453942E-314  0.000000000000000E+000
  2.122610839453942E-314  0.000000000000000E+000
  2.122610839453942E-314  0.000000000000000E+000
  2.122610839453942E-314  0.000000000000000E+000
  2.122610839453942E-314  0.000000000000000E+000
  2.122610839453942E-314  0.000000000000000E+000
  2.122610839453942E-314  0.000000000000000E+000
  2.122610839453942E-314  0.000000000000000E+000
  2.122610839453942E-314  0.000000000000000E+000
   1.00000000000000       0.000000000000000E+000
  2.122610839453942E-314  0.000000000000000E+000
  8.569948969562023E-005 -8.546962801246021E-005
 -3.624398263014562E-005 -2.611376469806077E-005
 -2.092315218648953E-004  2.179987036326055E-004
 -3.999095665450425E-004  8.596856123978750E-004
 -5.835164577211749E-004  1.828120973092186E-003
 -7.495209096768225E-004  3.144939550743945E-003
 -9.084752400686471E-004  4.770623987442821E-003
 -1.048423588812973E-003  6.686181988828001E-003
 -1.181006450678689E-003  8.865150996418422E-003
 -1.296438207256377E-003  1.128308487697199E-002
 -1.405804671941762E-003  1.392085106947064E-002
 -1.500839626815474E-003  1.675474170657620E-002
 -1.591104169247430E-003  1.977042892898576E-002
 -1.669807272800927E-003  2.294783148677949E-002
 -1.745094748604690E-003  2.627581299592301E-002
 -1.811987045111935E-003  2.973972652247946E-002
 -1.877426989428954E-003  3.333121517591757E-002
 -1.938917919303666E-003  3.704456338345789E-002
 -2.002246057707636E-003  4.087420582684719E-002
 -2.068594435396399E-003  4.482998243084460E-002
 -2.142755770233843E-003  4.890954222872287E-002
 -2.230891221631313E-003  5.314953637080971E-002
 -2.336192274560127E-003  5.755047226235534E-002
 -2.473562424211043E-003  6.219818893876213E-002
 -2.647914204654378E-003  6.709344771913679E-002
 -2.886181403150251E-003  7.239860084333945E-002
 -3.206979889796031E-003  7.813481136912105E-002
 -3.618803554515834E-003  8.458569765888796E-002
 -4.080932795026829E-003  9.169888124535083E-002
 -4.778191581131639E-003  0.100219561321912     
 -6.048661604934637E-003  0.110093494302631     
 -7.698597307809897E-003  0.121520942166525     
 -1.007009923645260E-002  0.135934371283159     
 -1.105100444015858E-002  0.155197802591253     
 -5.569150186402895E-003  0.170721839425277     
 -6.711003168676711E-003  0.197401588257445     
 -5.265355542366455E-002  0.256825479117078     
 -4.907087013710541E-002  0.215296386935206     
  0.146826921295914       0.146826921295902     
   1.00000000000000       0.000000000000000E+000
  2.122610839453942E-314  0.000000000000000E+000
  2.588390301486616E-005  3.583526508266843E-005
 -3.732309871298761E-004  3.724176047940336E-004
 -9.932477113125207E-004  1.147082912211019E-003
 -1.639848647364679E-003  2.505993897339238E-003
 -2.302809095129986E-003  4.469011888353433E-003
 -2.909740325615465E-003  6.990423749257174E-003
 -3.492711935291120E-003  1.007592214915698E-002
 -4.014560256485394E-003  1.365557651716145E-002
 -4.505101028747589E-003  1.772269024222427E-002
 -4.941115395215333E-003  2.220687620844103E-002
 -5.347669365523390E-003  2.710075665337798E-002
 -5.708477375553132E-003  3.233963952677537E-002
 -6.044079544899977E-003  3.791938574986294E-002
 -6.342398283125452E-003  4.378137178230014E-002
 -6.621465639185181E-003  4.992724790081786E-002
 -6.872537698051961E-003  5.630403902945742E-002
 -7.113743212717125E-003  6.292277535600718E-002
 -7.339278852695911E-003  6.973720336274895E-002
 -7.570900812573509E-003  7.677350353079609E-002
 -7.805017226370467E-003  8.399472285180974E-002
 -8.072699643105811E-003  9.145209240357567E-002
 -8.370504070110666E-003  9.912185058336326E-002
 -8.748852113528835E-003  0.107096992203010     
 -9.199110757335434E-003  0.115370935980179     
 -9.812156033720871E-003  0.124105118292778     
 -1.055694523535484E-002  0.133302428771405     
 -1.160120356478235E-002  0.143250921458728     
 -1.286658382575913E-002  0.153967162146073     
 -1.467241374539855E-002  0.165930369197179     
 -1.679581769312595E-002  0.179076492115617     
 -2.001001633966877E-002  0.194125309819199     
 -2.344441099635006E-002  0.210187765355978     
 -2.800178194824898E-002  0.229395969951920     
 -3.261444868015084E-002  0.252190874627762     
 -3.924999550513687E-002  0.277478254091342     
 -3.826644628434784E-002  0.293045775937789     
 -3.235372642214002E-002  0.294393513860364     
  2.447642019206309E-002  0.229154540811693     
  0.329263319158343       9.881857328036775E-002
   1.00000000000000       0.000000000000000E+000
  2.122610839453942E-314  0.000000000000000E+000
 -2.191533658295190E-004  2.081032584677747E-004
 -1.144891086563047E-003  9.839981832368081E-004
 -2.371916588601989E-003  2.353491003989506E-003
 -3.709474699468052E-003  4.514113701443462E-003
 -5.043188768246493E-003  7.411024819858210E-003
 -6.319297199887822E-003  1.106834660642400E-002
 -7.517964736819538E-003  1.542894942408226E-002
 -8.623837450971495E-003  2.047034846509704E-002
 -9.643718025731595E-003  2.613514354812797E-002
 -1.057172369883076E-002  3.237957476580736E-002
 -1.142206305113446E-002  3.915451900452404E-002
 -1.219071075603788E-002  4.641257408700021E-002
 -1.289298126633433E-002  5.411190814208630E-002
 -1.352614076606531E-002  6.220799234590694E-002
 -1.410644788372016E-002  7.066619771545080E-002
 -1.463363798009581E-002  7.944824985004981E-002
 -1.512664686167538E-002  8.852812973662362E-002
 -1.558966485967697E-002  9.787776602431776E-002
 -1.604737443384679E-002  0.107483099483167     
 -1.651079007461933E-002  0.117331874097745     
 -1.701505690248072E-002  0.127427807069251     
 -1.758046204428663E-002  0.137782139589728     
 -1.826039386156583E-002  0.148425006556966     
 -1.908573899389644E-002  0.159398223424588     
 -2.014229755347867E-002  0.170771730242676     
 -2.146371463043771E-002  0.182615132106595     
 -2.318485922416083E-002  0.195051631643041     
 -2.533152909889378E-002  0.208163464120651     
 -2.814880215171450E-002  0.222138406339404     
 -3.154383805290328E-002  0.236841723114171     
 -3.593725958945586E-002  0.252603695354733     
 -4.053135586182943E-002  0.268516706199061     
 -4.528829019296011E-002  0.284597518665502     
 -4.879541177576226E-002  0.298578175147770     
 -5.267154292529607E-002  0.310520941775979     
 -4.215355266023237E-002  0.299322653576034     
 -3.101138417508737E-003  0.268369869643542     
  0.124342565163825       0.186479847832198     
  0.444772020469365       6.744796353995451E-002
   1.00000000000000       0.000000000000000E+000
  2.122610839453942E-314  0.000000000000000E+000
 -8.475655853180888E-004  3.877446744043280E-004
 -2.475375017044641E-003  1.588205228458598E-003
 -4.509652609127767E-003  3.605340723246098E-003
 -6.660609208695217E-003  6.524808335496480E-003
 -8.819620060411263E-003  1.032489537556907E-002
 -1.088606374870485E-002  1.498622537312457E-002
 -1.284269238965724E-002  2.048121883841928E-002
 -1.465471721663681E-002  2.675635321758266E-002
 -1.633408635528223E-002  3.377573629896345E-002
 -1.786730682681194E-002  4.146669560829252E-002
 -1.927413796048185E-002  4.979505733695921E-002
 -2.054795498814644E-002  5.868591047522029E-002
 -2.170983272320947E-002  6.810839604412955E-002
 -2.275617842066986E-002  7.798968998963236E-002
 -2.371023410211570E-002  8.830484716506518E-002
 -2.457120599600459E-002  9.898495501887553E-002
 -2.536820301771200E-002  0.110014388710321     
 -2.610400606029246E-002  0.121329230944060     
 -2.681967715219109E-002  0.132928554894853     
 -2.752195022355115E-002  0.144754081684011     
 -2.827288431657971E-002  0.156827593613105     
 -2.908144326517591E-002  0.169095176436143     
 -3.004407500090834E-002  0.181611529985143     
 -3.116445986791350E-002  0.194318580319626     
 -3.259187841696651E-002  0.207314545640327     
 -3.430398512100034E-002  0.220511847422640     
 -3.652333369418673E-002  0.234050084220842     
 -3.914403101678526E-002  0.247736943101881     
 -4.247510625937539E-002  0.261696208790635     
 -4.615703173681240E-002  0.275395020920381     
 -5.040847237408281E-002  0.288801960670604     
 -5.422380750075283E-002  0.300715161531703     
 -5.695832990958192E-002  0.310019075689841     
 -5.530853323469444E-002  0.313076770302232     
 -4.473561357470589E-002  0.305393395042567     
 -1.453772712446718E-002  0.276489312447810     
  6.818727677907414E-002  0.220205720746057     
  0.233274555031265       0.137053021954436     
  0.537948053038205       4.401449341642096E-002
   1.00000000000000       0.000000000000000E+000
  2.122610839453942E-314  0.000000000000000E+000
 -1.779075639802385E-003  5.531225725964287E-004
 -4.353812401015632E-003  2.172192704877597E-003
 -7.308688230166608E-003  4.765865010951220E-003
 -1.040479901525446E-002  8.394246743930994E-003
 -1.347794429874841E-002  1.298204138377994E-002
 -1.644174767597834E-002  1.853052131770033E-002
 -1.924380749141563E-002  2.497236038484531E-002
 -2.185933949688406E-002  3.228239294854374E-002
 -2.428240430470597E-002  4.039225322782980E-002
 -2.650793960368612E-002  4.925379688831536E-002
 -2.854657018196056E-002  5.880287106618916E-002
 -3.039866252553584E-002  6.898393087601228E-002
 -3.208122918600299E-002  7.973685856336489E-002
 -3.359659484609135E-002  9.100360420577885E-002
 -3.496669488294887E-002  0.102729217960804     
 -3.619661255663576E-002  0.114855883115927     
 -3.731550930631592E-002  0.127335320927824     
 -3.833363338072229E-002  0.140110755087535     
 -3.929203034503535E-002  0.153143498242656     
 -4.020840275581365E-002  0.166376424185926     
 -4.114208244593724E-002  0.179784738858188     
 -4.211816145501240E-002  0.193304353263394     
 -4.322194998021864E-002  0.206929103716312     
 -4.447792075023008E-002  0.220567601173285     
 -4.600344788752493E-002  0.234233833976842     
 -4.779359894121723E-002  0.247756403155601     
 -4.999521630313224E-002  0.261158488801499     
 -5.248259846373145E-002  0.274047606636682     
 -5.538412360648738E-002  0.286413864014454     
 -5.817290020757081E-002  0.297312841690561     
 -6.068907773505809E-002  0.306538563062854     
 -6.131998360575368E-002  0.311927279504655     
 -5.891929783787735E-002  0.312819330196347     
 -4.821081808597395E-002  0.303747205379856     
 -2.333163379390471E-002  0.283135411835337     
  3.088955243309977E-002  0.242391834116639     
  0.137328627717599       0.181449695348437     
  0.320686586534959       0.107648829478841     
  0.610804415500092       3.276033070562343E-002
   1.00000000000000       0.000000000000000E+000
  2.122610839453942E-314  0.000000000000000E+000
 -2.996551196095538E-003  6.817854792999436E-004
 -6.685346327741612E-003  2.641416461266268E-003
 -1.072104108020296E-002  5.753074054880030E-003
 -1.484558761958528E-002  9.976261651878053E-003
 -1.892024894428584E-002  1.524392609195132E-002
 -2.283559756833307E-002  2.151363877262369E-002
 -2.654737725391068E-002  2.873482301734238E-002
 -3.001528533953579E-002  3.685405009452360E-002
 -3.323710046207815E-002  4.582126415011624E-002
 -3.620008095138324E-002  5.556717395942775E-002
 -3.891752307358032E-002  6.604296138237520E-002
 -4.138595338028626E-002  7.717288254906074E-002
 -4.362543223880160E-002  8.890876191433525E-002
 -4.563550943458686E-002  0.101170841891540     
 -4.744232622658308E-002  0.113912461637469     
 -4.904755649517951E-002  0.127051055175797     
 -5.048662351228465E-002  0.140542067187964     
 -5.176420584542644E-002  0.154298847473745     
 -5.293042665235875E-002  0.168279692732471     
 -5.399314796238596E-002  0.182389676726364     
 -5.502326394894504E-002  0.196589510190694     
 -5.602809792346138E-002  0.210765835984766     
 -5.710286033565995E-002  0.224876482196321     
 -5.824039508951080E-002  0.238766677218907     
 -5.955195663800409E-002  0.252371692332053     
 -6.097684515916194E-002  0.265444539228871     
 -6.259608082550902E-002  0.277841419326624     
 -6.419429717976385E-002  0.289112107363579     
 -6.565312498339873E-002  0.298899242396769     
 -6.635323052334101E-002  0.306342089270117     
 -6.545470458166092E-002  0.310546834019569     
 -6.127690102809917E-002  0.309818593297616     
 -5.080352203963188E-002  0.302197362202134     
 -2.972231126236560E-002  0.284634812806076     
  1.164860438016587E-002  0.254135719341633     
  8.350380189034617E-002  0.208207096357010     
  0.206027672817374       0.148440865567755     
  0.395424572621466       8.311544918133999E-002
  0.660742206557257       2.612869493030281E-002
   1.00000000000000       0.000000000000000E+000
  2.122610839453942E-314  0.000000000000000E+000
 -4.450534661916333E-003  7.926449421205518E-004
 -9.427129433959293E-003  3.032343460171301E-003
 -1.462995084362619E-002  6.540876662149340E-003
 -1.986281651539008E-002  1.124184473227620E-002
 -2.497846921366252E-002  1.703083375713361E-002
 -2.988927923228376E-002  2.386326629739684E-002
 -3.453587162708388E-002  3.166044026413457E-002
 -3.888747715851409E-002  4.038139941903802E-002
 -4.293043200861817E-002  4.995416849631500E-002
 -4.665676641625054E-002  6.032686566249425E-002
 -5.007244639600533E-002  7.143039403459227E-002
 -5.317690196270380E-002  8.320505158757992E-002
 -5.598544130015902E-002  9.558236464586424E-002
 -5.849946362913463E-002  0.108494732283056     
 -6.074109433665574E-002  0.121873711118675     
 -6.271326321003011E-002  0.135643007528755     
 -6.444664257142205E-002  0.149733676881882     
 -6.594664855177838E-002  0.164056280654147     
 -6.725607321877355E-002  0.178541190235966     
 -6.838206528228602E-002  0.193076055271435     
 -6.938261341016222E-002  0.207589717004411     
 -7.025922867188845E-002  0.221926976987298     
 -7.108336976907585E-002  0.236011116654937     
 -7.182656936392223E-002  0.249604269692815     
 -7.255682380144304E-002  0.262610976651633     
 -7.315033907979916E-002  0.274631772350696     
 -7.361208016648474E-002  0.285517850259938     
 -7.356032352061312E-002  0.294558645772889     
 -7.275950881970683E-002  0.301472299445697     
 -7.019226592370924E-002  0.304985664486582     
 -6.491769203534460E-002  0.304544218549774     
 -5.439984660982432E-002  0.297940128536765     
 -3.575099355079144E-002  0.284213815507672     
 -3.220447026398252E-003  0.260391906702932     
  5.077037228308007E-002  0.225552111698529     
  0.136623866796095       0.178950216195920     
  0.267805848421936       0.123067759116651     
  0.454225434965987       6.682519334853133E-002
  0.700891831870972       2.021501984488135E-002
   1.00000000000000       0.000000000000000E+000
  2.122610839453942E-314  0.000000000000000E+000
 -6.066774107467424E-003  8.625607188157616E-004
 -1.244901787557063E-002  3.296118381380074E-003
 -1.891794505448777E-002  7.100615784231265E-003
 -2.530701768073278E-002  1.213736310022823E-002
 -3.150235109069592E-002  1.829986454181046E-002
 -3.742050489800979E-002  2.550994450654864E-002
 -4.301522326110198E-002  3.369581013738521E-002
 -4.825135767476505E-002  4.279375105624105E-002
 -5.311988964999535E-002  5.274419578551481E-002
 -5.760780125915008E-002  6.347983656819124E-002
 -6.172277912970944E-002  7.494442438128814E-002
 -6.545909326495433E-002  8.706430612629099E-002
 -6.883285377871226E-002  9.978171219866538E-002
 -7.183946625124241E-002  0.113014509749583     
 -7.450143146902968E-002  0.126700309981884     
 -7.681370280397491E-002  0.140746371386741     
 -7.880652922898410E-002  0.155082077402620     
 -8.047414772558573E-002  0.169599050117313     
 -8.185638802365489E-002  0.184213415055117     
 -8.294460501656989E-002  0.198791843663206     
 -8.378660867254224E-002  0.213228387851353     
 -8.436189624741601E-002  0.227347728352218     
 -8.471332581935535E-002  0.241004673892924     
 -8.478308432657562E-002  0.253951099417750     
 -8.456683946956141E-002  0.265968085157729     
 -8.390708263788972E-002  0.276680045908323     
 -8.263894037664864E-002  0.285727882455371     
 -8.036283831656547E-002  0.292518796568041     
 -7.647637139553203E-002  0.296437704595675     
 -7.002498656061903E-002  0.296547537550944     
 -5.934545541398074E-002  0.291833395587982     
 -4.229006572383431E-002  0.280931233873199     
 -1.485489024749196E-002  0.262491218332313     
  2.740463643351084E-002  0.235168560876445     
  9.233341654996301E-002  0.198407868543574     
  0.187548628788168       0.152949810168438     
  0.322635770082306       0.102347582532774     
  0.504854375123104       5.352882481419478E-002
  0.732994119757503       1.532728677585301E-002
   1.00000000000000       0.000000000000000E+000
  2.122610839453942E-314  0.000000000000000E+000
 -7.812972414717343E-003  9.135616371582909E-004
 -1.568650657477944E-002  3.468626983372371E-003
 -2.346565239771575E-002  7.444295661796226E-003
 -3.104010911123935E-002  1.267884083296949E-002
 -3.831884827467925E-002  1.904466961309718E-002
 -4.524361121365925E-002  2.645577754250663E-002
 -5.177257010134002E-002  3.482404980514944E-002
 -5.788111262433693E-002  4.408918058521599E-002
 -6.355765627360949E-002  5.417915941234317E-002
 -6.879278396462665E-002  6.503709532017841E-002
 -7.358944572420537E-002  7.659528835667248E-002
 -7.794244818520410E-002  8.879184054907338E-002
 -8.186183947591849E-002  0.101557270449857     
 -8.534154574988585E-002  0.114818782433986     
 -8.839621320859546E-002  0.128501175361900     
 -9.101709803962897E-002  0.142514879922452     
 -9.322384982878941E-002  0.156775305137444     
 -9.500336786449942E-002  0.171166467764599     
 -9.638082236543689E-002  0.185590264118206     
 -9.733322014743319E-002  0.199888404297171     
 -9.788802219310239E-002  0.213943372757246     
 -9.799610831224306E-002  0.227528104044156     
 -9.767262957745612E-002  0.240495553262811     
 -9.680197720715245E-002  0.252506592148915     
 -9.534463124727771E-002  0.263365658308965     
 -9.302730898598066E-002  0.272554024904085     
 -8.965032013347288E-002  0.279792893284357     
 -8.459080574436355E-002  0.284291158270996     
 -7.724921740102852E-002  0.285634927275901     
 -6.627596023505150E-002  0.282674370468877     
 -5.016636264572578E-002  0.274823427360399     
 -2.620420577168876E-002  0.260664211732830     
  8.923960749027926E-003  0.239591875141428     
  6.000553724019534E-002  0.210687500364054     
  0.133001610956405       0.174149475141610     
  0.234313374311942       0.131580136578487     
  0.370745755592607       8.602673575889010E-002
  0.545839674511788       4.421209824304778E-002
  0.758589734348511       1.225502893268026E-002
   1.00000000000000       0.000000000000000E+000
  2.122610839453942E-314  0.000000000000000E+000
 -9.604291354952756E-003  9.264335643241622E-004
 -1.901284216745854E-002  3.524387648306484E-003
 -2.812846173985364E-002  7.563594546103381E-003
 -3.689356452528783E-002  1.285398182260502E-002
 -4.525004785269356E-002  1.926645679548702E-002
 -5.316182749101098E-002  2.669478706871882E-002
 -6.060308211469637E-002  3.505553813948983E-002
 -6.755492718191573E-002  4.427349986445732E-002
 -7.401250696415239E-002  5.428626924903449E-002
 -7.996472964142620E-002  6.502705463764766E-002
 -8.541675439834764E-002  7.643937164089432E-002
 -9.035759215520486E-002  8.845321248409914E-002
 -9.479676392283139E-002  0.101009033572405     
 -9.871927798860000E-002  0.114026511190796     
 -0.102136553775144       0.127435848620414     
 -0.105027683670995       0.141140027659259     
 -0.107404921666100       0.155051310812806     
 -0.109239448302648       0.169047299574487     
 -0.110541444575290       0.183012573649235     
 -0.111268676369464       0.196786470745942     
 -0.111419235005577       0.210212124949862     
 -0.110922543668515       0.223071051810592     
 -0.109737115283582       0.235144366015107     
 -0.107728461546218       0.246126839077088     
 -0.104750004078339       0.255706602952859     
 -0.100525952190966       0.263452073356988     
 -9.466240952367155E-002  0.268915817289907     
 -8.658533797158077E-002  0.271496314740392     
 -7.537081192656647E-002  0.270572055954683     
 -5.985423858195001E-002  0.265361970233792     
 -3.808510233829354E-002  0.255109598981713     
 -7.839552330725742E-003  0.239006318556174     
  3.448685231012606E-002  0.216502618329243     
  9.266257706099885E-002  0.187375388406436     
  0.171953012257338       0.152250400678937     
  0.277279352056261       0.112841011334115     
  0.412938189865455       7.248156282148474E-002
  0.581554294383447       3.643748648070883E-002
  0.779521892455023       1.002610735295268E-002
   1.00000000000000       0.000000000000000E+000
  2.122610839453942E-314  0.000000000000000E+000
 -1.142011468918895E-002  9.222244594730471E-004
 -2.235885929898322E-002  3.492459970008325E-003
 -3.280056794610911E-002  7.483091011281586E-003
 -4.273188953840976E-002  1.269373014193226E-002
 -5.213467773107935E-002  1.899085831167454E-002
 -6.099635652027346E-002  2.626290507598695E-002
 -6.930821534342536E-002  3.442147042061646E-002
 -7.706255574692819E-002  4.339306582178527E-002
 -8.425884423846873E-002  5.311110461617316E-002
 -9.089007687930462E-002  6.351628155374467E-002
 -9.695885035058516E-002  7.454817421415690E-002
 -0.102454129737834       8.614641727111051E-002
 -0.107378233200552       9.824742774949537E-002
 -0.111712719858143       0.110779263095104     
 -0.115457793844117       0.123667961371352     
 -0.118584895991320       0.136819743464357     
 -0.121090931542028       0.150143427137486     
 -0.122932861947189       0.163510096221051     
 -0.124101237337942       0.176803842168582     
 -0.124528572952348       0.189841917888130     
 -0.124189624154016       0.202474695306308     
 -0.122969712255129       0.214439302969237     
 -0.120803036603219       0.225540941023063     
 -0.117479189703404       0.235401868597741     
 -0.112834552495859       0.243767258352922     
 -0.106466454247375       0.250105307860652     
 -9.799303791561122E-002  0.254084662970808     
 -8.664215573023068E-002  0.254994848734393     
 -7.158334160881188E-002  0.252424435717783     
 -5.138841795975263E-002  0.245534184236602     
 -2.439814173394025E-002  0.233895572305655     
  1.182384259584113E-002  0.216804280944726     
  6.020000406180612E-002  0.194087603190502     
  0.124285090813438       0.165869240327771     
  0.208169906863722       0.132897009320651     
  0.315558977095229       9.724497682089732E-002
  0.449661636102860       6.152544735879334E-002
  0.611063540912688       3.058208216492534E-002
  0.796888770420009       8.307466887412457E-003
   1.00000000000000       0.000000000000000E+000
  2.122610839453942E-314  0.000000000000000E+000
 -1.317826227576661E-002  8.854176858259783E-004
 -2.561578746391835E-002  3.361708271571605E-003
 -3.734000091639847E-002  7.203357863641193E-003
 -4.839757132612304E-002  1.220616957745944E-002
 -5.879847984229809E-002  1.824017777494736E-002
 -6.856146430794137E-002  2.518783919564943E-002
 -7.769367248531960E-002  3.296703477558511E-002
 -8.619998881026372E-002  4.149862404600999E-002
 -9.408775345494073E-002  5.072559085609651E-002
 -0.101351412532341       6.058486648688974E-002
 -0.107996412441955       7.102732654434012E-002
 -0.114006178219452       8.199023037000951E-002
 -0.119381777742361       9.342070863221384E-002
 -0.124094255283352       0.105245826705135     
 -0.128137811938440       0.117398740969592     
 -0.131469244741625       0.129786617216990     
 -0.134072511279459       0.142317942480124     
 -0.135886496814469       0.154868650374405     
 -0.136877876480985       0.167310035611074     
 -0.136959177301309       0.179472239138019     
 -0.136063841902397       0.191174271805117     
 -0.134059125240850       0.202181932011104     
 -0.130810445806391       0.212244325595179     
 -0.126100026349213       0.221041425348102     
 -0.119654284966447       0.228234492103911     
 -0.111092398894173       0.233398932020360     
 -9.986835725767261E-002  0.236098902244875     
 -8.529764695089152E-002  0.235806903956397     
 -6.633855375507322E-002  0.232017211545918     
 -4.178042999235693E-002  0.224167024914501     
 -9.787874694294251E-003  0.211811440974269     
  3.164190239743346E-002  0.194578424766547     
  8.532482026688373E-002  0.172436546345970     
  0.154126609593375       0.145718487156061     
  0.241346227379073       0.115428986699087     
  0.349936489212112       8.337348653426931E-002
  0.481545447674958       5.218396378922287E-002
  0.636667931199089       2.558772841282754E-002
  0.811407542023345       6.901806882249758E-003
   1.00000000000000       0.000000000000000E+000
  2.122610839453942E-314  0.000000000000000E+000
 -1.486644964116580E-002  8.338291274540883E-004
 -2.871649865599468E-002  3.152548465497481E-003
 -4.165683368512995E-002  6.750599356478879E-003
 -5.376554765088305E-002  1.142418782715432E-002
 -6.509860118677167E-002  1.705302034871460E-002
 -7.569397117443225E-002  2.352011176567543E-002
 -8.558228013192271E-002  3.074850108528351E-002
 -9.477893988709547E-002  3.866287162211324E-002
 -0.103300019362239       4.720963087463603E-002
 -0.111144488821096       5.633326502562581E-002
 -0.118316992906720       6.598739574039976E-002
 -0.124801061140735       7.611897581357589E-002
 -0.130590173255238       8.667789291725712E-002
 -0.135651071763705       9.760066100744939E-002
 -0.139964886368242       0.108824040309915     
 -0.143478333107678       0.120261279372136     
 -0.146157465830377       0.131826829331340     
 -0.147922559100290       0.143395554848846     
 -0.148718516931136       0.154849855397570     
 -0.148426449528399       0.166007287783207     
 -0.146956634139560       0.176708025512953     
 -0.144126048839761       0.186689715616013     
 -0.139781474878456       0.195740736377050     
 -0.133628454180185       0.203496035016908     
 -0.125392071825564       0.209686033780667     
 -0.114582096741146       0.213830734719376     
 -0.100693947381914       0.215607294316254     
 -8.290571989508691E-002  0.214444655265422     
 -6.030655057276314E-002  0.210002036115245     
 -3.156197649729513E-002  0.201728771045336     
  4.871628876458443E-003  0.189376202423699     
  5.098283176695108E-002  0.172690661538989     
  0.109070388928422       0.151775008196070     
  0.181616002547059       0.127172113402518     
  0.271246406131092       9.976048548275061E-002
  0.379978042230074       7.144473189076210E-002
  0.509072340156766       4.425677605569838E-002
  0.657929650663360       2.153368645351818E-002
  0.823438952021676       5.742668353139149E-003
   1.00000000000000       0.000000000000000E+000
  2.122610839453942E-314  0.000000000000000E+000
 -1.641136474786775E-002  7.556697106934398E-004
 -3.157462152797335E-002  2.864079455270334E-003
 -4.562576705868876E-002  6.131390080487533E-003
 -5.870199958132846E-002  1.036825021136478E-002
 -7.088045747178888E-002  1.546362553457757E-002
 -8.223296076659796E-002  2.130726652880016E-002
 -9.280376458047893E-002  2.783163472493645E-002
 -0.102624016551772       3.496455820320769E-002
 -0.111717585186961       4.266354101600032E-002
 -0.120087079329952       5.087554902288700E-002
 -0.127740256747821       5.956668564537449E-002
 -0.134656125647239       6.868704292872602E-002
 -0.140826510081318       7.819908225130845E-002
 -0.146207760860664       8.804421557801902E-002
 -0.150773271606926       9.816972850414604E-002
 -0.154454836599284       0.108496913802158     
 -0.157202165725570       0.118945710717370     
 -0.158917403112469       0.129404556222025     
 -0.159516791730164       0.139752470765527     
 -0.158862537416046       0.149830129562434     
 -0.156819112406945       0.159461258797147     
 -0.153188945005480       0.168422563512227     
 -0.147750486122511       0.176469816084802     
 -0.140209196753888       0.183302077969183     
 -0.130195680967048       0.188602253046449     
 -0.117252360629412       0.191990160809452     
 -0.100759207830360       0.193091508635808     
 -7.998921628345863E-002  0.191477352010419     
 -5.392614906281917E-002  0.186777947811057     
 -2.143214858199392E-002  0.178614833277752     
  1.904543481395721E-002  0.166771481180221     
  6.916502370202951E-002  0.151138791390519     
  0.130976862831365       0.131930886458029     
  0.206528280234787       0.109678401521407     
  0.297782209826738       8.537477792770000E-002
  0.406403014123285       6.058157148564551E-002
  0.532727525115033       3.723599062603655E-002
  0.676278767112780       1.794244319075955E-002
  0.833600162154312       4.744043375659442E-003
   1.00000000000000       0.000000000000000E+000
  2.122610839453942E-314  0.000000000000000E+000
 -1.780659105564843E-002  6.650281216662301E-004
 -3.412845178458219E-002  2.508780711172409E-003
 -4.917366105506198E-002  5.370506729139245E-003
 -6.309836565972402E-002  9.069793977140710E-003
 -7.602501483187128E-002  1.351658304612459E-002
 -8.803887316241811E-002  1.860720392554764E-002
 -9.920925745599554E-002  2.428768998948931E-002
 -0.109575859442172       3.049295548882133E-002
 -0.119173198568225       3.719032524973669E-002
 -0.128008269235440       4.433582811640976E-002
 -0.136089389710205       5.190390494470800E-002
 -0.143395988072977       5.985551820121759E-002
 -0.149912999648010       6.816166917808784E-002
 -0.155592402641152       7.677529136242023E-002
 -0.160394706461895       8.565395013305395E-002
 -0.164240701557550       9.472915305367526E-002
 -0.167062202959172       0.103934721493593     
 -0.168740973897433       0.113165392855980     
 -0.169171861391672       0.122320337086966     
 -0.168183909864004       0.131239637106183     
 -0.165620064565152       0.139777393769658     
 -0.161233351098019       0.147700409253038     
 -0.154787690428935       0.154810501216629     
 -0.145921007470071       0.160787760237485     
 -0.134269845612210       0.165382899212007     
 -0.119294686326341       0.168194110811876     
 -0.100424719380852       0.168940070030346     
 -7.685488437102056E-002  0.167183824246998     
 -4.769467754002364E-002  0.162666064129813     
 -1.178063495809890E-002  0.155038799345498     
  3.220225389758107E-002  0.144179472238744     
  8.579157154164986E-002  0.130063929908836     
  0.150684407781996       0.112906486509382     
  0.228542927811993       9.334006192517194E-002
  0.320964678354615       7.215420901571190E-002
  0.428955093774200       5.089744784325163E-002
  0.552773591207159       3.103152249505107E-002
  0.691366057931063       1.486704919528052E-002
  0.841903981144821       3.893207696138463E-003
   1.00000000000000       0.000000000000000E+000
  2.122610839453942E-314  0.000000000000000E+000
 -1.899020071506662E-002  5.541214631985038E-004
 -3.631508360761136E-002  2.094643925222464E-003
 -5.219904085254829E-002  4.480457539017070E-003
 -6.685140276769479E-002  7.559471579533354E-003
 -8.040783182425475E-002  1.125569541947560E-002
 -9.298525591625233E-002  1.548245784712438E-002
 -0.104662873568292       2.019797032874068E-002
 -0.115496368858750       2.534787337129532E-002
 -0.125526707567342       3.091187938449283E-002
 -0.134765893274493       3.685422332017344E-002
 -0.143225005485435       4.316274624830711E-002
 -0.150880737994480       4.980653753027605E-002
 -0.157716127285978       5.677087868657209E-002
 -0.163674676514531       6.401868212904960E-002
 -0.168708498765082       7.152169482963021E-002
 -0.172725440084741       7.922513194637429E-002
 -0.175639794910289       8.707511001246382E-002
 -0.177317253634379       9.498614834758988E-002
 -0.177622907583261       0.102865294119790     
 -0.176369079706261       0.110581704186780     
 -0.173353809542951       0.117990095894774     
 -0.168317794392403       0.124899897314549     
 -0.160963676829004       0.131104327214252     
 -0.150930821928471       0.136344372242600     
 -0.137781784031607       0.140354251727007     
 -0.121007547975107       0.142814137140649     
 -9.996544254401112E-002  0.143426126516618     
 -7.393109307335774E-002  0.141851621668516     
 -4.198058046555971E-002  0.137830341696465     
 -3.102897259334859E-003  0.131106829879988     
  4.394396149049241E-002  0.121589892494446     
  0.100468485341113       0.109290680092361     
  0.167898776790407       9.448162672417337E-002
  0.247638001832512       7.769169056456542E-002
  0.340784205141309       5.973368849759157E-002
  0.448191777745089       4.183860407681868E-002
  0.569579667015963       2.534357543241993E-002
  0.704077432779330       1.204446041439036E-002
  0.848793401640050       3.132162515461231E-003
   1.00000000000000       0.000000000000000E+000
  2.122610839453942E-314  0.000000000000000E+000
 -1.996078587127392E-002  4.332570331356843E-004
 -3.808121981098669E-002  1.627373342503596E-003
 -5.464709158650986E-002  3.484308762691216E-003
 -6.987422994718563E-002  5.867502886980716E-003
 -8.393834629031842E-002  8.730230257457290E-003
 -9.696299608386634E-002  1.199720156349358E-002
 -0.109050478588539       1.564630156954886E-002
 -0.120261890625797       1.963291823191884E-002
 -0.130648990305975       2.395131933844086E-002
 -0.140227233805871       2.857593555074614E-002
 -0.149009621028652       3.350727692423865E-002
 -0.156973368229970       3.872601053795111E-002
 -0.164096688127344       4.423065480594602E-002
 -0.170319105098527       4.999715927878430E-002
 -0.175582323263143       5.601310865112164E-002
 -0.179783514009595       6.223753426813176E-002
 -0.182821762542069       6.863698096044930E-002
 -0.184542775376910       7.513921285881479E-002
 -0.184792937760188       8.167854532359051E-002
 -0.183352788576481       8.813496280261388E-002
 -0.180001233160773       9.439991288684402E-002
 -0.174434142565399       0.100289500796766     
 -0.166341057692994       0.105645722517935     
 -0.155305622305672       0.110211787735046     
 -0.140894998746096       0.113783891976154     
 -0.122542910961352       0.116043148811226     
 -9.964687191193256E-002  0.116763080530943     
 -7.144641629098068E-002  0.115613075791153     
 -3.711499455708848E-002  0.112398651488630     
  4.330488487512747E-003  0.106890382118542     
  5.396288438992104E-002  9.902301002021309E-002
  0.112937203039778       8.885306141318806E-002
  0.182459079769984       7.658283170818884E-002
  0.263604183147538       6.277432161939531E-002
  0.357287205516893       4.801549530212896E-002
  0.463915659843293       3.348163014879069E-002
  0.583254140098576       2.012254381488212E-002
  0.714143745616555       9.512079898939844E-003
  0.854180099683186       2.444776101741645E-003
   1.00000000000000       0.000000000000000E+000
  2.122610839453942E-314  0.000000000000000E+000
 -2.066990732314682E-002  2.990826921243410E-004
 -3.938862506573512E-002  1.123654086093595E-003
 -5.644515622977990E-002  2.401428697622324E-003
 -7.209870081731624E-002  4.034788352345197E-003
 -8.652925298071851E-002  5.993924682043333E-003
 -9.988649516725213E-002  8.228179303908253E-003
 -0.112277555472760       1.072862625585235E-002
 -0.123777732766897       1.346717390984562E-002
 -0.134442763364735       1.645019593990199E-002
 -0.144293958899257       1.966491743328703E-002
 -0.153346149531181       2.312462364737056E-002
 -0.161576404927437       2.682221595493084E-002
 -0.168960944253847       3.077066340843585E-002
 -0.175434478048665       3.496002602636305E-002
 -0.180930686601901       3.939432154821702E-002
 -0.185337989204996       4.405064102031572E-002
 -0.188538780781378       4.891353576919355E-002
 -0.190366840555537       5.393486686193781E-002
 -0.190640577405453       5.906732646917860E-002
 -0.189127120348860       6.422333422750712E-002
 -0.185564501341036       6.931113221474781E-002
 -0.179637540792443       7.418992491912077E-002
 -0.170983299700712       7.871477448753580E-002
 -0.159183960282341       8.268392831957659E-002
 -0.143749971795696       8.590196665514835E-002
 -0.124134444120709       8.811475105854706E-002
 -9.969197105113888E-002  8.910139066742116E-002
 -6.971651628810950E-002  8.859569395169167E-002
 -3.338582754319783E-002  8.641110034746170E-002
  1.018246164361550E-002  8.235856902131401E-002
  6.196130989710423E-002  7.638708531921876E-002
  0.122964099080738       6.852856921917595E-002
  0.194156989449671       5.899592321020588E-002
  0.276475806253882       4.821082259995269E-002
  0.370474631168061       3.673054897626398E-002
  0.476518721422867       2.544439630179275E-002
  0.594061491979533       1.517600971507683E-002
  0.722131750604677       7.104895928144654E-003
  0.858410603831210       1.801789757013527E-003
   1.00000000000000       0.000000000000000E+000
  2.122610839453942E-314  0.000000000000000E+000
 -2.112118111102826E-002  1.579831602376461E-004
 -4.019577128757579E-002  5.834465040127348E-004
 -5.755953553639144E-002  1.253824896736670E-003
 -7.346519930850401E-002  2.091765870529929E-003
 -8.812385743305877E-002  3.101640124541016E-003
 -0.101684097607041       4.246975361881068E-003
 -0.114271649351547       5.541967672606212E-003
 -0.125963089585547       6.969107091066002E-003
 -0.136823971069523       8.552115367992634E-003
 -0.146877348295197       1.028781704977799E-002
 -0.156141612191149       1.220502907396254E-002
 -0.164594143875015       1.430712442951597E-002
 -0.172209867364497       1.662375941853560E-002
 -0.178920209271566       1.915754749329430E-002
 -0.184653262142532       2.193269538187302E-002
 -0.189288102892069       2.494153296844681E-002
 -0.192697408149975       2.819434112778630E-002
 -0.194697025250731       3.166087171020911E-002
 -0.195091956063350       3.532696224555088E-002
 -0.193620863592911       3.912482973536009E-002
 -0.190006402940730       4.300475409673528E-002
 -0.183894320169159       4.684620803596885E-002
 -0.174908699421565       5.055557388368852E-002
 -0.162585970988585       5.395010892072081E-002
 -0.146434346959416       5.689261679324546E-002
 -0.125865769461863       5.914584284994328E-002
 -0.100255708470298       6.054544452392337E-002
 -6.888383378385812E-002  6.084098340089708E-002
 -3.098544535296330E-002  5.988209079719520E-002
  1.427492823534676E-002  5.749595995248750E-002
  6.777064904583352E-002  5.361578393829376E-002
  0.130368703130564       4.828666077885117E-002
  0.202915066798473       4.161228595794689E-002
  0.286087115644416       3.400504412090247E-002
  0.380367724241843       2.578883278555666E-002
  0.485824015607172       1.778179704150073E-002
  0.602005866127166       1.046788623533618E-002
  0.727819716103037       4.857330022629280E-003
  0.861321779325499       1.198446318776200E-003
   1.00000000000000       0.000000000000000E+000
  2.122610839453942E-314  0.000000000000000E+000
 -2.128236416502767E-002  1.155213600405125E-005
 -4.049093339221203E-002  3.204363436784045E-005
 -5.795078566494764E-002  6.844025266210534E-005
 -7.394442105627283E-002  8.972335103437040E-005
 -8.867731151547127E-002  1.174093552746804E-004
 -0.102315977070049       1.443396968741889E-004
 -0.114984881777663       1.964388654843244E-004
 -0.126771580067336       2.763330483259670E-004
 -0.137742263473716       4.171779566439643E-004
 -0.147926442228025       6.316663668008314E-004
 -0.157342944234355       9.582892702603499E-004
 -0.165972389488426       1.415615644004298E-003
 -0.173787764317759       2.045228663514673E-003
 -0.180720973672389       2.866915494278961E-003
 -0.186693383475473       3.920644555652877E-003
 -0.191581707990892       5.219981137497811E-003
 -0.195244490920614       6.795893577525873E-003
 -0.197492185403181       8.645261290922305E-003
 -0.198105831372365       1.077983667313881E-002
 -0.196816018422987       1.316649818968287E-002
 -0.193310392552861       1.578573995513517E-002
 -0.187225690572308       1.856020324899737E-002
 -0.178141794029096       2.142839693646117E-002
 -0.165589128932915       2.425836313862240E-002
 -0.149030279186767       2.694301951821982E-002
 -0.127881139086118       2.929862382047804E-002
 -0.101487247451502       3.118418645433798E-002
 -6.915092366894715E-002  3.239293165906440E-002
 -3.012171681862786E-002  3.278716478693265E-002
  1.638937105036127E-002  3.220418964421778E-002
  7.116233484909605E-002  3.057519242244425E-002
  0.135000879860999       2.788802054212091E-002
  0.208557827050798       2.422125170832477E-002
  0.292461180256078       1.982882442211225E-002
  0.386937572681142       1.496964600095717E-002
  0.492079202714205       1.019286530010382E-002
  0.607262244720810       5.857941202603624E-003
  0.731565068663006       2.641229720728542E-003
  0.863205960042077       6.117288539376761E-004
   1.00000000000000       0.000000000000000E+000
  2.122610839453942E-314  0.000000000000000E+000
 -2.116245378045591E-002 -1.380138797767444E-004
 -4.024832764286301E-002 -5.354303190282402E-004
 -5.761004048445762E-002 -1.133241631049256E-003
 -7.351004364237618E-002 -1.939562891486649E-003
 -8.817263688231296E-002 -2.897697280891142E-003
 -0.101754906299406      -4.000255978136123E-003
 -0.114393480515891      -5.197656418460879E-003
 -0.126172386702213      -6.478260060129822E-003
 -0.137165930750451      -7.790877263527123E-003
 -0.147403091196721      -9.116234312992456E-003
 -0.156908252971739      -1.039905871313582E-002
 -0.165661862936415      -1.161405119868494E-002
 -0.173640458209810      -1.270092527284124E-002
 -0.180773556247618      -1.363085137857374E-002
 -0.186983935387458      -1.434076797126936E-002
 -0.192141097313431      -1.480392030666853E-002
 -0.196102258453581      -1.495975980913990E-002
 -0.198663311881256      -1.479265734651981E-002
 -0.199600500620924      -1.425302563343790E-002
 -0.198620598249108      -1.334905964048876E-002
 -0.195402737516763      -1.205311391642440E-002
 -0.189550416282284      -1.041225656554452E-002
 -0.180632483533278      -8.432076301977684E-003
 -0.168140357142060      -6.211459652750587E-003
 -0.151526552956831      -3.797623518394795E-003
 -0.130172568872557      -1.342853495136964E-003
 -0.103421261200974       1.064077043877579E-003
 -7.056423453291681E-002  3.240209888109739E-003
 -3.086353708112576E-002  5.071672870111931E-003
  1.642938560331951E-002  6.406160504418154E-003
  7.206521254913054E-002  7.137818869502074E-003
  0.136729297328957       7.246390568966221E-003
  0.211043986752152       6.676349869052278E-003
  0.295442611890170       5.646523749690147E-003
  0.390163742171133       4.167281506579257E-003
  0.495100409570390       2.710885960279205E-003
  0.609751022645709       1.305030247273865E-003
  0.733164442053919       4.922274955439520E-004
  0.863844413860083       3.875669618154107E-005
   1.00000000000000       0.000000000000000E+000
  2.122610839453942E-314  0.000000000000000E+000
 -2.074873472903789E-002 -2.837935872873380E-004
 -3.948474821311001E-002 -1.085866754924868E-003
 -5.653514264509637E-002 -2.316999528472930E-003
 -7.217469657034016E-002 -3.935641548065261E-003
 -8.661163307829216E-002 -5.870655525315244E-003
 -0.100010567666871      -8.084041647730682E-003
 -0.112500228084861      -1.051859158867353E-002
 -0.124171373283546      -1.314132114116181E-002
 -0.135095114599172      -1.589685595016320E-002
 -0.145307353608639      -1.874866267245652E-002
 -0.154831205817419      -2.163771399757692E-002
 -0.163654366765222      -2.452182088562594E-002
 -0.171751549637109      -2.733467095952045E-002
 -0.179059393652989      -3.002833140364683E-002
 -0.185495884554087      -3.252878349539903E-002
 -0.190936654235090      -3.478598827564949E-002
 -0.195228682042881      -3.672088313428451E-002
 -0.198171845892256      -3.828870322275606E-002
 -0.199524331043374      -3.941158387379911E-002
 -0.198993525668810      -4.006139015102961E-002
 -0.196231061372240      -4.017146418567883E-002
 -0.190836717117565      -3.974487178729862E-002
 -0.182342938480734      -3.873910596729310E-002
 -0.170233268250259      -3.720285016190129E-002
 -0.153920270341326      -3.513200731113823E-002
 -0.132775294134755      -3.262875039250140E-002
 -0.106111241988607      -2.973671744133573E-002
 -7.320876199639996E-002 -2.660350920403698E-002
 -3.333328439325863E-002 -2.331670678425636E-002
  1.427485703651032E-002 -2.003188628796878E-002
  7.030173658579314E-002 -1.686169593794549E-002
  0.135447440718497      -1.389984787660084E-002
  0.210194144646985      -1.125054581444505E-002
  0.295010457164117      -8.867739188012187E-003
  0.389953792102508      -6.833010216482189E-003
  0.495001567405657      -4.947753224503340E-003
  0.609553853783857      -3.315414961178923E-003
  0.732817674404396      -1.715607578116485E-003
  0.863492797025301      -5.430243064346233E-004
   1.00000000000000       0.000000000000000E+000
  2.122610839453942E-314  0.000000000000000E+000
 -2.005574526355167E-002 -4.280887404706478E-004
 -3.819430691572255E-002 -1.628071435480834E-003
 -5.474558531830123E-002 -3.462048878692672E-003
 -6.995091337293341E-002 -5.865449272052626E-003
 -8.402210016490870E-002 -8.735424835221304E-003
 -9.710614911542384E-002 -1.202162006729357E-002
 -0.109336009029957      -1.564566828310741E-002
 -0.120794067409905      -1.956949983984392E-002
 -0.131557284326352      -2.372110397372160E-002
 -0.141658559269785      -2.806277406626016E-002
 -0.151128695430715      -3.251906086784122E-002
 -0.159954533338246      -3.704754450928636E-002
 -0.168119983157131      -4.156275178539468E-002
 -0.175560234438404      -4.601468572832104E-002
 -0.182203290118462      -5.030510644359054E-002
 -0.187920211170780      -5.437720413619686E-002
 -0.192567695292866      -5.812050207155766E-002
 -0.195935477397877      -6.147582129941245E-002
 -0.197789499323910      -6.432465867963669E-002
 -0.197819238865814      -6.661433370492349E-002
 -0.195679902165065      -6.822672019419293E-002
 -0.190944386299032      -6.912915850736324E-002
 -0.183141912851992      -6.921718989939823E-002
 -0.171721657293091      -6.849446135125549E-002
 -0.156083740265890      -6.688932232899517E-002
 -0.135563999813691      -6.445667910641041E-002
 -0.109452761362009      -6.117807545385551E-002
 -7.700841251486104E-002 -5.716294064285775E-002
 -3.746245744343735E-002 -5.246784183818512E-002
  9.929159354538069E-003 -4.723113711726967E-002
  6.589989319038379E-002 -4.160520411469010E-002
  0.131073446312330      -3.569861374556961E-002
  0.205996558184153      -2.976401895051834E-002
  0.291001948259831      -2.380660357566096E-002
  0.386243994395620      -1.818449525782134E-002
  0.491562957609934      -1.278194836778915E-002
  0.606511116394079      -8.070915889884211E-003
  0.730306994919519      -3.944605970109972E-003
  0.861866002710969      -1.136509744724563E-003
   1.00000000000000       0.000000000000000E+000
  2.122610839453942E-314  0.000000000000000E+000
 -1.909368201563805E-002 -5.586449391590381E-004
 -3.642343921101222E-002 -2.123180508281272E-003
 -5.227956929097031E-002 -4.528648167307537E-003
 -6.689483517445047E-002 -7.662785240904661E-003
 -8.045508155282813E-002 -1.141384607723377E-002
 -9.310280738554502E-002 -1.570336987255276E-002
 -0.104956781521974      -2.045168186749202E-002
 -0.116101206439200      -2.560060478943784E-002
 -0.126606061219549      -3.108126182237830E-002
 -0.136511457951925      -3.683888557850631E-002
 -0.145845023376519      -4.280264597527943E-002
 -0.154605068984056      -4.891269360066533E-002
 -0.162773550338209      -5.508683595972877E-002
 -0.170300181000279      -6.125509573650059E-002
 -0.177110122158695      -6.731790849188761E-002
 -0.183090701967510      -7.319425149349924E-002
 -0.188092888844369      -7.876375045114688E-002
 -0.191922693447384      -8.393722680723324E-002
 -0.194335299988820      -8.857328952889246E-002
 -0.195034028663643      -9.258200698683752E-002
 -0.193655979598819      -9.580543586493701E-002
 -0.189782119835006      -9.816544239200709E-002
 -0.182914520237901      -9.949946738750397E-002
 -0.172500533840478      -9.975867614575973E-002
 -0.157905005783787      -9.879824688902859E-002
 -0.138445625114871      -9.662028916060872E-002
 -0.113375573279867      -9.312932490989463E-002
 -8.191218899459385E-002 -8.839480445151160E-002
 -4.326323103380680E-002 -8.241692891343964E-002
  3.381654390965282E-003 -7.533171444817004E-002
  5.874071697552825E-002 -6.728071270288329E-002
  0.123539016812676      -5.844808026290680E-002
  0.198244936225104      -4.913723902283108E-002
  0.283334313248362      -3.954289649245554E-002
  0.378835663195776      -3.013895337793417E-002
  0.484757909116161      -2.111443018061799E-002
  0.600583969083037      -1.310053235745662E-002
  0.725693622208951      -6.349456527546352E-003
  0.859195538222875      -1.770340054519336E-003
   1.00000000000000       0.000000000000000E+000
  2.122610839453942E-314  0.000000000000000E+000
 -1.788211241016400E-002 -6.824433822752412E-004
 -3.418966118081671E-002 -2.582848028076814E-003
 -4.918685101099331E-002 -5.497818260232734E-003
 -6.306151757843562E-002 -9.294862416018014E-003
 -7.598569057761480E-002 -1.383878664269435E-002
 -8.807761117055772E-002 -1.904323647744931E-002
 -9.945135465155384E-002 -2.481277328573033E-002
 -0.110178818004805      -3.108975978390236E-002
 -0.120333061103380      -3.779185616902408E-002
 -0.129948989372328      -4.487016191690509E-002
 -0.139063715380188      -5.223910200960548E-002
 -0.147673813759505      -5.984723516836749E-002
 -0.155775969381479      -6.759415784805851E-002
 -0.163319052644154      -7.541802955862993E-002
 -0.170247287968269      -8.319582765229611E-002
 -0.176446000065012      -9.085095697507693E-002
 -0.181788529669705      -9.823233377142292E-002
 -0.186075699426516      -0.105247198227559     
 -0.189086594211910      -0.111713835748644     
 -0.190513864157657      -0.117525866229549     
 -0.190016773701153      -0.122472690885759     
 -0.187157439697632      -0.126442609437218     
 -0.181452714142139      -0.129206494241940     
 -0.172320642741416      -0.130663910571866     
 -0.159124914388156      -0.130589899656253     
 -0.141143658704094      -0.128921982362485     
 -0.117600287308044      -0.125480969390391     
 -8.767089187162203E-002 -0.120270241334562     
 -5.048884321393213E-002 -0.113233405590497     
 -5.217591858677884E-003 -0.104463598896849     
  4.898703265677610E-002 -9.410988227967415E-002
  0.112839252060977      -8.236266367781042E-002
  0.186988020895431      -6.966098014628017E-002
  0.271836099112441      -5.625492026356572E-002
  0.367637052137522      -4.294160694526372E-002
  0.474296004852703      -2.999817910012665E-002
  0.591518682414758      -1.852646266676737E-002
  0.718692334124961      -8.888791089452763E-003
  0.855091891103119      -2.449574586413663E-003
   1.00000000000000       0.000000000000000E+000
  2.122610839453942E-314  0.000000000000000E+000
 -1.645664483988263E-002 -7.824796743585780E-004
 -3.156802369288893E-002 -2.966032184891317E-003
 -4.554685333897925E-002 -6.327656994940822E-003
 -5.854936192036225E-002 -1.069560891069410E-002
 -7.071409833370304E-002 -1.593361121125840E-002
 -8.214219553607176E-002 -2.193366780916912E-002
 -9.292887712973844E-002 -2.860656653665259E-002
 -0.103142796733519      -3.587797918899086E-002
 -0.112846923804782      -4.367691761156425E-002
 -0.122083408497740      -5.193878711865903E-002
 -0.130884101306174      -6.059234880760177E-002
 -0.139260849723834      -6.956892104203125E-002
 -0.147207474204575      -7.878327319793993E-002
 -0.154694501709915      -8.815341361845105E-002
 -0.161664262809712      -9.756923814240583E-002
 -0.168028936662559      -0.106929951475860     
 -0.173659895898676      -0.116090524081990     
 -0.178388564738288      -0.124928554638155     
 -0.181990697959217      -0.133255296480317     
 -0.184190847529552      -0.140927558120887     
 -0.184641328708655      -0.147706862021177     
 -0.182932585691771      -0.153435821164112     
 -0.178567360344283      -0.157829138289812     
 -0.170979884938883      -0.160731649334987     
 -0.159507006236086      -0.161829750701785     
 -0.143417431977465      -0.160999232154199     
 -0.121890364360336      -0.157949239410269     
 -9.405343414520519E-002 -0.152624576972059     
 -5.898299962223995E-002 -0.144855080437389     
 -1.572532379587367E-002 -0.134714166141338     
  3.661208014655314E-002 -0.122265918302532     
  9.896179618583141E-002 -0.107765494624270     
  0.171978440716791      -9.166446351456041E-002
  0.256355445099339      -7.440585741896284E-002
  0.352287829942407      -5.692829015233025E-002
  0.459989966708903      -3.986518440130471E-002
  0.579095770835726      -2.454398456834823E-002
  0.709216295373578      -1.179356179686262E-002
  0.849763477781475      -3.220487930507328E-003
   1.00000000000000       0.000000000000000E+000
  2.122610839453942E-314  0.000000000000000E+000
 -1.484037952017550E-002 -8.702593114939403E-004
 -2.860135747720602E-002 -3.285808470725433E-003
 -4.143849621846050E-002 -7.002935205286139E-003
 -5.345609291085970E-002 -1.183551097317859E-002
 -6.476092619656723E-002 -1.763668492282843E-002
 -7.542661048530720E-002 -2.429659186461102E-002
 -8.553472678806501E-002 -3.171796488329389E-002
 -9.513971688706215E-002 -3.983317102108434E-002
 -0.104304565421130      -4.856197051679142E-002
 -0.113064690466723      -5.785297674916576E-002
 -0.121462378906525      -6.762246557937795E-002
 -0.129506488529916      -7.781965292547810E-002
 -0.137209810014891      -8.834279372832603E-002
 -0.144541653342253      -9.913041839838697E-002
 -0.151471136569730      -0.110051090585184     
 -0.157909922055280      -0.121023950944956     
 -0.163763800822843      -0.131876401807646     
 -0.168863419806223      -0.142500410729493     
 -0.173025925024726      -0.152671273364245     
 -0.175973103661037      -0.162247810639581     
 -0.177403405825163      -0.170943149158735     
 -0.176898911532359      -0.178581402869059     
 -0.174006978639788      -0.184811971390925     
 -0.168142344064952      -0.189433082632948     
 -0.158672031853640      -0.192042924201272     
 -0.144826458138311      -0.192438598733583     
 -0.125776270060900      -0.190224266178122     
 -0.100586241668723      -0.185245764911058     
 -6.825339224735957E-002 -0.177216997902358     
 -2.773586030784145E-002 -0.166125507975241     
  2.205131564017754E-002 -0.151953603025207     
  8.211365333248186E-002 -0.134904584842804     
  0.153456618651022      -0.115531389850257     
  0.236778557124762      -9.429273821723824E-002
  0.332715628217049      -7.249150386677548E-002
  0.441428798364749      -5.086708458511820E-002
  0.562935008741725      -3.138391589266360E-002
  0.696814637395144      -1.501620721633097E-002
  0.842645926544660      -4.098683462997858E-003
   1.00000000000000       0.000000000000000E+000
  2.122610839453942E-314  0.000000000000000E+000
 -1.309490721665966E-002 -9.253332034883804E-004
 -2.538898190150186E-002 -3.503997034735378E-003
 -3.697962966103756E-002 -7.484442476467145E-003
 -4.791685120014613E-002 -1.265677421828840E-002
 -5.827106098241639E-002 -1.888213865467847E-002
 -6.808747600493283E-002 -2.603905267761935E-002
 -7.742712349170400E-002 -3.404377664129324E-002
 -8.633697203031161E-002 -4.281684982765855E-002
 -9.486803427709814E-002 -5.229683666749496E-002
 -0.103062813417880      -6.241838910751235E-002
 -0.110955987083501      -7.312142642453595E-002
 -0.118574335322980      -8.433809355540009E-002
 -0.125925471081897      -9.599451310106508E-002
 -0.133005784097096      -0.108008905513646     
 -0.139781224825409      -0.120280003872070     
 -0.146199314948308      -0.132703043117283     
 -0.152165015090786      -0.145133987200461     
 -0.157553597863560      -0.157436326015583     
 -0.162184088686490      -0.169405653374887     
 -0.165830628497961      -0.180866261242748     
 -0.168195366549887      -0.191532590431321     
 -0.168916280527023      -0.201185546651835     
 -0.167542569846133      -0.209443600390524     
 -0.163540242770622      -0.216050007301732     
 -0.156266981235609      -0.220523116327926     
 -0.144981821826754      -0.222590983514454     
 -0.128823037725211      -0.221717578860921     
 -0.106825835581297      -0.217678177961355     
 -7.791212514644293E-002 -0.209977513393356     
 -4.088361744995595E-002 -0.198548642707489     
  5.475843655496732E-003 -0.183172804605211     
  6.246301268109155E-002 -0.164036482036376     
  0.131238587534878      -0.141612792019905     
  0.212972290250469      -0.116517784045196     
  0.308357232635633      -9.013122226265047E-002
  0.418224365886445      -6.365409141159166E-002
  0.542484152705670      -3.936620770927748E-002
  0.681185747148421      -1.894050072735120E-002
  0.833901998707211      -5.157780936933435E-003
   1.00000000000000       0.000000000000000E+000
  2.122610839453942E-314  0.000000000000000E+000
 -1.124433077140534E-002 -9.630113111412902E-004
 -2.199849628097403E-002 -3.633185456818342E-003
 -3.227321971186081E-002 -7.763142901143095E-003
 -4.206714404382386E-002 -1.313723847290128E-002
 -5.140303185878191E-002 -1.962262756922988E-002
 -6.030073336720858E-002 -2.710246009353222E-002
 -6.880027606137820E-002 -3.549369937849541E-002
 -7.693548676756673E-002 -4.472883944765599E-002
 -8.475463723856032E-002 -5.474113983789457E-002
 -9.229281072402473E-002 -6.548453097257315E-002
 -9.959494014127263E-002 -7.688806995344810E-002
 -0.106682846601289      -8.891041318394666E-002
 -0.113584955682526      -0.101462379653075     
 -0.120294322000321      -0.114495366899681     
 -0.126808059655292      -0.127888911655223     
 -0.133072339274494      -0.141576085492924     
 -0.139034800600366      -0.155389530755552     
 -0.144572017622966      -0.169231069214323     
 -0.149558845717732      -0.182867535201390     
 -0.153773186964270      -0.196155092702606     
 -0.156987182473941      -0.208769862086622     
 -0.158842631063439      -0.220506695300652     
 -0.158969868514461      -0.230931964458032     
 -0.156832106177528      -0.239770339667641     
 -0.151870029654570      -0.246460001854880     
 -0.143317297074749      -0.250662805169565     
 -0.130369134192674      -0.251724682047437     
 -0.111992615165375      -0.249301721479046     
 -8.708558143545640E-002 -0.242707574632957     
 -5.431882814943118E-002 -0.231697656792857     
 -1.225506296944043E-002 -0.215891960134796     
  4.057816254944396E-002 -0.195294673719156     
  0.105839417261908      -0.170302746014292     
  0.184923984381348      -0.141512741921822     
  0.279270606398002      -0.110492281045316     
  0.389790935249615      -7.855075932991824E-002
  0.517264874783699      -4.894351659889556E-002
  0.661582789038008      -2.349099948019182E-002
  0.822661862072888      -6.415090992805837E-003
   1.00000000000000       0.000000000000000E+000
  2.122610839453942E-314  0.000000000000000E+000
 -9.373833478994413E-003 -9.615724347161493E-004
 -1.854490483245528E-002 -3.644307609992734E-003
 -2.746752741554181E-002 -7.808675963800131E-003
 -3.606767616399561E-002 -1.323737306639116E-002
 -4.433580237367835E-002 -1.981451737846765E-002
 -5.225638248081799E-002 -2.742394502991280E-002
 -5.985117215513838E-002 -3.600153515974546E-002
 -6.714469517365187E-002 -4.547287620408826E-002
 -7.417279023669193E-002 -5.579495505309302E-002
 -8.097761333979736E-002 -6.690868346321353E-002
 -8.759371041272271E-002 -7.877366069904519E-002
 -9.406170207186450E-002 -9.133068421211679E-002
 -0.100400721165767      -0.104529401733131     
 -0.106633123853140      -0.118299792629929     
 -0.112748527411597      -0.132568614841608     
 -0.118733906980980      -0.147244409629153     
 -0.124532882526038      -0.162213788643880     
 -0.130076482278570      -0.177350710891472     
 -0.135241161766257      -0.192478080576917     
 -0.139874715551092      -0.207420022892295     
 -0.143758032573627      -0.221901593352155     
 -0.146619092682643      -0.235678506435610     
 -0.148104245300836      -0.248343256748787     
 -0.147775104756736      -0.259572288954097     
 -0.145089192485191      -0.268774775335381     
 -0.139369724445084      -0.275549176777246     
 -0.129811143274601      -0.279123602892278     
 -0.115427178425550      -0.279067975847257     
 -9.504305660247146E-002 -0.274447943233969     
 -6.727232369734852E-002 -0.264881392437723     
 -3.050219430052245E-002 -0.249646054439759     
  1.701836712975414E-002 -0.228669714934840     
  7.723507819490497E-002 -0.201823950849229     
  0.152483140034008      -0.169888138277182     
  0.244481134828112      -0.134189313907510     
  0.355404081077561      -9.648852943490321E-002
  0.486133837010654      -6.062962428131012E-002
  0.637464684343050      -2.939111943426158E-002
  0.809059123551924      -8.031629633620349E-003
   1.00000000000000       0.000000000000000E+000
  2.122610839453942E-314  0.000000000000000E+000
 -7.505053021840933E-003 -9.388323330591081E-004
 -1.511699980638203E-002 -3.547058211517754E-003
 -2.268006059275863E-002 -7.620739040867111E-003
 -3.008064521652463E-002 -1.294731818157228E-002
 -3.725171473742947E-002 -1.943511867105562E-002
 -4.416159499125925E-002 -2.697825216417901E-002
 -5.080772672943150E-002 -3.552080507166629E-002
 -5.720574272352664E-002 -4.500344646753292E-002
 -6.338741235155132E-002 -5.537963253592915E-002
 -6.938724267059690E-002 -6.661312439047334E-002
 -7.524890897487163E-002 -7.865215605315252E-002
 -8.100495804024109E-002 -9.147009634523411E-002
 -8.669422308511385E-002 -0.105000571075361     
 -9.233138353161642E-002 -0.119217065671778     
 -9.793677431854148E-002 -0.134027449702555     
 -0.103491948689032      -0.149394745033123     
 -0.108984768060620      -0.165184786127677     
 -0.114345353733744      -0.181335517128499     
 -0.119512036719993      -0.197647076897460     
 -0.124338201416061      -0.214012730739557     
 -0.128689219940066      -0.230131838011360     
 -0.132306020275899      -0.245824699690875     
 -0.134946548837932      -0.260653265822340     
 -0.136188449842588      -0.274338988555506     
 -0.135631349843797      -0.286235058588602     
 -0.132604128228601      -0.295933199099199     
 -0.126455389925000      -0.302574879302615     
 -0.116167113254119      -0.305629609984061     
 -0.100688877281184      -0.303969658883970     
 -7.848941389477369E-002 -0.296984689826620     
 -4.790556883297886E-002 -0.283685851944216     
 -6.854054357818906E-003 -0.263741070612341     
  4.705105786069956E-002 -0.236350810789712     
  0.116675178179124      -0.201987075969411     
  0.205140430253859      -0.162081148465884     
  0.314816577742301      -0.118069359106473     
  0.448589972332638      -7.520602683824190E-002
  0.607307435926010      -3.659523659351966E-002
  0.791452384868885      -1.008300261906440E-002
   1.00000000000000       0.000000000000000E+000
  2.122610839453942E-314  0.000000000000000E+000
 -5.741064503407430E-003 -8.746355540097793E-004
 -1.183191187261234E-002 -3.328906846369992E-003
 -1.807434018820489E-002 -7.185596259890968E-003
 -2.427422371690293E-002 -1.225749633207828E-002
 -3.034484438792915E-002 -1.847691762415018E-002
 -3.622077443673968E-002 -2.575041687664697E-002
 -4.188736427264913E-002 -3.404297288349284E-002
 -4.735345759694290E-002 -4.329111174226706E-002
 -5.263883889286743E-002 -5.347321767164387E-002
 -5.778564543517865E-002 -6.453893337846241E-002
 -6.282381820904380E-002 -7.646999679890114E-002
 -6.780344750180591E-002 -8.921950765148656E-002
 -7.274848039452551E-002 -0.102766495199893     
 -7.770093704955983E-002 -0.117060285670732     
 -8.266670227592450E-002 -0.132068360038070     
 -8.766698675287031E-002 -0.147726473857624     
 -9.267788516866242E-002 -0.163975918270837     
 -9.768565485753190E-002 -0.180724533019777     
 -0.102622387232775      -0.197863970207958     
 -0.107419540808606      -0.215254236207568     
 -0.111945596132679      -0.232700100254902     
 -0.116048503828629      -0.249985044644338     
 -0.119503334624255      -0.266779124497645     
 -0.122025658245367      -0.282764283265511     
 -0.123246106940695      -0.297378489619194     
 -0.122666245902506      -0.310156160342927     
 -0.119676661388596      -0.320261042918187     
 -0.113461688355953      -0.327087053014012     
 -0.102996054295244      -0.329317614042575     
 -8.685365867488615E-002 -0.326242334430560     
 -6.332717257134193E-002 -0.316326598716394     
 -3.006626623077077E-002 -0.299180406512579     
  1.579097505749608E-002 -0.272946600830303     
  7.806908346809099E-002 -0.237718642850772     
  0.160851742281387      -0.194579262770431     
  0.267868776128510      -0.144960524158976     
  0.402784357996703      -9.401068099453262E-002
  0.570166701763782      -4.686749658117424E-002
  0.769342089562117      -1.308248201489844E-002
   1.00000000000000       0.000000000000000E+000
  2.122610839453942E-314  0.000000000000000E+000
 -4.096813480283678E-003 -7.866854833130152E-004
 -8.791964397859172E-003 -2.993851510146558E-003
 -1.376829352977676E-002 -6.514577561034011E-003
 -1.881872481781556E-002 -1.117742559426547E-002
 -2.380085075733140E-002 -1.695427279277335E-002
 -2.864954528697670E-002 -2.376551362792264E-002
 -3.332961470856344E-002 -3.158669921816291E-002
 -3.784693345689515E-002 -4.037020181772747E-002
 -4.221866608542633E-002 -5.008815612380697E-002
 -4.647834020890901E-002 -6.071409963321743E-002
 -5.066356190160235E-002 -7.221468966109724E-002
 -5.481187250419584E-002 -8.457815092016298E-002
 -5.896316901997183E-002 -9.776411591720902E-002
 -6.314569278963836E-002 -0.111770714760316     
 -6.739073300337239E-002 -0.126543762917562     
 -7.170721721647055E-002 -0.142083809119652     
 -7.610937571705918E-002 -0.158309368571445     
 -8.057555685797865E-002 -0.175211481323370     
 -8.509403292283108E-002 -0.192658839257189     
 -8.959611071997278E-002 -0.210614506683747     
 -9.403194987988231E-002 -0.228862891618556     
 -9.826097377737746E-002 -0.247310049478317     
 -0.102177192216768      -0.265607431188730     
 -0.105521671220878      -0.283571027222106     
 -0.108096406150378      -0.300619695407357     
 -0.109443950369540      -0.316402654066413     
 -0.109192511259645      -0.330078273183636     
 -0.106557881201755      -0.341105796605205     
 -0.100849835098037      -0.348019349416346     
 -9.059084906178949E-002 -0.350013609343666     
 -7.437060138554473E-002 -0.345275155596702     
 -4.961534676388187E-002 -0.332967945024295     
 -1.339069350252323E-002 -0.310287568101346     
  3.885651960409862E-002 -0.276255293487037     
  0.112878710362286      -0.231900383223896     
  0.213744332008399      -0.178338609083038     
  0.348223644958599      -0.119093851372875     
  0.522674912655238      -6.006828400555408E-002
  0.740669831009424      -1.765638460687929E-002
   1.00000000000000       0.000000000000000E+000
  2.122610839453942E-314  0.000000000000000E+000
 -2.680663610424190E-003 -6.616015310979422E-004
 -6.095404562712928E-003 -2.555880043749123E-003
 -9.914834092449894E-003 -5.622404525241580E-003
 -1.386317136570942E-002 -9.742377865166350E-003
 -1.779943786160376E-002 -1.491433482620976E-002
 -2.164003871971521E-002 -2.107706957495589E-002
 -2.534555215082945E-002 -2.822489247400068E-002
 -2.892291117486731E-002 -3.630378799518658E-002
 -3.237725753056457E-002 -4.530868586938886E-002
 -3.575069626497802E-002 -5.519525057842597E-002
 -3.906332329672010E-002 -6.596258630919234E-002
 -4.236686201376787E-002 -7.757496197761470E-002
 -4.568057093348949E-002 -9.003791016208496E-002
 -4.905423326426043E-002 -0.103321340492402     
 -5.249710092164531E-002 -0.117434169047217     
 -5.605067347785048E-002 -0.132344415235582     
 -5.970719679858867E-002 -0.148055673941716     
 -6.349386384219158E-002 -0.164521730528662     
 -6.737871169689526E-002 -0.181724536537323     
 -7.136581806544380E-002 -0.199584796497427     
 -7.538999594089968E-002 -0.218035948351104     
 -7.941736156066750E-002 -0.236938334046216     
 -8.333552818184438E-002 -0.256132964477815     
 -8.704049708136813E-002 -0.275385626450314     
 -9.034617223834666E-002 -0.294352541428692     
 -9.303136583323775E-002 -0.312627105640073     
 -9.477706683923151E-002 -0.329614255730685     
 -9.510349728449240E-002 -0.344745147411222     
 -9.339769944831409E-002 -0.356688882155658     
 -8.856977690991685E-002 -0.364513182585981     
 -7.924593006368484E-002 -0.366378354794007     
 -6.346099169589429E-002 -0.361133290366221     
 -3.799357311735194E-002 -0.345003044111120     
  1.583008939603509E-003 -0.316420149070728     
  6.157443145568515E-002 -0.273703257246697     
  0.150722860263616      -0.219390689043343     
  0.278179430305961      -0.151590648142096     
  0.461101302923318      -7.826513186668924E-002
  0.703146200888172      -2.345847738723261E-002
   1.00000000000000       0.000000000000000E+000
  2.122610839453942E-314  0.000000000000000E+000
 -1.497562805886056E-003 -5.146474871979405E-004
 -3.846499894654367E-003 -2.013217983470632E-003
 -6.614431053011708E-003 -4.538865064402400E-003
 -9.559479063036880E-003 -7.996015764031772E-003
 -1.250495174919109E-002 -1.242693757090240E-002
 -1.538770981036237E-002 -1.778485240041239E-002
 -1.816091515377133E-002 -2.406618291672768E-002
 -2.083165943422942E-002 -3.123328796653456E-002
 -2.340716515418631E-002 -3.926622018650080E-002
 -2.591752461483872E-002 -4.814503022562267E-002
 -2.838932578422354E-002 -5.784746076178999E-002
 -3.085645110735498E-002 -6.837224187669927E-002
 -3.334905623067016E-002 -7.970055184470989E-002
 -3.589706090250026E-002 -9.184942861899099E-002
 -3.852702309444164E-002 -0.104800872577809     
 -4.126077752426853E-002 -0.118586752084341     
 -4.411758722216749E-002 -0.133180841815877     
 -4.710696908306971E-002 -0.148623558049202     
 -5.023843819566100E-002 -0.164864393265711     
 -5.350276836863043E-002 -0.181941840289532     
 -5.689771573245438E-002 -0.199756346033279     
 -6.038418524071652E-002 -0.218328665733866     
 -6.394621814782953E-002 -0.237467563670313     
 -6.748992482054079E-002 -0.257150857153809     
 -7.097629589938403E-002 -0.277025486322407     
 -7.422216894098300E-002 -0.296963481365660     
 -7.715288407065297E-002 -0.316370272639574     
 -7.935887070282795E-002 -0.335017960221600     
 -8.064851879857887E-002 -0.351542633438579     
 -8.006416567272055E-002 -0.365236577748703     
 -7.689032016091694E-002 -0.374474388329546     
 -6.917620780834828E-002 -0.378147630816725     
 -5.493065647388035E-002 -0.371633716669078     
 -2.886566105712834E-002 -0.352917433823730     
  1.490646783806113E-002 -0.318250607092243     
  8.761553771388812E-002 -0.268813782554236     
  0.204122950620048      -0.194884155481746     
  0.385480155191740      -9.945342191643501E-002
  0.653224883343362      -2.899921295310563E-002
   1.00000000000000       0.000000000000000E+000
  2.122610839453942E-314  0.000000000000000E+000
 -6.421602686455404E-004 -3.486736939060872E-004
 -2.095909990677908E-003 -1.422456963299881E-003
 -3.968912209083552E-003 -3.329424156362180E-003
 -6.002179951775376E-003 -6.041742506213291E-003
 -8.043157891155544E-003 -9.623597158600108E-003
 -1.004165882518807E-002 -1.403695567771039E-002
 -1.194991752672994E-002 -1.929331940916522E-002
 -1.378648361002882E-002 -2.533938467272051E-002
 -1.554430676866189E-002 -3.217607904273103E-002
 -1.726200880058129E-002 -3.976091785731173E-002
 -1.894558843703534E-002 -4.810077282558518E-002
 -2.063815017080238E-002 -5.716791461886851E-002
 -2.234585447212144E-002 -6.698345760793839E-002
 -2.411243047676626E-002 -7.753314156168041E-002
 -2.593772404597826E-002 -8.885383384984985E-002
 -2.786600425037320E-002 -0.100939089066035     
 -2.988669093595055E-002 -0.113839051520025     
 -3.204522523898468E-002 -0.127546488309708     
 -3.431725706801722E-002 -0.142118795615791     
 -3.674976390882571E-002 -0.157535468695251     
 -3.930150549283804E-002 -0.173851209711393     
 -4.201957485989774E-002 -0.191015036017746     
 -4.484238998818458E-002 -0.209059088090450     
 -4.781283523072841E-002 -0.227872320774119     
 -5.084561307324905E-002 -0.247432025637748     
 -5.397080328517152E-002 -0.267519528480469     
 -5.706740344099867E-002 -0.288001600366243     
 -6.006127425550867E-002 -0.308538468677858     
 -6.275180853640092E-002 -0.328499720157479     
 -6.493910641178294E-002 -0.346990732928365     
 -6.619387705834137E-002 -0.363182914591622     
 -6.553929646125324E-002 -0.376274676420657     
 -6.174815362331728E-002 -0.381185762624724     
 -5.004019176982316E-002 -0.376231703565259     
 -2.487062454131833E-002 -0.354991287196731     
  2.522751478092034E-002 -0.317451114487760     
  0.124112019870953      -0.244884697108026     
  0.303817599057225      -0.132843557780485     
  0.592375787712216      -3.898870955238189E-002
   1.00000000000000       0.000000000000000E+000
  2.122610839453942E-314  0.000000000000000E+000
 -9.185067265004921E-005 -1.765540786094583E-004
 -9.139761488026352E-004 -7.864185929209716E-004
 -2.030059413322699E-003 -2.063210086312712E-003
 -3.282180459588548E-003 -3.997495146139730E-003
 -4.529530732025276E-003 -6.665998601206369E-003
 -5.747411066072865E-003 -1.004973027376574E-002
 -6.902339187246254E-003 -1.413686449503611E-002
 -8.005351320157688E-003 -1.889938785478337E-002
 -9.058473674220661E-003 -2.431087264604219E-002
 -1.008181009040088E-002 -3.035767677443608E-002
 -1.108772078281419E-002 -3.701984774567585E-002
 -1.209754240804743E-002 -4.430148063406895E-002
 -1.312402293082352E-002 -5.219616087330425E-002
 -1.418836631337289E-002 -6.072713172932150E-002
 -1.530015508310396E-002 -6.990000458144163E-002
 -1.648046570339483E-002 -7.975675742023089E-002
 -1.773453483827992E-002 -9.030951419708251E-002
 -1.908333476707397E-002 -0.101618345939531     
 -2.052773240198463E-002 -0.113693316098907     
 -2.208833984704937E-002 -0.126611968381324     
 -2.376292496314808E-002 -0.140369777389013     
 -2.557027496644000E-002 -0.155062012693397     
 -2.750779231932012E-002 -0.170649653144729     
 -2.959088429615570E-002 -0.187243087196131     
 -3.182366151878198E-002 -0.204744547563445     
 -3.421486830325265E-002 -0.223285970798927     
 -3.679510614582709E-002 -0.242623834415076     
 -3.950119642856899E-002 -0.262936504917359     
 -4.237753172797851E-002 -0.283657334072948     
 -4.536016688147994E-002 -0.304759170075178     
 -4.862175589201885E-002 -0.325506408595492     
 -5.145045573486385E-002 -0.346650401080669     
 -5.407220113454548E-002 -0.362367008163101     
 -5.271908914035821E-002 -0.371717228133355     
 -4.496417754500811E-002 -0.370134340383714     
 -1.965039893772447E-002 -0.354613820986789     
  4.330498728121483E-002 -0.295510863154478     
  0.191133430599314      -0.178718155557714     
  0.497373682550702      -6.019155999430693E-002
   1.00000000000000       0.000000000000000E+000
  2.122610839453942E-314  0.000000000000000E+000
  1.270951446591402E-004 -3.442383447080651E-005
 -2.376896821269629E-004 -2.438315970769300E-004
 -7.658777689814027E-004 -9.168838020592291E-004
 -1.388018888571538E-003 -2.083428319802990E-003
 -1.989229704218757E-003 -3.826893702128761E-003
 -2.584176993504503E-003 -6.104332081359178E-003
 -3.132742011258037E-003 -8.924028145307730E-003
 -3.660558078133114E-003 -1.223401949000286E-002
 -4.153535893712083E-003 -1.603242436433841E-002
 -4.637483990964144E-003 -2.028467131574592E-002
 -5.105115369837336E-003 -2.499624965578080E-002
 -5.582642357511742E-003 -3.014781495414153E-002
 -6.060408510099773E-003 -3.576133332975012E-002
 -6.568469529234563E-003 -4.182936430693383E-002
 -7.090001638530212E-003 -4.839317393397582E-002
 -7.662252640300825E-003 -5.545246559839959E-002
 -8.257785669878928E-003 -6.306907389798633E-002
 -8.924672547221719E-003 -7.124485649175209E-002
 -9.621519790360316E-003 -8.006350025468362E-002
 -1.041169803592769E-002 -8.952331082426761E-002
 -1.123574492658395E-002 -9.973222471431401E-002
 -1.217856373371918E-002 -0.110677349187891     
 -1.315716748469018E-002 -0.122496564821800     
 -1.429035071731646E-002 -0.135152192074589     
 -1.546412533664522E-002 -0.148830658968557     
 -1.684510029239069E-002 -0.163460075816636     
 -1.826659523091378E-002 -0.179274808816433     
 -1.996841838765279E-002 -0.196106109696367     
 -2.172634142547212E-002 -0.214321309290630     
 -2.404044802771991E-002 -0.233498407467062     
 -2.653025007782357E-002 -0.254413975163901     
 -2.936292948693889E-002 -0.277014992547236     
 -3.137522628982879E-002 -0.299708634979479     
 -3.360303946986337E-002 -0.318320464351910     
 -3.473533017693412E-002 -0.337722672230596     
 -3.840430849886210E-002 -0.355335027140928     
 -3.242486782261838E-002 -0.327862986101578     
  4.026556710594274E-002 -0.258340996817966     
  0.290731074467955      -0.100637800903570     
   1.00000000000000       0.000000000000000E+000
  2.122610839453942E-314  0.000000000000000E+000
  7.544305105702390E-005  7.544305105697339E-005
 -3.129249306745126E-005  1.297601174473700E-004
 -1.669016072168036E-004 -8.126546402569157E-005
 -3.327803897787592E-004 -6.064888552410285E-004
 -4.966603156200504E-004 -1.440016962715768E-003
 -6.557071469374611E-004 -2.600944994752014E-003
 -8.038497149071439E-004 -4.046714851826622E-003
 -9.420811578962973E-004 -5.778315123032358E-003
 -1.072668345748752E-003 -7.762767111251846E-003
 -1.198292927998158E-003 -1.000335122804357E-002
 -1.321130256546840E-003 -1.248165135824449E-002
 -1.445886707296567E-003 -1.520486880320851E-002
 -1.571539990888529E-003 -1.816969281494561E-002
 -1.705963494352007E-003 -2.138980945630621E-002
 -1.844435430162647E-003 -2.487306308170116E-002
 -1.998291490803092E-003 -2.864171900918333E-002
 -2.158784352388047E-003 -3.271095793151001E-002
 -2.341171393159646E-003 -3.711421556614603E-002
 -2.532566577968571E-003 -4.186994076110319E-002
 -2.752739591225437E-003 -4.702665771620088E-002
 -2.984447552029039E-003 -5.260151171385615E-002
 -3.252909726729443E-003 -5.866388006330927E-002
 -3.535858387225845E-003 -6.522615968604668E-002
 -3.867999848674105E-003 -7.238870168193810E-002
 -4.223903136735420E-003 -8.015426677341796E-002
 -4.647105103897973E-003 -8.868324642884598E-002
 -5.101806091716355E-003 -9.794376679940515E-002
 -5.647827721905394E-003 -0.108159944055066     
 -6.235771178327499E-003 -0.119366897117954     
 -7.072199269971941E-003 -0.132028726664466     
 -8.266871039544972E-003 -0.145871496691843     
 -9.528552348009938E-003 -0.162295353477564     
 -1.035903088921850E-002 -0.179818126581354     
 -1.143133024138010E-002 -0.197958288525654     
 -1.359472460845151E-002 -0.222346833803524     
 -2.042981795506127E-002 -0.269333746018228     
 -4.109143256770854E-002 -0.281252499574168     
 -1.228961328723023E-002 -0.289848694121386     
  0.178975349044612      -0.179857729391188     
   1.00000000000000       0.000000000000000E+000
  2.122610839453942E-314  0.000000000000000E+000
  2.122610839453942E-314  0.000000000000000E+000
  2.122610839453942E-314  0.000000000000000E+000
  2.122610839453942E-314  0.000000000000000E+000
  2.122610839453942E-314  0.000000000000000E+000
  2.122610839453942E-314  0.000000000000000E+000
  2.122610839453942E-314  0.000000000000000E+000
  2.122610839453942E-314  0.000000000000000E+000
  2.122610839453942E-314  0.000000000000000E+000
  2.122610839453942E-314  0.000000000000000E+000
  2.122610839453942E-314  0.000000000000000E+000
  2.122610839453942E-314  0.000000000000000E+000
  2.122610839453942E-314  0.000000000000000E+000
  2.122610839453942E-314  0.000000000000000E+000
  2.122610839453942E-314  0.000000000000000E+000
  2.122610839453942E-314  0.000000000000000E+000
  2.122610839453942E-314  0.000000000000000E+000
  2.122610839453942E-314  0.000000000000000E+000
  2.122610839453942E-314  0.000000000000000E+000
  2.122610839453942E-314  0.000000000000000E+000
  2.122610839453942E-314  0.000000000000000E+000
  2.122610839453942E-314  0.000000000000000E+000
  2.122610839453942E-314  0.000000000000000E+000
  2.122610839453942E-314  0.000000000000000E+000
  2.122610839453942E-314  0.000000000000000E+000
  2.122610839453942E-314  0.000000000000000E+000
  2.122610839453942E-314  0.000000000000000E+000
  2.122610839453942E-314  0.000000000000000E+000
  2.122610839453942E-314  0.000000000000000E+000
  2.122610839453942E-314  0.000000000000000E+000
  2.122610839453942E-314  0.000000000000000E+000
  2.122610839453942E-314  0.000000000000000E+000
  2.122610839453942E-314  0.000000000000000E+000
  2.122610839453942E-314  0.000000000000000E+000
  2.122610839453942E-314  0.000000000000000E+000
  2.122610839453942E-314  0.000000000000000E+000
  2.122610839453942E-314  0.000000000000000E+000
  2.122610839453942E-314  0.000000000000000E+000
  2.122610839453942E-314  0.000000000000000E+000
  2.122610839453942E-314  0.000000000000000E+000
   1.00000000000000       0.000000000000000E+000
