  5.432309224871097E-312  0.000000000000000E+000
  2.122610839453942E-314  0.000000000000000E+000
  2.122610839453942E-314  0.000000000000000E+000
  2.122610839453942E-314  0.000000000000000E+000
  2.122610839453942E-314  0.000000000000000E+000
  2.122610839453942E-314  0.000000000000000E+000
  2.122610839453942E-314  0.000000000000000E+000
  2.122610839453942E-314  0.000000000000000E+000
  2.122610839453942E-314  0.000000000000000E+000
  2.122610839453942E-314  0.000000000000000E+000
  2.122610839453942E-314  0.000000000000000E+000
  2.122610839453942E-314  0.000000000000000E+000
  2.122610839453942E-314  0.000000000000000E+000
  2.122610839453942E-314  0.000000000000000E+000
  2.122610839453942E-314  0.000000000000000E+000
  2.122610839453942E-314  0.000000000000000E+000
  2.122610839453942E-314  0.000000000000000E+000
  2.122610839453942E-314  0.000000000000000E+000
  2.122610839453942E-314  0.000000000000000E+000
  2.122610839453942E-314  0.000000000000000E+000
  2.122610839453942E-314  0.000000000000000E+000
  2.122610839453942E-314  0.000000000000000E+000
  2.122610839453942E-314  0.000000000000000E+000
  2.122610839453942E-314  0.000000000000000E+000
  2.122610839453942E-314  0.000000000000000E+000
  2.122610839453942E-314  0.000000000000000E+000
  2.122610839453942E-314  0.000000000000000E+000
  2.122610839453942E-314  0.000000000000000E+000
  2.122610839453942E-314  0.000000000000000E+000
  2.122610839453942E-314  0.000000000000000E+000
  2.122610839453942E-314  0.000000000000000E+000
  2.122610839453942E-314  0.000000000000000E+000
  2.122610839453942E-314  0.000000000000000E+000
  2.122610839453942E-314  0.000000000000000E+000
  2.122610839453942E-314  0.000000000000000E+000
  2.122610839453942E-314  0.000000000000000E+000
  2.122610839453942E-314  0.000000000000000E+000
  2.122610839453942E-314  0.000000000000000E+000
  2.122610839453942E-314  0.000000000000000E+000
  2.122610839453942E-314  0.000000000000000E+000
   1.00000000000000       0.000000000000000E+000
  2.122610839453942E-314  0.000000000000000E+000
  7.348400406158781E-005 -7.318710518717106E-005
 -3.698740611288515E-005 -1.286416224926191E-005
 -1.911357265309834E-004  2.130429226698331E-004
 -3.597565343387760E-004  7.915767558331172E-004
 -5.218537764576990E-004  1.659430018091642E-003
 -6.690312479037475E-004  2.835513040458425E-003
 -8.106433683633562E-004  4.286024190370294E-003
 -9.374874600852545E-004  5.997747599191213E-003
 -1.059158681505176E-003  7.948818470993484E-003
 -1.168663997142831E-003  1.012430609310764E-002
 -1.274673190022578E-003  1.250876883507010E-002
 -1.371551982404524E-003  1.509036061429277E-002
 -1.466403598274346E-003  1.785737836851123E-002
 -1.554672484307198E-003  2.080279261816203E-002
 -1.642231469081856E-003  2.391685102073971E-002
 -1.725679890032176E-003  2.719800744165892E-002
 -1.810080266843319E-003  3.063784296111310E-002
 -1.893617159452450E-003  3.424247394540473E-002
 -1.980804391475223E-003  3.800470618952403E-002
 -2.072410036176624E-003  4.194347224913616E-002
 -2.172761258371935E-003  4.605325902591525E-002
 -2.286387172571592E-003  5.037556103679194E-002
 -2.416967222667663E-003  5.490641889780630E-002
 -2.576564501591984E-003  5.973089298905489E-002
 -2.771598133094892E-003  6.484441414503832E-002
 -3.025132541641081E-003  7.040189327183034E-002
 -3.358238042476545E-003  7.641901634429135E-002
 -3.774925574523114E-003  8.316493600622138E-002
 -4.237561470854514E-003  9.058250478208103E-002
 -4.926861231484649E-003  9.939633708055837E-002
 -6.184277011678957E-003  0.109549370176084     
 -7.813330912659266E-003  0.121217502561398     
 -1.015869992582227E-002  0.135834332977630     
 -1.110955331814477E-002  0.155242333804697     
 -5.595315591495051E-003  0.170858545859924     
 -6.708257834719153E-003  0.197565082826227     
 -5.262621885978543E-002  0.256969629639135     
 -4.903604737846137E-002  0.215387401593046     
  0.146852204795873       0.146852204795861     
   1.00000000000000       0.000000000000000E+000
  2.122610839453942E-314  0.000000000000000E+000
  1.256726338418281E-005  3.690761688807001E-005
 -3.473146443262199E-004  3.472261709027419E-004
 -8.990444112446548E-004  1.048934045306663E-003
 -1.471423344848775E-003  2.268768072860117E-003
 -2.057820808381581E-003  4.023888955853559E-003
 -2.596816537828156E-003  6.274538643659038E-003
 -3.118269090382517E-003  9.028458644518575E-003
 -3.591713304474385E-003  1.222898286251090E-002
 -4.044575804499963E-003  1.587549233330122E-002
 -4.457860067585810E-003  1.991397977966261E-002
 -4.854845019448007E-003  2.434541901078553E-002
 -5.221293155959900E-003  2.912261701176447E-002
 -5.576860784203263E-003  3.425089650073238E-002
 -5.909303816547854E-003  3.968874219808292E-002
 -6.236707439755594E-003  4.544733959984140E-002
 -6.547856726920222E-003  5.148897096174253E-002
 -6.861786928129578E-003  5.783317463933467E-002
 -7.167966723555450E-003  6.444552247054354E-002
 -7.489742554917337E-003  7.135855333538632E-002
 -7.816815882854291E-003  7.854213227064889E-002
 -8.182255901848371E-003  8.605061315694817E-002
 -8.574505296909974E-003  9.386068177224455E-002
 -9.045988997970392E-003  0.102064259241946     
 -9.579467947998018E-003  0.110647952249789     
 -1.026730117106220E-002  0.119767204586041     
 -1.107063648239423E-002  0.129410727835908     
 -1.215754367479044E-002  0.139855376580299     
 -1.344442890833454E-002  0.151097294719357     
 -1.524923884974891E-002  0.163599632501367     
 -1.734858632680161E-002  0.177274366013922     
 -2.051246992934128E-002  0.192822178155833     
 -2.387683150498201E-002  0.209331332130279     
 -2.834015528202649E-002  0.228915945086510     
 -3.285092019258375E-002  0.252002841379624     
 -3.937383975021726E-002  0.277487460534018     
 -3.829094348635329E-002  0.293158227653394     
 -3.229535242531201E-002  0.294527138278973     
  2.457481764000541E-002  0.229251038436040     
  0.329350935257153       9.885081858861344E-002
   1.00000000000000       0.000000000000000E+000
  2.122610839453942E-314  0.000000000000000E+000
 -2.150228829761975E-004  1.909338285750271E-004
 -1.047023218281728E-003  8.930262867583172E-004
 -2.138083395090886E-003  2.124134907258775E-003
 -3.322848025294636E-003  4.057105032351397E-003
 -4.504120624663301E-003  6.642964361208265E-003
 -5.639053803043246E-003  9.905233068041202E-003
 -6.713618024130464E-003  1.379713357745836E-002
 -7.718556476632857E-003  1.830612098561532E-002
 -8.662329653176639E-003  2.338835744958767E-002
 -9.543128520376131E-003  2.901675977850958E-002
 -1.037480477607690E-002  3.515681894063336E-002
 -1.115594008540401E-002  4.178142322182311E-002
 -1.190028360146889E-002  4.886312305589021E-002
 -1.260603346028629E-002  5.637901917403422E-002
 -1.328687233805477E-002  6.430726255459820E-002
 -1.394146983949460E-002  7.263046753594901E-002
 -1.458528659996994E-002  8.133234571693600E-002
 -1.521919495475865E-002  9.040278532372949E-002
 -1.586367800096371E-002  9.983301911540245E-002
 -1.652409458587554E-002  0.109623577019983     
 -1.723095507902371E-002  0.119777854873740     
 -1.799671733440456E-002  0.130312594642818     
 -1.887010850535961E-002  0.141251212767839     
 -1.987251454415589E-002  0.152632073602557     
 -2.108556524475021E-002  0.164511801043995     
 -2.253269617143055E-002  0.176946800164537     
 -2.434572117181759E-002  0.190040959133626     
 -2.654120851727039E-002  0.203854232809430     
 -2.936310851493162E-002  0.218550767534833     
 -3.271290579671739E-002  0.233967117204858     
 -3.701319056190027E-002  0.250409474652698     
 -4.146776448123549E-002  0.266940070265164     
 -4.604569748633103E-002  0.283557345626601     
 -4.934758498411305E-002  0.297969250234457     
 -5.300615458023254E-002  0.310234190575160     
 -4.228400359875008E-002  0.299238926652120     
 -3.063666260559541E-003  0.268392070194775     
  0.124477466832785       0.186530511171040     
  0.444911811154251       6.746929804939608E-002
   1.00000000000000       0.000000000000000E+000
  2.122610839453942E-314  0.000000000000000E+000
 -7.835140935006080E-004  3.501293087578211E-004
 -2.242752012261292E-003  1.428533023118386E-003
 -4.050784041416498E-003  3.233761243844969E-003
 -5.956667796693915E-003  5.839037468492805E-003
 -7.871074222692169E-003  9.226000228860635E-003
 -9.711764695581417E-003  1.338016017620433E-002
 -1.146988863580308E-002  1.828303990638687E-002
 -1.312031906729511E-002  2.389496547705100E-002
 -1.467898193553695E-002  3.019436328936690E-002
 -1.613752609440754E-002  3.712855163258457E-002
 -1.751752475808944E-002  4.468058397421854E-002
 -1.881410973020682E-002  5.279827127161642E-002
 -2.004874707149007E-002  6.146922380833032E-002
 -2.121630099273064E-002  7.064369722057648E-002
 -2.233898254637643E-002  8.031453814250818E-002
 -2.341102512651427E-002  9.043404065759665E-002
 -2.445893018032409E-002  0.101001649108277     
 -2.547709309657280E-002  0.111970576096506     
 -2.650227231254281E-002  0.123350156567135     
 -2.752974970057994E-002  0.135093071555234     
 -2.861560098181306E-002  0.147224601553579     
 -2.975505023340844E-002  0.159693846526639     
 -3.103711535248805E-002  0.172550659896021     
 -3.245071970381853E-002  0.185730885072774     
 -3.413683641943985E-002  0.199318669806369     
 -3.605915959062043E-002  0.213211117410783     
 -3.843220220822327E-002  0.227524782520586     
 -4.113929675613199E-002  0.242044081107154     
 -4.448383492699984E-002  0.256862825420869     
 -4.810160689425812E-002  0.271420040753760     
 -5.221169931025749E-002  0.285652218841261     
 -5.581339784188010E-002  0.298329591318716     
 -5.827362019175081E-002  0.308310379084861     
 -5.630571603564082E-002  0.311936302299561     
 -4.539838097384019E-002  0.304702845285988     
 -1.487839004716211E-002  0.276121821508954     
  6.811561281328020E-002  0.220049157852662     
  0.233381140950931       0.137012789640820     
  0.538098129075962       4.401062820518949E-002
   1.00000000000000       0.000000000000000E+000
  2.122610839453942E-314  0.000000000000000E+000
 -1.620742327760718E-003  4.962868489387784E-004
 -3.923707179144767E-003  1.944307088236924E-003
 -6.548349009136026E-003  4.258301286045549E-003
 -9.292160583341079E-003  7.489394246344545E-003
 -1.201923182205475E-002  1.157240160514939E-002
 -1.466273009474592E-002  1.651239212386828E-002
 -1.718497125134171E-002  2.225648996416340E-002
 -1.957233791117020E-002  2.879182696750237E-002
 -2.182630027146623E-002  3.606871225216880E-002
 -2.394845215485010E-002  4.405848416782543E-002
 -2.595233976091794E-002  5.271772277683370E-002
 -2.784156133469080E-002  6.201440837007949E-002
 -2.963247391097137E-002  7.190936321658069E-002
 -3.132719165412626E-002  8.236969890211170E-002
 -3.294357256724194E-002  9.335946332662620E-002
 -3.448271426968960E-002  0.104845174396128     
 -3.596634808696044E-002  0.116793417220440     
 -3.739669008157795E-002  0.129168414581888     
 -3.880426759437419E-002  0.141940074565462     
 -4.019473409133986E-002  0.155066458744985     
 -4.161444068802845E-002  0.168523240287281     
 -4.307291462677031E-002  0.182253482968423     
 -4.464108439105266E-002  0.196242053090007     
 -4.632549363038661E-002  0.210395059775399     
 -4.822927817689004E-002  0.224707666140420     
 -5.032926907317287E-002  0.238995746594213     
 -5.276033136201087E-002  0.253254733464022     
 -5.538150855100853E-002  0.267070084311449     
 -5.831432209931454E-002  0.280398315954071     
 -6.102442986470364E-002  0.292266192205981     
 -6.335404407315133E-002  0.302434403033322     
 -6.369717986995073E-002  0.308707779549390     
 -6.092291849456716E-002  0.310403085958820     
 -4.978111293817743E-002  0.302023788727719     
 -2.444065747967124E-002  0.281991874888720     
  3.022522038792959E-002  0.241695601397635     
  0.137049006070214       0.181082854089598     
  0.320678038609349       0.107505525084341     
  0.610911014363821       3.272533139754140E-002
   1.00000000000000       0.000000000000000E+000
  2.122610839453942E-314  0.000000000000000E+000
 -2.709581031977283E-003  6.092372437451582E-004
 -6.003107541222749E-003  2.356235793577409E-003
 -9.585942534803360E-003  5.125592407011778E-003
 -1.324151387795494E-002  8.879132111510984E-003
 -1.685981703119779E-002  1.356046957976118E-002
 -2.035600727634111E-002  1.913619760497566E-002
 -2.370271802312838E-002  2.557005488337838E-002
 -2.687422693456777E-002  3.282412419957519E-002
 -2.987811371953619E-002  4.086704024658683E-002
 -3.270974747743470E-002  4.965092872033769E-002
 -3.538744213552848E-002  5.914843018371164E-002
 -3.791065599313720E-002  6.930843637348572E-002
 -4.030027773850105E-002  8.010519546486185E-002
 -4.255376834305444E-002  9.148449933372590E-002
 -4.469382905604767E-002  0.103420819633186     
 -4.671483500915392E-002  0.115855584561467     
 -4.864435203250254E-002  0.128761685791474     
 -5.047449140726989E-002  0.142072474482666     
 -5.224319533839050E-002  0.155757578577303     
 -5.394085226651255E-002  0.169735761986118     
 -5.562242438358104E-002  0.183970739987134     
 -5.727381567969540E-002  0.198354559523449     
 -5.897179600460897E-002  0.212838075682902     
 -6.068552556800930E-002  0.227262315260885     
 -6.250745000045470E-002  0.241544953902406     
 -6.435344745926494E-002  0.255424893397594     
 -6.628871315489918E-002  0.268731058374921     
 -6.807826034722346E-002  0.280990274079595     
 -6.959576978276408E-002  0.291811491217835     
 -7.021091593882774E-002  0.300304887206961     
 -6.909004077813553E-002  0.305542682075856     
 -6.455612687533728E-002  0.305799019954509     
 -5.361932213916232E-002  0.299088368168289     
 -3.199149584219058E-002  0.282335171530080     
  9.962304831761424E-003  0.252534425006189     
  8.238999365150146E-002  0.207176947052401     
  0.205422452574011       0.147855587645491     
  0.395206870321473       8.285695361810667E-002
  0.660745439441672       2.606012833427156E-002
   1.00000000000000       0.000000000000000E+000
  2.122610839453942E-314  0.000000000000000E+000
 -4.005994826420564E-003  7.062339181863309E-004
 -8.442286186910546E-003  2.697861493341940E-003
 -1.305835454563186E-002  5.813585344434399E-003
 -1.769603692200328E-002  9.984298742275827E-003
 -2.224071388987782E-002  1.512116337771513E-002
 -2.662988079832451E-002  2.118988124058651E-002
 -3.082505107898482E-002  2.812978869709210E-002
 -3.481164033389089E-002  3.591507914260159E-002
 -3.858840634247056E-002  4.449507800693290E-002
 -4.215727288068628E-002  5.383854744736163E-002
 -4.553009663757861E-002  6.389960478057991E-002
 -4.871077444528527E-002  7.464282981557346E-002
 -5.171447783889372E-002  8.602303683367316E-002
 -5.454156772769938E-002  9.799858449195888E-002
 -5.720798787630613E-002  0.110522106599113     
 -5.970970712437138E-002  0.123542583392150     
 -6.206516614346824E-002  0.137007537934999     
 -6.426661807768008E-002  0.150849659910596     
 -6.633896368050009E-002  0.165008820776378     
 -6.827018470596728E-002  0.179389194747713     
 -7.009575657815600E-002  0.193920133519611     
 -7.179297154399923E-002  0.208455142147995     
 -7.340798866522827E-002  0.222907701860651     
 -7.488506352150558E-002  0.237039162677860     
 -7.626685826943103E-002  0.250733814900035     
 -7.740262577527128E-002  0.263581132632113     
 -7.827577314023761E-002  0.275403301234635     
 -7.848310602537181E-002  0.285468743003553     
 -7.777631235020294E-002  0.293462126515440     
 -7.512917156269147E-002  0.298080865145420     
 -6.960300052673174E-002  0.298739836714004     
 -5.867370370139257E-002  0.293196026160388     
 -3.947667639488216E-002  0.280471302897554     
 -6.298937326186417E-003  0.257556291141747     
  4.839305679088679E-002  0.223525113336814     
  0.134943231907867       0.177607983545513     
  0.266763861203824       0.122280817359494     
  0.453703914645296       6.646647148204467E-002
  0.700731657712906       2.011684056437187E-002
   1.00000000000000       0.000000000000000E+000
  2.122610839453942E-314  0.000000000000000E+000
 -5.443185281277718E-003  7.665556219194302E-004
 -1.112451134645794E-002  2.925498271782502E-003
 -1.686028007269934E-002  6.297344239990042E-003
 -2.252187913565887E-002  1.075796369639337E-002
 -2.802752061047655E-002  1.621794484031232E-002
 -3.332099096538558E-002  2.261340356337609E-002
 -3.837819197715700E-002  2.989094033153540E-002
 -4.318244291501730E-002  3.800442276300528E-002
 -4.773887906078388E-002  4.691521760466229E-002
 -5.204574481107770E-002  5.657775133224252E-002
 -5.611806269329310E-002  6.695854428013970E-002
 -5.995472514769953E-002  7.800851952939548E-002
 -6.357245526906934E-002  8.969300029647692E-002
 -6.696445259379820E-002  0.101955483808232     
 -7.014683464927007E-002  0.114754923861040     
 -7.310510494377000E-002  0.128023023640154     
 -7.585595600663196E-002  0.141706450589908     
 -7.837674486110709E-002  0.155717739008958     
 -8.068690413230685E-002  0.169983891805806     
 -8.275387009144267E-002  0.184386638833766     
 -8.459938100031451E-002  0.198822436339268     
 -8.617321001156590E-002  0.213123125090777     
 -8.748873589268975E-002  0.227136053459755     
 -8.845492296890915E-002  0.240610887029829     
 -8.903817448940289E-002  0.253311158259494     
 -8.904791699814936E-002  0.264849138492222     
 -8.829542409240512E-002  0.274839608542768     
 -8.635360573528014E-002  0.282668356964181     
 -8.260836517402226E-002  0.287689343717136     
 -7.609066257045144E-002  0.288936941308967     
 -6.514512372527288E-002  0.285366350664654     
 -4.763165382761782E-002  0.275581534305823     
 -1.957859227320074E-002  0.258210040086944     
  2.342152907872752E-002  0.231877164508342     
  8.916128455789760E-002  0.196012780845139     
  0.185195930556152       0.151337079093360     
  0.321057865215763       0.101384803074625     
  0.503945802621205       5.307767007408979E-002
  0.732620315031324       1.520376921622502E-002
   1.00000000000000       0.000000000000000E+000
  2.122610839453942E-314  0.000000000000000E+000
 -6.992415462424468E-003  8.099967931347071E-004
 -1.399209285317909E-002  3.071847606731442E-003
 -2.088477345817666E-002  6.588362920234777E-003
 -2.759510845102064E-002  1.121589094835058E-002
 -3.406455603935241E-002  1.684695755681784E-002
 -4.026196152758356E-002  2.341134917732101E-002
 -4.616934103624833E-002  3.084152893810098E-002
 -5.178160485003284E-002  3.909474360549246E-002
 -5.710287084687012E-002  4.812117423793318E-002
 -6.213631631621425E-002  5.788471981259780E-002
 -6.689284944116126E-002  6.834095626365418E-002
 -7.137294561700851E-002  7.945147435644263E-002
 -7.558661719326236E-002  9.116969685325811E-002
 -7.952603258765654E-002  0.103447721502453     
 -8.319739383806828E-002  0.116230874856016     
 -8.658213709343399E-002  0.129453970768909     
 -8.968288224651898E-002  0.143048347037533     
 -9.246832249859363E-002  0.156919703684544     
 -9.493848884037291E-002  0.170979083510891     
 -9.704417756269840E-002  0.185084859880469     
 -9.878103573644154E-002  0.199120092421266     
 -0.100067182244994       0.212867149264910     
 -0.100881895936975       0.226170026747182     
 -0.101073154605246       0.238689961524607     
 -0.100565476758403       0.250213295903635     
 -9.905025463346230E-002  0.260211402777234     
 -9.629721123480806E-002  0.268380583105946     
 -9.165617540203812E-002  0.273909269360655     
 -8.450936422940035E-002  0.276356472638717     
 -7.349680617458661E-002  0.274542229765286     
 -5.711580002663001E-002  0.267857445072891     
 -3.266567188647286E-002  0.254847229745711     
  3.138885260525094E-003  0.234892136023648     
  5.504017326932245E-002  0.207035727939089     
  0.128947884109840       0.171465306715917     
  0.231199649161198       0.129755692159505     
  0.368546319646112       8.492852366402326E-002
  0.544476432379414       4.369398111812756E-002
  0.757960252975001       1.211262037286747E-002
   1.00000000000000       0.000000000000000E+000
  2.122610839453942E-314  0.000000000000000E+000
 -8.577954207168833E-003  8.195036292814483E-004
 -1.693225474189511E-002  3.114257096570009E-003
 -2.500342256676990E-002  6.679984044069698E-003
 -3.276621840708860E-002  1.134831678032354E-002
 -4.019404830093955E-002  1.701130895645089E-002
 -4.727799874251913E-002  2.358103553413161E-002
 -5.401635944221143E-002  3.099449890550627E-002
 -6.041098719621896E-002  3.919557048590751E-002
 -6.647338487785194E-002  4.814298196944079E-002
 -7.220627053082723E-002  5.779122957939444E-002
 -7.762317817194253E-002  6.810564150082390E-002
 -8.271939692823749E-002  7.903948912782754E-002
 -8.750421439950859E-002  9.055469453656635E-002
 -9.196053137465551E-002  0.102595072405652     
 -9.609028092281544E-002  0.115110307335996     
 -9.986124770554193E-002  0.128026623387525     
 -0.103266657201437       0.141271831515429     
 -0.106256798085064       0.154743818899334     
 -0.108813784514323       0.168336789073709     
 -0.110865341368677       0.181905239001980     
 -0.112374117116874       0.195294309813195     
 -0.113231953849154       0.208293538371344     
 -0.113357668011840       0.220677441029117     
 -0.112574785830719       0.232140120485034     
 -0.110697580250930       0.242354674301168     
 -0.107408935820907       0.250879409548171     
 -0.102282895944673       0.257245149184048     
 -9.471217403617829E-002  0.260831221045489     
 -8.375578144781019E-002  0.260991016225839     
 -6.823374019917777E-002  0.256917082985414     
 -4.620122638118694E-002  0.247828701527331     
 -1.544726004688061E-002  0.232887049189099     
  2.760046970134995E-002  0.211521490096438     
  8.666458308028227E-002  0.183479601022310     
  0.166959252676868       0.149365440145115     
  0.273339631345650       0.110868307743970     
  0.410055818429566       7.128862089332055E-002
  0.579681676755105       3.587002596354223E-002
  0.778606254201616       9.871191386370791E-003
   1.00000000000000       0.000000000000000E+000
  2.122610839453942E-314  0.000000000000000E+000
 -1.018166727981687E-002  8.138624690928090E-004
 -1.988351683720637E-002  3.079123176524046E-003
 -2.912222045621929E-002  6.594781940109284E-003
 -3.791459233884013E-002  1.118408056580418E-002
 -4.627229142732887E-002  1.673570372960674E-002
 -5.420935794749806E-002  2.315714015671159E-002
 -6.174131944822711E-002  3.038114798435142E-002
 -6.888147060574255E-002  3.835279196675863E-002
 -7.564643157474009E-002  4.702679884594789E-002
 -8.204344694757887E-002  5.636366945793520E-002
 -8.808409425323928E-002  6.632444795422399E-002
 -9.376378251703106E-002  7.687020194367961E-002
 -9.908450543721531E-002  8.795799398209828E-002
 -0.104025321837197       9.953830984885413E-002
 -0.108575847327872       0.111555472857932     
 -0.112695088769337       0.123937772235595     
 -0.116358652220525       0.136608145020382     
 -0.119500689760250       0.149457566307721     
 -0.122080223693090       0.162378320198654     
 -0.123997117860173       0.175203271215346     
 -0.125186135749347       0.187783718022008     
 -0.125492043268016       0.199865962492747     
 -0.124803911570713       0.211248384156242     
 -0.122866638597203       0.221554025510669     
 -0.119471422622991       0.230514316453826     
 -0.114172739090765       0.237588428865939     
 -0.106550396878331       0.242426764143723     
 -9.579959540137177E-002  0.244299529263066     
 -8.106683108152500E-002  0.242776285537156     
 -6.091153414183713E-002  0.236989171162922     
 -3.367535699412243E-002  0.226493398073233     
  3.061322454374041E-003  0.210549956874761     
  5.219132399579577E-002  0.188972246719141     
  0.117222617155059       0.161848917169597     
  0.202194431727044       0.129908590774672     
  0.310751117513132       9.519579640142330E-002
  0.446054595438344       6.028473706280733E-002
  0.608653674222546       2.999130675084959E-002
  0.795669820015722       8.146521947269945E-003
   1.00000000000000       0.000000000000000E+000
  2.122610839453942E-314  0.000000000000000E+000
 -1.173069208709292E-002  7.794977227613561E-004
 -2.275015920101322E-002  2.956933615484903E-003
 -3.311615828109096E-002  6.334273389542468E-003
 -4.290193312513974E-002  1.073200036772927E-002
 -5.214602482857470E-002  1.604225338261149E-002
 -6.089272739400594E-002  2.216747154477601E-002
 -6.917283068513291E-002  2.904559699617459E-002
 -7.701272056036230E-002  3.661653208137491E-002
 -8.443648097017348E-002  4.484262338156059E-002
 -9.145392994889040E-002  5.368048506448338E-002
 -9.807886444180769E-002  6.310005201701735E-002
 -0.104302192629950       7.305935830168221E-002
 -0.110123547202765       8.352376566801678E-002
 -0.115511925265240       9.444166770407404E-002
 -0.120449193569740       0.105762513564472     
 -0.124879249078116       0.117414131828278     
 -0.128762320153692       0.129317916102308     
 -0.132012904942302       0.141368134135142     
 -0.134563108560933       0.153444095283839     
 -0.136290069766515       0.165390055802679     
 -0.137083816960316       0.177026911036332     
 -0.136767259166089       0.188128505365970     
 -0.135157309496960       0.198439092474638     
 -0.131986923253252       0.207639128692495     
 -0.126934602262640       0.215378654200139     
 -0.119571772963373       0.221225225912765     
 -0.109312616068168       0.224726919035154     
 -9.543542259407609E-002  0.225340354090797     
 -7.687547059429022E-002  0.222541186368190     
 -5.240641353806565E-002  0.215744267356994     
 -2.019453204298817E-002  0.204485494382080     
  2.174750706133553E-002  0.188366704394232     
  7.620662489764451E-002  0.167335893687016     
  0.146001153869534       0.141698567691824     
  0.234383524308016       0.112432496360982     
  0.344245584583727       8.131579939061161E-002
  0.477198890894803       5.093845408574834E-002
  0.633703161904441       2.499411121410882E-002
  0.809877969681416       6.741288196655379E-003
   1.00000000000000       0.000000000000000E+000
  2.122610839453942E-314  0.000000000000000E+000
 -1.321456917953966E-002  7.321580478810645E-004
 -2.547291188050783E-002  2.766090044882683E-003
 -3.690637627415808E-002  5.922352608314046E-003
 -4.761801293927769E-002  1.002231370327241E-002
 -5.768964975603575E-002  1.496707190992942E-002
 -6.718389804653897E-002  2.065919477661346E-002
 -7.615432533698806E-002  2.704118317586646E-002
 -8.463728493692350E-002  3.405532352458032E-002
 -9.266601763457395E-002  4.166661236416899E-002
 -0.100254339340790       4.983697496897553E-002
 -0.107416042824295       5.853805985371847E-002
 -0.114141357463922       6.773497266790665E-002
 -0.120422920209459       7.739455017277576E-002
 -0.126224195373837       8.747208811657671E-002
 -0.131513935676330       9.791919468477403E-002
 -0.136224182247920       0.108667714792898     
 -0.140296293212468       0.119643567049237     
 -0.143623847655735       0.130738640173700     
 -0.146115137278874       0.141842189916996     
 -0.147613184513322       0.152785430147960     
 -0.147981730884290       0.163409942812155     
 -0.146990627496625       0.173461676503908     
 -0.144434104552960       0.182724891297993     
 -0.139966054366887       0.190835592258030     
 -0.133258995399106       0.197515509748993     
 -0.123773512895476       0.202277075706253     
 -0.110960449877634       0.204786123831710     
 -9.396053512830671E-002  0.204455016550145     
 -7.183566291270117E-002  0.200931223768965     
 -4.323627770181196E-002  0.193639588838229     
 -6.617461888713596E-003  0.182320049868601     
  3.999430289736886E-002  0.166689322558001     
  9.886996457742432E-002  0.146836091755884     
  0.172447949428285       0.123271913884871     
  0.263308049228612       9.685124835698086E-002
  0.373415233433610       6.944732414850194E-002
  0.503993770300695       4.305021480458505E-002
  0.654422988682840       2.095935061165692E-002
  0.821606739736990       5.588230109644563E-003
   1.00000000000000       0.000000000000000E+000
  2.122610839453942E-314  0.000000000000000E+000
 -1.456889619475060E-002  6.617512906265862E-004
 -2.797701806440287E-002  2.506476484725383E-003
 -4.038358479683046E-002  5.365923241060918E-003
 -5.194685104734303E-002  9.074957811588812E-003
 -6.276837330660542E-002  1.354258461633625E-002
 -7.294306487488277E-002  1.867751472790039E-002
 -8.253684082863309E-002  2.442951166671576E-002
 -9.160197752842782E-002  3.074343140463412E-002
 -0.100178225191407       3.759251963209106E-002
 -0.108284183693579       4.494033856570549E-002
 -0.115935277991022       5.276782382219510E-002
 -0.123118642800358       6.104202766991280E-002
 -0.129823459279169       6.973924071407708E-002
 -0.136003955668528       7.881813380718017E-002
 -0.141618964334736       8.823822404173137E-002
 -0.146586072112287       9.793765961501592E-002
 -0.150827728579331       0.107846104433372     
 -0.154218888285109       0.117867255318280     
 -0.156636315695455       0.127886366353425     
 -0.157902568903754       0.137756282598679     
 -0.157832584373755       0.147302679164308     
 -0.156179132025675       0.156309782772341     
 -0.152665237607321       0.164530702872225     
 -0.146941521895525       0.171666061700195     
 -0.138583584145516       0.177391828577172     
 -0.127081324039467       0.181322707945297     
 -0.111768356313428       0.183074167309103     
 -9.187743710202879E-002  0.182205641461410     
 -6.636381486841147E-002  0.178334900942412     
 -3.407263973502809E-002  0.171066413251322     
  6.551650666087545E-003  0.160168943079446     
  5.715330780498337E-002  0.145512333038734     
  0.119758367804658       0.127291285365917     
  0.196371341996289       0.106011967300824     
  0.288915369919046       8.263926344748131E-002
  0.399004102473910       5.870570464938655E-002
  0.526947661178514       3.610625704988947E-002
  0.672248889734279       1.740643865618374E-002
  0.831478545562853       4.601181734346377E-003
   1.00000000000000       0.000000000000000E+000
  2.122610839453942E-314  0.000000000000000E+000
 -1.578865957871884E-002  5.805440857602120E-004
 -3.020840474532549E-002  2.189073889712079E-003
 -4.348479935233757E-002  4.687313989285610E-003
 -5.579379751931943E-002  7.918243416236216E-003
 -6.727922551690291E-002  1.180957862718866E-002
 -7.804823315976740E-002  1.627497048645626E-002
 -8.819080692515328E-002  2.127598669930356E-002
 -9.776653881917807E-002  2.676216751170563E-002
 -0.106826218181279       3.271495113005929E-002
 -0.115391488762613       3.910396008991849E-002
 -0.123479451902539       4.591680612039672E-002
 -0.131076094139342       5.312814246590143E-002
 -0.138164979427698       6.072105193586014E-002
 -0.144694103262861       6.866258578069313E-002
 -0.150610367247085       7.692077251910168E-002
 -0.155818195165874       8.544134228121524E-002
 -0.160222414650454       9.416623585991965E-002
 -0.163675199697341       0.103003609988966     
 -0.166031280217779       0.111857732554651     
 -0.167077542420918       0.120579922088010     
 -0.166605781104592       0.129025986552044     
 -0.164316943104725       0.136970101272746     
 -0.159917067571312       0.144212575534644     
 -0.152987149931788       0.150435323789435     
 -0.143105769521360       0.155385138941613     
 -0.129679299026793       0.158655213551674     
 -0.112087601635119       0.159959049910979     
 -8.948416377708210E-002  0.158847477309709     
 -6.094749638447017E-002  0.155055423551078     
 -2.529555736774391E-002  0.148216208449650     
  1.879123136280626E-002  0.138199761229690     
  7.283966394377829E-002  0.124958363017266     
  0.138523472591152       0.108692991470779     
  0.217468614677467       9.000921635542786E-002
  0.311233045069302       6.967231319199244E-002
  0.420781226928597       4.919913773986161E-002
  0.546345141367023       3.001347173447433E-002
  0.686860753859910       1.438554931043201E-002
  0.839522167469282       3.766059423744618E-003
   1.00000000000000       0.000000000000000E+000
  2.122610839453942E-314  0.000000000000000E+000
 -1.682008440017855E-002  4.820895143753264E-004
 -3.211396344846985E-002  1.821744621351044E-003
 -4.612244941841149E-002  3.898429695179009E-003
 -5.907084561558567E-002  6.580774588203082E-003
 -7.111463621040984E-002  9.808072482266688E-003
 -8.239104689780651E-002  1.350900868868255E-002
 -9.299821631251226E-002  1.765427994167762E-002
 -0.103011859634606       2.220252710978015E-002
 -0.112487356024517       2.714407964138235E-002
 -0.121452570542711       3.245510712522452E-002
 -0.129925369981671       3.813296196122791E-002
 -0.137890709897484       4.415855596679893E-002
 -0.145328115014632       5.052579368363837E-002
 -0.152178780802168       5.720959393714767E-002
 -0.158378949391041       6.418929979699557E-002
 -0.163821322932256       7.142210586293798E-002
 -0.168390869842319       7.886031619565546E-002
 -0.171924161131779       8.642974362965486E-002
 -0.174243819692146       9.404174999301777E-002
 -0.175119591091477       0.101575105937369     
 -0.174296069938149       0.108886588984269     
 -0.171460636056236       0.115792396319812     
 -0.166255879495936       0.122085404350774     
 -0.158262462141331       0.127509430174972     
 -0.146982966548964       0.131796092755100     
 -0.131852389090305       0.134623716158874     
 -0.112176826010378       0.135689814165917     
 -8.718884875600902E-002  0.134649075621141     
 -5.593144492415476E-002  0.131234523925535     
 -1.737377743209223E-002  0.125179364365944     
  2.973371958431535E-002  0.116382280209158     
  8.669003826517160E-002  0.104838574671336     
  0.154904717978266       9.080409336116595E-002
  0.235746539213956       7.478650322495078E-002
  0.330280845462505       5.757264371830436E-002
  0.439322919837872       4.036526840267425E-002
  0.562571527641392       2.446560574717392E-002
  0.699145855946747       1.163227508759682E-002
  0.846180516610397       3.024645806513099E-003
   1.00000000000000       0.000000000000000E+000
  2.122610839453942E-314  0.000000000000000E+000
 -1.766270734266728E-002  3.751559557845102E-004
 -3.364727681389370E-002  1.409075362470161E-003
 -4.825038993314488E-002  3.019599678006127E-003
 -6.170299076086297E-002  5.088859649643513E-003
 -7.419767336617281E-002  7.581861631115220E-003
 -8.587696883526895E-002  1.043599618819635E-002
 -9.686119215739294E-002  1.363890149561138E-002
 -0.107229833063323       1.715581154406433E-002
 -0.117049578644710       2.098922873645857E-002
 -0.126349891366593       2.512201827838990E-002
 -0.135151964658616       2.956190252492970E-002
 -0.143439253113096       3.429778642240602E-002
 -0.151188250062583       3.933448704979124E-002
 -0.158334041406014       4.465661842928397E-002
 -0.164804193326626       5.025706526721559E-002
 -0.170478575176137       5.610408214479422E-002
 -0.175228248344744       6.216833513481247E-002
 -0.178867704728403       6.838699421094843E-002
 -0.181201467821506       7.469718684815714E-002
 -0.181965546696597       8.098762757349084E-002
 -0.180885202333961       8.715132015004802E-002
 -0.177601223495753       9.301116505613809E-002
 -0.171742177843246       9.840977643069827E-002
 -0.162831405365745       0.103093770826846     
 -0.150374730894069       0.106859532649327     
 -0.133748302613970       0.109386892466486     
 -0.112296960695987       0.110449466988844     
 -8.521523738593297E-002  0.109709910215841     
 -5.164223917774319E-002  0.106973173033169     
 -1.057205771701044E-002  0.101997566052873     
  3.907681084128108E-002  9.471436172428062E-002
  9.845471393697423E-002  8.516253566527580E-002
  0.168749861608065       7.353406571959746E-002
  0.251010496980022       6.036775274879902E-002
  0.346119531086043       4.623146169229117E-002
  0.454453019926025       3.227101140684439E-002
  0.575754388792072       1.940756485437374E-002
  0.708858667181770       9.178815756746225E-003
  0.851380439709217       2.359342940291121E-003
   1.00000000000000       0.000000000000000E+000
  2.122610839453942E-314  0.000000000000000E+000
 -1.827499106899515E-002  2.571998777904370E-004
 -3.477743644961510E-002  9.664873178047351E-004
 -4.980663089533328E-002  2.068281800938825E-003
 -6.363348685536058E-002  3.479414793241811E-003
 -7.645346490593156E-002  5.178483339943396E-003
 -8.843388517307869E-002  7.124355704313734E-003
 -9.969805425771659E-002  9.314300301397321E-003
 -0.110339866293901       1.172748201941617E-002
 -0.120427941187257       1.437478558543715E-002
 -0.129998824803378       1.724937273869516E-002
 -0.139073414861824       2.036806001804896E-002
 -0.147636816079944       2.372933779882266E-002
 -0.155661429853515       2.734911866524567E-002
 -0.163079478173874       3.122326787975520E-002
 -0.169808538712527       3.535840045472354E-002
 -0.175721469068181       3.973789413757095E-002
 -0.180670899564069       4.434867101490662E-002
 -0.184460639950619       4.914929087990699E-002
 -0.186865764142104       5.409464531940914E-002
 -0.187609455801778       5.910386075857847E-002
 -0.186374863420482       6.408722996392638E-002
 -0.182791646204938       6.890996393327367E-002
 -0.176434762599886       7.342901590675574E-002
 -0.166825512631675       7.744703061007305E-002
 -0.153411782738364       8.077020327994323E-002
 -0.135588272779945       8.314624410881218E-002
 -0.112655311641114       8.435517229377917E-002
 -8.386089969367026E-002  8.412927302808848E-002
 -4.834614495407558E-002  8.228107604107530E-002
 -5.204582287428063E-003  7.861587861373964E-002
  4.654877396408349E-002  7.307781404890709E-002
  0.107924733004433       6.568799232580257E-002
  0.179876648386706       5.664764686863875E-002
  0.263315929726268       4.636097566054419E-002
  0.358769925245734       3.536551612005016E-002
  0.466574944144999       2.452589065471087E-002
  0.586165821164642       1.464066161825494E-002
  0.716563780240752       6.859458373439343E-003
  0.855463262131145       1.740539410887114E-003
   1.00000000000000       0.000000000000000E+000
  2.122610839453942E-314  0.000000000000000E+000
 -1.866085186344882E-002  1.334398879871510E-004
 -3.546832974311933E-002  4.931443157974649E-004
 -5.076371519611948E-002  1.063300848006099E-003
 -6.481120844311937E-002  1.777918832880770E-003
 -7.783494069958113E-002  2.645306055889664E-003
 -8.999998392976044E-002  3.635127240284486E-003
 -0.101447600836654       4.764343260597079E-003
 -0.112271258292720       6.019195969450303E-003
 -0.122550044380390       7.424912931269572E-003
 -0.132320253289536       8.980699567495722E-003
 -0.141607873556958       1.071596865245089E-002
 -0.150396234192939       1.263624582123020E-002
 -0.158658474044154       1.477112015715183E-002
 -0.166321535353137       1.712593839865928E-002
 -0.173299593988702       1.972447562559665E-002
 -0.179454425336120       2.256293397872021E-002
 -0.184630960201136       2.565114468526267E-002
 -0.188613707308186       2.896407527144213E-002
 -0.191165920872712       3.248751139581705E-002
 -0.191981337055658       3.615998787371637E-002
 -0.190728720960661       3.993259611210671E-002
 -0.186997939265470       4.369146838683984E-002
 -0.180351355069648       4.734509570290253E-002
 -0.170263777688397       5.071648809849132E-002
 -0.156180751183204       5.367206497393493E-002
 -0.137454625981734       5.597787828821620E-002
 -0.113406191873815       5.747433395786358E-002
 -8.326703193406602E-002  5.791035447366968E-002
 -4.623513811023704E-002  5.714002215782424E-002
 -1.447412200195956E-003  5.498474145375493E-002
  5.198262080591168E-002  5.137913562663468E-002
  0.114924462206509       4.635646105785726E-002
  0.188212904213046       4.001545934677810E-002
  0.272506828877258       3.274989037544686E-002
  0.368263832437453       2.487109235882805E-002
  0.475526399802414       1.717260091136124E-002
  0.593824617026074       1.012199618648487E-002
  0.722055130841387       4.702952738291683E-003
  0.858279047635566       1.162115928297729E-003
   1.00000000000000       0.000000000000000E+000
  2.122610839453942E-314  0.000000000000000E+000
 -1.879298646336331E-002  5.579019664718810E-006
 -3.571222638615566E-002  1.179819974522797E-005
 -5.108846699240001E-002  2.819707045688662E-005
 -6.521317051837817E-002  2.957936441127706E-005
 -7.830391840169003E-002  3.768572037459276E-005
 -9.054286559069469E-002  4.745432618703692E-005
 -0.102068435620380       8.399577888680844E-005
 -0.112985382066196       1.503338156212852E-004
 -0.123371564801844       2.776771427272558E-004
 -0.133270852263747       4.778539896890490E-004
 -0.142707762582112       7.867287223851185E-004
 -0.151670522251447       1.221593536607062E-003
 -0.160128603979169       1.821156984748226E-003
 -0.168011377263962       2.604263361052854E-003
 -0.175224936187517       3.608303532744482E-003
 -0.181630685280510       4.846956099133279E-003
 -0.187058582460008       6.349503745896310E-003
 -0.191289537561865       8.114554182141872E-003
 -0.194062556054526       1.015365158571234E-002
 -0.195064698391017       1.243727306868510E-002
 -0.193929867757372       1.494764043107794E-002
 -0.190239796177420       1.761266236689730E-002
 -0.183512926676420       2.037467673329796E-002
 -0.173218380863237       2.310790691021810E-002
 -0.158756053670043       2.571087096773690E-002
 -0.139482017125721       2.800563621092255E-002
 -0.114686336425429       2.985754093209784E-002
 -8.362240351334327E-002  3.106357741671427E-002
 -4.550054658507266E-002  3.149121302880668E-002
  4.975679416454476E-004  3.097761730173710E-002
  5.516811831151633E-002  2.945538086531379E-002
  0.119320212219882       2.690649370747185E-002
  0.193599152613334       2.340472489335619E-002
  0.278618224880302       1.919113031975017E-002
  0.374581291979460       1.451367511166571E-002
  0.481558705010390       9.902769932860921E-003
  0.598904543572088       5.705770402342187E-003
  0.725685362294996       2.580211873144202E-003
  0.860110700103719       6.005623348486359E-004
   1.00000000000000       0.000000000000000E+000
  2.122610839453942E-314  0.000000000000000E+000
 -1.867983444742350E-002 -1.248522743391095E-004
 -3.548646382961330E-002 -4.829057977921250E-004
 -5.077474217266705E-002 -1.019168546886527E-003
 -6.481677115459082E-002 -1.739808896915513E-003
 -7.784744926011455E-002 -2.592752085792898E-003
 -9.003882627704408E-002 -3.572174023103725E-003
 -0.101541248676008      -4.633074764397640E-003
 -0.112454507733606      -5.766780069511304E-003
 -0.122865273681759      -6.927470349675693E-003
 -0.132815095246674      -8.099849678206502E-003
 -0.142335453432246      -9.234762483164051E-003
 -0.151412598946409      -1.031099931126141E-002
 -0.160021486359998      -1.127485530509548E-002
 -0.168087583680268      -1.210081269249373E-002
 -0.175520659738849      -1.273223209267264E-002
 -0.182173929186570      -1.314394741220708E-002
 -0.187878395137975      -1.328082244318554E-002
 -0.192400109678298      -1.312628675447046E-002
 -0.195475526364449      -1.263418915508140E-002
 -0.196768237457287      -1.180880856271207E-002
 -0.195905528378918      -1.062305373689705E-002
 -0.192436611926558      -9.117286038752465E-003
 -0.185870277630140      -7.294160391571215E-003
 -0.175637209789011      -5.244088701777960E-003
 -0.161128009410542      -3.007851776222483E-003
 -0.141664099869493      -7.293739675288324E-004
 -0.116532998270233       1.511617012671536E-003
 -8.497568347709214E-002  3.537939203459248E-003
 -4.621443095478852E-002  5.245400484304381E-003
  5.320598091416478E-004  6.482380886316583E-003
  5.603198518749961E-002  7.150443598489275E-003
  0.120980758737162       7.223108184178542E-003
  0.195995211254254       6.647198201661941E-003
  0.281498275338965       5.628094394679726E-003
  0.377707442766015       4.173173724013761E-003
  0.484494693591075       2.736980744929788E-003
  0.601335097720364       1.343816136300188E-003
  0.727257778655676       5.222334447682961E-004
  0.860749749169817       5.194617052437377E-005
   1.00000000000000       0.000000000000000E+000
  2.122610839453942E-314  0.000000000000000E+000
 -1.831084373456997E-002 -2.516381398902002E-004
 -3.480766451212720E-002 -9.615866466372004E-004
 -4.982121587024996E-002 -2.049328839259536E-003
 -6.363483491444528E-002 -3.477648784909570E-003
 -7.646722970430934E-002 -5.183594484166709E-003
 -8.849783206950525E-002 -7.135181932809839E-003
 -9.986807803429165E-002 -9.282875765149886E-003
 -0.110684896851504      -1.160044083652378E-002
 -0.121030343350223      -1.404058733945495E-002
 -0.130953747394687      -1.657452494957704E-002
 -0.140483866588591      -1.915169024189789E-002
 -0.149615486177520      -2.173804872042786E-002
 -0.158320582640812      -2.427576564502129E-002
 -0.166533423926970      -2.672463295348321E-002
 -0.174158416976180      -2.901834083578149E-002
 -0.181056885420750      -3.111300948973674E-002
 -0.187049811970387      -3.293547982322520E-002
 -0.191909347639529      -3.444439483909428E-002
 -0.195354943152554      -3.556486861582244E-002
 -0.197052823066137      -3.626846882064998E-002
 -0.196604495083140      -3.648764701224511E-002
 -0.193557102915055      -3.622109426507849E-002
 -0.187384990429259      -3.542109619027277E-002
 -0.177511975001800      -3.412842371950315E-002
 -0.163290245405614      -3.232984149184398E-002
 -0.144031201121615      -3.011769808471318E-002
 -0.118992834156731      -2.752402367152977E-002
 -8.740420264878587E-002 -2.468726498917246E-002
 -4.848985320706175E-002 -2.168339573491164E-002
 -1.455164377322889E-003 -1.866249242198700E-002
  5.440589785285257E-002 -1.572857075112707E-002
  0.119806895009117      -1.297596443411387E-002
  0.195227071587791      -1.050539363395501E-002
  0.281128649715921      -8.278264037270208E-003
  0.377548152820797      -6.377032624230955E-003
  0.484444724335178      -4.614363360724467E-003
  0.601188798181115      -3.092925913485461E-003
  0.726965779900380      -1.598695103010831E-003
  0.860439547815952      -5.069137803999225E-004
   1.00000000000000       0.000000000000000E+000
  2.122610839453942E-314  0.000000000000000E+000
 -1.769901506609606E-002 -3.771187099434556E-004
 -3.367000063978028E-002 -1.433199798286513E-003
 -4.824567963827837E-002 -3.045325510460118E-003
 -6.167775602470678E-002 -5.157483826291291E-003
 -7.418831732612212E-002 -7.679529755562060E-003
 -8.593920000345222E-002 -1.057055308186201E-002
 -9.707629704446387E-002 -1.376350976253738E-002
 -0.107697218002650      -1.722982194111825E-002
 -0.117890481601729      -2.090910442197901E-002
 -0.127701053161849      -2.477363465733046E-002
 -0.137166409371559      -2.876026872710795E-002
 -0.146279179162506      -3.283655865765201E-002
 -0.155022041699689      -3.692976109009895E-002
 -0.163326986813925      -4.099896564155003E-002
 -0.171110420023986      -4.495818549770038E-002
 -0.178229061411564      -4.875755031026233E-002
 -0.184515981151639      -5.229704095270294E-002
 -0.189734128101846      -5.552089951338617E-002
 -0.193613280411857      -5.831777745539193E-002
 -0.195803614112581      -6.063375065299500E-002
 -0.195912710333483      -6.235316413795185E-002
 -0.193463249794394      -6.343696793594103E-002
 -0.187928450143349      -6.377761082142630E-002
 -0.178700037808821      -6.336784751533682E-002
 -0.165119130253426      -6.212737189532741E-002
 -0.146462826472345      -6.009777868520805E-002
 -0.121966946143830      -5.724754780088089E-002
 -9.083760634218184E-002 -5.367377385795868E-002
 -5.226476927537015E-002 -4.941784358856997E-002
 -5.466638016319777E-003 -4.461061321574708E-002
  5.031182559757317E-002 -3.939018639206354E-002
  0.115711827238820      -3.386526976373915E-002
  0.191279288723159      -2.827762148203881E-002
  0.277343540745893      -2.264000536236655E-002
  0.374039635730193      -1.730323175826931E-002
  0.481187695544221      -1.216138967418407E-002
  0.598309289232087      -7.678058140698400E-003
  0.724589522546390      -3.747356558719826E-003
  0.858901759370913      -1.079494141182768E-003
   1.00000000000000       0.000000000000000E+000
  2.122610839453942E-314  0.000000000000000E+000
 -1.685321605354351E-002 -4.905666155314780E-004
 -3.211506085073237E-002 -1.863399956102587E-003
 -4.608107259682848E-002 -3.973029849833803E-003
 -5.899520494206824E-002 -6.721889552582127E-003
 -7.105441412609186E-002 -1.001380393750156E-002
 -8.241675388568008E-002 -1.378397092816411E-002
 -9.321360361140477E-002 -1.796621107098335E-002
 -0.103544864734647      -2.251559735588405E-002
 -0.113491191953849      -2.737651408646260E-002
 -0.123105229360329      -3.250811270537227E-002
 -0.132420352498064      -3.785306560893290E-002
 -0.141441381649950      -4.336590641174057E-002
 -0.150148514315009      -4.897793056880425E-002
 -0.158489444458852      -5.463314896847798E-002
 -0.166377966795742      -6.024450074124681E-002
 -0.173688796282807      -6.574308795562106E-002
 -0.180250512729692      -7.101863312532355E-002
 -0.185844553889218      -7.599047663024255E-002
 -0.190192265452357      -8.052330145797695E-002
 -0.192960133483028      -8.453045749181255E-002
 -0.193740871524143      -8.785460265282262E-002
 -0.192067559707385      -9.041462735465204E-002
 -0.187389924150401      -9.204224471377910E-002
 -0.179099548809288      -9.267952552331783E-002
 -0.166505555362465      -9.216978820570888E-002
 -0.148867415381036      -9.050164175013278E-002
 -0.125385768584438      -8.756318035325855E-002
 -9.522470793457012E-002 -8.340922328370826E-002
 -5.755044092178173E-002 -7.802181353614547E-002
 -1.151242201967767E-002 -7.152527407648494E-002
  4.363096262314285E-002 -6.404465347305999E-002
  0.108625783998617      -5.575866789742169E-002
  0.183941571717379      -4.695814789373330E-002
  0.270054521158164      -3.783898298116316E-002
  0.366972743435096      -2.886581807161249E-002
  0.474687533900011      -2.023092033176815E-002
  0.592642600040544      -1.255381187357631E-002
  0.720183143361777      -6.081358507637381E-003
  0.856354276154158      -1.695167414277995E-003
   1.00000000000000       0.000000000000000E+000
  2.122610839453942E-314  0.000000000000000E+000
 -1.579056123052695E-002 -5.982928944063178E-004
 -3.015687110401759E-002 -2.263679751032658E-003
 -4.337065010187362E-002 -4.817046823311379E-003
 -5.563377222309774E-002 -8.144588528525695E-003
 -6.713075246845733E-002 -1.213006173552298E-002
 -7.799604913127244E-002 -1.670347963669179E-002
 -8.835709074941632E-002 -2.178590688544204E-002
 -9.830100795806533E-002 -2.733472065959044E-002
 -0.107911964773447      -3.328412592969564E-002
 -0.117236490881876      -3.960024274755834E-002
 -0.126317922304848      -4.621487591177584E-002
 -0.135158587515638      -5.309158439954392E-002
 -0.143754258906731      -6.014794463953307E-002
 -0.152051671954623      -6.733630920397103E-002
 -0.159985110778796      -7.455108999781698E-002
 -0.167428177529166      -8.172760883742625E-002
 -0.174233892869811      -8.872994299375243E-002
 -0.180180607530060      -9.547316888973414E-002
 -0.185016170480294      -0.101786460132137     
 -0.188399677540886      -0.107565433123880     
 -0.189948849068640      -0.112604252636692     
 -0.189182015620150      -0.116786180909739     
 -0.185566305228757      -0.119879469732328     
 -0.178468158913470      -0.121771621456885     
 -0.167197391387589      -0.122227483920419     
 -0.150977052431396      -0.121167296064384     
 -0.128978624480260      -0.118395260924819     
 -0.100325950637022      -0.113896066784292     
 -6.411008832482146E-002 -0.107592729209570     
 -1.945258579967610E-002 -9.956337458604519E-002
  3.451580611041648E-002 -8.993553765663556E-002
  9.853394383176851E-002 -7.889254539947818E-002
  0.173253765127217      -6.685347829861595E-002
  0.259081027169158      -5.406923964409226E-002
  0.356250022373408      -4.131972930004902E-002
  0.464645391651532      -2.888403296646237E-002
  0.583932885063156      -1.784639820989539E-002
  0.713452040207704      -8.558864791353333E-003
  0.852410863369893      -2.358982134348535E-003
   1.00000000000000       0.000000000000000E+000
  2.122610839453942E-314  0.000000000000000E+000
 -1.454144530266602E-002 -6.855102188415696E-004
 -2.786104191370074E-002 -2.597628386287904E-003
 -4.018244694753900E-002 -5.541168488673105E-003
 -5.167895092721870E-002 -9.367930268448042E-003
 -6.250317692798975E-002 -1.396229661252146E-002
 -7.277411911449964E-002 -1.923587092890871E-002
 -8.260054238436587E-002 -2.511693048560800E-002
 -9.206682919059302E-002 -3.154937829195070E-002
 -0.101246598907363      -3.847917902960978E-002
 -0.110193607879314      -4.586044721946774E-002
 -0.118945460649025      -5.363928101535104E-002
 -0.127519794168779      -6.176636960456751E-002
 -0.135909541743698      -7.017401123291625E-002
 -0.144083624151229      -7.879940967971090E-002
 -0.151975340150178      -8.754905263286990E-002
 -0.159486434702168      -9.633948150112601E-002
 -0.166470010261835      -0.105039601098622     
 -0.172737131179827      -0.113540352096245     
 -0.178035600306361      -0.121662255615434     
 -0.182059176060808      -0.129269288843405     
 -0.184423013061866      -0.136125685454433     
 -0.184676742660361      -0.142073379313095     
 -0.182278416506212      -0.146821889202075     
 -0.176613169138921      -0.150207008462739     
 -0.166968846779721      -0.151901832441496     
 -0.152560368964660      -0.151766025340907     
 -0.132518628144064      -0.149488576859913     
 -0.105918530677365      -0.144994477906333     
 -7.179548710579704E-002 -0.138089390059275     
 -2.915165590915405E-002 -0.128828146723056     
  2.293162573679777E-002 -0.117250323388443     
  8.541481951342912E-002 -0.103598229859223     
  0.158957532210206      -8.830158641445590E-002
  0.244259310757606      -7.179719584680233E-002
  0.341495137966142      -5.500522399312865E-002
  0.450860927030327      -3.855446151259512E-002
  0.571942333770243      -2.375290470495106E-002
  0.704302721653455      -1.141488502528930E-002
  0.847266572241538      -3.118020423724722E-003
   1.00000000000000       0.000000000000000E+000
  2.122610839453942E-314  0.000000000000000E+000
 -1.312589471295498E-002 -7.623533069153411E-004
 -2.526332698024151E-002 -2.877931445707420E-003
 -3.658447091068164E-002 -6.132942234749423E-003
 -4.721407093711427E-002 -1.036790688129732E-002
 -5.727598679656386E-002 -1.545809455029539E-002
 -6.686262685196091E-002 -2.131484311109517E-002
 -7.607031395481093E-002 -2.786023969440755E-002
 -8.496897825928369E-002 -3.504549427179485E-002
 -9.363242216867564E-002 -4.280996802111064E-002
 -0.102107062946106      -5.112087845133192E-002
 -0.110440780124087      -5.991539652590365E-002
 -0.118647912222129      -6.916149021902354E-002
 -0.126740447434979      -7.877929211348218E-002
 -0.134686569896563      -8.872554220994379E-002
 -0.142447094033398      -9.889028695779560E-002
 -0.149924860204594      -0.109208798935348     
 -0.157008968074211      -0.119527516630355     
 -0.163512641583105      -0.129750459285497     
 -0.169227495756661      -0.139667126897626     
 -0.173848794851018      -0.149142182541958     
 -0.177040827674119      -0.157895876404921     
 -0.178350213975690      -0.165750159736794     
 -0.177282674959617      -0.172352782759240     
 -0.173209661934763      -0.177490961827537     
 -0.165451576360416      -0.180751959539095     
 -0.153190268475580      -0.181913879019618     
 -0.135549103441699      -0.180561528803678     
 -0.111543334811548      -0.176517069998136     
 -8.012848405033850E-002 -0.169468944601896     
 -4.021855287423434E-002 -0.159381905766785     
  9.299215641375893E-003 -0.146209778842866     
  6.946115687676550E-002 -0.130139719455112     
  0.141279443946453      -0.111696343678426     
  0.225461717562356      -9.133070898410564E-002
  0.322624725058516      -7.031987204646774E-002
  0.432909562888037      -4.939786120417874E-002
  0.556284218588375      -3.050520841937154E-002
  0.692269983067596      -1.459821186456601E-002
  0.840357451875453      -3.987227633913250E-003
   1.00000000000000       0.000000000000000E+000
  2.122610839453942E-314  0.000000000000000E+000
 -1.159651373552670E-002 -8.110114708973131E-004
 -2.244984659550253E-002 -3.070288757012019E-003
 -3.267783707170853E-002 -6.557996901406348E-003
 -4.235609104606461E-002 -1.109328995491686E-002
 -5.157388152958321E-002 -1.655968820286371E-002
 -6.039761780486547E-002 -2.285846874819625E-002
 -6.890336629851797E-002 -2.992498823350421E-002
 -7.715396802073217E-002 -3.770084277874351E-002
 -8.521096926994363E-002 -4.614344176582283E-002
 -9.312730626601556E-002 -5.520909773989720E-002
 -0.100943078038567      -6.485743178726625E-002
 -0.108689864816137      -7.504326890160837E-002
 -0.116374919438886      -8.571301342731398E-002
 -0.123993331835676      -9.680774488810388E-002
 -0.131504140522424      -0.108245774152526     
 -0.138846784543227      -0.119943618271974     
 -0.145912073513941      -0.131774209372974     
 -0.152559699915306      -0.143618467427434     
 -0.158586914439310      -0.155284115446183     
 -0.163744222987632      -0.166606571920818     
 -0.167704496586927      -0.177305406720657     
 -0.170073819824221      -0.187164184794235     
 -0.170365449099233      -0.195797730852622     
 -0.168005646435278      -0.202942187981796     
 -0.162311358491619      -0.208102754036741     
 -0.152495640549796      -0.210990905331561     
 -0.137654540012329      -0.211048478013116     
 -0.116774501856960      -0.208027284582798     
 -8.873886753991803E-002 -0.201403364039379     
 -5.230399607819928E-002 -0.191084232683481     
 -6.225776899065102E-003 -0.176819559804539     
  5.082576161392822E-002 -0.158773929852011     
  0.120020546528354      -0.137390134386886     
  0.202539662838271      -0.113269011628520     
  0.299058316174077      -8.776382847108302E-002
  0.410389014428836      -6.206355211988646E-002
  0.536388071245027      -3.842394171548919E-002
  0.677046986914759      -1.849756681467195E-002
  0.831834485298141      -5.041053161095493E-003
   1.00000000000000       0.000000000000000E+000
  2.122610839453942E-314  0.000000000000000E+000
 -9.974209069065191E-003 -8.448525370998860E-004
 -1.947804109797055E-002 -3.186835515929267E-003
 -2.855140693234060E-002 -6.808712664826870E-003
 -3.722154543620237E-002 -1.152551372767912E-002
 -4.553442438464617E-002 -1.722571770141514E-002
 -5.353159402718657E-002 -2.381552988498411E-002
 -6.126957737293934E-002 -3.123138812825091E-002
 -6.879761293133667E-002 -3.942633142604456E-002
 -7.617433717244727E-002 -4.835421734242856E-002
 -8.344471383693855E-002 -5.798942749502883E-002
 -9.065831558174750E-002 -6.828367827815524E-002
 -9.784174501279631E-002 -7.921653012417475E-002
 -0.105022433926895      -9.072294412218387E-002
 -0.112193032862772      -0.102775017175689     
 -0.119343785620980      -0.115276299484520     
 -0.126414814480989      -0.128178902758015     
 -0.133340647016442      -0.141337094183959     
 -0.139985564749783      -0.154668176554272     
 -0.146204785154403      -0.167955622397809     
 -0.151757138628108      -0.181065401316439     
 -0.156388552001554      -0.193682784539939     
 -0.159714668404049      -0.205604710789067     
 -0.161333382322529      -0.216397116309348     
 -0.160674756034685      -0.225777451367333     
 -0.157141867113319      -0.233172997904080     
 -0.149929143326284      -0.238228604898357     
 -0.138191452412905      -0.240269050450703     
 -0.120852720029413      -0.238925210098862     
 -9.677219591923304E-002 -0.233481696500213     
 -6.457819659643692E-002 -0.223664577235198     
 -2.280388040748951E-002 -0.209059956484040     
  3.005776775502004E-002 -0.189645435624857     
  9.567596006080382E-002 -0.165782751162369     
  0.175462448066547      -0.138050347957910     
  0.270837471692262      -0.107982602380921     
  0.382696960043896      -7.687631165896738E-002
  0.511766043183907      -4.795954449383029E-002
  0.657870549818978      -2.303093672339370E-002
  0.820826537465305      -6.295455532881145E-003
   1.00000000000000       0.000000000000000E+000
  2.122610839453942E-314  0.000000000000000E+000
 -8.332135077672567E-003 -8.448227201703675E-004
 -1.644758343599772E-002 -3.200717910411459E-003
 -2.433306045158264E-002 -6.857746776647186E-003
 -3.194983201806641E-002 -1.162825562032828E-002
 -3.931263724955337E-002 -1.741642004651599E-002
 -4.643028298931020E-002 -2.412856908886449E-002
 -5.334087293717305E-002 -3.171872106492196E-002
 -6.008433752606777E-002 -4.013396466369951E-002
 -6.670648575458522E-002 -4.935020499245607E-002
 -7.325818045785362E-002 -5.933098621921508E-002
 -7.977859914079553E-002 -7.005643694704546E-002
 -8.631180878542562E-002 -8.149142317924619E-002
 -9.287669098753397E-002 -9.360714368570892E-002
 -9.949439534384889E-002 -0.106358152351353     
 -0.106149349584995      -0.119692332994067     
 -0.112822673915931      -0.133541627795099     
 -0.119447568724539      -0.147811389366371     
 -0.125944239450175      -0.162395691217459     
 -0.132173200774021      -0.177131562260689     
 -0.137966006369560      -0.191857619986065     
 -0.143081954247158      -0.206306220021125     
 -0.147226862289669      -0.220239675650042     
 -0.150020020866342      -0.233248931599735     
 -0.150994515504901      -0.245007237966851     
 -0.149576079218345      -0.254912233801171     
 -0.145053037368783      -0.262548501987096     
 -0.136585046718359      -0.267122189930110     
 -0.123145659983957      -0.268179457683027     
 -0.103525732380721      -0.264755383051533     
 -7.629722654806485E-002 -0.256437474023969     
 -3.981912118935764E-002 -0.242466976631314     
  7.695151403655980E-003 -0.222740764690226     
  6.820454204218226E-002 -0.197093021011610     
  0.144062072465732      -0.166277261839007     
  0.236972299084496      -0.131587284180504     
  0.349095891474765      -9.476410680444619E-002
  0.481259809755212      -5.962572810943793E-002
  0.634196778659569      -2.892733493693907E-002
  0.807458271217022      -7.912397011657264E-003
   1.00000000000000       0.000000000000000E+000
  2.122610839453942E-314  0.000000000000000E+000
 -6.689229462404763E-003 -8.264641261180960E-004
 -1.343503841408439E-002 -3.121355272382793E-003
 -2.012492251978412E-002 -6.704436436584612E-003
 -2.668183968172080E-002 -1.139256690795542E-002
 -3.306795078390405E-002 -1.711037346224929E-002
 -3.927511303923509E-002 -2.377347885535163E-002
 -4.531837890466936E-002 -3.134300467730742E-002
 -5.122765779167538E-002 -3.977966938921908E-002
 -5.704404972544731E-002 -4.905670938737534E-002
 -6.281009521707237E-002 -5.915838095960234E-002
 -6.857277425720903E-002 -7.005570612129661E-002
 -7.436825917311474E-002 -8.174329508176260E-002
 -8.023394287920893E-002 -9.417948200806525E-002
 -8.618446108496836E-002 -0.107359011277679     
 -9.223446753734550E-002 -0.121214553823350     
 -9.836182612257752E-002 -0.135729161441118     
 -0.104544559857079      -0.150791261827092     
 -0.110705110830447      -0.166356080085341     
 -0.116767721960657      -0.182241569834434     
 -0.122573629876766      -0.198353833438693     
 -0.127969717685174      -0.214402704177359     
 -0.132679782523251      -0.230215106104601     
 -0.136438727960526      -0.245353751400316     
 -0.138801629276395      -0.259538700363117     
 -0.139340529920497      -0.272112934673525     
 -0.137356182955157      -0.282657193956003     
 -0.132165742027567      -0.290291149483310     
 -0.122718042576607      -0.294463016233758     
 -0.107929675529756      -0.294014082541741     
 -8.623347133288575E-002 -0.288303500985356     
 -5.593745363830147E-002 -0.276304178828417     
 -1.492407695112660E-002 -0.257649972128146     
  3.920719327698539E-002 -0.231501127133773     
  0.109343641198760      -0.198298333566802     
  0.198594659660544      -0.159436027094040     
  0.309321311338899      -0.116327492137533     
  0.444356095811802      -7.419934010583372E-002
  0.604485521034369      -3.613276528306922E-002
  0.790085991305411      -9.965573961417137E-003
   1.00000000000000       0.000000000000000E+000
  2.122610839453942E-314  0.000000000000000E+000
 -5.134797308386907E-003 -7.718615886093516E-004
 -1.054242031970283E-002 -2.935881838238717E-003
 -1.606918079377705E-002 -6.335280656232992E-003
 -2.156438958805943E-002 -1.080734543706008E-002
 -2.696990463080691E-002 -1.629812938881717E-002
 -3.224568579186668E-002 -2.273308130849647E-002
 -3.739364089224221E-002 -3.009215254531534E-002
 -4.243603587837044E-002 -3.833173343934973E-002
 -4.740136041976373E-002 -4.744769833415571E-002
 -5.233795772581549E-002 -5.741148136310862E-002
 -5.727921689745021E-002 -6.822477327800848E-002
 -6.227703121403456E-002 -7.986413773163883E-002
 -6.735489990370380E-002 -9.232988901015803E-002
 -7.255357941783300E-002 -0.105595396453902     
 -7.787508771398478E-002 -0.119649173501599     
 -8.333672932399572E-002 -0.134450150856312     
 -8.890732194744148E-002 -0.149958541987802     
 -9.456652671224068E-002 -0.166102823248585     
 -0.100235554595762      -0.182789449127931     
 -0.105836292942034      -0.199894689526688     
 -0.111222473491256      -0.217231962091941     
 -0.116229014988498      -0.234594723510462     
 -0.120612117765356      -0.251653532436846     
 -0.124070209430505      -0.268092047304277     
 -0.126210849080701      -0.283339215622680     
 -0.126513544408520      -0.296921265515972     
 -0.124342138888982      -0.307982084530117     
 -0.118853481239130      -0.315896444466870     
 -0.108993756052220      -0.319318251856785     
 -9.330486276235003E-002 -0.317507608269241     
 -7.005327232513638E-002 -0.308891539520412     
 -3.685597774859425E-002 -0.293043779586012     
  9.164967331998761E-003 -0.268066068325002     
  7.185614626249115E-002 -0.234014921676035     
  0.155294844542151      -0.191935115704291     
  0.263202957638720      -0.143229833796585     
  0.399198263487795      -9.301955410199805E-002
  0.567792384997950      -4.641761564783871E-002
  0.768204426288498      -1.296973130300823E-002
   1.00000000000000       0.000000000000000E+000
  2.122610839453942E-314  0.000000000000000E+000
 -3.682247399482198E-003 -6.965173440798394E-004
 -7.859276396638909E-003 -2.648480723442733E-003
 -1.226950567631522E-002 -5.759203386518369E-003
 -1.674718360131970E-002 -9.879598187054001E-003
 -2.118255168612865E-002 -1.498936256750933E-002
 -2.553299806374999E-002 -2.102577762567317E-002
 -2.978020736482021E-002 -2.797737351725924E-002
 -3.394153092344782E-002 -3.581419214006448E-002
 -3.804151255923816E-002 -4.452621620262655E-002
 -4.211918413602284E-002 -5.410579441281142E-002
 -4.621383441545938E-002 -6.454121505476115E-002
 -5.036525039556484E-002 -7.584032411176049E-002
 -5.461138017826546E-002 -8.798640792660312E-002
 -5.898056624378289E-002 -0.100997183509534     
 -6.349945313264219E-002 -0.114842218283746     
 -6.817514775933269E-002 -0.129540678433757     
 -7.301488785224537E-002 -0.145032834774746     
 -7.799306953634270E-002 -0.161326399044004     
 -8.308868271053169E-002 -0.178307572276870     
 -8.822654919868192E-002 -0.195953120543491     
 -9.334513186490638E-002 -0.214058358931618     
 -9.829430726279823E-002 -0.232538970307313     
 -0.102953654883999      -0.251048366069375     
 -0.107051066719849      -0.269406727626755     
 -0.110370891841149      -0.287024206632350     
 -0.112438335872350      -0.303547156804708     
 -0.112860349430515      -0.318112930555270     
 -0.110830941435511      -0.330168988465321     
 -0.105635521687202      -0.338217980541821     
 -9.577112569345503E-002 -0.341431565666255     
 -7.980238472608701E-002 -0.337955484817726     
 -5.512908943642643E-002 -0.326919585578684     
 -1.879818495525738E-002 -0.305478316366455     
  3.376423193938401E-002 -0.272610342978418     
  0.108307498560046      -0.229306531403853     
  0.209903286358513      -0.176649367987101     
  0.345273945884487      -0.118132577802896     
  0.520734242487887      -5.963425342498515E-002
  0.739752744641349      -1.754928974208032E-002
   1.00000000000000       0.000000000000000E+000
  2.122610839453942E-314  0.000000000000000E+000
 -2.426594000449271E-003 -5.882017636312391E-004
 -5.472154791062540E-003 -2.269267556333605E-003
 -8.860472280192277E-003 -4.987133327629878E-003
 -1.236182164414161E-002 -8.636936548454471E-003
 -1.586472764465311E-002 -1.322177203201324E-002
 -1.930768854599209E-002 -1.869352999339703E-002
 -2.266615915998410E-002 -2.505713669417316E-002
 -2.595634852431987E-002 -3.227552102751589E-002
 -2.919012312746951E-002 -4.035876306723075E-002
 -3.241268642119362E-002 -4.928195419080814E-002
 -3.564625465923824E-002 -5.906239335310598E-002
 -3.894278498186525E-002 -6.968517215083601E-002
 -4.232082850199997E-002 -8.117533022742614E-002
 -4.582895088986073E-002 -9.352383080976215E-002
 -4.947358331037976E-002 -0.106758817777579     
 -5.329400223940457E-002 -0.120868563683780     
 -5.727769471364793E-002 -0.135874047464705     
 -6.144864537686340E-002 -0.151747470396832     
 -6.576809528257664E-002 -0.168484737482441     
 -7.023576527517626E-002 -0.186022019742867     
 -7.477735605321047E-002 -0.204301633474291     
 -7.935317964645601E-002 -0.223195189156254     
 -8.383898290308790E-002 -0.242545815404789     
 -8.812306330119907E-002 -0.262124909552976     
 -9.200417480631017E-002 -0.281582522284542     
 -9.525076624809281E-002 -0.300510423704127     
 -9.752509206757372E-002 -0.318297363231533     
 -9.833367378891233E-002 -0.334363699273239     
 -9.704169542638466E-002 -0.347352677483908     
 -9.254146293082353E-002 -0.356310434807495     
 -8.343648213340246E-002 -0.359360710719067     
 -6.774058744342780E-002 -0.355320012541331     
 -4.221448123580925E-002 -0.340372299135827     
 -2.412067456552400E-003 -0.312909506964030     
  5.797437330741091E-002 -0.271208886992467     
  0.147690908509602      -0.217771470036354     
  0.275853359233578      -0.150676375962011     
  0.459581456920490      -7.785665994465608E-002
  0.702438246157589      -2.335923240367908E-002
   1.00000000000000       0.000000000000000E+000
  2.122610839453942E-314  0.000000000000000E+000
 -1.372795470841928E-003 -4.604647502817160E-004
 -3.473819316644410E-003 -1.797047416617768E-003
 -5.931903380438459E-003 -4.043825708054382E-003
 -8.543841062020475E-003 -7.115688282975620E-003
 -1.116364297037971E-002 -1.105307591859162E-002
 -1.374518095926280E-002 -1.581970227145712E-002
 -1.625496833292291E-002 -2.142109945598246E-002
 -1.870715418708142E-002 -2.783357057126180E-002
 -2.111349907118957E-002 -3.505287058632997E-002
 -2.350693505691047E-002 -4.307445055314427E-002
 -2.591413289706418E-002 -5.189552628103757E-002
 -2.837011918669728E-002 -6.153070134049461E-002
 -3.090280771731996E-002 -7.198214120136151E-002
 -3.354244977967897E-002 -8.328241063022160E-002
 -3.631197753796991E-002 -9.543429295566069E-002
 -3.923287598615287E-002 -0.108484300245048     
 -4.231978263042453E-002 -0.122425210288872     
 -4.558100055224793E-002 -0.137310774559578     
 -4.902054600037330E-002 -0.153106080861044     
 -5.262679412196785E-002 -0.169861269327590     
 -5.639109181698568E-002 -0.187487177358636     
 -6.027033803000798E-002 -0.206014107508595     
 -6.424103182440286E-002 -0.225254055641596     
 -6.820317389102737E-002 -0.245191698086916     
 -7.210864022979833E-002 -0.265468007185872     
 -7.576541139578800E-002 -0.285958372400252     
 -7.908753276590738E-002 -0.306050898489475     
 -8.165358047204981E-002 -0.325515831770373     
 -8.325788829323034E-002 -0.342960932590436     
 -8.292827756612843E-002 -0.357668322516147     
 -7.993235707124280E-002 -0.367972160346551     
 -7.230329211870858E-002 -0.372743662318913     
 -5.803400377639790E-002 -0.367316198925118     
 -3.182098033177383E-002 -0.349639210551099     
  1.222964435683231E-002 -0.315921803955820     
  8.535393104171438E-002 -0.267303547281255     
  0.202386764987740      -0.194036337784846     
  0.384353353869899      -9.907436110798316E-002
  0.652709404867932      -2.890751192989677E-002
   1.00000000000000       0.000000000000000E+000
  2.122610839453942E-314  0.000000000000000E+000
 -6.056128908501868E-004 -3.149937000561631E-004
 -1.910548519108421E-003 -1.279423862589928E-003
 -3.575612254625858E-003 -2.984592450973916E-003
 -5.378805697920006E-003 -5.403385750448147E-003
 -7.192813996074375E-003 -8.595180643837842E-003
 -8.980144798364311E-003 -1.252965568803355E-002
 -1.070430655287299E-002 -1.722486287517342E-002
 -1.238727645453644E-002 -2.264117993717167E-002
 -1.402644979430365E-002 -2.879187258705034E-002
 -1.566065963223966E-002 -3.564998071401335E-002
 -1.729693693750712E-002 -4.323763737411766E-002
 -1.897772266654819E-002 -5.154300758890663E-002
 -2.070840660780128E-002 -6.060336135828835E-002
 -2.253193402590998E-002 -7.041986657338095E-002
 -2.444624947156102E-002 -8.104510069978389E-002
 -2.649485461448835E-002 -9.248715941608329E-002
 -2.866436104289665E-002 -0.104810364885497     
 -3.099940159006060E-002 -0.118020782765690     
 -3.347189892851891E-002 -0.132187431634787     
 -3.612787735830311E-002 -0.147301457317081     
 -3.892126746136146E-002 -0.163425548220352     
 -4.189793767406930E-002 -0.180518184098605     
 -4.499001229036959E-002 -0.198614662839389     
 -4.823867834163326E-002 -0.217610478811645     
 -5.155033249765705E-002 -0.237479858505173     
 -5.495258009233078E-002 -0.258006700092423     
 -5.831349790245766E-002 -0.279046903164134     
 -6.155544172109562E-002 -0.300257749547181     
 -6.446387923463033E-002 -0.320989229515132     
 -6.683364411293072E-002 -0.340336567767761     
 -6.821918455668659E-002 -0.357440771212212     
 -6.763682224028240E-002 -0.371481159156448     
 -6.384345979124262E-002 -0.377340140844741     
 -5.204908313316939E-002 -0.373302470809162     
 -2.669999064684125E-002 -0.352905123619183     
  2.367655054699068E-002 -0.316099071749815     
  0.122922973204447      -0.244126295035525     
  0.303056030442380      -0.132507886574563     
  0.592039571615379      -3.890860821095279E-002
   1.00000000000000       0.000000000000000E+000
  2.122610839453942E-314  0.000000000000000E+000
 -1.058762080844473E-004 -1.633551295457738E-004
 -8.469009306034296E-004 -7.187408572711339E-004
 -1.840131866216855E-003 -1.868711836815054E-003
 -2.950440882314110E-003 -3.601722517866702E-003
 -4.058017778480308E-003 -5.987067572956659E-003
 -5.145666210943223E-003 -9.010095845247611E-003
 -6.187167113669855E-003 -1.266668435451323E-002
 -7.196138578409916E-003 -1.693763710889066E-002
 -8.176027807516131E-003 -2.181025441524837E-002
 -9.148102627717159E-003 -2.728058198572700E-002
 -1.012362789797003E-002 -3.334476527949334E-002
 -1.112485045243849E-002 -4.001651026233938E-002
 -1.216237406208738E-002 -4.730585699157799E-002
 -1.325828856983652E-002 -5.524508780778949E-002
 -1.441957891161494E-002 -6.385557678806249E-002
 -1.566812127400649E-002 -7.318763442726316E-002
 -1.700634985514967E-002 -8.326765547999269E-002
 -1.845579490269539E-002 -9.416330775928689E-002
 -2.001442034659294E-002 -0.105896610660909     
 -2.170296107250903E-002 -0.118551994004491     
 -2.351620539703796E-002 -0.132133583875622     
 -2.547239113346370E-002 -0.146742851910181     
 -2.756580770036213E-002 -0.162344882484788     
 -2.981031012663317E-002 -0.179055556898393     
 -3.220659975414352E-002 -0.196775052001786     
 -3.476043151653985E-002 -0.215639861750108     
 -3.749846266180565E-002 -0.235396470858561     
 -4.035280778276952E-002 -0.256226039916314     
 -4.336305460117490E-002 -0.277542243046458     
 -4.645822908431435E-002 -0.299318259216533     
 -4.980522077720051E-002 -0.320786391160313     
 -5.268363017490937E-002 -0.342693963260123     
 -5.531277816296444E-002 -0.359177480769075     
 -5.391717104502451E-002 -0.369280705475096     
 -4.605999325987287E-002 -0.368395134319460     
 -2.058524297627695E-002 -0.353487851893602     
  4.258684485242294E-002 -0.294885978642597     
  0.190680418734971      -0.178441275113198     
  0.497182652272972      -6.012633767738500E-002
   1.00000000000000       0.000000000000000E+000
  2.122610839453942E-314  0.000000000000000E+000
  1.000159836011372E-004 -3.635641868315819E-005
 -2.302388526169413E-004 -2.357580418137367E-004
 -7.011766691955854E-004 -8.501286917641426E-004
 -1.252649443477618E-003 -1.902090478159814E-003
 -1.786074561030212E-003 -3.466264617803674E-003
 -2.316362597790841E-003 -5.505402605446035E-003
 -2.810116075496989E-003 -8.031716799298256E-003
 -3.291726041308807E-003 -1.100245589388148E-002
 -3.749432310205832E-003 -1.442457589209054E-002
 -4.208096536601640E-003 -1.827225971511113E-002
 -4.660747000243528E-003 -2.256179808193845E-002
 -5.133202099202833E-003 -2.728173083585069E-002
 -5.615217518817565E-003 -3.246510167230973E-002
 -6.136841233669293E-003 -3.811144528901193E-002
 -6.680219924062998E-003 -4.427258651286764E-002
 -7.282837869241244E-003 -5.095447501452066E-002
 -7.915948364214933E-003 -5.822845811209316E-002
 -8.628025275034796E-003 -6.610203503831666E-002
 -9.376082516029491E-003 -7.466692153598503E-002
 -1.022405349850736E-002 -8.392649833674751E-002
 -1.111048643091386E-002 -9.399479163327937E-002
 -1.212104822558357E-002 -0.104863347445835     
 -1.317015591988055E-002 -0.116673633189031     
 -1.437759405552378E-002 -0.129391565835742     
 -1.562588741598699E-002 -0.143203855469918     
 -1.708284583096833E-002 -0.158040930106632     
 -1.857715859150562E-002 -0.174133104371670     
 -2.034986292032131E-002 -0.191312055764217     
 -2.217078491328419E-002 -0.209935163033720     
 -2.454082551969042E-002 -0.229578173115844     
 -2.707241364467417E-002 -0.250999876123421     
 -2.993308499327225E-002 -0.274141189548335     
 -3.195249369291649E-002 -0.297383652329851     
 -3.416507051163159E-002 -0.316541334380249     
 -3.525429988096415E-002 -0.336451420144681     
 -3.884977989051866E-002 -0.354520582900404     
 -3.276927611869266E-002 -0.327415430664008     
  4.005489692274394E-002 -0.258151787281414     
  0.290648198888881      -0.100596955110488     
   1.00000000000000       0.000000000000000E+000
  2.122610839453942E-314  0.000000000000000E+000
  6.381724266943041E-005  6.381724266953893E-005
 -3.345443229852230E-005  1.025732570930321E-004
 -1.546836937706526E-004 -9.651534652290670E-005
 -3.016080049761612E-004 -5.742922064683895E-004
 -4.467164156783036E-004 -1.325442671558406E-003
 -5.883610166904075E-004 -2.366681069004284E-003
 -7.212241896215333E-004 -3.663791008734326E-003
 -8.474250570462944E-004 -5.218148445793686E-003
 -9.681257243867729E-004 -7.006639735541284E-003
 -1.087404614825825E-003 -9.033365046510205E-003
 -1.205772057108367E-003 -1.128956245617759E-002
 -1.329456435308658E-003 -1.378346063921910E-002
 -1.455672273903903E-003 -1.652057106534258E-002
 -1.593791186885179E-003 -1.951557798000399E-002
 -1.737367341401642E-003 -2.278429323245118E-002
 -1.899154326234839E-003 -2.634990592718789E-002
 -2.068792971189313E-003 -3.023465417439062E-002
 -2.262823281621409E-003 -3.447285673682158E-002
 -2.466891083858392E-003 -3.908898234726227E-002
 -2.701868190794162E-003 -4.413249778679191E-002
 -2.949212397299656E-003 -4.962526367606932E-002
 -3.235007499518556E-003 -5.563782767278381E-002
 -3.535883991288287E-003 -6.218553160861644E-002
 -3.887071803623202E-003 -6.937034104090903E-002
 -4.262273284026201E-003 -7.719547504293364E-002
 -4.705069235918795E-003 -8.582354915129241E-002
 -5.179140390405679E-003 -9.521970649480711E-002
 -5.743615741340955E-003 -0.105611073163357     
 -6.349104984181189E-003 -0.117024817931517     
 -7.200196923424894E-003 -0.129928674243934     
 -8.407348536986532E-003 -0.144034849132241     
 -9.676397035218448E-003 -0.160746243594744     
 -1.051100295507082E-002 -0.178560838988600     
 -1.157923392023436E-002 -0.196999286005594     
 -1.373412343890998E-002 -0.221663884505118     
 -2.054892645609849E-002 -0.268905094351788     
 -4.118321062689824E-002 -0.281027563017895     
 -1.234308809896064E-002 -0.289758818325289     
  0.178961560712120      -0.179850941275788     
   1.00000000000000       0.000000000000000E+000
  2.122610839453942E-314  0.000000000000000E+000
  2.122610839453942E-314  0.000000000000000E+000
  2.122610839453942E-314  0.000000000000000E+000
  2.122610839453942E-314  0.000000000000000E+000
  2.122610839453942E-314  0.000000000000000E+000
  2.122610839453942E-314  0.000000000000000E+000
  2.122610839453942E-314  0.000000000000000E+000
  2.122610839453942E-314  0.000000000000000E+000
  2.122610839453942E-314  0.000000000000000E+000
  2.122610839453942E-314  0.000000000000000E+000
  2.122610839453942E-314  0.000000000000000E+000
  2.122610839453942E-314  0.000000000000000E+000
  2.122610839453942E-314  0.000000000000000E+000
  2.122610839453942E-314  0.000000000000000E+000
  2.122610839453942E-314  0.000000000000000E+000
  2.122610839453942E-314  0.000000000000000E+000
  2.122610839453942E-314  0.000000000000000E+000
  2.122610839453942E-314  0.000000000000000E+000
  2.122610839453942E-314  0.000000000000000E+000
  2.122610839453942E-314  0.000000000000000E+000
  2.122610839453942E-314  0.000000000000000E+000
  2.122610839453942E-314  0.000000000000000E+000
  2.122610839453942E-314  0.000000000000000E+000
  2.122610839453942E-314  0.000000000000000E+000
  2.122610839453942E-314  0.000000000000000E+000
  2.122610839453942E-314  0.000000000000000E+000
  2.122610839453942E-314  0.000000000000000E+000
  2.122610839453942E-314  0.000000000000000E+000
  2.122610839453942E-314  0.000000000000000E+000
  2.122610839453942E-314  0.000000000000000E+000
  2.122610839453942E-314  0.000000000000000E+000
  2.122610839453942E-314  0.000000000000000E+000
  2.122610839453942E-314  0.000000000000000E+000
  2.122610839453942E-314  0.000000000000000E+000
  2.122610839453942E-314  0.000000000000000E+000
  2.122610839453942E-314  0.000000000000000E+000
  2.122610839453942E-314  0.000000000000000E+000
  2.122610839453942E-314  0.000000000000000E+000
  2.122610839453942E-314  0.000000000000000E+000
  2.122610839453942E-314  0.000000000000000E+000
   1.00000000000000       0.000000000000000E+000
