  5.432309224871097E-312  0.000000000000000E+000
  2.122610839453942E-314  0.000000000000000E+000
  2.122610839453942E-314  0.000000000000000E+000
  2.122610839453942E-314  0.000000000000000E+000
  2.122610839453942E-314  0.000000000000000E+000
  2.122610839453942E-314  0.000000000000000E+000
  2.122610839453942E-314  0.000000000000000E+000
  2.122610839453942E-314  0.000000000000000E+000
  2.122610839453942E-314  0.000000000000000E+000
  2.122610839453942E-314  0.000000000000000E+000
  2.122610839453942E-314  0.000000000000000E+000
  2.122610839453942E-314  0.000000000000000E+000
  2.122610839453942E-314  0.000000000000000E+000
  2.122610839453942E-314  0.000000000000000E+000
  2.122610839453942E-314  0.000000000000000E+000
  2.122610839453942E-314  0.000000000000000E+000
  2.122610839453942E-314  0.000000000000000E+000
  2.122610839453942E-314  0.000000000000000E+000
  2.122610839453942E-314  0.000000000000000E+000
  2.122610839453942E-314  0.000000000000000E+000
  2.122610839453942E-314  0.000000000000000E+000
  2.122610839453942E-314  0.000000000000000E+000
  2.122610839453942E-314  0.000000000000000E+000
  2.122610839453942E-314  0.000000000000000E+000
  2.122610839453942E-314  0.000000000000000E+000
  2.122610839453942E-314  0.000000000000000E+000
  2.122610839453942E-314  0.000000000000000E+000
  2.122610839453942E-314  0.000000000000000E+000
  2.122610839453942E-314  0.000000000000000E+000
  2.122610839453942E-314  0.000000000000000E+000
  2.122610839453942E-314  0.000000000000000E+000
  2.122610839453942E-314  0.000000000000000E+000
  2.122610839453942E-314  0.000000000000000E+000
  2.122610839453942E-314  0.000000000000000E+000
  2.122610839453942E-314  0.000000000000000E+000
  2.122610839453942E-314  0.000000000000000E+000
  2.122610839453942E-314  0.000000000000000E+000
  2.122610839453942E-314  0.000000000000000E+000
  2.122610839453942E-314  0.000000000000000E+000
  2.122610839453942E-314  0.000000000000000E+000
   1.00000000000000       0.000000000000000E+000
  2.122610839453942E-314  0.000000000000000E+000
  7.175691232027154E-005 -7.145070300890685E-005
 -3.692860400608894E-005 -1.124983723303650E-005
 -1.882532301476734E-004  2.116267579010177E-004
 -3.536395449378504E-004  7.804877929650848E-004
 -5.126141362448399E-004  1.633183184391319E-003
 -6.571068386295297E-004  2.788353374371495E-003
 -7.962723082884884E-004  4.213040836514453E-003
 -9.213165395249421E-004  5.894973123745237E-003
 -1.041520937184978E-003  7.812949049534645E-003
 -1.150295079280838E-003  9.953487340876716E-003
 -1.255949771525139E-003  1.230166326301056E-002
 -1.353219894607257E-003  1.484737154012053E-002
 -1.448853571751673E-003  1.757926246394188E-002
 -1.538599232273479E-003  2.049216603356070E-002
 -1.628010451348651E-003  2.357650147689366E-002
 -1.713891791990530E-003  2.683254060744027E-002
 -1.801050032539552E-003  3.025183133676645E-002
 -1.887746308717517E-003  3.384208989362452E-002
 -1.978329613259826E-003  3.759587220887071E-002
 -2.073492345647751E-003  4.153330140161370E-002
 -2.177512011272285E-003  4.564840598397215E-002
 -2.294676839386475E-003  4.998326898565601E-002
 -2.428748522361422E-003  5.453329801833733E-002
 -2.591388505182689E-003  5.938336736156540E-002
 -2.789235827826333E-003  6.452816267541434E-002
 -3.044819526469086E-003  7.012150619020724E-002
 -3.379555280293775E-003  7.617832676426047E-002
 -3.796842737494657E-003  8.296574797488780E-002
 -4.259473996321616E-003  9.042597146603956E-002
 -4.947612002966881E-003  9.928077327645711E-002
 -6.203167839628265E-003  0.109472715277199     
 -7.829301775074127E-003  0.121174366299368     
 -1.017103561123077E-002  0.135819496518563     
 -1.111773091343600E-002  0.155247650797132     
 -5.599019378948921E-003  0.170876760804317     
 -6.707972091667172E-003  0.197587178451443     
 -5.262253749725637E-002  0.256989231438283     
 -4.903131213577747E-002  0.215399825816379     
  0.146855666658270       0.146855666658272     
   1.00000000000000       0.000000000000000E+000
  2.122610839453942E-314  0.000000000000000E+000
  1.094362791170330E-005  3.689473358336091E-005
 -3.429075625098732E-004  3.429200418303899E-004
 -8.844615652680586E-004  1.033328823440743E-003
 -1.445962221162681E-003  2.232132534019963E-003
 -2.021275551630039E-003  3.956195173636022E-003
 -2.550574900365439E-003  6.166781371023188E-003
 -3.063377279704162E-003  8.872008833116453E-003
 -3.530161566726709E-003  1.201725044560813E-002
 -3.977996105627956E-003  1.560282441020101E-002
 -4.388450823835479E-003  1.957716400211802E-002
 -4.784537545449117E-003  2.394246740772499E-002
 -5.152263445700479E-003  2.865408467240824E-002
 -5.511150561880522E-003  3.371867641786098E-002
 -5.848884380664381E-003  3.909715619843442E-002
 -6.183551099183744E-003  4.480201389578912E-002
 -6.503548822028054E-003  5.079764698935537E-002
 -6.828035078188107E-003  5.710471655329500E-002
 -7.145790800158136E-003  6.369038809999066E-002
 -7.480380116859359E-003  7.058799642865714E-002
 -7.820560880216820E-003  7.776827779309989E-002
 -8.199675043315110E-003  8.528591887485286E-002
 -8.605048229763849E-003  9.311758596336872E-002
 -9.089376197869448E-003  0.101354952378159     
 -9.634255905752521E-003  0.109983612212843     
 -1.033224212516478E-002  0.119158096112223     
 -1.114344680696725E-002  0.128865112719615     
 -1.223597571246867E-002  0.139379911636460     
 -1.352556412127920E-002  0.150695809676539     
 -1.532995525174133E-002  0.163273715895860     
 -1.742574375555913E-002  0.177022327993876     
 -2.058247099218788E-002  0.192639706312741     
 -2.393701640366756E-002  0.209211040990090     
 -2.838725873811956E-002  0.228848002947369     
 -3.288391069808418E-002  0.251975526710491     
 -3.939127512301412E-002  0.277487656651704     
 -3.829466114710121E-002  0.293172952877786     
 -3.228761693936245E-002  0.294545057152067     
  2.458814316098117E-002  0.229264090318129     
  0.329362885706934       9.885519135004099E-002
   1.00000000000000       0.000000000000000E+000
  2.122610839453942E-314  0.000000000000000E+000
 -2.137212079554284E-004  1.881803994663605E-004
 -1.031457415379603E-003  8.788943129033520E-004
 -2.102331166162811E-003  2.089008938754392E-003
 -3.264736148440410E-003  3.987897843675090E-003
 -4.423973007900004E-003  6.527580060252095E-003
 -5.538772570511753E-003  9.731664238331231E-003
 -6.595908872810462E-003  1.355497514237779E-002
 -7.586973945346051E-003  1.798656107397418E-002
 -8.520613872501038E-003  2.298460659108228E-002
 -9.395555022882250E-003  2.852454674551450E-002
 -1.022553943384568E-002  3.457399060639319E-002
 -1.100945986089905E-002  4.110878880825614E-002
 -1.176078845664900E-002  4.810352200882161E-002
 -1.247779100172559E-002  5.553835974842929E-002
 -1.317374338778432E-002  6.339320728643781E-002
 -1.384710532793573E-002  7.165356141054535E-002
 -1.451282319446576E-002  8.030442133573996E-002
 -1.517125681431905E-002  8.933807902705444E-002
 -1.584229473637312E-002  9.874641093901922E-002
 -1.653047738473880E-002  0.108531584515880     
 -1.726567947679268E-002  0.118696850488725     
 -1.805926319206156E-002  0.129259560884137     
 -1.895933189283244E-002  0.140242107869845     
 -1.998597075930900E-002  0.151682240790994     
 -2.122026400480707E-002  0.163634669149623     
 -2.268427282189363E-002  0.176153876351000     
 -2.450942395597162E-002  0.189341042723190     
 -2.671106376928796E-002  0.203253005564202     
 -2.953301897209502E-002  0.218050649891043     
 -3.287604571255209E-002  0.233566585315988     
 -3.716302588044605E-002  0.250103718972517     
 -4.159800680679573E-002  0.266720184593818     
 -4.615100831224189E-002  0.283411950870632     
 -4.942445531692007E-002  0.297883726330561     
 -5.305295879050200E-002  0.310193419006210     
 -4.230262891247530E-002  0.299226464124922     
 -3.059090053324539E-003  0.268394509898122     
  0.124495579934705       0.186537167413843     
  0.444930793258878       6.747213713280509E-002
   1.00000000000000       0.000000000000000E+000
  2.122610839453942E-314  0.000000000000000E+000
 -7.729917283388450E-004  3.443675463780324E-004
 -2.206762855691540E-003  1.404299094788226E-003
 -3.981319387594019E-003  3.177762981988573E-003
 -5.851422124273521E-003  5.736346713768855E-003
 -7.730548244919572E-003  9.062334052880953E-003
 -9.539106369624595E-003  1.314212704591036E-002
 -1.126941729838695E-002  1.795869206209914E-002
 -1.289769095589033E-002  2.347451904370420E-002
 -1.444035075125331E-002  2.967018215335697E-002
 -1.588970011450903E-002  3.649600047383331E-002
 -1.726747945869013E-002  4.393752354442172E-002
 -1.856897489845776E-002  5.194588042639686E-002
 -1.981561229968476E-002  6.051127790924422E-002
 -2.100194274452677E-002  6.958725833958355E-002
 -2.214994457903503E-002  7.916909393908562E-002
 -2.325307214404406E-002  8.921202169758470E-002
 -2.433739222334359E-002  9.971746602221701E-002
 -2.539607396817503E-002  0.110640945628179     
 -2.646523074354266E-002  0.121993061129638     
 -2.753852996974550E-002  0.133727897303455     
 -2.867119835309493E-002  0.145871042251833     
 -2.985656954739511E-002  0.158371882924843     
 -3.118264152621086E-002  0.171279433588652     
 -3.263634444431870E-002  0.184528581334658     
 -3.435753721248484E-002  0.198201394900905     
 -3.630805903333341E-002  0.212192786634794     
 -3.870136689653033E-002  0.226616049239013     
 -4.141938986610692E-002  0.241252367453678     
 -4.476480574914522E-002  0.256191401510678     
 -4.837283024616284E-002  0.270868336611044     
 -5.246266361048173E-002  0.285215278832525     
 -5.603430195105664E-002  0.297998694027727     
 -5.845628810905282E-002  0.308073253438717     
 -5.644427443815590E-002  0.311777832513288     
 -4.549071758747188E-002  0.304606633361086     
 -1.492627096374394E-002  0.276070373958485     
  6.810487032303235E-002  0.220027012061054     
  0.233395089481312       0.137006930233972     
  0.538118333659075       4.400999424731561E-002
   1.00000000000000       0.000000000000000E+000
  2.122610839453942E-314  0.000000000000000E+000
 -1.595945297695698E-003  4.877239837473727E-004
 -3.858125535152515E-003  1.910165499941141E-003
 -6.434060930645523E-003  4.182591419759986E-003
 -9.126568314418214E-003  7.355034784251511E-003
 -1.180383950130153E-002  1.136393831977581E-002
 -1.440185193760827E-002  1.621512264087531E-002
 -1.688498580826375E-002  2.185792746613668E-002
 -1.924116155878902E-002  2.828143752230892E-002
 -2.147280591488936E-002  3.543873369224036E-002
 -2.358235525053720E-002  4.330408698759940E-002
 -2.558363973259991E-002  5.183707488394088E-002
 -2.748058194622209E-002  6.100910233472692E-002
 -2.928930918664711E-002  7.078394329937607E-002
 -3.101176437767481E-002  8.113226586876988E-002
 -3.266511107383771E-002  9.202072321958049E-002
 -3.424975867758199E-002  0.103419172546944     
 -3.578631075759660E-002  0.115296165409161     
 -3.727576282124520E-002  0.127618712083306     
 -3.874713167297397E-002  0.140357774195167     
 -4.020433920581801E-002  0.153473335981159     
 -4.169193497961116E-002  0.166940981719689     
 -4.321728309235751E-002  0.180704565567953     
 -4.484936338896330E-002  0.194747571460426     
 -4.659228553565310E-002  0.208975585160844     
 -4.854729359680655E-002  0.223381064137598     
 -5.068878956716285E-002  0.237778002792926     
 -5.315008070652185E-002  0.252157954613713     
 -5.578822058101666E-002  0.266103285483029     
 -5.872387975426229E-002  0.279565893569605     
 -6.142179889747352E-002  0.291568597215200     
 -6.372454155084183E-002  0.301867557277296     
 -6.402711329489995E-002  0.308263363539290     
 -6.120072714155511E-002  0.310069613652670     
 -4.999882547433703E-002  0.301785895908175     
 -2.459462069682447E-002  0.281833903307046     
  3.013259154964728E-002  0.241599300989404     
  0.137009430001857       0.181031993445155     
  0.320675929408198       0.107485574576430     
  0.610925074291122       3.272043594312636E-002
   1.00000000000000       0.000000000000000E+000
  2.122610839453942E-314  0.000000000000000E+000
 -2.665572614508293E-003  5.984298168139239E-004
 -5.900092310784678E-003  2.313905471787819E-003
 -9.416344381312209E-003  5.032765014329807E-003
 -1.300379144372181E-002  8.717399411239588E-003
 -1.655658138343764E-002  1.331313816966806E-002
 -1.999339578967927E-002  1.878808029732597E-002
 -2.328922396505702E-002  2.510816343202093E-002
 -2.642035469355774E-002  3.223788475715556E-002
 -2.939563068610440E-002  4.014864793951686E-002
 -3.221144388116196E-002  4.879578856535254E-002
 -3.488664102441907E-002  5.815503303739937E-002
 -3.742092917577274E-002  6.817886178401014E-002
 -3.983511933133408E-002  7.884465608367794E-002
 -4.212620467497157E-002  9.010183146469881E-002
 -4.431622254913112E-002  0.101927721561510     
 -4.639837196833556E-002  0.114267064347034     
 -4.839897839864805E-002  0.127095022401861     
 -5.030828987773622E-002  0.140347618409688     
 -5.216246720328720E-002  0.153995849697276     
 -5.394941871606750E-002  0.167960221526460     
 -5.572187603907479E-002  0.182204646898453     
 -5.746278744232969E-002  0.196621749470707     
 -5.924641717353170E-002  0.211161221451365     
 -6.103872231630245E-002  0.225663359977212     
 -6.292965536371954E-002  0.240043264001055     
 -6.483197647488151E-002  0.254037792009905     
 -6.680884295211913E-002  0.267472033204945     
 -6.862269618987503E-002  0.279869624821176     
 -7.014627502135980E-002  0.290834880936714     
 -7.074785735195976E-002  0.299474022689756     
 -6.959476379940721E-002  0.304854659608864     
 -6.501054278425893E-002  0.305246783170246     
 -5.400901714744182E-002  0.298661433719953     
 -3.230536908034979E-002  0.282019451298004     
  9.728968381263194E-003  0.252314546051340     
  8.223555915981855E-002  0.207035439018997     
  0.205338063903046       0.147775116460684     
  0.395175907327052       8.282136611029303E-002
  0.660745183544582       2.605067367425074E-002
   1.00000000000000       0.000000000000000E+000
  2.122610839453942E-314  0.000000000000000E+000
 -3.938644611974272E-003  6.934729355586000E-004
 -8.294680064279834E-003  2.648619790222439E-003
 -1.282474577231202E-002  5.706795387913921E-003
 -1.737619936832808E-002  9.800201863438947E-003
 -2.183911657946118E-002  1.484240416001280E-002
 -2.615458339005266E-002  2.080080295149898E-002
 -3.028702553072050E-002  2.761745428865262E-002
 -3.422407319246176E-002  3.526891467125308E-002
 -3.796609520553556E-002  4.370764160141845E-002
 -4.151625023953397E-002  5.290548520254730E-002
 -4.488701732604607E-002  6.281989498569233E-002
 -4.808270441783696E-002  7.341896463119801E-002
 -5.111823290683051E-002  8.466076862127102E-002
 -5.399358199143324E-002  9.650730755881345E-002
 -5.672361681543017E-002  0.108914083826630     
 -5.930311672768821E-002  0.121833512730621     
 -6.174865439892958E-002  0.135215275393477     
 -6.405048574935708E-002  0.148994964357653     
 -6.623093617930957E-002  0.163113598716098     
 -6.827523912225855E-002  0.177477417408882     
 -7.021574397738807E-002  0.192015664572680     
 -7.202639093655419E-002  0.206582811405154     
 -7.374991385673400E-002  0.221090830979451     
 -7.532688764441385E-002  0.235300759155882     
 -7.679661372942895E-002  0.249093991064704     
 -7.800478462060763E-002  0.262058338026399     
 -7.893200767265379E-002  0.274011957876272     
 -7.917232356672696E-002  0.284220331222816     
 -7.847583332437585E-002  0.292363560150948     
 -7.581527760530442E-002  0.297135052810441     
 -7.025239760219376E-002  0.297945567433276     
 -5.926483832544401E-002  0.292547375496837     
 -3.999120026358945E-002  0.279959888132284     
 -6.723692690232430E-003  0.257168950099958     
  4.806512263059510E-002  0.223248245567031     
  0.134711221467496       0.177424632770915     
  0.266619675266166       0.122173271295223     
  0.453631323790444       6.641740586080293E-002
  0.700708983124681       2.010340085104721E-002
   1.00000000000000       0.000000000000000E+000
  2.122610839453942E-314  0.000000000000000E+000
 -5.349549643388867E-003  7.524969650788462E-004
 -1.092722835218740E-002  2.871356317743655E-003
 -1.655587813750034E-002  6.180266672744696E-003
 -2.211236624058166E-002  1.055743390899308E-002
 -2.751950471722944E-002  1.591606497386233E-002
 -3.272496072156608E-002  2.219453399403402E-002
 -3.770770049712525E-002  2.934220713096299E-002
 -4.245357066022401E-002  3.731564926814697E-002
 -4.696951970557679E-002  4.607929488128975E-002
 -5.125519824459725E-002  5.559080286902063E-002
 -5.532639789316609E-002  6.581994080008685E-002
 -5.918241331540519E-002  7.672118248343593E-002
 -6.283975792705689E-002  8.826305134396936E-002
 -6.629105300997494E-002  0.100392642244065     
 -6.955124561525894E-002  0.113071772250777     
 -7.260427509542892E-002  0.126235473227362     
 -7.546472868775646E-002  0.139832634815188     
 -7.810743350471964E-002  0.153778541742455     
 -8.054886631114400E-002  0.168001484212456     
 -8.275305439915553E-002  0.182385076441702     
 -8.473811191993630E-002  0.196825882505238     
 -8.644970907835280E-002  0.211156523214695     
 -8.789724692446943E-002  0.225223126377443     
 -8.898520671209094E-002  0.238774876534769     
 -8.967614122370404E-002  0.251572763107155     
 -8.977509477633680E-002  0.263227276549264     
 -8.909029411920008E-002  0.273349562122503     
 -8.719107051345443E-002  0.281322443382566     
 -8.346195342992707E-002  0.286495664425722     
 -7.693210385039001E-002  0.287899745405338     
 -6.594739024294691E-002  0.284485873134200     
 -4.836888847429723E-002  0.274853763401337     
 -2.022940394781782E-002  0.257627959127633     
  2.287341930382975E-002  0.231429832839125     
  8.872507485430438E-002  0.195687307641451     
  0.184872404005040       0.151117925494627     
  0.320840694650789       0.101253938023294     
  0.503820466019317       5.301631971217783E-002
  0.732568492895087       1.518696545071824E-002
   1.00000000000000       0.000000000000000E+000
  2.122610839453942E-314  0.000000000000000E+000
 -6.870074025798052E-003  7.949544049736773E-004
 -1.374110119777790E-002  3.014348177892899E-003
 -2.050468069074489E-002  6.464556677673239E-003
 -2.709051320221445E-002  1.100477244172635E-002
 -3.344469160166911E-002  1.653053553507801E-002
 -3.953990720397225E-002  2.297410707166611E-002
 -4.536146508814474E-002  3.027099896874424E-002
 -5.090691951367129E-002  3.838114603276940E-002
 -5.618239933036061E-002  4.725795370522696E-002
 -6.119262681727363E-002  5.686840210195847E-002
 -6.594933728762502E-002  6.717137301609143E-002
 -7.045349337364237E-002  7.813182463549863E-002
 -7.471477355024529E-002  8.970635048880289E-002
 -7.872476373199715E-002  0.101850499863545     
 -8.248817848682938E-002  0.114512357562823     
 -8.598477625942783E-002  0.127630003795999     
 -8.921457034439229E-002  0.141136831770582     
 -9.214349344956392E-002  0.154941338383471     
 -9.476796007789474E-002  0.168955648344383     
 -9.703501857277254E-002  0.183040180027447     
 -9.893590937796494E-002  0.197077893518539     
 -0.100384238172350       0.210852195664185     
 -0.101354445635538       0.224205708169285     
 -0.101689627338699       0.236799499175469     
 -0.101309553747123       0.248417346775362     
 -9.990098925849174E-002  0.258529127428438     
 -9.722970535091195E-002  0.266827723145918     
 -9.264205510694593E-002  0.272498728339605     
 -8.551799732101859E-002  0.275097504302907     
 -7.449638835948091E-002  0.273440035772515     
 -5.807496904409037E-002  0.266914170970629     
 -3.355535351472022E-002  0.254060120074801     
  2.343863817627350E-003  0.234256526415362     
  5.435878510024886E-002  0.206542026965943     
  0.128392154731502       0.171102466203453     
  0.230772995724379       0.129509076776906     
  0.368244927387135       8.478005116748863E-002
  0.544289474685525       4.362390187941193E-002
  0.757873766785172       1.209335539770183E-002
   1.00000000000000       0.000000000000000E+000
  2.122610839453942E-314  0.000000000000000E+000
 -8.425889678145258E-003  8.041074240481681E-004
 -1.662563739417745E-002  3.055311230049623E-003
 -2.454520270381655E-002  6.553203237136817E-003
 -3.216400629662737E-002  1.113272717615586E-002
 -3.945993428752258E-002  1.668908758572541E-002
 -4.642792188423903E-002  2.313715710908843E-002
 -5.306955288153722E-002  3.041695819840519E-002
 -5.938949005292993E-002  3.847523802712796E-002
 -6.540129218768109E-002  4.727379051532810E-002
 -7.110937183024495E-002  5.677023719834644E-002
 -7.652808922938201E-002  6.693298731790860E-002
 -8.165327423162227E-002  7.771862894468672E-002
 -8.649378939446184E-002  8.909202785146438E-002
 -9.103186785745751E-002  0.101000329964137     
 -9.526775217666125E-002  0.113395801320245     
 -9.916730953235900E-002  0.126207767308440     
 -0.102720839603996       0.139366008375910     
 -0.105875475362308       0.152771018086864     
 -0.108609292739533       0.166318117280031     
 -0.110845729615463       0.179863652832059     
 -0.112542540916155       0.193252840666925     
 -0.113586394319429       0.206276082784559     
 -0.113890785702113       0.218706833782208     
 -0.113273605809036       0.230238913105399     
 -0.111544008442146       0.240543274802709     
 -0.108379445871536       0.249176732219576     
 -0.103349882282000       0.255667132526497     
 -9.584376391315994E-002  0.259391177076016     
 -8.491806617492863E-002  0.259698897104553     
 -6.939097600626838E-002  0.255779330233802     
 -4.731865214441040E-002  0.246848553073331     
 -1.649205510132598E-002  0.232063789103124     
  2.665668252681606E-002  0.210851627691529     
  8.584387516969350E-002  0.182955841076475     
  0.166276791227029       0.148977612856685     
  0.272801654244446       0.110603123344445     
  0.409662376212737       7.112824181300363E-002
  0.579426040523476       3.579371670585940E-002
  0.778481164724356       9.850358738310819E-003
   1.00000000000000       0.000000000000000E+000
  2.122610839453942E-314  0.000000000000000E+000
 -9.999213957844023E-003  7.984035607554609E-004
 -1.952050235956686E-002  3.020256453888480E-003
 -2.858517993630146E-002  6.468437782143771E-003
 -3.721442074892249E-002  1.096976193878093E-002
 -4.542410973811365E-002  1.641615909204987E-002
 -5.323204124011681E-002  2.271801432517263E-002
 -6.065704432577940E-002  2.981116601566778E-002
 -6.771521844995927E-002  3.764347005138659E-002
 -7.442533356185058E-002  4.617270690915561E-002
 -8.079633751004162E-002  5.536227729292119E-002
 -8.684069115351928E-002  6.517623199556007E-002
 -9.255430483423531E-002  7.557867118990778E-002
 -9.793870121551498E-002  8.652947040054183E-002
 -0.102972153744691       9.798217416854411E-002
 -0.107642402906804       0.109883517083918     
 -0.111906329213630       0.122164686235566     
 -0.115736276067692       0.134750400728630     
 -0.119062943074944       0.147534144511160     
 -0.121840827484640       0.160409146702846     
 -0.123965143602678       0.173210144108779     
 -0.125365139677805       0.185788399392219     
 -0.125880027677648       0.197891207000197     
 -0.125392826961843       0.209315899825874     
 -0.123642486179249       0.219685419754669     
 -0.120414277266981       0.228729276247803     
 -0.115257108569718       0.235905296905838     
 -0.107745871741386       0.240861423938376     
 -9.707165282574430E-002  0.242865234533734     
 -8.237811466831739E-002  0.241483783709073     
 -6.222331000704217E-002  0.235845427752232     
 -3.494923502518724E-002  0.225503267710205     
  1.861252896752428E-003  0.209713770679715     
  5.109685861743270E-002  0.188288535695120     
  0.116259136949072       0.161311664676690     
  0.201380366972780       0.129509245123597     
  0.310096791183641       9.492195917119273E-002
  0.445564031096158       6.011892630123584E-002
  0.608326031521111       2.991232880697839E-002
  0.795504079650592       8.125009940961075E-003
   1.00000000000000       0.000000000000000E+000
  2.122610839453942E-314  0.000000000000000E+000
 -1.151857901380858E-002  7.645388392103224E-004
 -2.233190037828466E-002  2.899842917374542E-003
 -3.250210295092377E-002  6.211844388663118E-003
 -4.210628269137106E-002  1.052467245148189E-002
 -5.118702276050821E-002  1.573368182069346E-002
 -5.979222277059978E-002  2.174428421750259E-002
 -6.795585980367524E-002  2.849733810132516E-002
 -7.570718712152916E-002  3.593555929044354E-002
 -8.307233492802207E-002  4.402406624505695E-002
 -9.006295848542772E-002  5.272231269147698E-002
 -9.669359523296873E-002  6.200289431540024E-002
 -0.102955763544329       7.182674699696016E-002
 -0.108848416062879       8.216169811865501E-002
 -0.114339785127772       9.295901474836059E-002
 -0.119409576588649       0.104170269056979     
 -0.123999456311371       0.115725969931239     
 -0.128066031162764       0.127549115191171     
 -0.131520098471897       0.139536255276967     
 -0.134288823983840       0.151567614585890     
 -0.136244303858132       0.163489117034900     
 -0.137270615894069       0.175121755767160     
 -0.137184593537058       0.186240225887201     
 -0.135796695775324       0.196588015622763     
 -0.132833314037319       0.205845461256532     
 -0.127966724868704       0.213661047470623     
 -0.120762139252449       0.219601173288341     
 -0.110628691920341       0.223211776335052     
 -9.683996620930886E-002  0.223947339269422     
 -7.832846305021969E-002  0.221281095071419     
 -5.386603180337402E-002  0.214624980420428     
 -2.161942574268302E-002  0.203512418047553     
  2.039636958453878E-002  0.187541882128416     
  7.496425182131805E-002  0.166658702918761     
  0.144896062729419       0.141164890559001     
  0.233437973081154       0.112034669116808     
  0.343473646759589       8.104259906085097E-002
  0.476609809470107       5.077308209242447E-002
  0.633301582029427       2.491528142388720E-002
  0.809670834900711       6.719978062612010E-003
   1.00000000000000       0.000000000000000E+000
  2.122610839453942E-314  0.000000000000000E+000
 -1.297376617354878E-002  7.179612785913726E-004
 -2.500168403130297E-002  2.712188826303601E-003
 -3.621868340303178E-002  5.806927950148261E-003
 -4.673146204764539E-002  9.827233733169263E-003
 -5.662551425036304E-002  1.467725521180475E-002
 -6.596691566427176E-002  2.026245576417976E-002
 -7.481232009280601E-002  2.652811568749627E-002
 -8.320083469324749E-002  3.341912134211270E-002
 -9.116779087912830E-002  4.090308723486533E-002
 -9.872871837088157E-002  4.894445304999406E-002
 -0.105898233191445       5.751734497082434E-002
 -0.112667010405427       6.658939171937146E-002
 -0.119027052831334       7.612968704597477E-002
 -0.124940838885451       8.609603086207156E-002
 -0.130374918028804       9.644193552194309E-002
 -0.135258820594578       0.107101623621342     
 -0.139530121237900       0.118002414712374     
 -0.143078370917065       0.129038284719829     
 -0.145806625588085       0.140099254981628     
 -0.147552515016606       0.151018135010200     
 -0.148173401132294       0.161636561316456     
 -0.147432728007930       0.171701369135036     
 -0.145117729827752       0.180996182234612     
 -0.140875479289651       0.189156978063279     
 -0.134371654645430       0.195904304152655     
 -0.125060505118874       0.200749500550101     
 -0.112387202064896       0.203356929433764     
 -9.548780428393489E-002  0.203136760186013     
 -7.342087681905177E-002  0.199734976706686     
 -4.483517409567532E-002  0.192573263677057     
 -8.185866722255448E-003  0.181390129954534     
  3.849830104307975E-002  0.165898501967644     
  9.748440682105659E-002  0.146185248805552     
  0.171204962348644       0.122757907692257     
  0.262233452697252       9.646778418384198E-002
  0.372527956107036       6.918401904397702E-002
  0.503307839302115       4.289115988012581E-002
  0.653949714986960       2.088362337828680E-002
  0.821359582019468       5.567877672077949E-003
   1.00000000000000       0.000000000000000E+000
  2.122610839453942E-314  0.000000000000000E+000
 -1.430165814217776E-002  6.488028377468984E-004
 -2.745674879744760E-002  2.457215342239453E-003
 -3.962790794195021E-002  5.260558289119375E-003
 -5.097651229002812E-002  8.897163796412977E-003
 -6.160758288850526E-002  1.327887894236028E-002
 -7.161929292994819E-002  1.831716058444200E-002
 -8.108044012799366E-002  2.396424136192112E-002
 -9.004607473230970E-002  3.016743653809923E-002
 -9.855781859742398E-002  3.690221117128074E-002
 -0.106636119846421       4.413446783001965E-002
 -0.114296976289705       5.184717863604243E-002
 -0.121528125765292       6.000970102529343E-002
 -0.128317826389491       6.860015672907499E-002
 -0.134619431880233       7.757946495233903E-002
 -0.140389245674789       8.690869556676351E-002
 -0.145542361370017       9.652809991159918E-002
 -0.149997091965703       0.106368517176084     
 -0.153624259359862       0.116335467655594     
 -0.156295027066055       0.126314905178612     
 -0.157826326066799       0.136161059473091     
 -0.158026357373177       0.145699759863358     
 -0.156641134760310       0.154716018378220     
 -0.153386368699130       0.162962538385579     
 -0.147905437405321       0.170139996286017     
 -0.139766845607319       0.175923454219669     
 -0.128453724762983       0.179926872840841     
 -0.113293842181128       0.181764435061678     
 -9.351491884028165E-002  0.180994062487033     
 -6.806874365654168E-002  0.177231982596215     
 -3.579853731097709E-002  0.170080501516272     
  4.851378447347115E-003  0.159306554758908     
  5.552310923468681E-002  0.144777328831153     
  0.118239307389943       0.126685052782315     
  0.194998652533930       0.105532768644305     
  0.287718936507847       8.228164749742793E-002
  0.398007059249411       5.846043364006411E-002
  0.526169622184816       3.595854987579145E-002
  0.671706891879359       1.733635650785544E-002
  0.831193384507252       4.582515624325327E-003
   1.00000000000000       0.000000000000000E+000
  2.122610839453942E-314  0.000000000000000E+000
 -1.549740757204354E-002  5.690760103357848E-004
 -2.964405744090042E-002  2.145702611897262E-003
 -4.266816183423000E-002  4.594663507970663E-003
 -5.474865425705690E-002  7.762252453237323E-003
 -6.603242241180460E-002  1.157864630059440E-002
 -7.662970129445329E-002  1.595999146597371E-002
 -8.663322765917118E-002  2.087001977605739E-002
 -9.610516703311944E-002  2.626038518004137E-002
 -0.105098221817634       3.211446510258661E-002
 -0.113635656340645       3.840380132200039E-002
 -0.121735270158353       4.511776309295003E-002
 -0.129383393752336       5.223285707897141E-002
 -0.136562803592042       5.973371463697484E-002
 -0.143220332432387       6.758920714974165E-002
 -0.149300442022918       7.576864187377859E-002
 -0.154704754891865       8.421949994450638E-002
 -0.159333964181414       9.288465922654686E-002
 -0.163035798098553       0.101673863532824     
 -0.165659276352515       0.110491919870453     
 -0.166985358484523       0.119191427202446     
 -0.166798877949070       0.127628319394058     
 -0.164793760961523       0.135577569048321     
 -0.160668406508071       0.142839245571425     
 -0.153996358438016       0.149095394414400     
 -0.144348719965206       0.154092316840635     
 -0.131124948810272       0.157422525449686     
 -0.113698683633853       0.158798921174345     
 -9.121825779760495E-002  0.157770791090485     
 -6.275841246942244E-002  0.154072413336922     
 -2.713497894329123E-002  0.147334778012633     
  1.697194449808982E-002  0.137426931883808     
  7.108746913384094E-002  0.124298205634314     
  0.136882057738319       0.108147901573212     
  0.215976737824491       8.957810989757346E-002
  0.309924161607157       6.935096166728866E-002
  0.419683345696427       4.897919464613319E-002
  0.545482676493583       2.988164003297815E-002
  0.686256879049860       1.432319799111107E-002
  0.839203177094558       3.749612382628676E-003
   1.00000000000000       0.000000000000000E+000
  2.122610839453942E-314  0.000000000000000E+000
 -1.650836231999917E-002  4.724971889798953E-004
 -3.151183198764711E-002  1.785419439608420E-003
 -4.525376590427568E-002  3.820985281172770E-003
 -5.796195664151959E-002  6.450679736426646E-003
 -6.979474216637498E-002  9.615891927834264E-003
 -8.089223494857643E-002  1.324745857242050E-002
 -9.135506754718679E-002  1.731781057925699E-002
 -0.101261545121523       2.178741005932905E-002
 -0.110668673300997       2.664804536355643E-002
 -0.119606081254539       3.187751250216473E-002
 -0.128092026896063       3.747442903865104E-002
 -0.136112002893367       4.342124457100106E-002
 -0.143644429456709       4.971295714648363E-002
 -0.150629518702567       5.632596611728388E-002
 -0.157000758825100       6.324052809099877E-002
 -0.162648168516090       7.041524375642280E-002
 -0.167452283456788       7.780312444453916E-002
 -0.171245253962439       8.533125590060767E-002
 -0.173843719878523       9.291147186509210E-002
 -0.175011420981577       0.100423592272659     
 -0.174485747138092       0.107724611959198     
 -0.171946886034145       0.114631443544224     
 -0.167029571446621       0.120936927300111     
 -0.159306785711981       0.126385152423906     
 -0.148273437205657       0.130707471133092     
 -0.133357374216510       0.133581954973044     
 -0.113858266597450       0.134705642294272     
 -8.900333731020049E-002  0.133732412266635     
 -5.783155021172629E-002  0.130394560315908     
 -1.930978385197712E-002  0.124423926245374     
  2.781224594607615E-002  0.115718009352325     
  8.483202843311091E-002  0.104270162309893     
  0.153156477739707       9.033416922473073E-002
  0.234149714663048       7.441499471641654E-002
  0.328872694784616       5.729615040932345E-002
  0.438135539818708       4.017671635953689E-002
  0.561634359962577       2.435327596592494E-002
  0.698487059084404       1.157955431983809E-002
  0.845831783418317       3.010915639252860E-003
   1.00000000000000       0.000000000000000E+000
  2.122610839453942E-314  0.000000000000000E+000
 -1.733415094508451E-002  3.676316168042729E-004
 -3.301453376136806E-002  1.380813730687001E-003
 -4.733967222829676E-002  2.959431124861501E-003
 -6.054291421114540E-002  4.988150033724283E-003
 -7.281933851674055E-002  7.433521810794084E-003
 -8.431417776036432E-002  1.023469444701006E-002
 -9.515012768606353E-002  1.338060436118015E-002
 -0.105409019562415       1.683786057042647E-002
 -0.115159230196568       2.061003972989663E-002
 -0.124431700560287       2.468115263362601E-002
 -0.133248181146184       2.905981887367746E-002
 -0.141592359904676       3.373600098881081E-002
 -0.149439830808172       3.871524654561619E-002
 -0.156724393895351       4.398321490523392E-002
 -0.163371053607098       4.953335604272249E-002
 -0.169256713598857       5.533498652729258E-002
 -0.174248140866944       6.135917457792082E-002
 -0.178155159959781       6.754414726768898E-002
 -0.180776367990013       7.382728601696693E-002
 -0.181841564535653       8.009828353120330E-002
 -0.181068770273542       8.625028512617873E-002
 -0.178091417177885       9.210696487771482E-002
 -0.172530100098950       9.751102429979730E-002
 -0.163900336282631       0.102209487512889     
 -0.151700111753603       0.105998837440224     
 -0.135298269612619       0.108558785257096     
 -0.114033053801090       0.109663082328368     
 -8.709341685635227E-002  0.108973622803200     
 -5.361429411044139E-002  0.106295424653899     
 -1.258709682869234E-002  0.101385354059799     
  3.707053360005283E-002  9.417435996207756E-002
  9.650810040436886E-002  8.469927577587015E-002
  0.166911346717552       7.315083173568386E-002
  0.249324795001268       6.006490022604857E-002
  0.344627112717379       4.600679176458469E-002
  0.453190204316853       3.211851355226279E-002
  0.574754730289547       1.931755378789470E-002
  0.708154964120425       9.136888297458528E-003
  0.851008044598285       2.348624762548721E-003
   1.00000000000000       0.000000000000000E+000
  2.122610839453942E-314  0.000000000000000E+000
 -1.793413468274469E-002  2.520203418853537E-004
 -3.412218841544563E-002  9.470668969801248E-004
 -4.886525742342625E-002  2.027130828522411E-003
 -6.243624723092019E-002  3.410920138313219E-003
 -7.503291882336943E-002  5.078101612371959E-003
 -8.682514099760615E-002  6.988800431057277E-003
 -9.793833767051309E-002  9.141086603822794E-003
 -0.108468777381175       1.151507844849258E-002
 -0.118486468458500       1.412222885112271E-002
 -0.128029585476189       1.695644094500828E-002
 -0.137119273367920       2.003494176314706E-002
 -0.145741079596356       2.335686251491217E-002
 -0.153866213446726       2.693841715034698E-002
 -0.161425830717663       3.077608248266152E-002
 -0.168334694347416       3.487670996069810E-002
 -0.174462886862346       3.922430902278390E-002
 -0.179658546752986       4.380601301765160E-002
 -0.183720949167766       4.858105394860879E-002
 -0.186419103117846       5.350454556754079E-002
 -0.187470042304880       5.849631204192150E-002
 -0.186549582098562       6.346690668732186E-002
 -0.183280013032879       6.828220713589804E-002
 -0.177228243847485       7.279947591276623E-002
 -0.167907687291927       7.682189755180906E-002
 -0.154758288575538       8.015600451856945E-002
 -0.137167350520692       8.254979932867981E-002
 -0.114428431564398       8.378358890704181E-002
 -8.578384122137232E-002  8.358957511040319E-002
 -5.037022329843089E-002  8.178035052113442E-002
 -7.278267738765249E-003  7.816061592537758E-002
  4.447832024500132E-002  7.267403772561641E-002
  0.105909791652880       6.534044243729648E-002
  0.177967656339055       5.635967548711102E-002
  0.261560024658021       4.613373511996922E-002
  0.357210669910188       3.519768529172886E-002
  0.465252108220538       2.441295930381625E-002
  0.585116728542821       1.457494196550446E-002
  0.715824805493781       6.829386869547143E-003
  0.855072516481231       1.733077109651080E-003
   1.00000000000000       0.000000000000000E+000
  2.122610839453942E-314  0.000000000000000E+000
 -1.831222902617782E-002  1.307395239057374E-004
 -3.479931946259174E-002  4.832546994164256E-004
 -4.980378075236884E-002  1.042452658611937E-003
 -6.359179933479106E-002  1.743759272557767E-003
 -7.638952251005962E-002  2.595892992519222E-003
 -8.836441042018123E-002  3.569286490960952E-003
 -9.965977786442033E-002  4.681180422078920E-003
 -0.110371216450667       5.918278814031207E-003
 -0.120579291622145       7.305914929335798E-003
 -0.130321635233501       8.843552716578001E-003
 -0.139624671302121       1.056056841482075E-002
 -0.148471877663299       1.246267787585823E-002
 -0.156835442707986       1.457932386258938E-002
 -0.164640980077588       1.691607935909033E-002
 -0.171800106644689       1.949651689983040E-002
 -0.178171619302903       2.231718832059542E-002
 -0.183596192961338       2.538773572914967E-002
 -0.187853671989909       2.868365389401794E-002
 -0.190701434587919       3.219063437912838E-002
 -0.191827005792808       3.584791911425469E-002
 -0.190891942495575       3.960668261143507E-002
 -0.187478720804518       4.335387514489550E-002
 -0.181141712632662       4.699831244169263E-002
 -0.171347804730820       5.036378684001706E-002
 -0.157534604189941       5.331730217120980E-002
 -0.139046947385330       5.562545164945955E-002
 -0.115198819795896       5.712941287890047E-002
 -8.521584394196713E-002  5.757818735151950E-002
 -4.829147548774885E-002  5.682660048042117E-002
 -3.559292931456496E-003  5.469547735274884E-002
  4.986862583872449E-002  5.111977626975944E-002
  0.112861917575816       4.613135867101157E-002
  0.186253753024215       3.982844349538582E-002
  0.270700511228216       3.260246058908339E-002
  0.366656423959246       2.476321079935771E-002
  0.474160744908831       1.710107307419119E-002
  0.592740969882021       1.008159218099774E-002
  0.721292463759010       4.685036970978553E-003
  0.857876951226239       1.157972411558056E-003
   1.00000000000000       0.000000000000000E+000
  2.122610839453942E-314  0.000000000000000E+000
 -1.844172312554456E-002  5.480488814053833E-006
 -3.503864111660963E-002  1.173606036763187E-005
 -5.012277897293094E-002  2.843113174186287E-005
 -6.398730634531262E-002  3.097826448965259E-005
 -7.685170064852097E-002  4.100566320510210E-005
 -8.890042716576291E-002  5.361428475434831E-005
 -0.100273738221401       9.369712784586785E-005
 -0.111078568398958       1.642265403121783E-004
 -0.121393987351276       2.960493173338002E-004
 -0.131265346534491       5.007590522333031E-004
 -0.140717332958269       8.137619976681649E-004
 -0.149738523287012       1.252032935042744E-003
 -0.158297213134396       1.853783777756719E-003
 -0.166321673295072       2.637558054566569E-003
 -0.173715284088500       3.640296086629662E-003
 -0.180336705258985       4.875502843859043E-003
 -0.186011575364498       6.372155348565172E-003
 -0.190516354139215       8.128914638984814E-003
 -0.193584198218523       1.015726288859076E-002
 -0.194896131338725       1.242802174106508E-002
 -0.194078939400230       1.492367018489986E-002
 -0.190707083688297       1.757275172206896E-002
 -0.184291117374405       2.031820473207848E-002
 -0.174292296977206       2.303508962677974E-002
 -0.160102621834412       2.562281234934144E-002
 -0.141070639573412       2.790430174925889E-002
 -0.116479524036989       2.974591023141435E-002
 -8.557661241848045E-002  3.094526948606117E-002
 -4.756743749071869E-002  3.137071202876558E-002
 -1.630124968685355E-003  3.085954373959683E-002
  5.303337659452800E-002  2.934471169440683E-002
  0.117232693070031       2.680756803564451E-002
  0.191612010995539       2.332140069642952E-002
  0.276782619482218       1.912566847873632E-002
  0.372945357431045       1.446703097891826E-002
  0.480167722097826       9.873505539911861E-003
  0.597800887423431       5.690986677997047E-003
  0.724909858383628       2.574621316152859E-003
  0.859702943135677       5.997331439673388E-004
   1.00000000000000       0.000000000000000E+000
  2.122610839453942E-314  0.000000000000000E+000
 -1.833094193016466E-002 -1.222948590003497E-004
 -3.481779114444654E-002 -4.728856980385874E-004
 -4.981632440114237E-002 -9.975598868364943E-004
 -6.360045424750842E-002 -1.702434291412360E-003
 -7.640682340052014E-002 -2.536235120942115E-003
 -8.840969377784187E-002 -3.493496956377240E-003
 -9.976123898778562E-002 -4.529989788914577E-003
 -0.110563223716663      -5.637560974583076E-003
 -0.120903633363816      -6.771257697896636E-003
 -0.130825248511732      -7.916440126022254E-003
 -0.140359902044556      -9.024917314201332E-003
 -0.149493955552889      -1.007616088331324E-002
 -0.158201425680094      -1.101748685017808E-002
 -0.166406501765365      -1.182396455159399E-002
 -0.174016514374151      -1.243993584977982E-002
 -0.180881847702403      -1.284058984357422E-002
 -0.186829475777695      -1.297160148807530E-002
 -0.191621023941205      -1.281639544211735E-002
 -0.194987377939414      -1.232931693122151E-002
 -0.196586211080914      -1.151419680947610E-002
 -0.196037938579585      -1.034399642646776E-002
 -0.192884664733414      -8.858191411327087E-003
 -0.186627480563067      -7.058968087621506E-003
 -0.176689329721162      -5.035544520512148E-003
 -0.162453037431574      -2.827725115159396E-003
 -0.143232491743416      -5.781927947348930E-004
 -0.118308355515015       1.634668130525683E-003
 -8.691532426811011E-002  3.634610800273054E-003
 -4.827082017947276E-002  5.318871078875518E-003
 -1.589529625585707E-003  6.536093280517762E-003
  5.389878589462829E-002  7.188958522820896E-003
  0.118890698667453       7.250313387609123E-003
  0.194002188316201       6.667418476576285E-003
  0.279654777577206       5.643995596913292E-003
  0.376063164341359       4.187143459000763E-003
  0.483096579120788       2.749164913949878E-003
  0.600227029110478       1.354023109685303E-003
  0.726481022165130       5.285438981767137E-004
  0.860343293894408       5.429365211292666E-005
   1.00000000000000       0.000000000000000E+000
  2.122610839453942E-314  0.000000000000000E+000
 -1.796953016605154E-002 -2.464886927614384E-004
 -3.415326266198575E-002 -9.417553981342594E-004
 -4.888304611242122E-002 -2.006711163206836E-003
 -6.244394115795800E-002 -3.404962552930595E-003
 -7.505638080526165E-002 -5.074856832514990E-003
 -8.690203054074704E-002 -6.985407350358410E-003
 -9.812400655816550E-002 -9.088279610813120E-003
 -0.108831291091100      -1.135831313070391E-002
 -0.119107053552242      -1.374945443175708E-002
 -0.129001980643065      -1.623411342492073E-002
 -0.138544987400031      -1.876299706567940E-002
 -0.147731138365368      -2.130332377033409E-002
 -0.156531335013294      -2.379850957734367E-002
 -0.164878777458845      -2.620953622881999E-002
 -0.172675395170353      -2.847121043529996E-002
 -0.179779928428776      -3.054061619376607E-002
 -0.186009413356454      -3.234542644624046E-002
 -0.191131842620471      -3.384484744511159E-002
 -0.194861302029504      -3.496438241924157E-002
 -0.196858361772829      -3.567561778266853E-002
 -0.196717948235906      -3.591082358854372E-002
 -0.193980323641888      -3.566810456636930E-002
 -0.188112438385441      -3.489894248406172E-002
 -0.178530520363060      -3.364298894078259E-002
 -0.164579208512173      -3.188565054168534E-002
 -0.145562405203251      -2.971785369069408E-002
 -0.120731301223162      -2.716993134674580E-002
 -8.930856416591229E-002 -2.437897278409003E-002
 -5.051371628187497E-002 -2.141926055063378E-002
 -3.547847101515740E-003 -1.844000089647683E-002
  5.229747613800482E-002 -1.554392670055280E-002
  0.117737412326553      -1.282533328552174E-002
  0.193250728403856      -1.038435247448883E-002
  0.279298755315564      -8.183278994970334E-003
  0.375915270315990      -6.304569474307217E-003
  0.483057024276097      -4.562292997412055E-003
  0.600090567968302      -3.058911618884574E-003
  0.726198437737841      -1.581145438801408E-003
  0.860039701842626      -5.016095478625839E-004
   1.00000000000000       0.000000000000000E+000
  2.122610839453942E-314  0.000000000000000E+000
 -1.737025075322602E-002 -3.694233829098575E-004
 -3.303911169077199E-002 -1.403827140140325E-003
 -4.734036167748766E-002 -2.982552553498806E-003
 -6.052766117410505E-002 -5.051002231185295E-003
 -7.282484638341456E-002 -7.520952050970600E-003
 -8.439597432943281E-002 -1.035297398236137E-002
 -9.538868788407519E-002 -1.348174230217489E-002
 -0.105902509757844      -1.688013990825636E-002
 -0.116027180797232      -2.048952014812528E-002
 -0.125808838226393      -2.428366657684264E-002
 -0.135285265814738      -2.820123918208096E-002
 -0.144449212070597      -3.221127576038613E-002
 -0.153282481426981      -3.624285891014888E-002
 -0.161715919252507      -4.025642328999852E-002
 -0.169663708076599      -4.416769968945623E-002
 -0.176980031960288      -4.792784538911334E-002
 -0.183494317141684      -5.143826685490670E-002
 -0.188965541625903      -5.464372298748917E-002
 -0.193118450997520      -5.743379571054445E-002
 -0.195597876341464      -5.975440479696237E-002
 -0.196005147821844      -6.149015250581937E-002
 -0.193856435489217      -6.260109182976864E-002
 -0.188617849522116      -6.297915228760552E-002
 -0.179673856831771      -6.261554176360187E-002
 -0.166358221392293      -6.142867773382769E-002
 -0.147940708410773      -5.945825073495151E-002
 -0.123650406777387      -5.667087964138660E-002
 -9.268693439842143E-002 -5.316187124873754E-002
 -5.423515729625280E-002 -4.897048320926403E-002
 -7.508590776887386E-003 -4.422643425239116E-002
  4.825040439964536E-002 -3.906583393531897E-002
  0.113685194234392      -3.359728629862566E-002
  0.189341492432308      -2.806101319957768E-002
  0.275548157480624      -2.247068213253055E-002
  0.372437695163681      -1.717605095489073E-002
  0.479827602988440      -1.207241935418479E-002
  0.597235423798345      -7.622192621101503E-003
  0.723841847914154      -3.719515000092378E-003
  0.858514633679966      -1.071519962070052E-003
   1.00000000000000       0.000000000000000E+000
  2.122610839453942E-314  0.000000000000000E+000
 -1.654169857541972E-002 -4.805926395161551E-004
 -3.151618223637234E-002 -1.825359506412976E-003
 -4.522035195146540E-002 -3.891699905490913E-003
 -5.790027591363704E-002 -6.584282954108115E-003
 -6.975475313859573E-002 -9.809255284612468E-003
 -8.094419597901718E-002 -1.350387992508565E-002
 -9.160167435241813E-002 -1.760400359534342E-002
 -0.101829101663683      -2.206668789822576E-002
 -0.111708230719804      -2.683828379443251E-002
 -0.121292967053862      -3.187999385335189E-002
 -0.130616878313053      -3.713645154082000E-002
 -0.139685018373923      -4.256427118418533E-002
 -0.148476665444773      -4.809665912485233E-002
 -0.156938535210693      -5.367961476157129E-002
 -0.164982271605616      -5.922780086437362E-002
 -0.172480286274387      -6.467401330164765E-002
 -0.179257730976411      -6.990931891966619E-002
 -0.185092368025767      -7.485422050156543E-002
 -0.189700870593253      -7.937415539871433E-002
 -0.192744711876135      -8.338288679445835E-002
 -0.193810824574170      -8.672305606252337E-002
 -0.192426097849069      -8.931308745699325E-002
 -0.188033656067190      -9.098381070590920E-002
 -0.180018063623093      -9.167598131977135E-002
 -0.167681519690612      -9.123121375712463E-002
 -0.150276253016696      -8.963619740852934E-002
 -0.126996406927599      -8.677672671264190E-002
 -9.699946997208773E-002 -8.270555087318621E-002
 -5.944651201997611E-002 -7.740220283199326E-002
 -1.348200015916211E-002 -7.098933980450504E-002
  4.163856099145880E-002 -6.358973800797552E-002
  0.106663840572106      -5.538129706217174E-002
  0.182063461690571      -4.665310522826204E-002
  0.268313615239087      -3.760112819381597E-002
  0.365419759947285      -2.868872048450127E-002
  0.473370875109703      -2.010850727090299E-002
  0.591605554471452      -1.247841892386315E-002
  0.719464424047030      -6.044552127778011E-003
  0.855984193998456      -1.684903702276003E-003
   1.00000000000000       0.000000000000000E+000
  2.122610839453942E-314  0.000000000000000E+000
 -1.550064052485582E-002 -5.861972172637216E-004
 -2.959792302348778E-002 -2.217807112437407E-003
 -4.256528429328695E-002 -4.719195213993247E-003
 -5.460706021722671E-002 -7.979339837457421E-003
 -6.590983625434235E-002 -1.188476873631676E-002
 -7.661049264073451E-002 -1.636794256109643E-002
 -8.683829023299983E-002 -2.135236443118013E-002
 -9.668229620599825E-002 -2.679765425080341E-002
 -0.106227868697668      -3.264043215935641E-002
 -0.115522680836702      -3.884902572275522E-002
 -0.124610355733205      -4.535771886470265E-002
 -0.133493376901672      -5.213222988402558E-002
 -0.142166732109755      -5.909263170260655E-002
 -0.150576202638203      -6.619327546001084E-002
 -0.158654123798162      -7.333092677714717E-002
 -0.166271963628795      -8.044254597189611E-002
 -0.173279594536212      -8.739419355686542E-002
 -0.179452023462683      -9.410198543960258E-002
 -0.184532774096977      -0.100396454650567     
 -0.188176408261984      -0.106173430656390     
 -0.189995245239045      -0.111227588428752     
 -0.189501993990747      -0.115441429797844     
 -0.186157534563989      -0.118582724785017     
 -0.179321843411802      -0.120537258700171     
 -0.168298068189501      -0.121068403197096     
 -0.152302413613735      -0.120093980712563     
 -0.130499960227591      -0.117415892401639     
 -0.102008046888519      -0.113016231365407     
 -6.591250765569030E-002 -0.106815211621083     
 -2.132964043839856E-002 -9.888887045609616E-002
  3.261289545972770E-002 -8.936183947283403E-002
  9.665706774039885E-002 -7.841642548796547E-002
  0.171455131911962      -6.646902681348914E-002
  0.257413218771185      -5.377058325811939E-002
  0.354763100170091      -4.109868535101768E-002
  0.463386753483642      -2.873261198883722E-002
  0.582944706084385      -1.775427874221457E-002
  0.712770228851563      -8.514316939703693E-003
  0.852062501835295      -2.346797322117831E-003
   1.00000000000000       0.000000000000000E+000
  2.122610839453942E-314  0.000000000000000E+000
 -1.427669581214655E-002 -6.717543229002692E-004
 -2.734861555249332E-002 -2.545354761139824E-003
 -3.944154692479677E-002 -5.429564749892162E-003
 -5.073167558857564E-002 -9.179591601260487E-003
 -6.137387513386138E-002 -1.368283122927652E-002
 -7.148981797844883E-002 -1.885376438993434E-002
 -8.119010716821783E-002 -2.462325540943181E-002
 -9.056117005607879E-002 -3.093788450749303E-002
 -9.967775640973252E-002 -3.774609871497662E-002
 -0.108594807056798      -4.500471179184910E-002
 -0.117350166044035      -5.266229926731385E-002
 -0.125961669803395      -6.067227864485492E-002
 -0.134421501774807      -6.896937842543109E-002
 -0.142697731128904      -7.749343710343272E-002
 -0.150721870624013      -8.615316988168958E-002
 -0.158393725726567      -9.486743350352651E-002
 -0.165563566465471      -0.103506935816957     
 -0.172039409552779      -0.111964337421888     
 -0.177565203083153      -0.120061289418035     
 -0.181830548922215      -0.127662620383634     
 -0.184445798800718      -0.134532795748291     
 -0.184955367155359      -0.140513531419664     
 -0.182811718906842      -0.145313529532272     
 -0.177393869299542      -0.148767250063666     
 -0.167983615102750      -0.150545916545009     
 -0.153789219572091      -0.150506932883123     
 -0.133935608448493      -0.148336541811933     
 -0.107491143931252      -0.143957008159759     
 -7.348614289520516E-002 -0.137170747832709     
 -3.091725056379129E-002 -0.128030055707932     
  2.113748231723040E-002 -0.116571241565167     
  8.364202435552728E-002 -0.103034854061413     
  0.157256610147246      -8.784771217398388E-002
  0.242681537692264      -7.144574275981648E-002
  0.340089210963309      -5.474666800313918E-002
  0.449673118684638      -3.837862243570613E-002
  0.571012650665966      -2.364704872944581E-002
  0.703664899530573      -1.136434002070222E-002
  0.846942889363019      -3.104384748520084E-003
   1.00000000000000       0.000000000000000E+000
  2.122610839453942E-314  0.000000000000000E+000
 -1.288947399313237E-002 -7.472005281182098E-004
 -2.480298556703067E-002 -2.820627528566840E-003
 -3.591561406507649E-002 -6.010677730190365E-003
 -4.635539677795587E-002 -1.016169884568493E-002
 -5.624887608442666E-002 -1.515215064213799E-002
 -6.569122822572718E-002 -2.089647653545109E-002
 -7.478081722223542E-002 -2.731959367059567E-002
 -8.358957135542854E-002 -3.437548713036069E-002
 -9.219249554765319E-002 -4.200634771492841E-002
 -0.100637117670332      -5.018208976461708E-002
 -0.108971585695330      -5.884282103063513E-002
 -0.117210423507183      -6.795915852408747E-002
 -0.125364925662253      -7.745421559670504E-002
 -0.133402529351828      -8.728723001042216E-002
 -0.141282394925882      -9.735108412799680E-002
 -0.148905682236366      -0.107583193775917     
 -0.156158891891551      -0.117832427595960     
 -0.162852627606985      -0.128004340272115     
 -0.168774984399107      -0.137890166199325     
 -0.173617657067245      -0.147355235227507     
 -0.177040535837220      -0.156120572867493     
 -0.178585731448372      -0.164007716403913     
 -0.177753786734566      -0.170664042775986     
 -0.173910780649360      -0.175875186444072     
 -0.166371384593226      -0.179226847263725     
 -0.154311446011033      -0.180494510664873     
 -0.136848507099274      -0.179260356625271     
 -0.112991658009091      -0.175343338841161     
 -8.169126612088748E-002 -0.168428507575232     
 -4.185577597543884E-002 -0.158477551732315     
  7.631052602779649E-003 -0.145440536527713     
  6.780948268278658E-002 -0.129502445814017     
  0.139692520923949      -0.111184172937542     
  0.223989007420353      -9.093572770984908E-002
  0.321313172498891      -7.003078410667259E-002
  0.431803537047797      -4.920263063574763E-002
  0.555421720860235      -3.038869056887361E-002
  0.691681300683072      -1.454290273900876E-002
  0.840061406126027      -3.972516585833851E-003
   1.00000000000000       0.000000000000000E+000
  2.122610839453942E-314  0.000000000000000E+000
 -1.139032842412245E-002 -7.950777498524551E-004
 -2.204536085498450E-002 -3.009806613833646E-003
 -3.208628687857639E-002 -6.428773180623600E-003
 -4.159269970786864E-002 -1.087523732893897E-002
 -5.065674762936447E-002 -1.623595355178589E-002
 -5.934795530910202E-002 -2.241549422797197E-002
 -6.774444678146298E-002 -2.935202601746661E-002
 -7.591115718563109E-002 -3.699020385236673E-002
 -8.391079674828542E-002 -4.529017985737369E-002
 -9.179739224829539E-002 -5.421135537076217E-002
 -9.961130851758210E-002 -6.371613890510845E-002
 -0.107384278710441      -7.376250058570814E-002
 -0.115122955950361      -8.429961737875036E-002
 -0.122821713267884      -9.527164295907163E-002
 -0.130438160326679      -0.106599471453396     
 -0.137910196143724      -0.118202391916554     
 -0.145126402622571      -0.129955492610897     
 -0.151944125165252      -0.141741880335459     
 -0.158157610325699      -0.153370742014772     
 -0.163514193201568      -0.164678803961273     
 -0.167682988299936      -0.175386159290053     
 -0.170266050651582      -0.185276550989021     
 -0.170772183981950      -0.193964187220777     
 -0.168622750337939      -0.201184118499547     
 -0.163129699165268      -0.206439714410284     
 -0.153500431591455      -0.209440148708079     
 -0.138825785677737      -0.209624295831843     
 -0.118086157682254      -0.206740802023487     
 -9.016006804133461E-002 -0.200261924827982     
 -5.379818146688918E-002 -0.190091775824290     
 -7.752836969772494E-003 -0.175975893196964     
  4.931015158374090E-002 -0.158075955897661     
  0.118561914677475      -0.136830800947754     
  0.201184978621975      -0.112839246771634     
  0.297852265928536      -8.745111494348262E-002
  0.409373872094678      -6.185377814878510E-002
  0.535599107557001      -3.829988847853358E-002
  0.676511941155920      -1.843935781480668E-002
  0.831567549285769      -5.025746323352820E-003
   1.00000000000000       0.000000000000000E+000
  2.122610839453942E-314  0.000000000000000E+000
 -9.799743589060656E-003 -8.284869320121516E-004
 -1.913177660707396E-002 -3.124967930770496E-003
 -2.804051350971375E-002 -6.676376827144915E-003
 -3.655751214155967E-002 -1.130206281116989E-002
 -4.473220956035733E-002 -1.689357239955922E-002
 -5.260929748518726E-002 -2.336045255812170E-002
 -6.024758883225413E-002 -3.064198384111189E-002
 -6.769833915933036E-002 -3.869420750159705E-002
 -7.502138157335217E-002 -4.747394078697053E-002
 -8.226270666831254E-002 -5.695850454905679E-002
 -8.947211298310631E-002 -6.710277294315140E-002
 -9.667638363400342E-002 -7.788922377161735E-002
 -0.103902330228907      -8.925606887243327E-002
 -0.111142045661513      -0.101178197509845     
 -0.118384405443558      -0.113562284394760     
 -0.125568299519186      -0.126362919319131     
 -0.132626206096064      -0.139437086717134     
 -0.139420518498930      -0.152704022902525     
 -0.145803757336916      -0.165949204036098     
 -0.151532186734959      -0.179039742280480     
 -0.156348392270837      -0.191661914601267     
 -0.159864722237272      -0.203612778515184     
 -0.161675081640106      -0.214458043959141     
 -0.161205461074170      -0.223914078576503     
 -0.157854350910538      -0.231406618651254     
 -0.150811363371819      -0.236578185405795     
 -0.139226402616242      -0.238750728469069     
 -0.122018035732049      -0.237551761665376     
 -9.804069373969415E-002 -0.232262088662977     
 -6.591733810124251E-002 -0.222603906834631     
 -2.417737864699804E-002 -0.208158910187235     
  2.869061786760535E-002 -0.188901208749619     
  9.435723701892636E-002 -0.165187971980364     
  0.174236360850496      -0.137595264063394     
  0.269745852917132      -0.107653160484012     
  0.381779612722019      -7.665680163955545E-002
  0.511055677555410      -4.783075124559308E-002
  0.657391496435677      -2.297081742201389E-002
  0.820589982656610      -6.279851575125965E-003
   1.00000000000000       0.000000000000000E+000
  2.122610839453942E-314  0.000000000000000E+000
 -8.189247937588023E-003 -8.287252004090878E-004
 -1.615986438704227E-002 -3.139514103170312E-003
 -2.390342277823515E-002 -6.726515564828758E-003
 -3.138638546273635E-002 -1.140621316672320E-002
 -3.862705373705078E-002 -1.708568494923761E-002
 -4.563774190579337E-002 -2.367449834439602E-002
 -5.245879864647336E-002 -3.112934532471238E-002
 -5.913221233698081E-002 -3.940042169256570E-002
 -6.570493757914461E-002 -4.846638039966012E-002
 -7.222876848563305E-002 -5.829397162555460E-002
 -7.874313144542271E-002 -6.886621080831337E-002
 -8.529216659167066E-002 -8.015127031506585E-002
 -9.189427142840687E-002 -9.212326785814268E-002
 -9.856999996382511E-002 -0.104740020295098     
 -0.105302672948898      -0.117952166376208     
 -0.112072260934835      -0.131694648840649     
 -0.118810298177855      -0.145875172035812     
 -0.125435335335621      -0.160390293876012     
 -0.131805684638151      -0.175078735722218     
 -0.137750726553523      -0.189780816007870     
 -0.143027009376548      -0.204229678429854     
 -0.147337585356277      -0.218188299970974     
 -0.150298425200232      -0.231247283713735     
 -0.151439143885128      -0.243079294851211     
 -0.150181601589375      -0.253080377750555     
 -0.145809870213676      -0.260833187348074     
 -0.137479322556504      -0.265540971651852     
 -0.124158540664215      -0.266746727691470     
 -0.104634069748705      -0.263481556583933     
 -7.747264208620243E-002 -0.255328982847015     
 -4.102962668261534E-002 -0.241525531905417     
  6.486072516875008E-003 -0.221964047404143     
  6.703514184964939E-002 -0.196473884376608     
  0.142972890673082      -0.165805192592049     
  0.236002105161030      -0.131247486158773     
  0.348281589422749      -9.453917798171030E-002
  0.480631227132137      -5.949495955551440E-002
  0.633775750349781      -2.886700790446854E-002
  0.807252264381137      -7.896914087922634E-003
   1.00000000000000       0.000000000000000E+000
  2.122610839453942E-314  0.000000000000000E+000
 -6.577428732834254E-003 -8.110307462593833E-004
 -1.320453799067608E-002 -3.062838123935181E-003
 -1.977509196013416E-002 -6.578450992268320E-003
 -2.621734227582845E-002 -1.117882615674190E-002
 -3.249766478929827E-002 -1.679096107232350E-002
 -3.861127336185396E-002 -2.333358474508324E-002
 -4.457566241958349E-002 -3.077032083138352E-002
 -5.042263321806046E-002 -3.906480602057664E-002
 -5.619439970193182E-002 -4.819311794070631E-002
 -6.193435623013029E-002 -5.814244287496184E-002
 -6.768962501809977E-002 -6.888696520215819E-002
 -7.349650760329340E-002 -8.042423699336687E-002
 -7.939182969945276E-002 -9.271589722123946E-002
 -8.538982547635804E-002 -0.105759527216237     
 -9.150404458947010E-002 -0.119490996397341     
 -9.771152101155547E-002 -0.133895927628078     
 -0.103988740560440      -0.148865558528433     
 -0.110256919963156      -0.164357244522475     
 -0.116438375623289      -0.180191065511370     
 -0.122372699281096      -0.196274630407608     
 -0.127904444231260      -0.212318931128379     
 -0.132755268366498      -0.228151585460390     
 -0.136657279938271      -0.243335233229093     
 -0.139162814734449      -0.257589615378236     
 -0.139840584346764      -0.270256275071429     
 -0.137987919738923      -0.280914432990000     
 -0.132918116881289      -0.288680882915849     
 -0.123575913712694      -0.293001028918486     
 -0.108873767353140      -0.292712143142270     
 -8.723998800175341E-002 -0.287169405733981     
 -5.697891497957696E-002 -0.275340797303394     
 -1.596862469026995E-002 -0.256855756272071     
  3.819332544842294E-002 -0.230869359347767     
  0.108397042593985      -0.197818237339322     
  0.197750310947727      -0.159092097560646     
  0.308613075249815      -0.116101237614459     
  0.443810892321876      -7.406873577529242E-002
  0.604122474118502      -3.607284442200485E-002
  0.789910388219080      -9.950382169196477E-003
   1.00000000000000       0.000000000000000E+000
  2.122610839453942E-314  0.000000000000000E+000
 -5.051756590786930E-003 -7.577806844099658E-004
 -1.036582229206865E-002 -2.881998261173378E-003
 -1.579487006981178E-002 -6.218692696514054E-003
 -2.119439217714928E-002 -1.060855015072937E-002
 -2.651032599946195E-002 -1.599964857013566E-002
 -3.170623694391840E-002 -2.232016108860762E-002
 -3.678630899516835E-002 -2.955226693554368E-002
 -4.177461879120600E-002 -3.765522285308084E-002
 -4.670068987782874E-002 -4.662744601964324E-002
 -5.161353468749865E-002 -5.644344764291971E-002
 -5.654672992655632E-002 -6.710771568022993E-002
 -6.155213018457639E-002 -7.860002143860891E-002
 -6.665283756299335E-002 -9.092354692553951E-002
 -7.188912170039015E-002 -0.104054830185769     
 -7.726217334006770E-002 -0.117985107008520     
 -8.278850396879552E-002 -0.132676249261470     
 -8.843575448424577E-002 -0.148090823990346     
 -9.418254843127950E-002 -0.164159829035993     
 -9.994859226042015E-002 -0.180791481594024     
 -0.105654487587297      -0.197863957457949     
 -0.111152103696845      -0.215191629392191     
 -0.116274755356644      -0.232569042976869     
 -0.120776353427683      -0.249666687691301     
 -0.124353277863457      -0.266168277642996     
 -0.126610299034973      -0.281501512573161     
 -0.127024270321559      -0.295191451765161     
 -0.124955751474308      -0.306379389799402     
 -0.119558209047107      -0.314437570762372     
 -0.109774245670591      -0.318016101486804     
 -9.414173548862649E-002 -0.316371259147774     
 -7.092379319250745E-002 -0.307925147674792     
 -3.773323699564592E-002 -0.292246825028430     
  8.309976343458814E-003 -0.267432758386181     
  7.105527318207697E-002 -0.233534704490313     
  0.154579153911558      -0.191592572012611     
  0.262602494869487      -0.143005825447380     
  0.398737110200397      -9.289140151701276E-002
  0.567487313493755      -4.635951129968114E-002
  0.768058396260126      -1.295518848188415E-002
   1.00000000000000       0.000000000000000E+000
  2.122610839453942E-314  0.000000000000000E+000
 -3.625444678526260E-003 -6.841884299439280E-004
 -7.731558764013603E-003 -2.601220337244669E-003
 -1.206454837779992E-002 -5.655837076486730E-003
 -1.646449650469955E-002 -9.702051664979963E-003
 -2.082625121697519E-002 -1.472076355726236E-002
 -2.511037941250840E-002 -2.065170018251493E-002
 -2.930089974076075E-002 -2.748532802899810E-002
 -3.341670069801070E-002 -3.519425782813692E-002
 -3.748322805925108E-002 -4.377104198574696E-002
 -4.154010362331103E-002 -5.321071198276813E-002
 -4.562663570579958E-002 -6.350455511910449E-002
 -4.978266502029726E-002 -7.466312542288210E-002
 -5.404561971674870E-002 -8.667286497480788E-002
 -5.844357592782837E-002 -9.955408859599543E-002
 -6.300232009158575E-002 -0.113279412783673     
 -6.772847270376722E-002 -0.127870370043727     
 -7.262818812816450E-002 -0.143269919688035     
 -7.767518416758257E-002 -0.159487805608897     
 -8.284718929186431E-002 -0.176412306665490     
 -8.806813064624783E-002 -0.194021793849060     
 -9.327501806652944E-002 -0.212112796010747     
 -9.831654383672200E-002 -0.230602074023205     
 -0.103070569018263      -0.249143131950463     
 -0.107263406794486      -0.267556560882500     
 -0.110677305471186      -0.285251290186337     
 -0.112835380782852      -0.301873223449194     
 -0.113341992403081      -0.316556968760325     
 -0.111388470745967      -0.328748435368768     
 -0.106257170730532      -0.336946231247244     
 -9.644193335729317E-002 -0.340319048005174     
 -8.050417496383669E-002 -0.337007404935854     
 -5.584031226315073E-002 -0.326136764655760     
 -1.949485000104226E-002 -0.304856321694205     
  3.310878356092564E-002 -0.272139259613338     
  0.107719573207555      -0.228971542309452     
  0.209409606699917      -0.176431370614032     
  0.344895083763993      -0.118008636399477     
  0.520485165474236      -5.957834767293702E-002
  0.739635141320554      -1.753551146455170E-002
   1.00000000000000       0.000000000000000E+000
  2.122610839453942E-314  0.000000000000000E+000
 -2.391739762826355E-003 -5.781724900010338E-004
 -5.386769592143062E-003 -2.230083980433167E-003
 -8.716285138147876E-003 -4.900300998317942E-003
 -1.215698857468650E-002 -8.485902028230562E-003
 -1.560154254638115E-002 -1.299073458204081E-002
 -1.899155487479920E-002 -1.836859732161328E-002
 -2.230452368702375E-002 -2.462602845798548E-002
 -2.555792169340308E-002 -3.172840255453943E-002
 -2.876443422634518E-002 -3.968800826443091E-002
 -3.196958491990799E-002 -4.848267859813084E-002
 -3.519569378601294E-002 -5.813226216902408E-002
 -3.849457525810488E-002 -6.862469468101197E-002
 -4.188446188592641E-002 -7.998763957715913E-002
 -4.541355470708454E-002 -9.221482576076578E-002
 -4.908770196159396E-002 -0.105336876150280     
 -5.294570746650375E-002 -0.119344615482640     
 -5.697428866270485E-002 -0.134261171316313     
 -6.119689543453452E-002 -0.150060973835618     
 -6.557383200655367E-002 -0.166741579727824     
 -7.010422214944670E-002 -0.184240963455410     
 -7.471262922254403E-002 -0.202502430928062     
 -7.935866222423861E-002 -0.221398855474008     
 -8.391664870095913E-002 -0.240773517102360     
 -8.827399204152826E-002 -0.260398384791594     
 -9.222763415655638E-002 -0.279922649434518     
 -9.554480314126135E-002 -0.298937778311647     
 -9.788546489241010E-002 -0.316830429272343     
 -9.875447137456698E-002 -0.333019534540973     
 -9.751426913401255E-002 -0.346145044634794     
 -9.305492689613004E-002 -0.355250323191909     
 -8.397704950610010E-002 -0.358454452339373     
 -6.829178147245264E-002 -0.354569796571826     
 -4.275750084598402E-002 -0.339775070294285     
 -2.925601092113678E-003 -0.312457012454194     
  5.751192882244830E-002 -0.270887580644360     
  0.147301669714334      -0.217563027892203     
  0.275554913495218      -0.150558768337750     
  0.459386577068717      -7.780415942733519E-002
  0.702347540460134      -2.334648918900993E-002
   1.00000000000000       0.000000000000000E+000
  2.122610839453942E-314  0.000000000000000E+000
 -1.355605473462168E-003 -4.530606891193608E-004
 -3.422684368579004E-003 -1.767493171747455E-003
 -5.838503477326463E-003 -3.976179118511301E-003
 -8.405238664936551E-003 -6.995468362567384E-003
 -1.098117166732889E-002 -1.086567032142048E-002
 -1.352256445013367E-002 -1.555203919820829E-002
 -1.599776997321277E-002 -2.106149618929258E-002
 -1.842189343433285E-002 -2.737237299534976E-002
 -2.080725385160631E-002 -3.448268967473869E-002
 -2.318708436700134E-002 -4.239009548131980E-002
 -2.558794466597375E-002 -5.109450940838959E-002
 -2.804487259225644E-002 -6.061272853442244E-002
 -3.058532880817231E-002 -7.094971997595177E-002
 -3.323944298822439E-002 -8.214010465125812E-002
 -3.602952500328829E-002 -9.418932908752002E-002
 -3.897686396975537E-002 -0.107145753239932     
 -4.209539743780858E-002 -0.121004492880599     
 -4.539316733904710E-002 -0.135820905076335     
 -4.887345210871431E-002 -0.151561920120282     
 -5.252427580840290E-002 -0.168279028150275     
 -5.633620501049875E-002 -0.185884231126837     
 -6.026564140708143E-002 -0.204408912096761     
 -6.428821091597203E-002 -0.223665345611999     
 -6.830318949495638E-002 -0.243638974748744     
 -7.226139549004254E-002 -0.263969928387153     
 -7.596974866051415E-002 -0.284533960775854     
 -7.934093777467333E-002 -0.304716937035444     
 -8.195208531406492E-002 -0.324288844726194     
 -8.359576989414863E-002 -0.341853838010015     
 -8.329799304439423E-002 -0.356692743046925     
 -8.032419299161932E-002 -0.367134578381505     
 -7.270549016558671E-002 -0.372047967730339     
 -5.843272914782201E-002 -0.366760677569715     
 -3.220040713553147E-002 -0.349217623579966     
  1.188617512820872E-002 -0.315622470377521     
  8.506387989995037E-002 -0.267109527637344     
  0.202164206385628      -0.193927486717542     
  0.384208987646511      -9.902572687520937E-002
  0.652643402659709      -2.889575694532351E-002
   1.00000000000000       0.000000000000000E+000
  2.122610839453942E-314  0.000000000000000E+000
 -6.004916970797501E-004 -3.103813594274650E-004
 -1.885026161801175E-003 -1.259839934642764E-003
 -3.521715241877129E-003 -2.937429240406245E-003
 -5.293671876325397E-003 -5.316166640083842E-003
 -7.077080593187861E-003 -8.454874830040487E-003
 -8.836234674586578E-003 -1.232437615226145E-002
 -1.053618597587676E-002 -1.694374841188501E-002
 -1.219938927609778E-002 -2.227534075631325E-002
 -1.382379085035639E-002 -2.833422122239872E-002
 -1.544821333278048E-002 -3.509562353413319E-002
 -1.707972531366010E-002 -4.258382278083978E-002
 -1.876060022916532E-002 -5.078916084430358E-002
 -2.049600003447141E-002 -5.975108404887461E-002
 -2.232867014425428E-002 -6.947278642015993E-002
 -2.425618768628398E-002 -8.000886910481136E-002
 -2.632186548283689E-002 -9.136924835147586E-002
 -2.851186897422004E-002 -0.103619990988718     
 -3.087066544189191E-002 -0.116768752916023     
 -3.336966967940761E-002 -0.130885920587999     
 -3.605475969558719E-002 -0.145963982388389     
 -3.887927445234286E-002 -0.162066521059301     
 -4.188893643074144E-002 -0.179153079689583     
 -4.501513359326357E-002 -0.197259261070534     
 -4.829886886051359E-002 -0.216281279744708     
 -5.164556300402981E-002 -0.236192920740169     
 -5.508254253652962E-002 -0.256778340890141     
 -5.847656521008622E-002 -0.277892050689400     
 -6.174956476652677E-002 -0.299190929250797     
 -6.468527761779039E-002 -0.320022496837157     
 -6.707786907801272E-002 -0.339480683541578     
 -6.847972268799944E-002 -0.356702654087858     
 -6.790626846996527E-002 -0.370865300542580     
 -6.411236719635960E-002 -0.376846292948900     
 -5.230673071114020E-002 -0.372926458123129     
 -2.693450223091461E-002 -0.352637440966159     
  2.347780825204286E-002 -0.315925656898607     
  0.122770663697380      -0.244029067067271     
  0.302958520271699      -0.132464875979719     
  0.591996546039033      -3.889835162612281E-002
   1.00000000000000       0.000000000000000E+000
  2.122610839453942E-314  0.000000000000000E+000
 -1.076918534144839E-004 -1.615308568701764E-004
 -8.375799101127176E-004 -7.094221179565769E-004
 -1.814029806748960E-003 -1.842027921926412E-003
 -2.905067502780725E-003 -3.547537892366718E-003
 -3.993777910832934E-003 -5.894321963618501E-003
 -5.064024364953977E-003 -8.868388348216943E-003
 -6.090580399074974E-003 -1.246678198743774E-002
 -7.087424640779638E-003 -1.667159256679659E-002
 -8.058166220727971E-003 -2.147209562150101E-002
 -9.024206315844795E-003 -2.686572827437878E-002
 -9.996603546232056E-003 -3.285087544782792E-002
 -1.099767524693001E-002 -3.944258208532306E-002
 -1.203766890545435E-002 -4.665308993559111E-002
 -1.313872624942593E-002 -5.451588386345006E-002
 -1.430742767333535E-002 -6.305435534010170E-002
 -1.556569009566694E-002 -7.231986131254561E-002
 -1.691554564879779E-002 -8.234054230901225E-002
 -1.837854745513118E-002 -9.318496628219929E-002
 -1.995228233918245E-002 -0.104876555593853     
 -2.165747349150258E-002 -0.117500521101970     
 -2.348855793423129E-002 -0.131061963807220     
 -2.546369817246062E-002 -0.145663047503592     
 -2.757683873438337E-002 -0.161269280631712     
 -2.984164843630001E-002 -0.177997166491961     
 -3.225845158774939E-002 -0.195746569229085     
 -3.483264158525953E-002 -0.214654517390987     
 -3.759041856718458E-002 -0.234466220278107     
 -4.046331509409215E-002 -0.255363179529434     
 -4.349032848189249E-002 -0.276756591603436     
 -4.659959774084606E-002 -0.298619684137072     
 -4.995727344986008E-002 -0.320180705588552     
 -5.284186424843652E-002 -0.342186479550405     
 -5.547182537883954E-002 -0.358768519804203     
 -5.407068920989373E-002 -0.368968390700060     
 -4.620035218415277E-002 -0.368172271311452     
 -2.070494946631674E-002 -0.353343609895793     
  4.249491416389072E-002 -0.294805957434985     
  0.190622446553098      -0.178405831734789     
  0.497158216117091      -6.011799389093919E-002
   1.00000000000000       0.000000000000000E+000
  2.122610839453942E-314  0.000000000000000E+000
  9.637106567300459E-005 -3.659743870658194E-005
 -2.291294605165130E-004 -2.345737219201939E-004
 -6.922393126158983E-004 -8.408620151842465E-004
 -1.234096084142899E-003 -1.877123505381877E-003
 -1.758358170300438E-003 -3.416837686462433E-003
 -2.279989414343809E-003 -5.423584608256930E-003
 -2.766503320460936E-003 -7.910200538167053E-003
 -3.242138591437366E-003 -1.083524946902593E-002
 -3.695421108369372E-003 -1.420697835559563E-002
 -4.151092968915623E-003 -1.800080842740275E-002
 -4.602174568805741E-003 -2.223455272538219E-002
 -5.074431264167301E-003 -2.689783503088909E-002
 -5.557481797317834E-003 -3.202519943275275E-002
 -6.081365683459560E-003 -3.761709467511307E-002
 -6.628042054117695E-003 -4.372670933063941E-002
 -7.235014057021773E-003 -5.036076354749486E-002
 -7.873332028537423E-003 -5.759177258738301E-002
 -8.591507875543023E-003 -6.542789217324911E-002
 -9.346344315015321E-003 -7.396177838185590E-002
 -1.020183335751860E-002 -8.319737887649342E-002
 -1.109628862101249E-002 -9.324940573094839E-002
 -1.211546255135456E-002 -0.104109893038648     
 -1.317347982358484E-002 -0.115920696298695     
 -1.439024077921508E-002 -0.128648129897827     
 -1.564787205011360E-002 -0.142478909506460     
 -1.711432663289324E-002 -0.157343720396804     
 -1.861774586156895E-002 -0.173472371521103     
 -2.039931275672051E-002 -0.190696577146484     
 -2.222812520641508E-002 -0.209372487322692     
 -2.460517529536741E-002 -0.229075556951833     
 -2.714200317325272E-002 -0.250562357854484     
 -3.000617429233876E-002 -0.273773032522511     
 -3.202644220050439E-002 -0.297085888990957     
 -3.423703324706049E-002 -0.316313525407407     
 -3.532073279350340E-002 -0.336288677238933     
 -3.890679069900117E-002 -0.354416337487933     
 -3.281334642048249E-002 -0.327358159202729     
  4.002794716293268E-002 -0.258127581131003     
  0.290637600092588      -0.100591731875440     
   1.00000000000000       0.000000000000000E+000
  2.122610839453942E-314  0.000000000000000E+000
  6.224270022890018E-005  6.224270022881759E-005
 -3.372078597856613E-005  9.891954608395860E-005
 -1.529776425733683E-004 -9.848229448332009E-005
 -2.973209545297408E-004 -5.697141646947837E-004
 -4.398852950268509E-004 -1.309592742979351E-003
 -5.791997248585205E-004 -2.334514533588703E-003
 -7.100367241319117E-004 -3.611472013262717E-003
 -8.346846195413872E-004 -5.141910394508433E-003
 -9.541371254137541E-004 -6.904122561429978E-003
 -1.072672710823093E-003 -8.902342935360566E-003
 -1.190557436887532E-003 -1.112915111289639E-002
 -1.314226899829042E-003 -1.359293683591126E-002
 -1.440644910352105E-003 -1.630038792804981E-002
 -1.579375815884261E-003 -1.926633764813017E-002
 -1.723739878709576E-003 -2.250760533398014E-002
 -1.886662753200445E-003 -2.604750621187308E-002
 -2.057579545320186E-003 -2.990912375478636E-002
 -2.253178042057752E-003 -3.412688310330872E-002
 -2.458928854032511E-003 -3.872594337535729E-002
 -2.695826175641127E-003 -4.375587331477497E-002
 -2.945181806206394E-003 -4.923906049042900E-002
 -3.233173678874749E-003 -5.524617669868117E-002
 -3.536313374552374E-003 -6.179288826604411E-002
 -3.889886538842961E-003 -6.898134069140191E-002
 -4.267503106919637E-003 -7.681479365606586E-002
 -4.712744419856882E-003 -8.545612475547136E-002
 -5.189236161844479E-003 -9.487010975058829E-002
 -5.756018781778680E-003 -0.105284244716080     
 -6.363706622832168E-003 -0.116724715999784     
 -7.216638797351047E-003 -0.129659714843892     
 -8.425358887408465E-003 -0.143799714183328     
 -9.695332507922134E-003 -0.160547966897140     
 -1.053045439192948E-002 -0.178399943598515     
 -1.159815946290545E-002 -0.196876576325663     
 -1.375195727593914E-002 -0.221576506964176     
 -2.056416287472464E-002 -0.268850256985594     
 -4.119494920910768E-002 -0.280998791332245     
 -1.234992634322827E-002 -0.289747323946962     
  0.178959798270639      -0.179850074416285     
   1.00000000000000       0.000000000000000E+000
  2.122610839453942E-314  0.000000000000000E+000
  2.122610839453942E-314  0.000000000000000E+000
  2.122610839453942E-314  0.000000000000000E+000
  2.122610839453942E-314  0.000000000000000E+000
  2.122610839453942E-314  0.000000000000000E+000
  2.122610839453942E-314  0.000000000000000E+000
  2.122610839453942E-314  0.000000000000000E+000
  2.122610839453942E-314  0.000000000000000E+000
  2.122610839453942E-314  0.000000000000000E+000
  2.122610839453942E-314  0.000000000000000E+000
  2.122610839453942E-314  0.000000000000000E+000
  2.122610839453942E-314  0.000000000000000E+000
  2.122610839453942E-314  0.000000000000000E+000
  2.122610839453942E-314  0.000000000000000E+000
  2.122610839453942E-314  0.000000000000000E+000
  2.122610839453942E-314  0.000000000000000E+000
  2.122610839453942E-314  0.000000000000000E+000
  2.122610839453942E-314  0.000000000000000E+000
  2.122610839453942E-314  0.000000000000000E+000
  2.122610839453942E-314  0.000000000000000E+000
  2.122610839453942E-314  0.000000000000000E+000
  2.122610839453942E-314  0.000000000000000E+000
  2.122610839453942E-314  0.000000000000000E+000
  2.122610839453942E-314  0.000000000000000E+000
  2.122610839453942E-314  0.000000000000000E+000
  2.122610839453942E-314  0.000000000000000E+000
  2.122610839453942E-314  0.000000000000000E+000
  2.122610839453942E-314  0.000000000000000E+000
  2.122610839453942E-314  0.000000000000000E+000
  2.122610839453942E-314  0.000000000000000E+000
  2.122610839453942E-314  0.000000000000000E+000
  2.122610839453942E-314  0.000000000000000E+000
  2.122610839453942E-314  0.000000000000000E+000
  2.122610839453942E-314  0.000000000000000E+000
  2.122610839453942E-314  0.000000000000000E+000
  2.122610839453942E-314  0.000000000000000E+000
  2.122610839453942E-314  0.000000000000000E+000
  2.122610839453942E-314  0.000000000000000E+000
  2.122610839453942E-314  0.000000000000000E+000
  2.122610839453942E-314  0.000000000000000E+000
   1.00000000000000       0.000000000000000E+000
