  5.432309224871097E-312  0.000000000000000E+000
  2.122610839453942E-314  0.000000000000000E+000
  2.122610839453942E-314  0.000000000000000E+000
  2.122610839453942E-314  0.000000000000000E+000
  2.122610839453942E-314  0.000000000000000E+000
  2.122610839453942E-314  0.000000000000000E+000
  2.122610839453942E-314  0.000000000000000E+000
  2.122610839453942E-314  0.000000000000000E+000
  2.122610839453942E-314  0.000000000000000E+000
  2.122610839453942E-314  0.000000000000000E+000
  2.122610839453942E-314  0.000000000000000E+000
  2.122610839453942E-314  0.000000000000000E+000
  2.122610839453942E-314  0.000000000000000E+000
  2.122610839453942E-314  0.000000000000000E+000
  2.122610839453942E-314  0.000000000000000E+000
  2.122610839453942E-314  0.000000000000000E+000
  2.122610839453942E-314  0.000000000000000E+000
  2.122610839453942E-314  0.000000000000000E+000
  2.122610839453942E-314  0.000000000000000E+000
  2.122610839453942E-314  0.000000000000000E+000
  2.122610839453942E-314  0.000000000000000E+000
  2.122610839453942E-314  0.000000000000000E+000
  2.122610839453942E-314  0.000000000000000E+000
  2.122610839453942E-314  0.000000000000000E+000
  2.122610839453942E-314  0.000000000000000E+000
  2.122610839453942E-314  0.000000000000000E+000
  2.122610839453942E-314  0.000000000000000E+000
  2.122610839453942E-314  0.000000000000000E+000
  2.122610839453942E-314  0.000000000000000E+000
  2.122610839453942E-314  0.000000000000000E+000
  2.122610839453942E-314  0.000000000000000E+000
  2.122610839453942E-314  0.000000000000000E+000
  2.122610839453942E-314  0.000000000000000E+000
  2.122610839453942E-314  0.000000000000000E+000
  2.122610839453942E-314  0.000000000000000E+000
  2.122610839453942E-314  0.000000000000000E+000
  2.122610839453942E-314  0.000000000000000E+000
  2.122610839453942E-314  0.000000000000000E+000
  2.122610839453942E-314  0.000000000000000E+000
  2.122610839453942E-314  0.000000000000000E+000
   1.00000000000000       0.000000000000000E+000
  2.122610839453942E-314  0.000000000000000E+000
  6.720061758732828E-005 -6.687021531031657E-005
 -3.656260359475799E-005 -7.324409030730013E-006
 -1.802325332544879E-004  2.069707186444895E-004
 -3.369368368372030E-004  7.493581262019165E-004
 -4.875683834896657E-004  1.560860719174868E-003
 -6.249467538844858E-004  2.659552921583047E-003
 -7.576612449372647E-004  4.014748476815879E-003
 -8.780196142942182E-004  5.616821713433844E-003
 -9.944451243542589E-004  7.446338291549892E-003
 -1.101418855392410E-003  9.493769040935825E-003
 -1.206283311847565E-003  1.174554649161368E-002
 -1.304743820364571E-003  1.419623628541889E-002
 -1.402602452752900E-003  1.683539937624489E-002
 -1.496395439452205E-003  1.966279020329665E-002
 -1.590836495904078E-003  2.266925166903070E-002
 -1.683250566601626E-003  2.585981336100384E-002
 -1.777781529757662E-003  2.922590623260900E-002
 -1.872869520858449E-003  3.277938401018031E-002
 -1.972446233884047E-003  3.651211921265600E-002
 -2.076984609307439E-003  4.044726747839900E-002
 -2.190649938859055E-003  4.457763288461408E-002
 -2.317083117600885E-003  4.894674154914614E-002
 -2.460278236449804E-003  5.354832706021378E-002
 -2.630836935891449E-003  5.846668678115372E-002
 -2.835986509616485E-003  6.369454785186941E-002
 -3.096856758334640E-003  6.938281960881537E-002
 -3.435772744311347E-003  7.554445115290340E-002
 -3.854546690645471E-003  8.244123183502185E-002
 -4.317082057380280E-003  9.001367086863217E-002
 -5.002115433518215E-003  9.897613689191800E-002
 -6.252749030014403E-003  0.109270225660093     
 -7.871214631614444E-003  0.121059847772324     
 -1.020342211721945E-002  0.135779236819094     
 -1.113924323069066E-002  0.155260341795016     
 -5.608837500371026E-003  0.170923420302112     
 -6.707363563541945E-003  0.197644250861076     
 -5.261304941715381E-002  0.257040046359830     
 -4.901903708376398E-002  0.215432105697606     
  0.146864676902804       0.146864676902815     
   1.00000000000000       0.000000000000000E+000
  2.122610839453942E-314  0.000000000000000E+000
  6.994006753941096E-006  3.664887568560008E-005
 -3.303256519860058E-004  3.306019303763327E-004
 -8.443663463309950E-004  9.899378500101289E-004
 -1.376674057196298E-003  2.131504727067246E-003
 -1.922410205493000E-003  3.771490961756899E-003
 -2.426003469993228E-003  5.874087830146722E-003
 -2.916033413295229E-003  8.448511283669516E-003
 -3.365463354650125E-003  1.144571828401887E-002
 -3.800391544356614E-003  1.486859264137325E-002
 -4.203843427939296E-003  1.867216258838086E-002
 -4.598109297561225E-003  2.286190617803230E-002
 -4.969786800252473E-003  2.739997144542591E-002
 -5.338033397180153E-003  3.229654502677661E-002
 -5.690292356023481E-003  3.751896723802126E-002
 -6.044645622931462E-003  4.308311260977651E-002
 -6.388425561386643E-003  4.895891735913379E-002
 -6.741106053888305E-003  5.516990447850311E-002
 -7.089630542614924E-003  6.168736021739334E-002
 -7.458129642906800E-003  6.854659213932729E-002
 -7.832876684682303E-003  7.572053456482229E-002
 -8.247922351347421E-003  8.326461867492368E-002
 -8.687679759803037E-003  9.115537040603551E-002
 -9.205544997096088E-003  9.948369115783143E-002
 -9.780105071666151E-003  0.108232452474094     
 -1.050441500146847E-002  0.117553693590766     
 -1.133593243865740E-002  0.127428845366406     
 -1.244284275664437E-002  0.138128892889534     
 -1.373919222272287E-002  0.149639765959426     
 -1.554217658964335E-002  0.162416490789155     
 -1.762840338309180E-002  0.176359242167653     
 -2.076620371743562E-002  0.192159243944975     
 -2.409494385585776E-002  0.208893726492844     
 -2.851090477123062E-002  0.228668010978659     
 -3.297063494353897E-002  0.251902161469777     
 -3.943734647010465E-002  0.277486606725188     
 -3.830487397641404E-002  0.293210286582360     
 -3.226786684964216E-002  0.294591138083908     
  2.462260639435794E-002  0.229297823792019     
  0.329393921836499       9.886651054939941E-002
   1.00000000000000       0.000000000000000E+000
  2.122610839453942E-314  0.000000000000000E+000
 -2.093630558238300E-004  1.804970625857864E-004
 -9.881705819170896E-004  8.399805177336923E-004
 -2.004555102801355E-003  1.992877706973884E-003
 -3.106999140024155E-003  3.799426059608724E-003
 -4.207475362376410E-003  6.214463051162917E-003
 -5.268919028110808E-003  9.262048586062593E-003
 -6.280200400522949E-003  1.290140537710730E-002
 -7.235132198765653E-003  1.712601789728475E-002
 -8.142788643341935E-003  2.189953351047937E-002
 -9.003257988564013E-003  2.720422875172455E-002
 -9.829920520438728E-003  3.301336285547193E-002
 -1.062242028033324E-002  3.931071747936139E-002
 -1.139343191474017E-002  4.607622558429404E-002
 -1.214132353059010E-002  5.329816895837848E-002
 -1.287824759670879E-002  6.096101865567719E-002
 -1.360204049149503E-002  6.905779558859543E-002
 -1.432626512943493E-002  7.757679155930867E-002
 -1.504987857429822E-002  8.651648466490092E-002
 -1.579119999935637E-002  9.587032542960239E-002
 -1.655258887055681E-002  0.105644606601195     
 -1.736226583509627E-002  0.115842076956163     
 -1.822871560550456E-002  0.126481507365909     
 -1.919843680110461E-002  0.137582497582336     
 -2.028813184379923E-002  0.149181031531485     
 -2.157749654369641E-002  0.161326727302780     
 -2.308504489657098E-002  0.174068938105062     
 -2.494123372709749E-002  0.187501722360568     
 -2.715827870936796E-002  0.201673731704967     
 -2.997972043441612E-002  0.216737333010525     
 -3.330447369850015E-002  0.232514860702788     
 -3.755620325594665E-002  0.249300683127605     
 -4.193963606399771E-002  0.266142311807846     
 -4.642726524146149E-002  0.283029314895611     
 -4.962629109568623E-002  0.297658031965449     
 -5.317619885262426E-002  0.310085097982109     
 -4.235222850566251E-002  0.299192557288843     
 -3.048004539077847E-003  0.268399976093228     
  0.124542191630473       0.186554078264752     
  0.444979965446430       6.747940668089408E-002
   1.00000000000000       0.000000000000000E+000
  2.122610839453942E-314  0.000000000000000E+000
 -7.433474362177094E-004  3.285987795063672E-004
 -2.107840219333122E-003  1.338243446005510E-003
 -3.792178813314613E-003  3.025603307986762E-003
 -5.566432306400443E-003  5.458105504978326E-003
 -7.351576334253174E-003  8.619948790766331E-003
 -9.075058551365983E-003  1.250013803943765E-002
 -1.073226735888600E-002  1.708563834528619E-002
 -1.230289992911263E-002  2.234490431628921E-002
 -1.380461059735017E-002  2.826432251277722E-002
 -1.523133945332420E-002  3.480234565824439E-002
 -1.660515943279595E-002  4.195117688883338E-002
 -1.792164979478324E-002  4.967083270683883E-002
 -1.920201654353764E-002  5.795834777426283E-002
 -2.043987132667063E-002  6.677597153209652E-002
 -2.165647655894632E-002  7.612526363268143E-002
 -2.284314130439879E-002  8.596916838649304E-002
 -2.402470931937125E-002  9.631415071107639E-002
 -2.519106641033969E-002  0.107121686638969     
 -2.637658287444723E-002  0.118405492005405     
 -2.757067137789291E-002  0.130123194174079     
 -2.882631702688568E-002  0.142300967275127     
 -3.013192541221060E-002  0.154888803079895     
 -3.157284121295535E-002  0.167933315724125     
 -3.313084205454301E-002  0.181366766783369     
 -3.494291877338766E-002  0.195265629268782     
 -3.696615109378242E-002  0.209519013946312     
 -3.941130384576337E-002  0.224231596364324     
 -4.215673649079318E-002  0.239176109827532     
 -4.550333782469882E-002  0.254431351027148     
 -4.908490108073330E-002  0.269422530851231     
 -5.312098537699830E-002  0.284070348061797     
 -5.661347214019005E-002  0.297131536463656     
 -5.893516887124634E-002  0.307451571255210     
 -5.680770511608472E-002  0.311362015144716     
 -4.573331890105392E-002  0.304353770920664     
 -1.505270528964137E-002  0.275934787585939     
  6.807552905062167E-002  0.219968316869799     
  0.233430435378369       0.136991158296074     
  0.538170415202553       4.400818994602423E-002
   1.00000000000000       0.000000000000000E+000
  2.122610839453942E-314  0.000000000000000E+000
 -1.527434508770868E-003  4.644615986629030E-004
 -3.679002369286389E-003  1.817649286448732E-003
 -6.123867841917128E-003  3.977839571616148E-003
 -8.679110874243159E-003  6.992412072286680E-003
 -1.122386636789370E-002  1.080234505580491E-002
 -1.370157770059452E-002  1.541570952944484E-002
 -1.608204567856722E-002  2.078789809311133E-002
 -1.835719331797013E-002  2.691340980243379E-002
 -2.053185630170734E-002  3.375279449267175E-002
 -2.261057215164426E-002  4.128827676144123E-002
 -2.460776296676976E-002  4.948741976155952E-002
 -2.652804734583010E-002  5.833078301923496E-002
 -2.838678263196969E-002  6.778991681518881E-002
 -3.018529220865146E-002  7.784487276586977E-002
 -3.193876830222654E-002  8.846908200226168E-002
 -3.364565845742995E-002  9.964109438812618E-002
 -3.532350071369288E-002  0.111334490202295     
 -3.696997207198481E-002  0.123523424307180     
 -3.861007734286823E-002  0.136181447127464     
 -4.024313868149877E-002  0.149273357939532     
 -4.190899255351697E-002  0.162774323498584     
 -4.360934072794678E-002  0.176630032667342     
 -4.540812097421404E-002  0.190820186867956     
 -4.730313845244007E-002  0.205248801752185     
 -4.939078677578126E-002  0.219901142565753     
 -5.163922988887652E-002  0.234586157510218     
 -5.417782038884293E-002  0.249285214201039     
 -5.685854883641366E-002  0.263572558198092     
 -5.979997349581122E-002  0.277388047224481     
 -6.246456345061556E-002  0.289744240613887     
 -6.469587145167431E-002  0.300385552348122     
 -6.489155893186210E-002  0.307101611108889     
 -6.192840498633335E-002  0.309197839479910     
 -5.056921016203628E-002  0.301163845047428     
 -2.499837515192693E-002  0.281420607199370     
  2.988904730444676E-002  0.241347150331827     
  0.136904495319524       0.180898638850882     
  0.320669035644544       0.107433143206243     
  0.610960875045596       3.270753812751392E-002
   1.00000000000000       0.000000000000000E+000
  2.122610839453942E-314  0.000000000000000E+000
 -2.545081489979308E-003  5.692234091489036E-004
 -5.619956212564801E-003  2.199698779283732E-003
 -8.957300581419770E-003  4.782698872821789E-003
 -1.236270014263405E-002  8.282408650344953E-003
 -1.574136144716814E-002  1.264893244531222E-002
 -1.902132336547780E-002  1.785462688157339E-002
 -2.218374487332783E-002  2.387143747711469E-002
 -2.521015338319520E-002  3.067050045395533E-002
 -2.811257061508782E-002  3.823067039220589E-002
 -3.088993408969494E-002  4.651597214866701E-002
 -3.356228242717788E-002  5.551032928908755E-002
 -3.612977929236377E-002  6.517581952894348E-002
 -3.861279914132675E-002  7.549804039229398E-002
 -4.100689599162431E-002  8.643598580825869E-002
 -4.333214771028149E-002  9.797438642197553E-002
 -4.557848035779660E-002  0.110066621113801     
 -4.776879797144420E-002  0.122693608652216     
 -4.988833121140335E-002  0.135798244308654     
 -5.196847577859734E-002  0.149354861104131     
 -5.399058477163154E-002  0.163288340912403     
 -5.600153521275621E-002  0.177562849254104     
 -5.797656015440563E-002  0.192072323807798     
 -5.998343614410318E-002  0.206763179543799     
 -6.197983489812949E-002  0.221473642205575     
 -6.404932736621310E-002  0.236111906911900     
 -6.609666550900176E-002  0.250409395660504     
 -6.817986134100561E-002  0.264181100212369     
 -7.005479457823106E-002  0.276942320490778     
 -7.159192577308639E-002  0.288285278821357     
 -7.215601642040315E-002  0.297305942948861     
 -7.091707218342515E-002  0.303059971134355     
 -6.620018124146171E-002  0.303806658882302     
 -5.502878386556233E-002  0.297548203342750     
 -3.312668235367761E-002  0.281196209499042     
  9.118123796980522E-003  0.251741099011311     
  8.183072298325049E-002  0.206666270590112     
  0.205116106443356       0.147565064680392     
  0.395093560467617       8.272840221642337E-002
  0.660743468029996       2.602595457032975E-002
   1.00000000000000       0.000000000000000E+000
  2.122610839453942E-314  0.000000000000000E+000
 -3.755239071745502E-003  6.591299634506987E-004
 -7.894648838316731E-003  2.516290557184519E-003
 -1.219397065504889E-002  5.420157509834839E-003
 -1.651529279218452E-002  9.306735466290589E-003
 -2.076116440489139E-002  1.409616872073924E-002
 -2.488218172811793E-002  1.976063751671313E-002
 -2.885039490230567E-002  2.624956953169711E-002
 -3.265918086834262E-002  3.354601948910042E-002
 -3.631297790458757E-002  4.161084547854000E-002
 -3.981800213606467E-002  5.042424355174975E-002
 -4.318812000880744E-002  5.995250957319435E-002
 -4.642846036350496E-002  7.017310061368087E-002
 -4.955301020704807E-002  8.105265222774675E-002
 -5.256046460276988E-002  9.256273791127689E-002
 -5.546260256520228E-002  0.104666296601987     
 -5.825082605206128E-002  0.117324643666256     
 -6.093661837044191E-002  0.130492954398561     
 -6.350481008550966E-002  0.144114218550819     
 -6.597088051994758E-002  0.158132254686172     
 -6.831277115972223E-002  0.172458438565524     
 -7.055465254235090E-002  0.187021521337591     
 -7.266170813920521E-002  0.201678224995441     
 -7.466781318924645E-002  0.216336401859720     
 -7.650403688983710E-002  0.230756034147667     
 -7.820107060204924E-002  0.244810842608172     
 -7.959550025268518E-002  0.258084148116256     
 -8.066083060878333E-002  0.270383568840797     
 -8.098411152792560E-002  0.280966867008913     
 -8.031149900968973E-002  0.289502287232432     
 -7.761322474350338E-002  0.294672856681471     
 -7.195226574667621E-002  0.295878698502481     
 -6.081092123031542E-002  0.290859947857092     
 -4.133616358694375E-002  0.278629712570997     
 -7.833728641191745E-003  0.256161576983035     
  4.720801633285392E-002  0.222528141427920     
  0.134104429783671       0.176947694739453     
  0.266241994265503       0.121893435932374     
  0.453440513859415       6.628967370862382E-002
  0.700648810782136       2.006839808958921E-002
   1.00000000000000       0.000000000000000E+000
  2.122610839453942E-314  0.000000000000000E+000
 -5.095605864598981E-003  7.148179048419025E-004
 -1.039411820326885E-002  2.726411054655942E-003
 -1.573581685572870E-002  5.867161481607140E-003
 -2.101214918400612E-002  1.002178045687057E-002
 -2.615812366938550E-002  1.511062101831679E-002
 -3.113167053390194E-002  2.107829815171954E-002
 -3.591974778603764E-002  2.788166136912301E-002
 -4.051476071628644E-002  3.548463984942295E-002
 -4.492820968550572E-002  4.385987846818189E-002
 -4.916322811467649E-002  5.297374855278607E-002
 -5.323731497391897E-002  6.280460923598025E-002
 -5.715052572691286E-002  7.331638824610268E-002
 -6.091847096446280E-002  8.448596980427632E-002
 -6.453193177577098E-002  9.626990809171744E-002
 -6.800245560849731E-002  0.108637389817508     
 -7.130958796389054E-002  0.121532080645273     
 -7.446214667503501E-002  0.134908472553986     
 -7.742811755351720E-002  0.148688870088370     
 -8.021610231601979E-002  0.162804667905805     
 -8.278110332704253E-002  0.177144174213795     
 -8.513175357099861E-002  0.191603969884467     
 -8.720301396120639E-002  0.206018473951294     
 -8.899401928277510E-002  0.220230405720336     
 -9.039766891484606E-002  0.233987496703635     
 -9.136669375485282E-002  0.247043960437824     
 -9.169490871694817E-002  0.259005526434260     
 -9.118287709388981E-002  0.269473819515496     
 -8.939083655476893E-002  0.277823922636692     
 -8.570000615448650E-002  0.283394645143047     
 -7.913507065728891E-002  0.285206563393640     
 -6.804531645148101E-002  0.282200517431283     
 -5.029499903285571E-002  0.272965338273154     
 -2.192858480465112E-002  0.256117856661203     
  2.144295613121005E-002  0.230269438932466     
  8.758680325698302E-002  0.194843006448479     
  0.184027980690525       0.150549388669177     
  0.320273466608414       0.100914380415353     
  0.503492611936213       5.285708917908476E-002
  0.732432539145488       1.514334196092520E-002
   1.00000000000000       0.000000000000000E+000
  2.122610839453942E-314  0.000000000000000E+000
 -6.539374212615547E-003  7.548025061054835E-004
 -1.306463115571346E-002  2.861032130170194E-003
 -1.948292086029649E-002  6.134720512358613E-003
 -2.573737474739168E-002  1.044291730797344E-002
 -3.178634256997889E-002  1.568930323778480E-002
 -3.761266486050068E-002  2.181295129542097E-002
 -4.321021169269568E-002  2.875756701065168E-002
 -4.858336476759467E-002  3.649041214895394E-002
 -5.374330151545854E-002  4.497348825238284E-002
 -5.869853547906856E-002  5.418206075292407E-002
 -6.346262762867276E-002  6.408374197909203E-002
 -6.803745370640828E-002  7.465241894618635E-002
 -7.243142379940709E-002  8.585296707053647E-002
 -7.663419652646609E-002  9.764995486011015E-002
 -8.064621991792245E-002  0.109998575082666     
 -8.444249227567319E-002  0.122845311224549     
 -8.801592116688127E-002  0.136128751510179     
 -9.132494549596083E-002  0.149764461347694     
 -9.435637040647109E-002  0.163667176961519     
 -9.704731439216893E-002  0.177702358977756     
 -9.937750279427528E-002  0.191752498905455     
 -0.101248778256172       0.205603414550972     
 -0.102623091687884       0.219093981146278     
 -0.103330968998734       0.231884582489456     
 -0.103280044224953       0.243752231373030     
 -0.102145292632455       0.254162759288163     
 -9.968248697464215E-002  0.262800152110333     
 -9.522924412776522E-002  0.268842592134920     
 -8.815992260759098E-002  0.271836025392442     
 -7.711060812795274E-002  0.270585993202314     
 -6.058038022988572E-002  0.264472513826654     
 -3.587697379637775E-002  0.252023248151607     
  2.708267003915211E-004  0.232611980166213     
  5.258298176223654E-002  0.205264774672095     
  0.126944276361540       0.170163754931279     
  0.229661455672885       0.128871024060242     
  0.367459528536920       8.439586751956439E-002
  0.543801968508578       4.344251680294087E-002
  0.757647982311018       1.204348692433672E-002
   1.00000000000000       0.000000000000000E+000
  2.122610839453942E-314  0.000000000000000E+000
 -8.016071133138139E-003  7.631926037678853E-004
 -1.580128702164151E-002  2.898796403187288E-003
 -2.331605094135194E-002  6.216829248449301E-003
 -3.055215317087852E-002  1.056125775758389E-002
 -3.749930702063459E-002  1.583577179899378E-002
 -4.416259250357155E-002  2.196285978979610E-002
 -5.055213253296840E-002  2.889064665876158E-002
 -5.667983180271051E-002  3.657366054990071E-002
 -6.256436053607975E-002  4.498184447040873E-002
 -6.821429118922019E-002  5.408118515771745E-002
 -7.364573959963223E-002  6.384820522596434E-002
 -7.885555212743377E-002  7.424825927381784E-002
 -8.385101237813557E-002  8.525386677197071E-002
 -8.861215981707826E-002  9.682085777244576E-002
 -9.313437506776169E-002  0.108908106837000     
 -9.737809719130532E-002  0.121452902012038     
 -0.101325641755611       0.134389957814250     
 -0.104915585145538       0.147626341205064     
 -0.108115279065776       0.161060046066642     
 -0.110836809544797       0.174551965816603     
 -0.113025168570844       0.187947282209691     
 -0.114553537065833       0.201038378464107     
 -0.115321720743137       0.213595771646182     
 -0.115133091150338       0.225312328146389     
 -0.113783780637955       0.235853339801458     
 -0.110937379353527       0.244771617219011     
 -0.106153607897568       0.251587282856469     
 -9.881014300658816E-002  0.255670213250521     
 -8.795900812706756E-002  0.256361802313230     
 -7.241392201422740E-002  0.252842085250078     
 -5.023382012265538E-002  0.244318951986515     
 -1.921490096949475E-002  0.229939559918478     
  2.419911222737843E-002  0.209123420697367     
  8.370811341501952E-002  0.181604655428288     
  0.164501551362555       0.147977081634090     
  0.271402561950851       0.109918959922327     
  0.408639175544288       7.071443199932861E-002
  0.578761068094872       3.559679051675529E-002
  0.778155597062434       9.796595652046552E-003
   1.00000000000000       0.000000000000000E+000
  2.122610839453942E-314  0.000000000000000E+000
 -9.508840613311666E-003  7.575165706975873E-004
 -1.854685021919848E-002  2.864683843243476E-003
 -2.714763496510102E-002  6.134730678099736E-003
 -3.534395565612249E-002  1.040416273725299E-002
 -4.316283327162744E-002  1.557356961038672E-002
 -5.063193751042790E-002  2.156119646376008E-002
 -5.777864241984226E-002  2.831108599539870E-002
 -6.462624358889542E-002  3.577863345770438E-002
 -7.119884921836041E-002  4.392970150283516E-002
 -7.750953008376041E-002  5.273543645418621E-002
 -8.357262142145257E-002  6.216777417010769E-002
 -8.938487676517511E-002  7.219880009284321E-002
 -9.494608095869700E-002  8.279568129434625E-002
 -0.100231936399482       9.391988940915086E-002
 -0.105224800938431       0.105524318407870     
 -0.109875525287027       0.117547538413451     
 -0.114147559986419       0.129918725933137     
 -0.117962243202492       0.142537636549787     
 -0.121262063585528       0.155299752466353     
 -0.123929942432774       0.168044374474606     
 -0.125880746293533       0.180622485742740     
 -0.126939252870226       0.192783664974168     
 -0.126972901572532       0.204322398865262     
 -0.125705377658733       0.214861139283685     
 -0.122906852931392       0.224124366489930     
 -0.118112112180745       0.231566300949972     
 -0.110883648210952       0.236828547087206     
 -0.100402260607982       0.239171874846965     
 -8.580461003499980E-002  0.238156945858772     
 -6.564552278134715E-002  0.232902451430799     
 -3.826813149514487E-002  0.222956148018902     
 -1.261939509552957E-003  0.207563007641283     
  4.825100911032616E-002  0.186530072288452     
  0.113755593815592       0.159929908008962     
  0.199266156946836       0.128482117684543     
  0.308398019671138       9.421759860866639E-002
  0.444290648483188       5.969239695887119E-002
  0.607475556912703       2.970912687557760E-002
  0.795073785069216       8.069665643783320E-003
   1.00000000000000       0.000000000000000E+000
  2.122610839453942E-314  0.000000000000000E+000
 -1.094999286002258E-002  7.251815702562565E-004
 -2.121269816376700E-002  2.749725652040831E-003
 -3.086188346754059E-002  5.890093251313669E-003
 -3.998488670223532E-002  9.980194629821073E-003
 -4.863493197421933E-002  1.492394124004217E-002
 -5.686940214777337E-002  2.063473093099280E-002
 -6.473048331186429E-002  2.706117906838896E-002
 -7.225477966054759E-002  3.415353554757422E-002
 -7.947343593897385E-002  4.188424733316037E-002
 -8.640255647870435E-002  5.022029734482321E-002
 -9.305811819170777E-002  5.914124638427784E-002
 -9.943272753500684E-002  6.861562168578313E-002
 -0.105522993500087       7.861762005342834E-002
 -0.111294582587905       8.910590886600557E-002
 -0.116721025902192       0.100037455467467     
 -0.121737638322132       0.111349553389761     
 -0.126291176841648       0.122969187900030     
 -0.130282392043269       0.134798574735715     
 -0.133625373110850       0.146720115635550     
 -0.136178877770297       0.158583763232578     
 -0.137811514697600       0.170210592314575     
 -0.138324322315176       0.181377224040490     
 -0.137511207250334       0.191825055195387     
 -0.135081713015952       0.201233902739713     
 -0.130692327033254       0.209248202494241     
 -0.123892478278676       0.215431257124955     
 -0.114078650115444       0.219323538759856     
 -0.100512629039960       0.220374024494297     
 -8.212011609702882E-002  0.218049811940716     
 -5.766865783201806E-002  0.211755436167865     
 -2.532649736941646E-002  0.201018075958342     
  1.688513446116949E-002  0.185427715933837     
  7.173863283245671E-002  0.164922935115262     
  0.142028978578271       0.139796916137342     
  0.230986208073793       0.111014832370088     
  0.341472903392839       8.034219152716915E-002
  0.475083428662509       5.034909153934437E-002
  0.632261201086478       2.471315001710601E-002
  0.809134207351602       6.665342230533658E-003
   1.00000000000000       0.000000000000000E+000
  2.122610839453942E-314  0.000000000000000E+000
 -1.232991922818271E-002  6.808320851638352E-004
 -2.374365589323489E-002  2.571291769884736E-003
 -3.438565448193749E-002  5.505308104067348E-003
 -4.437234301435598E-002  9.317784742889234E-003
 -5.379886951616996E-002  1.392090521146371E-002
 -6.274040808351662E-002  1.922789004083490E-002
 -7.126155306269270E-002  2.519134662802871E-002
 -7.940842508574360E-002  3.176311438034792E-002
 -8.722147087046954E-002  3.891767303719924E-002
 -9.472029082945023E-002  4.662612011137790E-002
 -0.101921127095201       5.486901744814706E-002
 -0.108815252587879       6.362057457634664E-002
 -0.115392406351640       7.285567087796127E-002
 -0.121611870724530       8.253852267935040E-002
 -0.127433867852228       9.262744212075469E-002
 -0.132780814398072       0.103062630856101     
 -0.137579978097684       0.113774857926237     
 -0.141710006874463       0.124663245339033     
 -0.145060087668378       0.135619610568142     
 -0.147453631612288       0.146480604139181     
 -0.148731411819577       0.157087852929939     
 -0.148640278255770       0.167190223714341     
 -0.146949516352052       0.176569613046370     
 -0.143288770063359       0.184861745079278     
 -0.137306355273701       0.191784113821217     
 -0.128440512169086       0.196845173596413     
 -0.116122167329295       0.199705566906122     
 -9.947574705097098E-002  0.199769864523924     
 -7.755161618937532E-002  0.196680343855674     
 -4.899455220350497E-002  0.189850711601535     
 -1.226024497131335E-002  0.179015927062957     
  3.461646917507903E-002  0.163879375668200     
  9.389255140160213E-002  0.144523360100945     
  0.167985170851692       0.121445274955128     
  0.259451568059826       9.548839063416996E-002
  0.370232100107170       6.851144843025710E-002
  0.501533612563903       4.248486166688314E-002
  0.652725854316364       2.069015611495560E-002
  0.820720545718069       5.515893957577964E-003
   1.00000000000000       0.000000000000000E+000
  2.122610839453942E-314  0.000000000000000E+000
 -1.358891781141038E-002  6.151684920404157E-004
 -2.607097807091023E-002  2.329302881297632E-003
 -3.761794256554970E-002  4.987045826015641E-003
 -4.839956253970501E-002  8.435877987524855E-003
 -5.852998517927814E-002  1.259510798079239E-002
 -6.811595888047364E-002  1.738346611300326E-002
 -7.723366184899483E-002  2.275968413731390E-002
 -8.594520534614868E-002  2.867758156180141E-002
 -9.429671104254461E-002  3.511844011659679E-002
 -0.102313024046344       4.205429060305876E-002
 -0.110011066613485       4.947338960832937E-002
 -0.117379542565290       5.735103871354218E-002
 -0.124403651829931       6.567004235840569E-002
 -0.131033789376057       7.439701119752976E-002
 -0.137219060500855       8.349691496965476E-002
 -0.142867438027701       9.291522425730325E-002
 -0.147886014443176       0.102585664631272     
 -0.152134394360601       0.112418187041627     
 -0.155468960069403       0.122300403389860     
 -0.157691790267274       0.132089822871907     
 -0.158593639180811       0.141612565215967     
 -0.157903016661533       0.150655411871606     
 -0.155316940911995       0.158969983563987     
 -0.150460280087081       0.166256926021977     
 -0.142883604418848       0.172189012746532     
 -0.132052945240560       0.176378233249448     
 -0.117281441090021       0.178435586130212     
 -9.778426788891717E-002  0.177915159810940     
 -7.250471877790267E-002  0.174429379829392     
 -4.028144322797852E-002  0.167575144032979     
  4.412350222416734E-004  0.157114859679050     
  5.129962720347007E-002  0.142909074102617     
  0.114307532776054       0.125143810719202     
  0.191448528085878       0.104314245260364     
  0.284626635710478       8.137212502192363E-002
  0.395431443728777       5.783655939062395E-002
  0.524160568955562       3.558283516284662E-002
  0.670307804447270       1.715808479245331E-002
  0.830457460186555       4.535049582499394E-003
   1.00000000000000       0.000000000000000E+000
  2.122610839453942E-314  0.000000000000000E+000
 -1.472253538751106E-002  5.395387626377581E-004
 -2.814429776075006E-002  2.034021836964449E-003
 -4.050065003043261E-002  4.356104977151655E-003
 -5.197856563991755E-002  7.360782222842074E-003
 -6.273302769678066E-002  1.098460439037544E-002
 -7.288238303612506E-002  1.515030310896624E-002
 -8.252641156967656E-002  1.982723512860239E-002
 -9.173378422794944E-002  2.497263548688324E-002
 -0.100561801422276       3.057489722913135E-002
 -0.109037485950560       3.661058119140011E-002
 -0.117179860314248       4.307355138099919E-002
 -0.124975501738003       4.994507952970395E-002
 -0.132404439988321       5.721369130208484E-002
 -0.139409768312819       6.485284207767050E-002
 -0.145928936232206       7.283498611668292E-002
 -0.151855638198174       8.111192548522031E-002
 -0.157079312232264       8.962877955574421E-002
 -0.161435680176526       9.829913706789697E-002
 -0.164758670931297       0.107029034008812     
 -0.166813669351699       0.115674117783213     
 -0.167367468799514       0.124090537892862     
 -0.166095883623576       0.132055117018981     
 -0.162677789653577       0.139367276420516     
 -0.156667764870374       0.145709287389738     
 -0.147618015411308       0.150826240028199     
 -0.134910593813482       0.154308902841441     
 -0.117903567628592       0.155868752494670     
 -9.573246724133427E-002  0.155051229706320     
 -6.746276889420409E-002  0.151589100617360     
 -3.190523503007972E-002  0.145107569310752     
  1.226054817832129E-002  0.135473572698702     
  6.655510836637743E-002  0.122629090529361     
  0.132640348210293       0.106769256913925     
  0.212124538801596       8.848741807813378E-002
  0.306546700905599       6.853774656920995E-002
  0.416851900209709       4.842251738295967E-002
  0.543259374197656       2.954798103355416E-002
  0.684700769235931       1.416538732776983E-002
  0.838381450124928       3.708008004275396E-003
   1.00000000000000       0.000000000000000E+000
  2.122610839453942E-314  0.000000000000000E+000
 -1.568103132093299E-002  4.480548394336183E-004
 -2.991525856938991E-002  1.692873484483101E-003
 -4.295297122843414E-002  3.623693378705126E-003
 -5.502877146632098E-002  6.119383615735384E-003
 -6.630856179033397E-002  9.126728122697233E-003
 -7.694007599234415E-002  1.258215723527115E-002
 -8.703030419482541E-002  1.646259184721361E-002
 -9.666410207978096E-002  2.073322547931532E-002
 -0.105902295674502       2.538961087125649E-002
 -0.114778624797895       3.041371925394682E-002
 -0.123311739112461       3.580739436225207E-002
 -0.131487839336327       4.155695624226485E-002
 -0.139281754116162       4.766013933717789E-002
 -0.146630369778927       5.409698213311816E-002
 -0.153459347768213       6.084997665745575E-002
 -0.159651031769920       6.788110105243488E-002
 -0.165073958056959       7.514505935724866E-002
 -0.169548293588805       8.257193534780602E-002
 -0.172874938276655       9.007467314608332E-002
 -0.174801828857106       9.753552550419652E-002
 -0.175047764434562       0.104811999975740     
 -0.173274375280687       0.111722642659462     
 -0.169096400697750       0.118060234077306     
 -0.162067285095260       0.123569454993652     
 -0.151662607268279       0.127981086877968     
 -0.137292236824333       0.130972559307144     
 -0.118239807679480       0.132239867492487     
 -9.371926446542207E-002  0.131434921251391     
 -6.275967742101586E-002  0.128288356325919     
 -2.432246670379958E-002  0.122528683205746     
  2.284417962729124E-002  0.114050569592804     
  8.003363559829452E-002  0.102842551924668     
  0.148645921094525       8.915330819501743E-002
  0.230033126018241       7.348102234260213E-002
  0.325244922826912       5.660082683472649E-002
  0.435078259260372       3.970246972447683E-002
  0.559222477435405       2.407077768036716E-002
  0.696792312595149       1.144698583511808E-002
  0.844935015556095       2.976419455291958E-003
   1.00000000000000       0.000000000000000E+000
  2.122610839453942E-314  0.000000000000000E+000
 -1.646422117396451E-002  3.487667477000194E-004
 -3.134051231016673E-002  1.309962937527619E-003
 -4.493257591517586E-002  2.808562323627477E-003
 -5.748038734856186E-002  4.735726892822555E-003
 -6.918567456240943E-002  7.061891931789567E-003
 -8.020080757754551E-002  9.730737497061027E-003
 -9.065456640265479E-002  1.273448090590261E-002
 -0.100634663103652       1.604328296401215E-002
 -0.110213457021027       1.966341348602200E-002
 -0.119425226597123       2.358180611054432E-002
 -0.128292521484393       2.780928560221592E-002
 -0.136798924305933       3.233845110855606E-002
 -0.144916930826497       3.717658826671291E-002
 -0.152576224010444       4.231189542645302E-002
 -0.159694434562564       4.773911004922699E-002
 -0.166140079566971       5.343007847181171E-002
 -0.171768243979030       5.935673812926575E-002
 -0.176376179168017       6.545981309219102E-002
 -0.179746861518819       7.167720830432435E-002
 -0.181593833437441       7.790093351640380E-002
 -0.181616424466068       8.402443488398115E-002
 -0.179429168348345       8.987324424064337E-002
 -0.174632375364667       9.529030802470496E-002
 -0.166721735018031       0.100023666061170     
 -0.155175504619463       0.103870154899744     
 -0.139344202247092       0.106509256614057     
 -0.118549630402434       0.107715226446866     
 -9.196689457136664E-002  0.107148177894709     
 -5.872068595896617E-002  0.104613484061641     
 -1.779593463686662E-002  9.986452742281918E-002
  3.189158079206574E-002  9.283160552747331E-002
  9.148896257312937E-002  8.354628042210351E-002
  0.162175471294618       7.219624402152892E-002
  0.244986027239077       5.931003754455435E-002
  0.340788410568439       4.544657125465922E-002
  0.449943934491099       3.173819621543997E-002
  0.572186235258312       1.909314456498664E-002
  0.706347711999645       9.032396957288101E-003
  0.850052083021523       2.321954023520059E-003
   1.00000000000000       0.000000000000000E+000
  2.122610839453942E-314  0.000000000000000E+000
 -1.703372366121066E-002  2.393987701429004E-004
 -3.239239811123044E-002  8.997636596925769E-004
 -4.638224161013176E-002  1.926902165818410E-003
 -5.928178933169262E-002  3.244210372167364E-003
 -7.129498645926842E-002  4.833978741422099E-003
 -8.259848206061281E-002  6.659480272444780E-003
 -9.332309031677125E-002  8.720763260381133E-003
 -0.103571057709954       1.100032087465862E-002
 -0.113415573398721       1.351098839404725E-002
 -0.122898526301394       1.624846676981226E-002
 -0.132041040371067       1.923094459636775E-002
 -0.140829067912219       2.245904234297618E-002
 -0.149229959664638       2.594963468554226E-002
 -0.157171279001099       2.970055990538235E-002
 -0.164559781749194       3.371915459896076E-002
 -0.171257611726808       3.799080551949965E-002
 -0.177100762921504       4.250308166522924E-002
 -0.181876244659319       4.721669288175037E-002
 -0.185337158558286       5.208726091862974E-002
 -0.187184416579412       5.703619075622712E-002
 -0.187074987364324       6.197471128107346E-002
 -0.184612234434793       6.677027696768553E-002
 -0.179342665544629       7.128103109508602E-002
 -0.170759718082489       7.531150971232332E-002
 -0.158283409275661       7.866927046394205E-002
 -0.141282507340075       8.110313412359235E-002
 -0.119033717955819       8.239435494155745E-002
 -9.076524265068282E-002  8.227506833722077E-002
 -5.560273613020354E-002  8.055825601607552E-002
 -1.262999730200657E-002  7.704727493118557E-002
  3.914230925033953E-002  7.168481511177316E-002
  0.100722772947847       6.448759221016491E-002
  0.173058034123132       5.565209563439100E-002
  0.257047704685024       4.557482758899400E-002
  0.353206384498815       3.478469759165068E-002
  0.461856946385874       2.413506819190596E-002
  0.582425541520068       1.441337153874393E-002
  0.713930082058854       6.755541144523629E-003
  0.854071134624939       1.714811876973118E-003
   1.00000000000000       0.000000000000000E+000
  2.122610839453942E-314  0.000000000000000E+000
 -1.739339675046678E-002  1.246821833594031E-004
 -3.303694726203630E-002  4.611492232296795E-004
 -4.727689641899917E-002  9.958728164671949E-004
 -6.038507335820089E-002  1.667723602193363E-003
 -7.259313357837735E-002  2.486278959795697E-003
 -8.407489976765160E-002  3.423817601389878E-003
 -9.497894096981307E-002  4.498142704098542E-003
 -0.105406163611505       5.697042661936959E-003
 -0.115440552589348       7.045972299980731E-003
 -0.125122682993333       8.544944179945099E-003
 -0.134479431635806       1.022308161957788E-002
 -0.143493914597293       1.208644448391151E-002
 -0.152135056880137       1.416393047526089E-002
 -0.160324216387013       1.646151830711491E-002
 -0.167965625967550       1.900209421161350E-002
 -0.174909659671270       2.178291726929635E-002
 -0.180985421419845       2.481300418439105E-002
 -0.185960220764372       2.806902572455060E-002
 -0.189575991515167       3.153634478808726E-002
 -0.191504060782009       3.515588841665317E-002
 -0.191387453634904       3.887903037974467E-002
 -0.188789745368154       4.259476844051400E-002
 -0.183245068431667       4.621281683949231E-002
 -0.174200310790671       4.955901780027092E-002
 -0.161073186527941       5.250200763689295E-002
 -0.143189736111651       5.480990033916372E-002
 -0.119847034113215       5.632602856695795E-002
 -9.025591022123787E-002  5.679979238810150E-002
 -5.359867038175550E-002  5.608811257041999E-002
 -9.000758038974670E-003  5.401054862880642E-002
  4.442913134649899E-002  5.050310183905935E-002
  0.107560776057228       4.559426178044908E-002
  0.181223051504675       3.938108148964405E-002
  0.266065892523078       3.224918399976508E-002
  0.362534915376727       2.450459747393249E-002
  0.470661157053796       1.692974309200739E-002
  0.589965523084740       9.985125973135577E-003
  0.719340110593928       4.642439516624269E-003
  0.856848167866790       1.148229179363787E-003
   1.00000000000000       0.000000000000000E+000
  2.122610839453942E-314  0.000000000000000E+000
 -1.751794377928875E-002  6.241880109730269E-006
 -3.326787413833396E-002  1.540461391880271E-005
 -4.758571360265654E-002  3.714645887515434E-005
 -6.076963148617374E-002  4.817359515181878E-005
 -7.304431139568891E-002  6.959786803243486E-005
 -8.460042872360120E-002  9.673664958979084E-005
 -9.558290510561601E-002  1.537455802525892E-004
 -0.106104158761360       2.432861040404278E-004
 -0.116245975553879       3.951186432439561E-004
 -0.126057027404178       6.200494142960811E-004
 -0.135561761425626       9.521602206823268E-004
 -0.144748896170291       1.407408464342864E-003
 -0.153582892138005       2.022591625284610E-003
 -0.161988329813991       2.815263212109041E-003
 -0.169860842614736       3.821087922570290E-003
 -0.177051239483726       5.052907947635699E-003
 -0.183373483572102       6.538835760774696E-003
 -0.188592027841840       8.277479397872819E-003
 -0.192424729661906       1.028014055483075E-002
 -0.194536853664096       1.251839210268927E-002
 -0.194536966572653       1.497542305829608E-002
 -0.191980943341704       1.758135348903373E-002
 -0.186359425651904       2.028078382516156E-002
 -0.177113838655947       2.295095904907266E-002
 -0.163616438677594       2.549374048809649E-002
 -0.145196976722479       2.773438259509532E-002
 -0.121121506634304       2.954204823076863E-002
 -9.062235459882274E-002  3.071617460896498E-002
 -5.289322770918218E-002  3.112752882311716E-002
 -7.103574192131007E-003  3.061394579054431E-002
  4.754915702647793E-002  2.910949323046567E-002
  0.111875709659839       2.659405082804709E-002
  0.186517292358916       2.313986822797646E-002
  0.272080051964177       1.898244526885004E-002
  0.368757092537237       1.436528116517831E-002
  0.476608667620391       9.810376990510357E-003
  0.594978537288827       5.660070318575928E-003
  0.722927751267052       2.563531797216107E-003
  0.858661346113561       5.984531342213096E-004
   1.00000000000000       0.000000000000000E+000
  2.122610839453942E-314  0.000000000000000E+000
 -1.741534342916223E-002 -1.146066434483197E-004
 -3.306342827032017E-002 -4.429459552477042E-004
 -4.730311820468816E-002 -9.331504262959250E-004
 -6.041360352630251E-002 -1.591521970401315E-003
 -7.263640911932119E-002 -2.369112114820557E-003
 -8.415174594584192E-002 -3.261615576194725E-003
 -9.511649561389612E-002 -4.227011044412398E-003
 -0.105637358066402      -5.258687930398830E-003
 -0.115805328654272      -6.314129597609862E-003
 -0.125665853650714      -7.380570635198980E-003
 -0.135251000691467      -8.412491640729521E-003
 -0.144546665343251      -9.391298820629276E-003
 -0.153523632630554      -1.026710374139450E-002
 -0.162101969337901      -1.101666255513440E-002
 -0.170181946319547      -1.158697828108965E-002
 -0.177605931413134      -1.195431141391691E-002
 -0.184189946748761      -1.206651285556126E-002
 -0.189683744145932      -1.190711388196677E-002
 -0.193803616325538      -1.143176488416491E-002
 -0.196191860037213      -1.064320426431320E-002
 -0.196451302564459      -9.514490078235162E-003
 -0.194105950129089      -8.082806170878736E-003
 -0.188637483869942      -6.349034416420134E-003
 -0.179449384761502      -4.399233241655182E-003
 -0.165905062994227      -2.270553808941092E-003
 -0.147299601075043      -1.023352091275335E-004
 -0.122896661090593       2.030654692770539E-003
 -9.191533211844602E-002  3.954760867630510E-003
 -5.356108313923753E-002  5.571053493581899E-003
 -7.038685792809102E-003  6.729050008142190E-003
  4.842701776427891E-002  7.334462350873868E-003
  0.113535386407223       7.358585329890148E-003
  0.188900097348289       6.749958857588615E-003
  0.274939048030004       5.708200449310279E-003
  0.371859795027142       4.239849861305925E-003
  0.479524587435613       2.791603165875309E-003
  0.597397623802017       1.386707787101404E-003
  0.724498700625877       5.477298981262661E-004
  0.859306616546745       6.108520412103407E-005
   1.00000000000000       0.000000000000000E+000
  2.122610839453942E-314  0.000000000000000E+000
 -1.707561044547522E-002 -2.321001288788714E-004
 -3.243961239980006E-002 -8.864261939879302E-004
 -4.642739221949976E-002 -1.887921115688364E-003
 -5.932913750367756E-002 -3.202650942687531E-003
 -7.137010978661254E-002 -4.772590744759028E-003
 -8.273803186783180E-002 -6.569597872783224E-003
 -9.358033951192700E-002 -8.548671881369034E-003
 -0.104011190375558      -1.068766436687909E-002
 -0.114116240670648      -1.294391352880161E-002
 -0.123949184411023      -1.529314467504828E-002
 -0.133538676599050      -1.768951163242522E-002
 -0.142879754842830      -2.010366650448917E-002
 -0.151939760919130      -2.248238374170715E-002
 -0.160648309487591      -2.478989366331531E-002
 -0.168900214892826      -2.696396865160134E-002
 -0.176546825897623      -2.896432534620085E-002
 -0.183394501110763      -3.072081369923480E-002
 -0.189200040668013      -3.219419307377737E-002
 -0.193663528345012      -3.331094213991970E-002
 -0.196430836483038      -3.404273781352656E-002
 -0.197080109408751      -3.432129783136281E-002
 -0.195134104031926      -3.414319337546819E-002
 -0.190041189162254      -3.345770537402853E-002
 -0.181198537508625      -3.230151889781692E-002
 -0.167931970847126      -3.065638625058523E-002
 -0.149526708729764      -2.860944352715631E-002
 -0.125217067394708      -2.618649010231436E-002
 -9.420985798152443E-002 -2.352097079195505E-002
 -5.571218067983861E-002 -2.068265752674742E-002
 -8.914525511413328E-003 -1.781836709258949E-002
  4.689741194975039E-002 -1.502738128770048E-002
  0.112442680761424      -1.240375893098568E-002
  0.188198737198014      -1.004596874553573E-002
  0.274624596261590      -7.918463264818709E-003
  0.371747039995281      -6.103548899339914E-003
  0.479516736200098      -4.418778177536104E-003
  0.597290337562765      -2.965940491713458E-003
  0.724243013604888      -1.533528231424522E-003
  0.859021408102642      -4.873478780924988E-004
   1.00000000000000       0.000000000000000E+000
  2.122610839453942E-314  0.000000000000000E+000
 -1.651085753954453E-002 -3.484836557189425E-004
 -3.139002110565508E-002 -1.323959746167059E-003
 -4.497479862980085E-002 -2.811910777144961E-003
 -5.752456138895629E-002 -4.761747816432232E-003
 -6.926810023520413E-002 -7.090479505493349E-003
 -8.037547774418864E-002 -9.762793788501424E-003
 -9.099888571504335E-002 -1.271805401226884E-002
 -0.101242650099926      -1.593316584488301E-002
 -0.111199311898573      -1.935419223872049E-002
 -0.120917540627457      -2.295902195859076E-002
 -0.130435267912661      -2.669115256528782E-002
 -0.139744824724642      -3.052363940039993E-002
 -0.148824980242285      -3.439040831521459E-002
 -0.157602839150514      -3.825550814470510E-002
 -0.165986121604221      -4.203917387839540E-002
 -0.173821801980501      -4.569531089316063E-002
 -0.180929399595710      -4.912901344040823E-002
 -0.187057251470942      -5.228641740969453E-002
 -0.191916948366818      -5.505945568272531E-002
 -0.195139485050349      -5.739363330564749E-002
 -0.196310257285345      -5.917411923532447E-002
 -0.194928932555436      -6.035858830130087E-002
 -0.190443781219650      -6.083750547116489E-002
 -0.182221087008533      -6.059798293182832E-002
 -0.169576315283719      -5.955501457378878E-002
 -0.151760964884977      -5.774324826921101E-002
 -0.127987449242423      -5.512438349838780E-002
 -9.743922706990293E-002 -5.178897616723790E-002
 -5.928857695257753E-002 -4.777069231883380E-002
 -1.273735865242203E-002 -4.319618024067724E-002
  4.297843967337315E-002 -3.819631825929111E-002
  0.108507547957103      -3.287931348614692E-002
  0.184395043600958      -2.748133651871883E-002
  0.270968563820590      -2.201824907814075E-002
  0.368354117948987      -1.683700422632304E-002
  0.476362539755332      -1.183588000728559E-002
  0.594501105247831      -7.474185178152195E-003
  0.721939192910995      -3.645989849880037E-003
  0.857530126002226      -1.050547901492086E-003
   1.00000000000000       0.000000000000000E+000
  2.122610839453942E-314  0.000000000000000E+000
 -1.572884603200005E-002 -4.538399024747163E-004
 -2.995344772419232E-002 -1.723347127304047E-003
 -4.297499844373832E-002 -3.673631616157265E-003
 -5.504574188754300E-002 -6.215464805254855E-003
 -6.636965224122966E-002 -9.261270324030407E-003
 -7.711355293745947E-002 -1.275393482992148E-002
 -8.741489493551788E-002 -1.663480064788912E-002
 -9.738069384869727E-002 -2.086632789546821E-002
 -0.107095180309418      -2.540017132975767E-002
 -0.116615060636640      -3.020305346241646E-002
 -0.125973768339765      -3.522484470176524E-002
 -0.135176262161453      -4.042770645275477E-002
 -0.144198703151104      -4.574988787746780E-002
 -0.152984512795927      -5.114263977422901E-002
 -0.161439107184436      -5.652511416367487E-002
 -0.169428297178090      -6.183453568779123E-002
 -0.176767939959250      -6.696541375942598E-002
 -0.183225922051925      -7.184124787608084E-002
 -0.188506741751808      -7.632933930595161E-002
 -0.192258895204827      -8.034446205609798E-002
 -0.194054628429649      -8.372909560286730E-002
 -0.193405159305643      -8.640036698235751E-002
 -0.189737087206420      -8.818669505124961E-002
 -0.182417425596496      -8.902532656503638E-002
 -0.170731170547102      -8.875335860154779E-002
 -0.153912539837608      -8.735240990440066E-002
 -0.131139569172137      -8.470224572877966E-002
 -0.101553344433303      -8.085016620043509E-002
 -6.430219518616850E-002 -7.576915875591336E-002
 -1.851819515211010E-002 -6.957748714446291E-002
  3.655029125391107E-002 -6.239200905108289E-002
  0.101658384501251      -5.438842605678582E-002
  0.177275887951849      -4.585127330011092E-002
  0.263878932110806      -3.697661407733029E-002
  0.361466247221739      -2.822441239835880E-002
  0.470020907107933      -1.978811229368619E-002
  0.588968494434417      -1.228150055944906E-002
  0.717637906083306      -5.948608128827181E-003
  0.855044315854122      -1.658216519091187E-003
   1.00000000000000       0.000000000000000E+000
  2.122610839453942E-314  0.000000000000000E+000
 -1.474542850240758E-002 -5.540589259644715E-004
 -2.814171927535572E-002 -2.095925217605255E-003
 -4.046757083996372E-002 -4.459186395055510E-003
 -5.193434225829727E-002 -7.540339971753912E-003
 -6.273443229735126E-002 -1.123332608682995E-002
 -7.301126386216610E-002 -1.547722745958642E-002
 -8.289889555602240E-002 -2.020210237382368E-002
 -9.249128831859105E-002 -2.537363738622600E-002
 -0.101876574905886      -3.093491161842229E-002
 -0.111104931603620      -3.686018061130034E-002
 -0.120220135440165      -4.309029097378585E-002
 -0.129224400261675      -4.959670295945033E-002
 -0.138109976691530      -5.630601793591723E-002
 -0.146819459779621      -6.317784334417514E-002
 -0.155279498125295      -7.011502043289269E-002
 -0.163355450827599      -7.705876502618837E-002
 -0.170888626048450      -8.388018100049084E-002
 -0.177645063741346      -9.049803051935225E-002
 -0.183357009098530      -9.674622471017938E-002
 -0.187667321099671      -0.102521059591524     
 -0.190174609622824      -0.107618370878380     
 -0.190377396532522      -0.111918589620602     
 -0.187720948709256      -0.115188092962114     
 -0.181549112770314      -0.117308124098457     
 -0.171148496359445      -0.118038128424258     
 -0.155718288357761      -0.117289595690238     
 -0.134407716185096      -0.114858416352364     
 -0.106317935061769      -0.110719910172366     
 -7.052183545767625E-002 -0.104787033816380     
 -2.612260856732183E-002 -9.713037003812630E-002
  2.775974354677004E-002 -8.786705657420441E-002
  9.187498785573406E-002 -7.717669908440633E-002
  0.166876109884877      -6.546877889111490E-002
  0.253170175737294      -5.299424221599366E-002
  0.350982542797606      -4.052472543650338E-002
  0.460188423827470      -2.833991071365684E-002
  0.580435046824560      -1.751572712083902E-002
  0.711039676590728      -8.399122255660283E-003
  0.851178901287696      -2.315346173498597E-003
   1.00000000000000       0.000000000000000E+000
  2.122610839453942E-314  0.000000000000000E+000
 -1.358812746489886E-002 -6.354486311867528E-004
 -2.601561244935215E-002 -2.407369402724019E-003
 -3.751451082658678E-002 -5.134942923128990E-003
 -4.826917651303482E-002 -8.682448350521404E-003
 -5.844071861203210E-002 -1.294532427186310E-002
 -6.815805227882155E-002 -1.784576034746579E-002
 -7.753657100162695E-002 -2.332157134230792E-002
 -8.666792451978537E-002 -2.932651343018880E-002
 -9.562947148396508E-002 -3.581567616802886E-002
 -0.104478815460192      -4.275305383338644E-002
 -0.113253851326047      -5.009378337597513E-002
 -0.121972311695930      -5.779846258214211E-002
 -0.130623769469578      -6.580817203985392E-002
 -0.139173414684421      -7.406960102548280E-002
 -0.147547539665032      -8.249720264513226E-002
 -0.155640372924592      -9.101577411979513E-002
 -0.163294479436892      -9.950058795916009E-002
 -0.170309690019336      -0.107848638647062     
 -0.176419918544299      -0.115884354483571     
 -0.181304045027399      -0.123474613878824     
 -0.184560261615352      -0.130384326432948     
 -0.185719842395136      -0.136454488519188     
 -0.184221323714419      -0.141391561577366     
 -0.179428486319620      -0.145026428167321     
 -0.170608134526377      -0.147025395532519     
 -0.156952015037028      -0.147239938013672     
 -0.137570263581516      -0.145349181425271     
 -0.111514979789045      -0.141268301051151     
 -7.780381187472127E-002 -0.134791357793253     
 -3.541965733924148E-002 -0.125964067259839     
  1.656764263007827E-002 -0.114814358242484     
  7.913082833925172E-002 -0.101578206852781     
  0.152931704144553      -8.667499265770803E-002
  0.238672425725459      -7.053833742716177E-002
  0.336518878041098      -5.407969828975751E-002
  0.446658361266439      -3.792546680707617E-002
  0.568654354067862      -2.337456172777277E-002
  0.702047925448544      -1.123437866528969E-002
  0.846122876042997      -3.069375006514810E-003
   1.00000000000000       0.000000000000000E+000
  2.122610839453942E-314  0.000000000000000E+000
 -1.227547902867159E-002 -7.074180601008511E-004
 -2.360711639048073E-002 -2.670139827418169E-003
 -3.417826674798313E-002 -5.689527854647605E-003
 -4.412608668933642E-002 -9.620072204870777E-003
 -5.358449716797129E-002 -1.434869604739776E-002
 -6.265610372918407E-002 -1.979814515409304E-002
 -7.144463123029723E-002 -2.590089190557726E-002
 -8.002709243419137E-002 -3.261836061897364E-002
 -8.848134569547310E-002 -3.990025998151607E-002
 -9.685740015497027E-002 -4.772368738988533E-002
 -0.105203591201756      -5.603646789163350E-002
 -0.113534333721687      -6.481619664325823E-002
 -0.121858513286197      -7.399371579092674E-002
 -0.130141002766690      -8.353475585984280E-002
 -0.138336126414531      -9.333944905453465E-002
 -0.146340181544100      -0.103350698602866     
 -0.154032593542499      -0.113423489298087     
 -0.161216917321758      -0.123467225243217     
 -0.167672089096749      -0.133277411341036     
 -0.173080607920295      -0.142720949030279     
 -0.177091247199904      -0.151520654822510     
 -0.179234786757502      -0.159496850569091     
 -0.178998888118255      -0.166295779746070     
 -0.175736280307581      -0.171698882692230     
 -0.168747461075868      -0.175287726731872     
 -0.157193389923345      -0.176830984517073     
 -0.140177191889162      -0.175904033865123     
 -0.116692620400863      -0.172317545744306     
 -8.567723128432678E-002 -0.165747867865961     
 -4.602556663812542E-002 -0.156148802906312     
  3.387307203629235E-003 -0.143460805947744     
  6.361153310241331E-002 -0.127863268273062     
  0.135662187782908      -0.109867584346913     
  0.220251142047556      -8.992103929229578E-002
  0.317986239541889      -6.928868525579880E-002
  0.428999462352352      -4.870186763295285E-002
  0.553236248063985      -3.009011196216051E-002
  0.690190531095975      -1.440131055859816E-002
  0.839312221349369      -3.934901307261356E-003
   1.00000000000000       0.000000000000000E+000
  2.122610839453942E-314  0.000000000000000E+000
 -1.085556286277876E-002 -7.534116434253816E-004
 -2.099592219983902E-002 -2.851598086842810E-003
 -3.055160528657220E-002 -6.090690636058497E-003
 -3.961310877286887E-002 -1.030474272476613E-002
 -4.828039830309506E-002 -1.538908779345511E-002
 -5.663134750389451E-002 -2.125705213118091E-002
 -6.474945511311662E-002 -2.785431691137778E-002
 -7.270503712835993E-002 -3.513367882355804E-002
 -8.056355705326353E-002 -4.306259712558403E-002
 -8.838153589974791E-002 -5.160863470537361E-002
 -9.619954233779970E-002 -6.074154372140392E-002
 -0.104049186458746      -7.042750777682305E-002
 -0.111934993453101      -8.062290430608966E-002
 -0.119848913094158      -9.127980677406007E-002
 -0.127744342389625      -0.102325714392343     
 -0.135554728917545      -0.113686952135511     
 -0.143162569978429      -0.125244026262314     
 -0.150418895941214      -0.136885493181765     
 -0.157110136331877      -0.148424126909185     
 -0.162975468770399      -0.159699802385057     
 -0.167674529446891      -0.170433776485200     
 -0.170799275084884      -0.180410041541265     
 -0.171847453644333      -0.189241077899174     
 -0.170228286410641      -0.196658964496539     
 -0.165241372157465      -0.202162296122945     
 -0.156080119165374      -0.205454233373462     
 -0.141822456384709      -0.205966039664481     
 -0.121433749397379      -0.203438196453032     
 -9.378049941148751E-002 -0.197333307974137     
 -5.759914312758228E-002 -0.187546753754240     
 -1.163310539938805E-002 -0.173813557680815     
  4.546237797262272E-002 -0.156287960053490     
  0.114861490332186      -0.135398745480207     
  0.197750369460015      -0.111739552959895     
  0.294796184776152      -8.665145372325934E-002
  0.406802879675921      -6.131772338550608E-002
  0.533602014905071      -3.798314592841172E-002
  0.675158378457956      -1.829085927481008E-002
  0.830892722036591      -4.986737761793724E-003
   1.00000000000000       0.000000000000000E+000
  2.122610839453942E-314  0.000000000000000E+000
 -9.347790927005408E-003 -7.858372358596409E-004
 -1.823440908111448E-002 -2.963670347031848E-003
 -2.671653896166881E-002 -6.331270748960871E-003
 -3.483740758880135E-002 -1.071931547870783E-002
 -4.265580427388779E-002 -1.602745944394838E-002
 -5.022478481613905E-002 -2.217412224835424E-002
 -5.760917322135700E-002 -2.910615166324195E-002
 -6.486538808227894E-002 -3.678759252866882E-002
 -7.205616181238982E-002 -4.518309786501427E-002
 -7.922982574642369E-002 -5.427777536353247E-002
 -8.643635391521640E-002 -6.403475968598192E-002
 -9.370251025892475E-002 -7.444416589304290E-002
 -0.101053000550293      -8.545258878394064E-002
 -0.108477947573066      -9.704212137359622E-002
 -0.115962234019363      -0.109127375761630     
 -0.123441129232216      -0.121669231016700     
 -0.130841530956174      -0.134531464316375     
 -0.138020718990850      -0.147638122453857     
 -0.144824210877197      -0.160779587544459     
 -0.151001661474407      -0.173825713155421     
 -0.156287250053024      -0.186465120155633     
 -0.160285079409035      -0.198494987824990     
 -0.162579180764126      -0.209480258065766     
 -0.162585473191718      -0.219134384851880     
 -0.159691137506425      -0.226879033971133     
 -0.153073877429182      -0.232350688510409     
 -0.141871311768099      -0.234864029685986     
 -0.124988684409946      -0.234037950478905     
 -0.101268416780025      -0.229143549185236     
 -6.932006639387285E-002 -0.219893145259982     
 -2.766363611187195E-002 -0.205857235465144     
  2.522343062158940E-002 -0.187001032137888     
  9.101518694840155E-002 -0.163670126377463     
  0.171130899908312      -0.136434506232600     
  0.266982424429399      -0.106813355497152     
  0.379458509660934      -7.609757345743313E-002
  0.509259207860976      -4.750287599028832E-002
  0.656180690638904      -2.281788789287059E-002
  0.819992491795864      -6.240196170453508E-003
   1.00000000000000       0.000000000000000E+000
  2.122610839453942E-314  0.000000000000000E+000
 -7.819502034601444E-003 -7.868821595309674E-004
 -1.541498686350000E-002 -2.980360646130375E-003
 -2.279111414339621E-002 -6.385191866940660E-003
 -2.992823998001937E-002 -1.082865318662988E-002
 -3.685419237494462E-002 -1.622550589367454E-002
 -4.359059961935288E-002 -2.249388095915932E-002
 -5.018367460831119E-002 -2.959760917803590E-002
 -5.668071726765487E-002 -3.749512258897664E-002
 -6.313145053175824E-002 -4.617237685929106E-002
 -6.958983132555838E-002 -5.560455750337338E-002
 -7.609554653207036E-002 -6.578225861382289E-002
 -8.269252089128491E-002 -7.668224487172658E-002
 -8.939743648876122E-002 -8.828618121997979E-002
 -9.622885753928868E-002 -0.100560241500948     
 -0.103166824650935      -0.113462072502226     
 -0.110187963606983      -0.126934181395132     
 -0.117219240140675      -0.140890151321843     
 -0.124174731489790      -0.155232692125480     
 -0.130907019351341      -0.169804662792466     
 -0.137239899395627      -0.184450485097802     
 -0.142923006216215      -0.198905124481888     
 -0.147652498436267      -0.212933017217862     
 -0.151036140783403      -0.226123743493486     
 -0.152594999706796      -0.238148289224409     
 -0.151741392262468      -0.248398545898603     
 -0.147748902749254      -0.256452135814850     
 -0.139762293707935      -0.261504900696603     
 -0.126737807577483      -0.263091729832073     
 -0.107451227087779      -0.260233631499099     
 -8.045620507653389E-002 -0.252503986467741     
 -4.409902172497563E-002 -0.239127367716864     
  3.422804284044267E-003 -0.219986380079097     
  6.407437184504165E-002 -0.194898165768258     
  0.140216751362661      -0.164604322528548     
  0.233548283572763      -0.130383538870753     
  0.346223021482591      -9.396760330037618E-002
  0.479042943254255      -5.916287653997798E-002
  0.632712488086216      -2.871391521818379E-002
  0.806732360094853      -7.857656728160658E-003
   1.00000000000000       0.000000000000000E+000
  2.122610839453942E-314  0.000000000000000E+000
 -6.288402338149892E-003 -7.710066713845949E-004
 -1.260832508953229E-002 -2.911007992521275E-003
 -1.887017901286739E-002 -6.251483602258436E-003
 -2.501627134903002E-002 -1.062406427157728E-002
 -3.102416799091818E-002 -1.596202341116049E-002
 -3.689795560847497E-002 -2.219230671127680E-002
 -4.266152499476546E-002 -2.928520052394811E-002
 -4.835154260018594E-002 -3.721209334947770E-002
 -5.401296669407564E-002 -4.595657303412017E-002
 -5.969116739840025E-002 -5.551355987347604E-002
 -6.543333094500127E-002 -6.586548901199744E-002
 -7.127572166384304E-002 -7.701758216214663E-002
 -7.725331997232164E-002 -8.893997288286659E-002
 -8.337891109349696E-002 -0.101637524616980     
 -8.966284732459164E-002 -0.115054200377446     
 -9.607967359321647E-002 -0.129182109459412     
 -0.102601693939237      -0.143919483686861     
 -0.109146766982859      -0.159228951285748     
 -0.115632216887056      -0.174935780716459     
 -0.121893389639759      -0.190951218710923     
 -0.127769007029933      -0.206988973382499     
 -0.132975394174614      -0.222878233262507     
 -0.137237784009950      -0.238181263598830     
 -0.140101771562166      -0.252616839932312     
 -0.141127889276359      -0.265522729445766     
 -0.139605037301842      -0.276474198967949     
 -0.134836972995208      -0.284580689757183     
 -0.125758264725373      -0.289280429837849     
 -0.111271048893452      -0.289400511291920     
 -8.979232694560972E-002 -0.284286031666784     
 -5.961716141945989E-002 -0.272892520547975     
 -1.861260898407011E-002 -0.254838220758360     
  3.562861605138085E-002 -0.229265159383261     
  0.106003747650056      -0.196599677064050     
  0.195616526702205      -0.158219556327805     
  0.306824057560543      -0.115527516153301     
  0.442434330310797      -7.373775500645940E-002
  0.603206307061461      -3.592109030646008E-002
  0.789467517923329      -9.911938294645477E-003
   1.00000000000000       0.000000000000000E+000
  2.122610839453942E-314  0.000000000000000E+000
 -4.837274404627085E-003 -7.213248068458532E-004
 -9.909396852723922E-003 -2.742430437060146E-003
 -1.508583500751875E-002 -5.916647531660052E-003
 -2.023836680872911E-002 -1.009348747398704E-002
 -2.532370810069764E-002 -1.522640865972398E-002
 -3.031492944767301E-002 -2.125077670866534E-002
 -3.522215415269485E-002 -2.815472798185158E-002
 -4.007414800500586E-002 -3.590509930808166E-002
 -4.490297446688717E-002 -4.450705806921437E-002
 -4.975921086922477E-002 -5.394319063393149E-002
 -5.467664140671043E-002 -6.422531219785968E-002
 -5.970673375540429E-002 -7.534150631410602E-002
 -6.487122186736068E-002 -8.730234985993232E-002
 -7.020879116112054E-002 -0.100092467798833     
 -7.571818448741351E-002 -0.113709998273998     
 -8.141358923776085E-002 -0.128124194697205     
 -8.725941189623145E-002 -0.143303485998117     
 -9.323144504157993E-002 -0.159185086235194     
 -9.924548215089786E-002 -0.175681513026493     
 -0.105218815282929      -0.192675543660776     
 -0.110998649970069      -0.209983792235719     
 -0.116414326910562      -0.227403333773661     
 -0.121214126771153      -0.244604336577758     
 -0.125089427121288      -0.261270468482966     
 -0.127638150741689      -0.276826181963408     
 -0.128330643365000      -0.290793454086107     
 -0.126519340709873      -0.302306988720210     
 -0.121349331571183      -0.310732573329316     
 -0.111754269356754      -0.314710715861386     
 -9.626196126954201E-002 -0.313488003292608     
 -7.312706368004665E-002 -0.305474124397801     
 -3.995188863694236E-002 -0.290226315526533     
  6.148932620539204E-003 -0.265827746451787     
  6.903200032612215E-002 -0.232318145060702     
  0.152771860653840      -0.190725148286722     
  0.261086799278101      -0.142438819349111     
  0.397573559824027      -9.256719503674493E-002
  0.566717947222744      -4.621260067648285E-002
  0.767690338296969      -1.291844488873113E-002
   1.00000000000000       0.000000000000000E+000
  2.122610839453942E-314  0.000000000000000E+000
 -3.478846949808733E-003 -6.523181989350446E-004
 -7.401686078735391E-003 -2.478985522438585E-003
 -1.153510360443861E-002 -5.388429467100857E-003
 -1.573449964374643E-002 -9.242703531436951E-003
 -1.990682431364748E-002 -1.402593832364009E-002
 -2.402100328682035E-002 -1.968432527566830E-002
 -2.806715356029433E-002 -2.621350605603576E-002
 -3.206813255113367E-002 -3.359289984463844E-002
 -3.605163330366731E-002 -4.182184858050209E-002
 -4.005865208502028E-002 -5.090244922672474E-002
 -4.412834491955470E-002 -6.083380419599688E-002
 -4.830043744934952E-002 -7.163351176001702E-002
 -5.261075692715771E-002 -8.329611346345044E-002
 -5.708640265682883E-002 -9.584857265824305E-002
 -6.175071104166977E-002 -0.109271205545296     
 -6.660879766599807E-002 -0.123591488931254     
 -7.166387996720355E-002 -0.138759056630103     
 -7.688777646208179E-002 -0.154788658743119     
 -8.225495607447077E-002 -0.171573634152007     
 -8.768702065903967E-002 -0.189096230749646     
 -9.311736663494075E-002 -0.207155836967534     
 -9.839174324519827E-002 -0.225671757603422     
 -0.103383821361984      -0.244297555525663     
 -0.107816051641405      -0.262854713658423     
 -0.111465559610070      -0.280748960289337     
 -0.113850333811288      -0.297624973428772     
 -0.114568344472847      -0.312610383219798     
 -0.112804288176290      -0.325147143550583     
 -0.107832890190506      -0.333723659757940     
 -9.814000758427373E-002 -0.337501124122930     
 -8.227894785841287E-002 -0.334606903771771     
 -5.763764479390072E-002 -0.324155390423741     
 -2.125440507109333E-002 -0.303282555644093     
  3.145407020883424E-002 -0.270947734567408     
  0.106235911105835      -0.228124559670253     
  0.208164241009668      -0.175880400765577     
  0.343939729224812      -0.117695534080113     
  0.519857360268697      -5.943719206543978E-002
  0.739338875815200      -1.750074552744741E-002
   1.00000000000000       0.000000000000000E+000
  2.122610839453942E-314  0.000000000000000E+000
 -2.301869786519511E-003 -5.522739249064621E-004
 -5.166366416741662E-003 -2.128850049023411E-003
 -8.344011805668843E-003 -4.675919303128325E-003
 -1.162828841880113E-002 -8.095585957392485E-003
 -1.492270078798906E-002 -1.239376027283832E-002
 -1.817701678958378E-002 -1.752928626886933E-002
 -2.137405768388178E-002 -2.351303385148066E-002
 -2.453458143898365E-002 -3.031683535217123E-002
 -2.767330861583655E-002 -3.795884017671697E-002
 -3.083649791140816E-002 -4.642406673636090E-002
 -3.404655860624821E-002 -5.573903552474196E-002
 -3.735476156259239E-002 -6.589904484605932E-002
 -4.077829284295082E-002 -7.693851638269719E-002
 -4.436420595447311E-002 -8.885822553835802E-002
 -4.811664017783388E-002 -0.101695069663027     
 -5.207299990863382E-002 -0.115446258855515     
 -5.621788967239476E-002 -0.130140258329197     
 -6.057327345882294E-002 -0.145756970908124     
 -6.509702378040880E-002 -0.162297974173799     
 -6.978671493617182E-002 -0.179705589855156     
 -7.456407816055001E-002 -0.197925461459518     
 -7.938699287691194E-002 -0.216833444072091     
 -8.412631985395880E-002 -0.236273071473035     
 -8.866730742781759E-002 -0.256017589647846     
 -9.280246908765508E-002 -0.275713948315582     
 -9.629606843704289E-002 -0.294952745660946     
 -9.880242148748286E-002 -0.313115348440878     
 -9.982226080695500E-002 -0.329617044717536     
 -9.871119888080750E-002 -0.343089497702067     
 -9.435370974759620E-002 -0.352569069360722     
 -8.534309392527718E-002 -0.356163132528969     
 -6.968371904722918E-002 -0.352673613375956     
 -4.412807819249105E-002 -0.338266031522573     
 -4.221221384191280E-003 -0.311314027347250     
  5.634561862406107E-002 -0.270076233688123     
  0.146320315823649      -0.217036859742487     
  0.274802729504710      -0.150262012981543     
  0.458895607767357      -7.767174650441568E-002
  0.702119135034041      -2.331436741630804E-002
   1.00000000000000       0.000000000000000E+000
  2.122610839453942E-314  0.000000000000000E+000
 -1.311330236829481E-003 -4.339621847795666E-004
 -3.290756419883719E-003 -1.691207367549782E-003
 -5.597443097471517E-003 -3.801530584790771E-003
 -8.047600544802611E-003 -6.685057860803268E-003
 -1.051065484623570E-002 -1.038186144412915E-002
 -1.294913617702517E-002 -1.486127426050901E-002
 -1.533619283140386E-002 -2.013395020353223E-002
 -1.768941061675115E-002 -2.618359031927448E-002
 -2.002250617039516E-002 -3.301419679375320E-002
 -2.236941216273879E-002 -4.062920386471970E-002
 -2.475628495023900E-002 -4.903557333579399E-002
 -2.721804692951137E-002 -5.825580712359392E-002
 -2.978083975206267E-002 -6.830206241243068E-002
 -3.247430801153096E-002 -7.921421737448936E-002
 -3.531902180747050E-002 -9.100443842795707E-002
 -3.833561122939546E-002 -0.103725712697833     
 -4.153613211634844E-002 -0.117378949990093     
 -4.492785301433657E-002 -0.132023441177470     
 -4.851215598406559E-002 -0.147630596457014     
 -5.227613322476085E-002 -0.164255152513609     
 -5.620842864851184E-002 -0.181811868805473     
 -6.026420850670257E-002 -0.200334696046568     
 -6.441699848995565E-002 -0.219636465557140     
 -6.856430991497486E-002 -0.239704431880877     
 -7.265441307829033E-002 -0.260176511606642     
 -7.649163127500838E-002 -0.280929308248141     
 -7.998532946899277E-002 -0.301343017976506     
 -8.270903261450953E-002 -0.321186953366746     
 -8.445094299730908E-002 -0.339056201419891     
 -8.423251574336478E-002 -0.354228329218004     
 -8.131371325763345E-002 -0.365019441714281     
 -7.372051684085199E-002 -0.370291641110149     
 -5.943850096215669E-002 -0.365358612543580     
 -3.315714698062833E-002 -0.348153869051548     
  1.102037975348812E-002 -0.314867399715224     
  8.433294886134610E-002 -0.266620250674475     
  0.201603528256054      -0.193653084640798     
  0.383845421780239      -9.890317265922825E-002
  0.652477255968557      -2.886615068407757E-002
   1.00000000000000       0.000000000000000E+000
  2.122610839453942E-314  0.000000000000000E+000
 -5.873508984222119E-004 -2.984943103947559E-004
 -1.819214090811635E-003 -1.209327489356886E-003
 -3.382646521104069E-003 -2.815747193098123E-003
 -5.074040088154284E-003 -5.091108592238993E-003
 -6.778696098101225E-003 -8.092888161829495E-003
 -8.465590962400238E-003 -1.179494139732357E-002
 -1.010378796039823E-002 -1.621912374590241E-002
 -1.171699789661068E-002 -2.133298022907531E-002
 -1.330454693600380E-002 -2.715635946713081E-002
 -1.490519707167811E-002 -3.367024350312060E-002
 -1.652601590990914E-002 -4.090451224113169E-002
 -1.820876693986557E-002 -4.885514642266223E-002
 -1.995790098330891E-002 -5.756719961340945E-002
 -2.181555067052898E-002 -6.704902635312128E-002
 -2.377823402253306E-002 -7.736034757708762E-002
 -2.588868742783697E-002 -8.851562107538047E-002
 -2.813185920829857E-002 -0.100585240289390     
 -3.055173032460860E-002 -0.113580743850996     
 -3.311840401496269E-002 -0.127575841006191     
 -3.587736244633568E-002 -0.142566238683419     
 -3.878048420152207E-002 -0.158617639891642     
 -4.187313526814495E-002 -0.175692104188423     
 -4.508492397401781E-002 -0.193825899802328     
 -4.845642442289623E-002 -0.212916927321516     
 -5.189069194096850E-002 -0.232937809767373     
 -5.541438980144147E-002 -0.253673277350658     
 -5.889103530984876E-002 -0.274974345205229     
 -6.224152519709098E-002 -0.296496847279678     
 -6.524528694684396E-002 -0.317582122427848     
 -6.769480644003041E-002 -0.337320840573124     
 -6.913728345050466E-002 -0.354840539470132     
 -6.858588667459918E-002 -0.369312009595760     
 -6.479032763202110E-002 -0.375601025502523     
 -5.295608585312162E-002 -0.371978528972471     
 -2.752538764507104E-002 -0.351962767865238     
  2.297717645410281E-002 -0.315488682328257     
  0.122387094257422      -0.243784139241185     
  0.302713030096076      -0.132356562018123     
  0.591888268146466      -3.887253315946087E-002
   1.00000000000000       0.000000000000000E+000
  2.122610839453942E-314  0.000000000000000E+000
 -1.124215367682102E-004 -1.568393790639297E-004
 -8.135614228150518E-004 -6.854102369027059E-004
 -1.746681677551001E-003 -1.773226534135112E-003
 -2.788006711427863E-003 -3.407784133728578E-003
 -3.828142929600472E-003 -5.655136235865650E-003
 -4.853738119505937E-003 -8.503048917219895E-003
 -5.842145033204074E-003 -1.195169355320568E-002
 -6.808289429554856E-003 -1.598656106889257E-002
 -7.756174882729764E-003 -2.060213481858654E-002
 -8.707525209366971E-003 -2.579951933061499E-002
 -9.672812328385324E-003 -3.158293683718221E-002
 -1.067448251807488E-002 -3.797092404290590E-002
 -1.172179837987467E-002 -4.498137767283127E-002
 -1.283696549995979E-002 -5.265086215310107E-002
 -1.402546676229207E-002 -6.100785688016072E-002
 -1.530925453048192E-002 -7.010633309249631E-002
 -1.668930041855536E-002 -7.997874736457439E-002
 -1.818716275748361E-002 -9.069585617060222E-002
 -1.979947201910716E-002 -0.102284483310020     
 -2.154689301265611E-002 -0.114831697963837     
 -2.342301019869782E-002 -0.128344917899430     
 -2.544579175827400E-002 -0.142927941045164     
 -2.760837087482223E-002 -0.158547237282206     
 -2.992396080670668E-002 -0.175320790769452     
 -3.239199900527917E-002 -0.193147625368206     
 -3.501698980387889E-002 -0.212166065447724     
 -3.782403155675688E-002 -0.232118110152994     
 -4.074321067138165E-002 -0.253186102976590     
 -4.381206209127879E-002 -0.274775040242573     
 -4.695650235586302E-002 -0.296858277415341     
 -5.034081909280613E-002 -0.318653904882693     
 -5.324077376539529E-002 -0.340907496737170     
 -5.587262278510625E-002 -0.357738042059245     
 -5.445744506785553E-002 -0.368181575702244     
 -4.655387233555759E-002 -0.367610918564583     
 -2.100639038307991E-002 -0.352980355624712     
  4.226346984163157E-002 -0.294604482932477     
  0.190476534177945      -0.178316615568878     
  0.497096733414401      -6.009699977949631E-002
   1.00000000000000       0.000000000000000E+000
  2.122610839453942E-314  0.000000000000000E+000
  8.694082305202186E-005 -3.723070895705050E-005
 -2.262854542713027E-004 -2.315479182366357E-004
 -6.691829384611425E-004 -8.169959065438211E-004
 -1.186224971873738E-003 -1.812751446896744E-003
 -1.686884610693770E-003 -3.289388689619061E-003
 -2.186287096966943E-003 -5.212668483773880E-003
 -2.654302683888186E-003 -7.597118007096120E-003
 -3.114795538440591E-003 -1.040475540328368E-002
 -3.557004501198904E-003 -1.364724859549843E-002
 -4.005373264052930E-003 -1.730326418884566E-002
 -4.452853039631512E-003 -2.139460295724075E-002
 -4.925072780049572E-003 -2.591370030991823E-002
 -5.411240470651764E-003 -3.089897382737097E-002
 -5.941365700781128E-003 -3.635319759849761E-002
 -6.496874982169397E-003 -4.233301443364883E-002
 -7.115305925029734E-003 -4.884705266303509E-002
 -7.767159631788832E-003 -5.597072162108394E-002
 -8.501028752008474E-003 -6.371375769573437E-002
 -9.273176536673580E-003 -7.217109688175784E-002
 -1.014772793067308E-002 -8.134802340551468E-002
 -1.106242767970849E-002 -9.136088162195966E-002
 -1.210323079818059E-002 -0.102202846804708     
 -1.318356828179153E-002 -0.114016680838747     
 -1.442362097449182E-002 -0.126769629835003     
 -1.570456314741868E-002 -0.140648395247635     
 -1.719469764448008E-002 -0.155584266203838     
 -1.872083145753837E-002 -0.171805794702225     
 -2.052450275682628E-002 -0.189144765908203     
 -2.237300829344009E-002 -0.207954284161163     
 -2.476755508667757E-002 -0.227809061011647     
 -2.731746303815262E-002 -0.249460141653621     
 -3.019035531951947E-002 -0.272845713209225     
 -3.221272567175183E-002 -0.296335998829006     
 -3.441826746013613E-002 -0.315739885545303     
 -3.548801185281360E-002 -0.335878938985503     
 -3.905031715335712E-002 -0.354153914950280     
 -3.292427686866986E-002 -0.327214013296437     
  3.996012807390441E-002 -0.258066669464863     
  0.290610936709644      -0.100578592852703     
   1.00000000000000       0.000000000000000E+000
  2.122610839453942E-314  0.000000000000000E+000
  5.817335981368477E-005  5.817335981363927E-005
 -3.441259025997934E-005  8.947336363361348E-005
 -1.485732638757739E-004 -1.035842653511030E-004
 -2.862538148878653E-004 -5.579168593582512E-004
 -4.222587579821536E-004 -1.268716632455252E-003
 -5.555887449922042E-004 -2.251561899259724E-003
 -6.812403530387121E-004 -3.476632804253557E-003
 -8.019545650874498E-004 -4.945566763784776E-003
 -9.182737248153511E-004 -6.640353831645259E-003
 -1.035003389503487E-003 -8.565596487260586E-003
 -1.151761323817584E-003 -1.071737043700818E-002
 -1.275518787960608E-003 -1.310450215473568E-002
 -1.402580783673198E-003 -1.573669749257617E-002
 -1.542998493470026E-003 -1.862918721288800E-002
 -1.689488215860503E-003 -2.180131889155124E-002
 -1.855399100802414E-003 -2.527673293427648E-002
 -2.029648280099152E-003 -2.908058284989803E-002
 -2.229278375161624E-003 -3.324755339364232E-002
 -2.439332068167771E-003 -3.780445912091225E-002
 -2.681092062106557E-003 -4.280110454495145E-002
 -2.935524023702271E-003 -4.826112472236074E-002
 -3.229025718095737E-003 -5.425547626548428E-002
 -3.537832575415940E-003 -6.080058871684499E-002
 -3.897358903953204E-003 -6.799903273168666E-002
 -4.281001183576836E-003 -7.585415209933374E-002
 -4.732336907796396E-003 -8.452946148739381E-002
 -5.214864818782614E-003 -9.398882630899762E-002
 -5.787402330178271E-003 -0.104460659508422     
 -6.400578993206326E-003 -0.115968708217854     
 -7.258107701665105E-003 -0.128982309727453     
 -8.470747468748121E-003 -0.143207608157547     
 -9.743030788612861E-003 -0.160048741446055     
 -1.057943713803071E-002 -0.177994885661102     
 -1.164580936949257E-002 -0.196567682402150     
 -1.379685146986272E-002 -0.221356577723638     
 -2.060251308854234E-002 -0.268712246278791     
 -4.122449004941893E-002 -0.280926393396177     
 -1.236713156152563E-002 -0.289718405918668     
  0.178955366503219      -0.179847897294223     
   1.00000000000000       0.000000000000000E+000
  2.122610839453942E-314  0.000000000000000E+000
  2.122610839453942E-314  0.000000000000000E+000
  2.122610839453942E-314  0.000000000000000E+000
  2.122610839453942E-314  0.000000000000000E+000
  2.122610839453942E-314  0.000000000000000E+000
  2.122610839453942E-314  0.000000000000000E+000
  2.122610839453942E-314  0.000000000000000E+000
  2.122610839453942E-314  0.000000000000000E+000
  2.122610839453942E-314  0.000000000000000E+000
  2.122610839453942E-314  0.000000000000000E+000
  2.122610839453942E-314  0.000000000000000E+000
  2.122610839453942E-314  0.000000000000000E+000
  2.122610839453942E-314  0.000000000000000E+000
  2.122610839453942E-314  0.000000000000000E+000
  2.122610839453942E-314  0.000000000000000E+000
  2.122610839453942E-314  0.000000000000000E+000
  2.122610839453942E-314  0.000000000000000E+000
  2.122610839453942E-314  0.000000000000000E+000
  2.122610839453942E-314  0.000000000000000E+000
  2.122610839453942E-314  0.000000000000000E+000
  2.122610839453942E-314  0.000000000000000E+000
  2.122610839453942E-314  0.000000000000000E+000
  2.122610839453942E-314  0.000000000000000E+000
  2.122610839453942E-314  0.000000000000000E+000
  2.122610839453942E-314  0.000000000000000E+000
  2.122610839453942E-314  0.000000000000000E+000
  2.122610839453942E-314  0.000000000000000E+000
  2.122610839453942E-314  0.000000000000000E+000
  2.122610839453942E-314  0.000000000000000E+000
  2.122610839453942E-314  0.000000000000000E+000
  2.122610839453942E-314  0.000000000000000E+000
  2.122610839453942E-314  0.000000000000000E+000
  2.122610839453942E-314  0.000000000000000E+000
  2.122610839453942E-314  0.000000000000000E+000
  2.122610839453942E-314  0.000000000000000E+000
  2.122610839453942E-314  0.000000000000000E+000
  2.122610839453942E-314  0.000000000000000E+000
  2.122610839453942E-314  0.000000000000000E+000
  2.122610839453942E-314  0.000000000000000E+000
  2.122610839453942E-314  0.000000000000000E+000
   1.00000000000000       0.000000000000000E+000
