  5.432309224871097E-312  0.000000000000000E+000
  2.122610839453942E-314  0.000000000000000E+000
  2.122610839453942E-314  0.000000000000000E+000
  2.122610839453942E-314  0.000000000000000E+000
  2.122610839453942E-314  0.000000000000000E+000
  2.122610839453942E-314  0.000000000000000E+000
  2.122610839453942E-314  0.000000000000000E+000
  2.122610839453942E-314  0.000000000000000E+000
  2.122610839453942E-314  0.000000000000000E+000
  2.122610839453942E-314  0.000000000000000E+000
  2.122610839453942E-314  0.000000000000000E+000
  2.122610839453942E-314  0.000000000000000E+000
  2.122610839453942E-314  0.000000000000000E+000
  2.122610839453942E-314  0.000000000000000E+000
  2.122610839453942E-314  0.000000000000000E+000
  2.122610839453942E-314  0.000000000000000E+000
  2.122610839453942E-314  0.000000000000000E+000
  2.122610839453942E-314  0.000000000000000E+000
  2.122610839453942E-314  0.000000000000000E+000
  2.122610839453942E-314  0.000000000000000E+000
  2.122610839453942E-314  0.000000000000000E+000
  2.122610839453942E-314  0.000000000000000E+000
  2.122610839453942E-314  0.000000000000000E+000
  2.122610839453942E-314  0.000000000000000E+000
  2.122610839453942E-314  0.000000000000000E+000
  2.122610839453942E-314  0.000000000000000E+000
  2.122610839453942E-314  0.000000000000000E+000
  2.122610839453942E-314  0.000000000000000E+000
  2.122610839453942E-314  0.000000000000000E+000
  2.122610839453942E-314  0.000000000000000E+000
  2.122610839453942E-314  0.000000000000000E+000
  2.122610839453942E-314  0.000000000000000E+000
  2.122610839453942E-314  0.000000000000000E+000
  2.122610839453942E-314  0.000000000000000E+000
  2.122610839453942E-314  0.000000000000000E+000
  2.122610839453942E-314  0.000000000000000E+000
  2.122610839453942E-314  0.000000000000000E+000
  2.122610839453942E-314  0.000000000000000E+000
  2.122610839453942E-314  0.000000000000000E+000
  2.122610839453942E-314  0.000000000000000E+000
   1.00000000000000       0.000000000000000E+000
  2.122610839453942E-314  0.000000000000000E+000
  6.535603449408485E-005 -6.501603227811042E-005
 -3.632287649793173E-005 -5.879998280256641E-006
 -1.768047814809745E-004  2.046864453833571E-004
 -3.299294778760923E-004  7.359415479989140E-004
 -4.771375725431720E-004  1.530244578266011E-003
 -6.116213183286875E-004  2.605503395359914E-003
 -7.417247071669484E-004  3.931970075840180E-003
 -8.602114708312320E-004  5.501157628622467E-003
 -9.751445744988845E-004  7.294353752519965E-003
 -1.081442809628644E-003  9.303683569326489E-003
 -1.186047708608321E-003  1.151612635577606E-002
 -1.285056097092904E-003  1.392817205886263E-002
 -1.383883141582363E-003  1.652974128505906E-002
 -1.479378230852971E-003  1.932259067641821E-002
 -1.575915991026447E-003  2.229772256663361E-002
 -1.671023447359188E-003  2.546207777735406E-002
 -1.768580899858361E-003  2.880702755728290E-002
 -1.867091554193447E-003  3.234606739550349E-002
 -1.970325314497962E-003  3.607078281608180E-002
 -2.078658190044473E-003  4.000551366582375E-002
 -2.196217699425015E-003  4.414256160108191E-002
 -2.326377839396462E-003  4.852599308924731E-002
 -2.473233061805601E-003  5.314886171448876E-002
 -2.646955852077690E-003  5.809519701589035E-002
 -2.855014951489607E-003  6.335693555944563E-002
 -3.117978978248636E-003  6.908379141058409E-002
 -3.458540482015621E-003  7.528791865611731E-002
 -3.877879063804086E-003  8.222895494840461E-002
 -4.340343363736626E-003  8.984673360926075E-002
 -5.024104862956868E-003  9.885265667961812E-002
 -6.272740257379898E-003  0.109187937772833     
 -7.888115338414233E-003  0.121013031551509     
 -1.021649101778207E-002  0.135762363021225     
 -1.114794610603055E-002  0.155264854762397     
 -5.612846527995673E-003  0.170941695235568     
 -6.707186859618007E-003  0.197666837598971     
 -5.260930502321592E-002  0.257060248076014     
 -4.901415739556658E-002  0.215444974004190     
  0.146868276650529       0.146868276650514     
   1.00000000000000       0.000000000000000E+000
  2.122610839453942E-314  0.000000000000000E+000
  5.539996068776571E-006  3.645731826492667E-005
 -3.248172092506820E-004  3.251991030627404E-004
 -8.274295239581359E-004  9.714067878785886E-004
 -1.347703543723496E-003  2.089039622444631E-003
 -1.881318670467480E-003  3.694058264206883E-003
 -2.374447591568430E-003  5.751936951591736E-003
 -2.855274814467801E-003  8.272380694071190E-003
 -3.297766364086487E-003  1.120869466438877E-002
 -3.727617394055181E-003  1.456484006900212E-002
 -4.128425882136287E-003  1.829858208451519E-002
 -4.522183190429156E-003  2.241674668991508E-002
 -4.895702779841340E-003  2.688427301536937E-002
 -5.267990502460711E-003  3.171277274833363E-002
 -5.626367955913860E-003  3.687219824408588E-002
 -5.988912788194572E-003  4.237976970002003E-002
 -6.342507200545899E-003  4.820765106159444E-002
 -6.706750823196181E-003  5.438048127704492E-002
 -7.067833511456571E-003  6.087118312679293E-002
 -7.450112206376474E-003  6.771580897553041E-002
 -7.838856205547036E-003  7.488814448821023E-002
 -8.268398814410651E-003  8.244386574832505E-002
 -8.721987977473504E-003  9.035940789890382E-002
 -9.253297600027740E-003  9.872530972672083E-002
 -9.839720800924455E-003  0.107523321716548     
 -1.057450852220041E-002  0.116904439190405     
 -1.141407558726080E-002  0.126847960350050     
 -1.252663324449234E-002  0.137623129937971     
 -1.382557647914657E-002  0.149212916770642     
 -1.562787471099528E-002  0.162069975926922     
 -1.771016478441711E-002  0.176091082371786     
 -2.084028568843461E-002  0.191964723594392     
 -2.415861519246678E-002  0.208764965445183     
 -2.856078650728979E-002  0.228594597830077     
 -3.300568754472107E-002  0.251871757050822     
 -3.945608529307917E-002  0.277485430779368     
 -3.830921554466286E-002  0.293224718996641     
 -3.226016397521814E-002  0.294609277028961     
  2.463626765034019E-002  0.229311185639065     
  0.329406288593509       9.887100281848374E-002
   1.00000000000000       0.000000000000000E+000
  2.122610839453942E-314  0.000000000000000E+000
 -2.071973015556603E-004  1.772044238610449E-004
 -9.696819010914019E-004  8.235186537701274E-004
 -1.963471439854150E-003  1.952457436781952E-003
 -3.041217567912955E-003  3.720568954287043E-003
 -4.117629828344124E-003  6.083918617247004E-003
 -5.157362339542199E-003  9.066841939392188E-003
 -6.150123473753318E-003  1.263041426451242E-002
 -7.090616587826632E-003  1.677001491027125E-002
 -7.988063006363899E-003  2.145155631027440E-002
 -8.843080916245699E-003  2.666016867655266E-002
 -9.668873703773374E-003  3.237142471149605E-002
 -1.046536065346031E-002  3.857236639244063E-002
 -1.124486579322349E-002  4.524509208782424E-002
 -1.200576721293795E-002  5.238117587655274E-002
 -1.275974181506899E-002  5.996691159313875E-002
 -1.350434501381640E-002  6.799833457823480E-002
 -1.425256863957218E-002  7.646502656484827E-002
 -1.500278108440965E-002  8.536790768700862E-002
 -1.577266580628151E-002  9.470101442172872E-002
 -1.656369039004279E-002  0.104472231292863     
 -1.740341519236411E-002  0.114684054442108     
 -1.829916530546346E-002  0.125355752696405     
 -1.929680637820419E-002  0.136505757597685     
 -2.041169110867893E-002  0.148169281400424     
 -2.172297393634803E-002  0.160393863252933     
 -2.324776435196331E-002  0.173226755842979     
 -2.511614721725209E-002  0.186759141947940     
 -2.733910762727199E-002  0.201036375596493     
 -3.016008613372131E-002  0.216207408188416     
 -3.347728333075269E-002  0.232090466798951     
 -3.771468559910317E-002  0.248976512734408     
 -4.207730616069560E-002  0.265908830705043     
 -4.653862540383265E-002  0.282874443893029     
 -4.970775545212752E-002  0.297566374611597     
 -5.322611643989738E-002  0.310040755099623     
 -4.237258997090756E-002  0.299178295608819     
 -3.043979400546376E-003  0.268401730031292     
  0.124560553895066       0.186560633247445     
  0.444999497391847       6.748225304315705E-002
   1.00000000000000       0.000000000000000E+000
  2.122610839453942E-314  0.000000000000000E+000
 -7.305283497597298E-004  3.219686740197024E-004
 -2.066067167188288E-003  1.310582187331196E-003
 -3.713056208467576E-003  2.962086237214382E-003
 -5.447873635351587E-003  5.342290693493440E-003
 -7.194570849654791E-003  8.436259846595580E-003
 -8.883467564590488E-003  1.223415946618332E-002
 -1.051118390199766E-002  1.672465284804393E-002
 -1.205881122598058E-002  2.187871819909233E-002
 -1.354446761900487E-002  2.768515564515060E-002
 -1.496271751187338E-002  3.410580332524124E-002
 -1.633572305899586E-002  4.113558564957475E-002
 -1.765913457764558E-002  4.873817504517093E-002
 -1.895402194859076E-002  5.691336012688018E-002
 -2.021356948640611E-002  6.562693299930215E-002
 -2.145870785537126E-002  7.488295131039276E-002
 -2.267984041635547E-002  8.464745922059860E-002
 -2.390128466445052E-002  9.492888526504216E-002
 -2.511157712911288E-002  0.105691068269029     
 -2.634436582790808E-002  0.116948891546359     
 -2.758734244802769E-002  0.128661353845947     
 -2.889258424814900E-002  0.140854772237270     
 -3.024652550104017E-002  0.153479324051182     
 -3.173345239736534E-002  0.166580573626397     
 -3.333309915608784E-002  0.180089680486227     
 -3.518132490448573E-002  0.194080805036818     
 -3.723333606040594E-002  0.208440702839961     
 -3.969884568977747E-002  0.223270554047304     
 -4.245482046483033E-002  0.238339701669621     
 -4.580146274614448E-002  0.253722578499449     
 -4.937202528796511E-002  0.268840421322275     
 -5.338623561196013E-002  0.283609373419354     
 -5.684674014059812E-002  0.296782309959277     
 -5.912806310334069E-002  0.307201047148480     
 -5.695421216030015E-002  0.311194262882071     
 -4.583132932326731E-002  0.304251553591627     
 -1.510409796494141E-002  0.275879793414890     
  6.806313108315616E-002  0.219944349461994     
  0.233444088211728       0.136984601730897     
  0.538190977300285       4.400739397957151E-002
   1.00000000000000       0.000000000000000E+000
  2.122610839453942E-314  0.000000000000000E+000
 -1.498358019897216E-003  4.547535634376092E-004
 -3.603840015447984E-003  1.779139536665306E-003
 -5.994528197561202E-003  3.892783370380950E-003
 -8.493368193583744E-003  6.842088069826452E-003
 -1.098397562640858E-002  1.056997078952759E-002
 -1.341283741637818E-002  1.508552675728700E-002
 -1.575193706788595E-002  2.034668581299057E-002
 -1.799479425765918E-002  2.635024946261463E-002
 -2.014717115581980E-002  3.305985626182344E-002
 -2.221440470684757E-002  4.046104196235489E-002
 -2.421109076145864E-002  4.852463489021451E-002
 -2.614206331484561E-002  5.723495138827412E-002
 -2.802229995565094E-002  6.656668551487165E-002
 -2.985280400965973E-002  7.650368916829690E-002
 -3.164791214121656E-002  8.702209830497726E-002
 -3.340521762640341E-002  9.810393496614840E-002
 -3.514098031651825E-002  0.109724749817938     
 -3.685149351453063E-002  0.121861505546695     
 -3.856012677278672E-002  0.134488722205675     
 -4.026432732472898E-002  0.147573044573518     
 -4.200203986265612E-002  0.161089395028075     
 -4.377269200554899E-002  0.174984104580201     
 -4.563822063666802E-002  0.189235287376171     
 -4.759392595555342E-002  0.203746247984101     
 -4.973429498617422E-002  0.218499317120337     
 -5.202503470025290E-002  0.233301366563592     
 -5.459395918946677E-002  0.248129658458053     
 -5.729108352085211E-002  0.262555166818170     
 -6.023416334054466E-002  0.276512931819367     
 -6.288480564554035E-002  0.289011420810166     
 -6.508698696095086E-002  0.299790371143843     
 -6.523945860753985E-002  0.306635065916524     
 -6.222122762257938E-002  0.308847686763747     
 -5.079883676988044E-002  0.300913899969795     
 -2.516113345571915E-002  0.281254418122884     
  2.979055039447329E-002  0.241245652796631     
  0.136861624100692       0.180844869836517     
  0.320665591611171       0.107411943062062     
  0.610974790727113       3.270230779232551E-002
   1.00000000000000       0.000000000000000E+000
  2.122610839453942E-314  0.000000000000000E+000
 -2.494402503419326E-003  5.571009766148831E-004
 -5.502929048206815E-003  2.152376362148526E-003
 -8.766439291061396E-003  4.679243469410606E-003
 -1.209712937874839E-002  8.102742833815402E-003
 -1.540472516438257E-002  1.237501697365754E-002
 -1.862107480230257E-002  1.747026612689940E-002
 -2.172981454100007E-002  2.336295327283261E-002
 -2.471456331363601E-002  3.002701561940294E-002
 -2.758856500764808E-002  3.744438347994411E-002
 -3.035172337613685E-002  4.558269250286132E-002
 -3.302447027636667E-002  5.442920668129488E-002
 -3.560707119372216E-002  6.394994434671507E-002
 -3.811962798864047E-002  7.413380751405957E-002
 -4.055702731942619E-002  8.494367742700933E-002
 -4.293846827162860E-002  9.636721477802773E-002
 -4.525248182784475E-002  0.108361261502166     
 -4.752052604520464E-002  0.120908968781856     
 -4.972575843998148E-002  0.133955944758738     
 -5.189761942581442E-002  0.147477757888128     
 -5.401480295130916E-002  0.161400975640264     
 -5.612182895759503E-002  0.175689754313911     
 -5.819084023203867E-002  0.190238481715834     
 -6.028703772406555E-002  0.204992159401818     
 -6.236480522888733E-002  0.219788117748541     
 -6.450521060887286E-002  0.234531712699747     
 -6.660985065285756E-002  0.248952149377345     
 -6.873474833970496E-002  0.262860339234035     
 -7.063321493071503E-002  0.275768238877336     
 -7.217487158624293E-002  0.287263230960969     
 -7.272312049218654E-002  0.296437208243690     
 -7.144909439765175E-002  0.302341074238669     
 -6.667851960623790E-002  0.303229899596750     
 -5.543869690167268E-002  0.297102378187470     
 -3.345686702057699E-002  0.280866486276156     
  8.872376957455817E-003  0.251511351712574     
  8.166756380636747E-002  0.206518301248000     
  0.205026278248463       0.147480812650824     
  0.395059787332558       8.269107917956636E-002
  0.660742265393810       2.601602043942521E-002
   1.00000000000000       0.000000000000000E+000
  2.122610839453942E-314  0.000000000000000E+000
 -3.678518176358083E-003  6.449377356933655E-004
 -7.728119425769389E-003  2.461688142219008E-003
 -1.193236548356782E-002  5.302028918515537E-003
 -1.615937522931658E-002  9.103653806131526E-003
 -2.031678124386407E-002  1.378946978563156E-002
 -2.435904358772142E-002  1.933371709929300E-002
 -2.826127250960711E-002  2.568888804619319E-002
 -3.201913019442928E-002  3.284077769346045E-002
 -3.563862580574705E-002  4.075370064010741E-002
 -3.912712932094480E-002  4.941131404318554E-002
 -4.249896268033169E-002  5.878351703370956E-002
 -4.575947777895408E-002  6.885159565804244E-002
 -4.892216971457399E-002  7.958563435099246E-002
 -5.198509962992781E-002  9.096106763424031E-002
 -5.495869810453657E-002  0.102943790877325     
 -5.783290185688987E-002  0.115498656270537     
 -6.061706773293796E-002  0.128582981584782     
 -6.329376636739137E-002  0.142142645123594     
 -6.587568450722793E-002  0.156122505342086     
 -6.833779522857955E-002  0.170435892083974     
 -7.070098610980259E-002  0.185011271497070     
 -7.292693135372848E-002  0.199706157015809     
 -7.504599266208886E-002  0.214426675081366     
 -7.698547428345569E-002  0.228932291981924     
 -7.877268614572275E-002  0.243093607221388     
 -8.024064298957177E-002  0.256492083905692     
 -8.136008861704694E-002  0.268931108590785     
 -8.171536380732156E-002  0.279665338096375     
 -8.105112336371850E-002  0.288358293615447     
 -7.833667360271519E-002  0.293688876421275     
 -7.263553578594367E-002  0.295052997680512     
 -6.143191466741923E-002  0.290186000589913     
 -4.187613476785472E-002  0.278098513095097     
 -8.279338070618246E-003  0.255759295560373     
  4.686383208468083E-002  0.222240536911761     
  0.133860530477480       0.176757168004778     
  0.266089878184217       0.121781604241513     
  0.453363326943835       6.623859643310241E-002
  0.700624188438569       2.005439407172303E-002
   1.00000000000000       0.000000000000000E+000
  2.122610839453942E-314  0.000000000000000E+000
 -4.989823741536511E-003  6.993159711575621E-004
 -1.017285981837817E-002  2.666847132705542E-003
 -1.539652005022417E-002  5.738632247273982E-003
 -2.055820148252912E-002  9.802162087774857E-003
 -2.559787222794117E-002  1.478077997987070E-002
 -3.047762495332057E-002  2.062174497008370E-002
 -3.518761198841060E-002  2.728501121709675E-002
 -3.972284683489414E-002  3.473759137371651E-002
 -4.409657491548113E-002  4.295550007674953E-002
 -4.831324471435754E-002  5.190871134142027E-002
 -5.239091263002389E-002  6.157907049956299E-002
 -5.632981783737385E-002  7.193436783106129E-002
 -6.014506117484796E-002  8.295483690698770E-002
 -6.382654925831503E-002  9.460084840619967E-002
 -6.738432552949247E-002  0.106844495698291     
 -7.079604709061892E-002  0.119632879753932     
 -7.406810866721744E-002  0.132922653158283     
 -7.716565822370118E-002  0.146638866844771     
 -8.009407908699075E-002  0.160714052601283     
 -8.280470721113821E-002  0.175038307434432     
 -8.530237135801287E-002  0.189508109840221     
 -8.751774369805330E-002  0.203958503216961     
 -8.944589712669461E-002  0.218230750830898     
 -9.097514150013830E-002  0.232071923708467     
 -9.205436924911528E-002  0.245233466146553     
 -9.247298249930237E-002  0.257319157618277     
 -9.202859401540903E-002  0.267926798732019     
 -9.027789823804531E-002  0.276428374619507     
 -8.660089933195732E-002  0.282158344725345     
 -8.002057519747305E-002  0.284133351003669     
 -6.888764890060091E-002  0.281290143159736     
 -5.106769536891956E-002  0.272213276090183     
 -2.260984903485595E-002  0.255516544187756     
  2.086959306825388E-002  0.229807402680154     
  8.713054623845863E-002  0.194506803389083     
  0.183689356288050       0.150322966812621     
  0.320045770002744       0.100779116643120     
  0.503360748780306       5.279363720796154E-002
  0.732377658572666       1.512595335112847E-002
   1.00000000000000       0.000000000000000E+000
  2.122610839453942E-314  0.000000000000000E+000
 -6.402091906634836E-003  7.383558438158391E-004
 -1.278464649647590E-002  2.798302807321583E-003
 -1.906114173283757E-002  5.999885850984268E-003
 -2.518018639608484E-002  1.021348451171264E-002
 -3.110509969061845E-002  1.534615013009333E-002
 -3.682282883796447E-002  2.133982963257720E-002
 -4.233066177414255E-002  2.814160414714410E-002
 -4.763568106357258E-002  3.572179685225567E-002
 -5.275099990046497E-002  4.404592296741714E-002
 -5.768654817019320E-002  5.309266436687059E-002
 -6.245647797214656E-002  6.283316917292349E-002
 -6.706288120466591E-002  7.324495550651010E-002
 -7.151349475915836E-002  8.429621603147115E-002
 -7.579703699122625E-002  9.595513352598106E-002
 -7.991208836324735E-002  0.108179708529349     
 -8.383158404062649E-002  0.120919738156587     
 -8.754546161106497E-002  0.134115820653083     
 -9.100904104621707E-002  0.147686256498649     
 -9.420521005357672E-002  0.161546740449278     
 -9.706705133105635E-002  0.175564631670017     
 -9.956967447382366E-002  0.189622148933993     
 -0.101610219778843       0.203505954005133     
 -0.103145694459745       0.217053358121454     
 -0.104001662732979       0.229924373217355     
 -0.104081004269962       0.241893275200067     
 -0.103054091620725       0.252424221615889     
 -0.100672821855682       0.261197649491094     
 -9.627144845584629E-002  0.267388773983240     
 -8.922220502675125E-002  0.270539818231436     
 -7.816018148236831E-002  0.269452198277910     
 -6.158506489458804E-002  0.263502858041314     
 -3.680709694501026E-002  0.251214533588111     
 -5.591413843335622E-004  0.231959113297482     
  5.187231828658709E-002  0.204757744449739     
  0.126364948366403       0.169791091953959     
  0.229216651093080       0.128617695249848     
  0.367145090824420       8.424330567399627E-002
  0.543606614416093       4.337046315214842E-002
  0.757557366924525       1.202367445773169E-002
   1.00000000000000       0.000000000000000E+000
  2.122610839453942E-314  0.000000000000000E+000
 -7.846478340403825E-003  7.465145461856032E-004
 -1.546099050475335E-002  2.835052629499030E-003
 -2.280981827998336E-002  6.079942522009270E-003
 -2.988978367346596E-002  1.032892219005223E-002
 -3.669538583542200E-002  1.548918364707358E-002
 -4.323580400857624E-002  2.148639248595462E-002
 -4.952455197798374E-002  2.827200474895467E-002
 -5.557639764752769E-002  3.580377494274398E-002
 -6.141194961280457E-002  4.405496975422760E-002
 -6.704133552587757E-002  5.299500814079265E-002
 -7.248120657126367E-002  6.260368786929221E-002
 -7.772865193910578E-002  7.284991621734331E-002
 -8.279012825837817E-002  8.370926308314258E-002
 -8.764460995475394E-002  9.514102917560154E-002
 -9.228534553101542E-002  0.107106681023360     
 -9.667042597962969E-002  0.119546639334477     
 -0.100778827634572       0.132397509378617     
 -0.104545569245092       0.145568895442885     
 -0.107933634146774       0.158959762710595     
 -0.110850496611861       0.172432709866792     
 -0.113236043994596       0.185832812615021     
 -0.114958065149164       0.198953135305974     
 -0.115910966611540       0.211562953204177     
 -0.115892384141052       0.223354665621526     
 -0.114693376240139       0.233991272733425     
 -0.111972111116602       0.243023942475966     
 -0.107284371872463       0.249969724915856     
 -0.100003670958114       0.254195779214550     
 -8.918019369453621E-002  0.255040097731515     
 -7.362599680176608E-002  0.251679179339657     
 -5.140120900274099E-002  0.243317709214853     
 -2.030419202905759E-002  0.229098919739295     
  2.321669799133873E-002  0.208439556046582     
  8.285479896070921E-002  0.181069989007001     
  0.163792509345633       0.147581140881350     
  0.270843810135536       0.109648190259750     
  0.408230482664026       7.055063671647026E-002
  0.578495350757071       3.551882583027333E-002
  0.778025403441545       9.775309328222946E-003
   1.00000000000000       0.000000000000000E+000
  2.122610839453942E-314  0.000000000000000E+000
 -9.306501366312333E-003  7.409370952789082E-004
 -1.814594456403006E-002  2.801652353878094E-003
 -2.655691804001794E-002  5.999606902593890E-003
 -3.457690094443837E-002  1.017533790262493E-002
 -4.223741030824405E-002  1.523297377814465E-002
 -4.957009761947243E-002  2.109402744969126E-002
 -5.660572414327812E-002  2.770588860127726E-002
 -6.337041268970282E-002  3.502707184624664E-002
 -6.989029333038325E-002  4.302671683603246E-002
 -7.617995279426895E-002  5.167913954774594E-002
 -8.225429714932636E-002  6.095944471908886E-002
 -8.811022487780125E-002  7.084293991043783E-002
 -9.374661456549156E-002  8.129968867585402E-002
 -9.913792449179444E-002  9.229431038815966E-002
 -0.104264156008514       0.103782109079866     
 -0.109073548784393       0.115704535141418     
 -0.113525837958292       0.127992470226546     
 -0.117538470776261       0.140548067313784     
 -0.121049047259612       0.153267624031519     
 -0.123935503691537       0.165992137424162     
 -0.126106955002980       0.178572404391427     
 -0.127382426469782       0.190758795073554     
 -0.127623208981973       0.202344612236924     
 -0.126546985684498       0.212952021605437     
 -0.123918033566016       0.222303486219137     
 -0.119265648216023       0.229851745508850     
 -0.112147535055661       0.235235903073736     
 -0.101740555882773       0.237714029949661     
 -8.717872537931157E-002  0.236844292051548     
 -6.701572342270389E-002  0.231741598105087     
 -3.959523038950907E-002  0.221951634841524     
 -2.509475556503583E-003  0.206714900896297     
  4.711519473883270E-002  0.185836672929944     
  0.112757015773912       0.159385034299691     
  0.198423234879904       0.128077045194096     
  0.307720896493148       9.393978645518078E-002
  0.443783117033375       5.952414672337301E-002
  0.607136542663964       2.962895143480912E-002
  0.794902208668688       8.047830346692144E-003
   1.00000000000000       0.000000000000000E+000
  2.122610839453942E-314  0.000000000000000E+000
 -1.071604326606692E-002  7.093157807208334E-004
 -2.075302117469461E-002  2.689248040836180E-003
 -3.018942590134768E-002  5.760539166175319E-003
 -3.911676574625871E-002  9.761120849831131E-003
 -4.759255624040174E-002  1.459839014111319E-002
 -5.567800270613999E-002  2.018902997885648E-002
 -6.341852838209690E-002  2.648481428897465E-002
 -7.085362323657497E-002  3.343908149335183E-002
 -7.801630255866683E-002  4.102724553625185E-002
 -8.492430798260013E-002  4.921934596153003E-002
 -9.159398821468533E-002  5.799773658601883E-002
 -9.801817706117838E-002  6.733398572195963E-002
 -0.104192310847726       7.720481115499965E-002
 -0.110080794455534       8.757179801733561E-002
 -0.115654467549808       9.839401358381841E-002
 -0.120845885916418       0.109611378413784     
 -0.125597700936924       0.121152393715448     
 -0.129806482658983       0.132921422245922     
 -0.133381010883632       0.144801653682710     
 -0.136174631708153       0.156644521094388     
 -0.138049787952897       0.168271064559429     
 -0.138801221178106       0.179458557214583     
 -0.138216332619958       0.189947524716832     
 -0.135998037618067       0.199417494092861     
 -0.131796690268937       0.207511289657992     
 -0.125155580799695       0.213790946930144     
 -0.115466337544646       0.217794801346119     
 -0.101986221968703       0.218969659311355     
 -8.363839130334708E-002  0.216780242966489     
 -5.918883060358238E-002  0.210628211284068     
 -2.680647756442231E-002  0.200038334403424     
  1.548486350700234E-002  0.184597317674996     
  7.045338896657191E-002  0.164241123665747     
  0.140887366886665       0.139259521946244     
  0.230010461100833       0.110614145538570     
  0.340676930751302       8.006697244450366E-002
  0.474476293334985       5.018247289929426E-002
  0.631847404741823       2.463370509561352E-002
  0.808920752233380       6.643870980349129E-003
   1.00000000000000       0.000000000000000E+000
  2.122610839453942E-314  0.000000000000000E+000
 -1.206573075421500E-002  6.659653334979168E-004
 -2.322825278912691E-002  2.514905869654810E-003
 -3.363587710139641E-002  5.384640427797607E-003
 -4.340900732932000E-002  9.114101985846742E-003
 -5.264668435081715E-002  1.361871049052714E-002
 -6.142774412945139E-002  1.881486614788135E-002
 -6.981990876580380E-002  2.465813080796105E-002
 -7.787203291694152E-002  3.110318847722801E-002
 -8.562646861738227E-002  3.812727343164794E-002
 -9.310427956380840E-002  4.570418046504311E-002
 -0.100322143120060       5.381703010404076E-002
 -0.107271339247849       6.244265871334374E-002
 -0.113940450588302       7.155821594099694E-002
 -0.120287225026875       8.113043382283848E-002
 -0.126269115380986       9.111947539604891E-002
 -0.131805461973769       0.101467841205217     
 -0.136819230024885       0.112107597038727     
 -0.141184544829214       0.122939801910534     
 -0.144784958867828       0.133856911340447     
 -0.147438134351234       0.144696983264396     
 -0.148978230177418       0.155301581121594     
 -0.149145507527091       0.165420272826542     
 -0.147702194843013       0.174834239756605     
 -0.144271111167073       0.183179034641724     
 -0.138493822608511       0.190170947002730     
 -0.129802375143802       0.195317265384875     
 -0.117622219355907       0.198277197238487     
 -0.101073348145022       0.198453126997059     
 -7.920303946852757E-002  0.195485923106473     
 -5.065464962825818E-002  0.188786210247969     
 -1.388418863879382E-002  0.178087604645523     
  3.307099969529165E-002  0.163089816633249     
  9.246382643527898E-002  0.143873394332840     
  0.166705363791231       0.120931813828656     
  0.258346441448844       9.510521031170675E-002
  0.369320434672481       6.824826981000331E-002
  0.500829289779738       4.232586438026086E-002
  0.652240103242102       2.061443350725629E-002
  0.820466936588026       5.495552968972773E-003
   1.00000000000000       0.000000000000000E+000
  2.122610839453942E-314  0.000000000000000E+000
 -1.329725373803636E-002  6.018057318420763E-004
 -2.550465573494441E-002  2.278502712354478E-003
 -3.679769621880442E-002  4.878451141145513E-003
 -4.734956515261975E-002  8.252826375325007E-003
 -5.727809134426472E-002  1.232392998710999E-002
 -6.669348002059670E-002  1.701343753523169E-002
 -7.567480160475920E-002  2.228269534367443E-002
 -8.428691901446397E-002  2.808815179145507E-002
 -9.257759552791006E-002  3.441341954302898E-002
 -0.100573260910888       4.123298164577720E-002
 -0.108290973076793       4.853719269535080E-002
 -0.115719573640884       5.630369659947797E-002
 -0.122842772874541       6.451713074679373E-002
 -0.129609505266030       7.314630627989595E-002
 -0.135965751071814       8.215769196998207E-002
 -0.141816382888426       9.149873402047293E-002
 -0.147063829611505       0.101104241853345     
 -0.151563030926651       0.110885804587791     
 -0.155164387368007       0.120731633060790     
 -0.157663966570442       0.130500413262843     
 -0.158845594681008       0.140018340353866     
 -0.158430829666255       0.149072791637219     
 -0.156109371771443       0.157414950719012     
 -0.151498841426177       0.164745383607353     
 -0.144142866777526       0.170735985739989     
 -0.133500864393913       0.174997948549439     
 -0.118880372299752       0.177141070388007     
 -9.949178551733154E-002  0.176717955872294     
 -7.427520849546390E-002  0.173339605847548     
 -4.206764516849079E-002  0.166600851157055     
 -1.313536949594857E-003  0.156262391158360     
  4.962103582570032E-002  0.142182237325318     
  0.112746327290506       0.124544033882927     
  0.190039922671218       0.103839926849234     
  0.283400414452151       8.101800221078474E-002
  0.394410591626150       5.759361217654328E-002
  0.523364559733794       3.543652025014741E-002
  0.669753627487461       1.708865586470008E-002
  0.830166019893918       4.516570595242183E-003
   1.00000000000000       0.000000000000000E+000
  2.122610839453942E-314  0.000000000000000E+000
 -1.440629861694420E-002  5.279188546702683E-004
 -2.753291557616426E-002  1.990096959078677E-003
 -3.961816473228155E-002  4.262280295658123E-003
 -5.085234065946882E-002  7.202953436901700E-003
 -6.139370473228366E-002  1.075118586126308E-002
 -7.136387249146352E-002  1.483236272586227E-002
 -8.086538513551131E-002  1.941807157166705E-002
 -8.996943003648929E-002  2.446779690908379E-002
 -9.873498554942162E-002  2.997191191239820E-002
 -0.107190386323029       3.590898097658921E-002
 -0.115354899492078       4.227462347612375E-002
 -0.123214935934805       4.905198162080677E-002
 -0.130749144292814       5.623107641779612E-002
 -0.137898834648163       6.378712552984811E-002
 -0.144598387765912       7.169376426737187E-002
 -0.150738074892108       7.990442095128926E-002
 -0.156202640841788       8.836502981028602E-002
 -0.160822839575160       9.699059844790776E-002
 -0.164426484718969       0.105687584390751     
 -0.166772686137159       0.114312738817491     
 -0.167621070454312       0.122722254651506     
 -0.166640290731102       0.130693605462927     
 -0.163501579766321       0.138025947952573     
 -0.157752121565433       0.144401601248078     
 -0.148936809392191       0.149565204463144     
 -0.136430989578660       0.153106844816991     
 -0.119586770275773       0.154737492974794     
 -9.753481642161792E-002  0.154001126544040     
 -6.933712554408070E-002  0.150629986381159     
 -3.380262044427253E-002  0.144247083347019     
  1.038918832268773E-002  0.134718593578896     
  6.475692419035094E-002  0.121983698645919     
  0.130959059090099       0.106235951830097     
  0.210598811104759       8.806533723370279E-002
  0.305209834831392       6.822294610851590E-002
  0.415731725374374       4.820698025001895E-002
  0.542380156149007       2.941879492150929E-002
  0.684085608878014       1.410428439603154E-002
  0.838056705945062       3.691909350843321E-003
   1.00000000000000       0.000000000000000E+000
  2.122610839453942E-314  0.000000000000000E+000
 -1.534427848623765E-002  4.385608430477103E-004
 -2.926601814188537E-002  1.656931842470003E-003
 -4.201839438052510E-002  3.547073727739389E-003
 -5.383885887418945E-002  5.990768602698094E-003
 -6.489638507957796E-002  8.936914584439563E-003
 -7.534179115936863E-002  1.232415824969656E-002
 -8.528454811191896E-002  1.613119115680500E-002
 -9.481204800277356E-002  2.032507892023787E-002
 -0.103986472524386       2.490285447218994E-002
 -0.112843006397562       2.984812061825853E-002
 -0.121400200457847       3.516397587093324E-002
 -0.129644257607269       4.083822226381244E-002
 -0.137548281600851       4.686963928078307E-002
 -0.145047520308350       5.323962428181259E-002
 -0.152064243994923       5.993150404607710E-002
 -0.158477453426592       6.690848639218698E-002
 -0.164150708882318       7.412589343134555E-002
 -0.168899202297872       8.151487650758563E-002
 -0.172517484905467       8.898877930378564E-002
 -0.174747119003301       9.643070551266211E-002
 -0.175299551124102       0.103698351089655     
 -0.173829073672796       0.110610823717981     
 -0.169942631448772       0.116960899735351     
 -0.163186056333525       0.122493451827453     
 -0.153027474305080       0.126939089713381     
 -0.138869834728793       0.129974996316389     
 -0.119990649731540       0.131296835247930     
 -9.559882370835020E-002  0.130555789621235     
 -6.471970880034701E-002  0.127481933905763     
 -2.631273975327858E-002  0.121802544037244     
  2.087437308040312E-002  0.113411264471192     
  7.813328598808121E-002  0.102294817696731     
  0.146861249708545       8.869995391144943E-002
  0.228405600161477       7.312225498536554E-002
  0.323811568339089       5.633362763284772E-002
  0.433870956507422       3.952018880685822E-002
  0.558270466139225       2.396221156309619E-002
  0.696123640773799       1.139604734615239E-002
  0.844581323487528       2.963177616801343E-003
   1.00000000000000       0.000000000000000E+000
  2.122610839453942E-314  0.000000000000000E+000
 -1.611106014730324E-002  3.415826457999708E-004
 -3.066144495687858E-002  1.282983486042173E-003
 -4.395707556113301E-002  2.751095987486200E-003
 -5.624072146543349E-002  4.639615410380263E-003
 -6.771683608015733E-002  6.920455933784107E-003
 -7.854068047472279E-002  9.539074096640439E-003
 -8.884341648609057E-002  1.248894386375845E-002
 -9.871501663843277E-002  1.574161924613754E-002
 -0.108229261159309       1.930439302704316E-002
 -0.117421553785619       2.316533026798450E-002
 -0.126314499606052       2.733607604104878E-002
 -0.134891350943236       3.181022632086489E-002
 -0.143123060634528       3.659569031935683E-002
 -0.150937357315934       4.168160096090039E-002
 -0.158248643481786       4.706313382235698E-002
 -0.164921820107608       5.271304832931925E-002
 -0.170807106532712       5.860355772186607E-002
 -0.175696566002438       6.467628106148211E-002
 -0.179366863129899       7.086927878325062E-002
 -0.181525016093927       7.707539636788947E-002
 -0.181862959364117       8.318817582972435E-002
 -0.179987788288798       8.903383220489156E-002
 -0.175491909091640       9.445542060963222E-002
 -0.167863315886587       9.920137289257046E-002
 -0.156572666917109       0.103068710497065     
 -0.140963445673419       0.105736861422057     
 -0.120351187268756       0.106980349051890     
 -9.390574173568192E-002  0.106458659466264     
 -6.074795723109355E-002  0.103977386013442     
 -1.986037182559281E-002  9.928863521822456E-002
  2.984183798525255E-002  9.232252759153060E-002
  8.950474210848873E-002  8.310864670616398E-002
  0.160304995709243       7.183356220706123E-002
  0.243273728999132       5.902300879365741E-002
  0.339274447152253       4.523344818142198E-002
  0.448664330096429       3.159348601537499E-002
  0.571174283452763       1.900779032991279E-002
  0.705635997466152       8.992672032739644E-003
  0.849675784706809       2.311833374906528E-003
   1.00000000000000       0.000000000000000E+000
  2.122610839453942E-314  0.000000000000000E+000
 -1.666912362848338E-002  2.347649357208994E-004
 -3.169240128746806E-002  8.824066389387059E-004
 -4.537826794716149E-002  1.890124941144726E-003
 -5.800768539586960E-002  3.183088937975389E-003
 -6.978714551859086E-002  4.744555063731570E-003
 -8.089606382074629E-002  6.538986200463452E-003
 -9.146735693519742E-002  8.567163250818173E-003
 -0.101605576640228       1.081246943460063E-002
 -0.111385007192729       1.328824281346916E-002
 -0.120848809071846       1.599083610185782E-002
 -0.130017830307932       1.893877206118575E-002
 -0.138877884112947       2.213318370825325E-002
 -0.147394477071183       2.559115656990886E-002
 -0.155493410239371       2.931097295278840E-002
 -0.163077970036104       3.330011069366071E-002
 -0.170006844894094       3.754439551600774E-002
 -0.176111000487974       4.203152677399807E-002
 -0.181172366530509       4.672269439441708E-002
 -0.184937648868002       5.157369866774379E-002
 -0.187101282461922       5.650648267492835E-002
 -0.187312813437921       6.143254882381371E-002
 -0.185168157294467       6.621992037819287E-002
 -0.180205904360648       7.072712787023179E-002
 -0.171911746993403       7.475922878636952E-002
 -0.159698049803907       7.812425454913445E-002
 -0.142926475973479       8.057137900664585E-002
 -0.120867315245259       8.188231964368860E-002
 -9.274342225715339E-002  8.178924897524337E-002
 -5.767631722303530E-002  8.010540022770332E-002
 -1.474725203115896E-002  7.663368084684054E-002
  3.703417997477610E-002  7.131649308190752E-002
  9.867582826027677E-002  6.416940623020496E-002
  0.171122368426922       5.538767964482648E-002
  0.255270065501676       4.536571710941969E-002
  0.351629917687204       3.463009213854338E-002
  0.460521049145991       2.403104165498966E-002
  0.581367175327913       1.435295857917277E-002
  0.713185310603200       6.727969609288406E-003
  0.853677712145309       1.708020243757698E-003
   1.00000000000000       0.000000000000000E+000
  2.122610839453942E-314  0.000000000000000E+000
 -1.702227953381145E-002  1.227133301420260E-004
 -3.232545364773752E-002  4.540057992601797E-004
 -4.625747713618363E-002  9.808305165058448E-004
 -5.909262395993778E-002  1.643315023203995E-003
 -7.106485453637285E-002  2.451279074461761E-003
 -8.235059179454784E-002  3.377659421303277E-003
 -9.310046835609834E-002  4.440403541526648E-003
 -0.103417426812588       5.627670098528870E-003
 -0.113386647097016       6.964890047515945E-003
 -0.123049663866330       8.452232877108078E-003
 -0.132433262469563       1.011865012940341E-002
 -0.141520114771282       1.197026954961102E-002
 -0.150277527431151       1.403570115511393E-002
 -0.158624840720447       1.632100709840511E-002
 -0.166463051348703       1.884873444284032E-002
 -0.173638904285313       2.161634189061127E-002
 -0.179976689108956       2.463254386153782E-002
 -0.185238556908255       2.787440370154123E-002
 -0.189160220072759       3.132712171751332E-002
 -0.191406531957060       3.493223929273102E-002
 -0.191613217560438       3.864120590708168E-002
 -0.189336447662251       4.234380874862796E-002
 -0.184102506299741       4.595014554900436E-002
 -0.175350553576236       4.928688687604874E-002
 -0.162490675515015       5.222336907949809E-002
 -0.144841719313966       5.452836182219304E-002
 -0.121694333657792       5.604612090759031E-002
 -9.225373355272108E-002  5.652628571141413E-002
 -5.569803849026560E-002  5.582668286940227E-002
 -1.114964780513552E-002  5.376646633863883E-002
  4.228394262182960E-002  5.028212795581496E-002
  0.105472490349581       4.540091780740201E-002
  0.179243132889180       3.921950814371526E-002
  0.264243270660410       3.212131089110561E-002
  0.360915144966292       2.441094723472717E-002
  0.469286598147475       1.686777029190656E-002
  0.588875968895243       9.950384858178563E-003
  0.718574076585539       4.627184825117655E-003
  0.856444734465741       1.144792521586146E-003
   1.00000000000000       0.000000000000000E+000
  2.122610839453942E-314  0.000000000000000E+000
 -1.714573588862086E-002  7.010156127581787E-006
 -3.255464173367478E-002  1.861620096900595E-005
 -4.656442771052742E-002  4.432184784319496E-005
 -5.947548683165024E-002  6.121305604331758E-005
 -7.151469200353566E-002  9.008997223958034E-005
 -8.287527984781061E-002  1.262563021462551E-004
 -9.370400166500997E-002  1.934915584084857E-004
 -0.104115389737694       2.942471980553422E-004
 -0.114192142936074       4.577820856423627E-004
 -0.123984044597551       6.945050955909148E-004
 -0.133515175962618       1.037909903213255E-003
 -0.142774006100707       1.503462188789995E-003
 -0.151723157828016       2.127343017377706E-003
 -0.160285408386807       2.926622351970935E-003
 -0.168353027563676       3.936414491499928E-003
 -0.175773410742408       5.169210818878893E-003
 -0.182355690306451       6.652753375468418E-003
 -0.187859361046662       8.385553387539392E-003
 -0.191996146959810       1.037883648813537E-002
 -0.194425009056317       1.260442022430637E-002
 -0.194747368920423       1.504579739426893E-002
 -0.192511824336742       1.763369087267127E-002
 -0.187201324374591       2.031340814151061E-002
 -0.178249640987178       2.296307210322177E-002
 -0.165021478116284       2.548558565660068E-002
 -0.146839404485099       2.770716759055048E-002
 -0.122962970469129       2.949817454464974E-002
 -9.261881222796942E-002  3.065882301864754E-002
 -5.499617918984698E-002  3.106092896024662E-002
 -9.261269391910147E-003  3.054261006112645E-002
  4.539011738550690E-002  2.903846340512200E-002
  0.109769084857155       2.652785854575634E-002
  0.184515630732947       2.308272247135400E-002
  0.270233879506849       1.893705768894312E-002
  0.367113909111158       1.433320434274622E-002
  0.475213162671906       9.790852714560394E-003
  0.593872502213065       5.651027587486431E-003
  0.722151428941458       2.560618410554306E-003
  0.858253634286628       5.983273626927170E-004
   1.00000000000000       0.000000000000000E+000
  2.122610839453942E-314  0.000000000000000E+000
 -1.704731257427008E-002 -1.110729905485374E-004
 -3.235838409126530E-002 -4.292566531273624E-004
 -4.629359178086702E-002 -9.037619233440740E-004
 -5.913446393828035E-002 -1.541112317320042E-003
 -7.112461616034514E-002 -2.293397416950555E-003
 -8.244671452813342E-002 -3.156882269161010E-003
 -9.325950485193653E-002 -4.090521128670628E-003
 -0.103671579885960      -5.088406881720222E-003
 -0.113774974906395      -6.109076859884215E-003
 -0.123615987078657      -7.140591712502743E-003
 -0.133226508991811      -8.138569187423490E-003
 -0.142591951462661      -9.085260053920704E-003
 -0.151681497200330      -9.931950468202879E-003
 -0.160413253008518      -1.065613705567977E-002
 -0.168684390387148      -1.120592859189217E-002
 -0.176333821494474      -1.155807196240686E-002
 -0.183173015254595      -1.166131118298568E-002
 -0.188946847963476      -1.149926491928686E-002
 -0.193365751908949      -1.102810736252931E-002
 -0.196065903194865      -1.025016583468838E-002
 -0.196643231905450      -9.138518149030769E-003
 -0.194614687672362      -7.729434124395553E-003
 -0.189454461154417      -6.023238373792726E-003
 -0.180558544124133      -4.104703519465839E-003
 -0.167282932234749      -2.009874465128678E-003
 -0.148915528818029       1.232916801776379E-004
 -0.124713549796017       2.221521008419952E-003
 -9.389015552789480E-002  4.112257275977626E-003
 -5.564631655690402E-002  5.698151231905898E-003
 -9.183057122263916E-003  6.829143775736102E-003
  4.627658829632365E-002  7.412209235419322E-003
  0.111433004969280       7.418104757104855E-003
  0.186898921927117       6.795943235541458E-003
  0.273090815223522       5.743793133066496E-003
  0.370213449431556       4.268043974179723E-003
  0.478126362922866       2.813251413725698E-003
  0.596290704165828       1.402449832348115E-003
  0.723723626458810       5.566096465236962E-004
  0.858901543673699       6.409927717548649E-005
   1.00000000000000       0.000000000000000E+000
  2.122610839453942E-314  0.000000000000000E+000
 -1.671710684688336E-002 -2.259183703373272E-004
 -3.175241642939330E-002 -8.626895061826463E-004
 -4.544300865025844E-002 -1.837006132105128E-003
 -5.808138149196201E-002 -3.116060009729275E-003
 -6.989486460008268E-002 -4.643385087866485E-003
 -8.107370140108787E-002 -6.392087349145137E-003
 -9.176703530629707E-002 -8.318591451565263E-003
 -0.102091027260608      -1.040204976555389E-002
 -0.112132165429986      -1.260123223729332E-002
 -0.121945139293855      -1.489327402193933E-002
 -0.131558237289636      -1.723376639187843E-002
 -0.140966189792534      -1.959480775615885E-002
 -0.150134618143141      -2.192455667898629E-002
 -0.158991388758432      -2.418860397768437E-002
 -0.167428214177425      -2.632592943422571E-002
 -0.175293231363209      -2.829734990136048E-002
 -0.182388379607339      -3.003358681088357E-002
 -0.188465849662775      -3.149605150462989E-002
 -0.193220125846359      -3.261159410937176E-002
 -0.196291227607532      -3.335194026501506E-002
 -0.197250744688622      -3.364855238653811E-002
 -0.195614615139651      -3.349738253771731E-002
 -0.190824060644642      -3.284678743988996E-002
 -0.182268933103579      -3.173224386946274E-002
 -0.169267881228540      -3.013399610793672E-002
 -0.151099003859809      -2.813763040062406E-002
 -0.126990215910353      -2.576708891645034E-002
 -9.614231208858665E-002 -2.315431688152422E-002
 -5.775769721623968E-002 -2.036724066678142E-002
 -1.102285482208607E-002 -1.755167322577398E-002
  4.477871679044760E-002 -1.480547115643122E-002
  0.110367517088172      -1.222254276540339E-002
  0.186220457205190      -9.900635561070613E-003
  0.272795635799258      -7.804997283955210E-003
  0.370117109238906      -6.017808261953013E-003
  0.478133179921094      -4.357935785732877E-003
  0.596196633897813      -2.926840212553347E-003
  0.723479737603553      -1.513645563204105E-003
  0.858624201631048      -4.814469746168393E-004
   1.00000000000000       0.000000000000000E+000
  2.122610839453942E-314  0.000000000000000E+000
 -1.616695902583218E-002 -3.397263365890687E-004
 -3.073008000732069E-002 -1.290582383862987E-003
 -4.402840118804643E-002 -2.740615269262111E-003
 -5.632382710007919E-002 -4.640981658602387E-003
 -6.784729447762823E-002 -6.910880703908458E-003
 -7.877135863017239E-002 -9.516759167822837E-003
 -8.925003115652645E-002 -1.239994707788499E-002
 -9.938949004543274E-002 -1.553905512677323E-002
 -0.109283248326006      -1.888210665271836E-002
 -0.118980784925619      -2.240871155492781E-002
 -0.128519836980813      -2.606435969320215E-002
 -0.137892283473844      -2.982377549104154E-002
 -0.147075385817859      -3.362285618791273E-002
 -0.155994457089024      -3.742714040496918E-002
 -0.164554374297801      -4.115867421852757E-002
 -0.172598996547784      -4.477248797981769E-002
 -0.179943726138696      -4.817513713861614E-002
 -0.186332536235588      -5.131331644412534E-002
 -0.191471750177758      -5.407986649940781E-002
 -0.194986875623757      -5.642011910263287E-002
 -0.196457087641336      -5.821942606574760E-002
 -0.195375649176194      -5.943449188800164E-002
 -0.191183978468622      -5.995515013347415E-002
 -0.183241390692566      -5.976684825691052E-002
 -0.170856387968585      -5.878317216704230E-002
 -0.153273510336904      -5.703672217527426E-002
 -0.129698855689544      -5.448720345413454E-002
 -9.930973715263655E-002 -5.122323759336404E-002
 -6.127368096358646E-002 -4.727623786162812E-002
 -1.478811197573100E-002 -4.277158395559369E-002
  4.091336778452983E-002 -3.783804775744889E-002
  0.106481529359551      -3.258362520274177E-002
  0.182461162366168      -2.724284513502712E-002
  0.269179425031528      -2.183237826701162E-002
  0.366759791003546      -1.669802689421588E-002
  0.475010504695251      -1.173918183665394E-002
  0.593434829620599      -7.413893531899530E-003
  0.721197697590803      -3.616137433724610E-003
  0.857146721758468      -1.042069545270626E-003
   1.00000000000000       0.000000000000000E+000
  2.122610839453942E-314  0.000000000000000E+000
 -1.540424194364833E-002 -4.428203031386458E-004
 -2.932929800455840E-002 -1.681336274778856E-003
 -4.207838068427518E-002 -3.583838437606416E-003
 -5.390647458911909E-002 -6.063656867543325E-003
 -6.501977759910334E-002 -9.035820910344716E-003
 -7.558778684530468E-002 -1.244557024278449E-002
 -8.574970115991708E-002 -1.623653636595832E-002
 -9.561452511077123E-002 -2.037343142973166E-002
 -0.105267333827336      -2.481010675824455E-002
 -0.114765765718633      -2.951556689701586E-002
 -0.124142955249100      -3.444182927092013E-002
 -0.133403549813737      -3.955332557856672E-002
 -0.142522184582166      -4.479034695089062E-002
 -0.151440675028667      -5.010627125768433E-002
 -0.160061706931713      -5.542204319156783E-002
 -0.168248221785970      -6.067666126957492E-002
 -0.175812224456686      -6.576598482949547E-002
 -0.182517542640325      -7.061469430027663E-002
 -0.188063815095637      -7.509079316700470E-002
 -0.192094392265305      -7.910942873470429E-002
 -0.194175806331656      -8.251296680474303E-002
 -0.193813202003612      -8.521797964089006E-002
 -0.190426849760879      -8.705187859005062E-002
 -0.183377049529913      -8.795047402814309E-002
 -0.171942259999157      -8.774902745372712E-002
 -0.155349849180316      -8.642710411000995E-002
 -0.132771746483973      -8.386204640312163E-002
 -0.103342807255606      -8.009895641643178E-002
 -6.620652977422033E-002 -7.510820477373582E-002
 -2.049027583781468E-002 -6.900627971719528E-002
  3.456029706124371E-002 -6.190767436471092E-002
  9.970276240547568E-002 -5.398718350374294E-002
  0.175406973362084      -4.552751494447577E-002
  0.262149020689395      -3.672472755822283E-002
  0.359925022755618      -2.803741468706173E-002
  0.468715747891512      -1.965929602834931E-002
  0.587941705195639      -1.220249872167107E-002
  0.716927178208698      -5.910195763862310E-003
  0.854678868568944      -1.647560711829541E-003
   1.00000000000000       0.000000000000000E+000
  2.122610839453942E-314  0.000000000000000E+000
 -1.444444013279330E-002 -5.409559548990933E-004
 -2.756119961921102E-002 -2.046233207968655E-003
 -3.963140375951590E-002 -4.353166951861125E-003
 -5.086946631111011E-002 -7.361372490632507E-003
 -6.147028317982197E-002 -1.096783102903499E-002
 -7.157998955851341E-002 -1.511437589904818E-002
 -8.133457795011254E-002 -1.973376880417681E-002
 -9.082991043300705E-002 -2.479421587270825E-002
 -0.100155102511068      -3.024144659084501E-002
 -0.109361148196088      -3.605216032062659E-002
 -0.118491658231003      -4.216986909052114E-002
 -0.127548478084935      -4.856837626771420E-002
 -0.136522497675435      -5.517690166999857E-002
 -0.145354767676995      -6.195717261435001E-002
 -0.153969430179638      -6.881443427059504E-002
 -0.162229191854802      -7.569159526069011E-002
 -0.169971802160362      -8.246172336617026E-002
 -0.176959622807223      -8.904460987377742E-002
 -0.182920394955046      -9.527544834245298E-002
 -0.187492350826447      -0.101050682351632     
 -0.190268772114334      -0.106166542656156     
 -0.190742699809600      -0.110502594852934     
 -0.188353431819601      -0.113824604044587     
 -0.182438658115927      -0.116011970999983     
 -0.172278712267901      -0.116822540823457     
 -0.157066313945456      -0.116165260187124     
 -0.135944688794930      -0.113833613827141     
 -0.108008832323792      -0.109800213463245     
 -7.232673053512777E-002 -0.103975133999917     
 -2.799656725014333E-002 -9.642677670891209E-002
  2.586455636729845E-002 -8.726931345534214E-002
  9.000940183450040E-002 -7.668125361229348E-002
  0.165091209378660      -6.506934205302521E-002
  0.251517405843636      -5.268448885809874E-002
  0.349510849545580      -4.029597375198436E-002
  0.458944121942025      -2.818359348830297E-002
  0.579459260486081      -1.742091779477387E-002
  0.710367260061503      -8.353408857202156E-003
  0.850835836741721      -2.302889676212833E-003
   1.00000000000000       0.000000000000000E+000
  2.122610839453942E-314  0.000000000000000E+000
 -1.331420473095112E-002 -6.207554530385147E-004
 -2.548514194461093E-002 -2.351515659233317E-003
 -3.674766482020264E-002 -5.015671334886606E-003
 -4.728964536700995E-002 -8.481205050931778E-003
 -5.727483872891049E-002 -1.264684589217396E-002
 -6.683516454618675E-002 -1.743795081286202E-002
 -7.608793826521038E-002 -2.279519751351312E-002
 -8.512686070897221E-002 -2.867529243260154E-002
 -9.403020766697701E-002 -3.503605109227739E-002
 -0.102856485950615      -4.184439782445103E-002
 -0.111643391934803      -4.905813521400564E-002
 -0.120408377255526      -5.664075906860866E-002
 -0.129139719575880      -6.453589637264985E-002
 -0.137801204417428      -7.269296672907261E-002
 -0.146316820904491      -8.102868903747945E-002
 -0.154578368700102      -8.947019435206371E-002
 -0.162425211705408      -9.789452489035903E-002
 -0.169653818982564      -0.106200344145383     
 -0.175994104349803      -0.114213122543416     
 -0.181120712074888      -0.121800486681419     
 -0.184627121111383      -0.128727459679780     
 -0.186039539335099      -0.134834687551672     
 -0.184791191067856      -0.139827692212644     
 -0.180240055627627      -0.143535885244609     
 -0.171647256290054      -0.145623595833690     
 -0.158198272252827      -0.145939914711670     
 -0.138997633707506      -0.144161142883667     
 -0.113091258764517      -0.140199631227952     
 -7.949197619610893E-002 -0.133846145585255     
 -3.717743802943442E-002 -0.125143789459521     
  1.478565295563465E-002 -0.114117195596383     
  7.737339566405692E-002 -0.101000520411155     
  0.151248196173874      -8.621021857111720E-002
  0.237112913602503      -7.017897951187073E-002
  0.335130910057787      -5.381579556603389E-002
  0.445487064836812      -3.774634348675208E-002
  0.567738665466078      -2.326698431165446E-002
  0.701420501668103      -1.118313213981152E-002
  0.845804945095967      -3.055591501268680E-003
   1.00000000000000       0.000000000000000E+000
  2.122610839453942E-314  0.000000000000000E+000
 -1.203164960899497E-002 -6.914123597757789E-004
 -2.313199776867973E-002 -2.609575000166914E-003
 -3.348799284745971E-002 -5.560244609960154E-003
 -4.324065293763713E-002 -9.402030926897481E-003
 -5.252700773691187E-002 -1.402529487186085E-002
 -6.145272206124263E-002 -1.935618372422682E-002
 -7.012368684628835E-002 -2.533025986356070E-002
 -7.861890428345571E-002 -3.191200446428118E-002
 -8.701727045290690E-002 -3.905418750500892E-002
 -9.536962983791709E-002 -4.673683966561430E-002
 -0.103724199087402      -5.491089501058263E-002
 -0.112095122861280      -6.355676701310972E-002
 -0.120490095025292      -7.260836987770385E-002
 -0.128872726548121      -8.203402083287825E-002
 -0.137195209252550      -9.173669193830676E-002
 -0.145351712620457      -0.101661437812892     
 -0.153218722021432      -0.111665599568494     
 -0.160596893797702      -0.121660056185509     
 -0.167261515401105      -0.131441918642116     
 -0.172891457741945      -0.140878647901597     
 -0.177131193110692      -0.149693684216991     
 -0.179507143266730      -0.157706808393422     
 -0.179502068745076      -0.164563747309062     
 -0.176463624770366      -0.170044237868278     
 -0.169686948985067      -0.173728173465484     
 -0.158327354083382      -0.175381511023671     
 -0.141482507172972      -0.174576931482533     
 -0.118140323804200      -0.171121830446486     
 -8.723348884709740E-002 -0.164689134967826     
 -4.765122196929657E-002 -0.155229539630335     
  1.734730337971317E-003 -0.142679736723218     
  6.197831538395135E-002 -0.127216910801192     
  0.134095396407134      -0.109348742377734     
  0.218799016599989      -8.952142768961958E-002
  0.316694537414668      -6.899665057634996E-002
  0.427911396617881      -4.850496849547461E-002
  0.552388730180920      -2.997283185277817E-002
  0.689612805560073      -1.434575188263186E-002
  0.839022117519967      -3.920161158750602E-003
   1.00000000000000       0.000000000000000E+000
  2.122610839453942E-314  0.000000000000000E+000
 -1.064354103383405E-002 -7.367239945715999E-004
 -2.057962104928270E-002 -2.788210747731932E-003
 -2.994274302426940E-002 -5.955203140056720E-003
 -3.882796570740044E-002 -1.007609862754140E-002
 -4.733851216125411E-002 -1.504971340645798E-002
 -5.555568697997667E-002 -2.079293463518344E-002
 -6.356514851868655E-002 -2.725452027422413E-002
 -7.143933847936049E-002 -3.439058651285662E-002
 -7.924471826213231E-002 -4.217157498305918E-002
 -8.703867545262785E-002 -5.056835287846063E-002
 -9.486167596913847E-002 -5.955363791592936E-002
 -0.102745082579514      -6.909690051452602E-002
 -0.110692355600487      -7.915738488427616E-002
 -0.118694264828494      -8.969029000220489E-002
 -0.126702338428246      -0.100625703448666     
 -0.134648078753454      -0.111892683636889     
 -0.142411447816862      -0.123373821603258     
 -0.149840879434445      -0.134959748893893     
 -0.156719689127794      -0.146464582393862     
 -0.162783840636721      -0.157729349296922     
 -0.167689309452831      -0.168475692852807     
 -0.171024179294972      -0.178487618368137     
 -0.172281999929652      -0.187376869337846     
 -0.170867392327432      -0.194874288431592     
 -0.166075288551731      -0.200476561088092     
 -0.157093801499199      -0.203884442590005     
 -0.142995968314907      -0.204526201246489     
 -0.122741441414370      -0.202139094191564     
 -9.519213780053391E-002 -0.196181952155123     
 -5.907905454819148E-002 -0.186546725212995     
 -1.314219119328045E-002 -0.172964339139053     
  4.396727944461507E-002 -0.155586116914943     
  0.113424726174922      -0.134836928908740     
  0.196417670280865      -0.111308377140902     
  0.293611060774798      -8.633812743136524E-002
  0.405806435131227      -6.110783792480411E-002
  0.532828462076084      -3.785923976675103E-002
  0.674634441671732      -1.823282128267690E-002
  0.830631722408220      -4.971509804141915E-003
   1.00000000000000       0.000000000000000E+000
  2.122610839453942E-314  0.000000000000000E+000
 -9.168875578144360E-003 -7.688226856207163E-004
 -1.787893570916623E-002 -2.899291450717652E-003
 -2.619198073062151E-002 -6.193482624069799E-003
 -3.415606379960878E-002 -1.048661896205436E-002
 -4.183383759792266E-002 -1.568163269246592E-002
 -4.928177274496165E-002 -2.170054869363991E-002
 -5.656711832024693E-002 -2.849329684766776E-002
 -6.374832442727994E-002 -3.602718836361800E-002
 -7.088920348368503E-002 -4.427005273731578E-002
 -7.803889688988822E-002 -5.321015725627844E-002
 -8.524729476031701E-002 -6.281394721740841E-002
 -9.254096777880114E-002 -7.307460082232835E-002
 -9.994359595987103E-002 -8.394202536429303E-002
 -0.107444318083810      -9.540116084161164E-002
 -0.115026260767408      -0.107369708045885     
 -0.122623091311098      -0.119810989667219     
 -0.130159389333758      -0.132591381696168     
 -0.137490320048891      -0.145636760266307     
 -0.144458617228307      -0.158739342234547     
 -0.150811329235139      -0.171769981490105     
 -0.156279398358056      -0.184418125834287     
 -0.160463769634161      -0.196480928706191     
 -0.162944737578751      -0.207522955461125     
 -0.163134411737256      -0.217256461054628     
 -0.160415710470406      -0.225101469902559     
 -0.153961834335163      -0.230692067198121     
 -0.142905752286462      -0.233340073502730     
 -0.126147640964565      -0.232660997506440     
 -0.102525342700837      -0.227922150725718     
 -7.064328123070800E-002 -0.218831993012850     
 -2.901784686056955E-002 -0.204956668138868     
  2.387780239852967E-002 -0.186257915830186     
  8.971905897483327E-002 -0.163076832553994     
  0.169927271367694      -0.135981028768619     
  0.265911966694286      -0.106485464690473     
  0.378559889170992      -7.587937180829782E-002
  0.508564104727984      -4.737504695190299E-002
  0.655712506547254      -2.275831580185343E-002
  0.819761642312381      -6.224765245653857E-003
   1.00000000000000       0.000000000000000E+000
  2.122610839453942E-314  0.000000000000000E+000
 -7.673340579428532E-003 -7.702401115553469E-004
 -1.512030990039895E-002 -2.917031082491429E-003
 -2.235096399699387E-002 -6.249334175950531E-003
 -2.935134580599905E-002 -1.059873177752346E-002
 -3.615318796765815E-002 -1.588309336456530E-002
 -4.278190945190936E-002 -2.202401281873579E-002
 -4.928607703419209E-002 -2.898823566307574E-002
 -5.571509707231396E-002 -3.673753424020656E-002
 -6.211972063478991E-002 -4.526083462777414E-002
 -6.855467139528118E-002 -5.453671989016290E-002
 -7.505959594756528E-002 -6.455883181007824E-002
 -8.167818034802768E-002 -7.530735441898737E-002
 -8.842625080613455E-002 -8.676694315473256E-002
 -9.532141095030111E-002 -9.890704912278653E-002
 -0.102342242366476      -0.111688050764670     
 -0.109463902702174      -0.125055373237311     
 -0.116611448915879      -0.138924849845630     
 -0.123697111578894      -0.153201517989839     
 -0.130571190584817      -0.167729782715027     
 -0.137055283785904      -0.182355573046970     
 -0.142896365589209      -0.196814492049862     
 -0.147787965294582      -0.210871451463238     
 -0.151334746243040      -0.224115572586567     
 -0.153054555605023      -0.236217110013526     
 -0.152356115720438      -0.246566300138045     
 -0.148509057155712      -0.254738753810618     
 -0.140654123553112      -0.259927416672082     
 -0.127742871752485      -0.261663996088432     
 -0.108546972450397      -0.258965579304403     
 -8.161507419781198E-002 -0.251401592627479     
 -4.528995487615851E-002 -0.238191976512876     
  2.235246324377012E-003 -0.219215352972317     
  6.292734464382924E-002 -0.194284134649336     
  0.139149628120907      -0.164136591150935     
  0.232598726699460      -0.130047221755775     
  0.345426836194911      -9.374523299958175E-002
  0.478428995434247      -5.903377363423116E-002
  0.632301749506416      -2.865444356477903E-002
  0.806531679744156      -7.842421458836292E-003
   1.00000000000000       0.000000000000000E+000
  2.122610839453942E-314  0.000000000000000E+000
 -6.174305207229284E-003 -7.551323410036423E-004
 -1.237274634247785E-002 -2.850753398530228E-003
 -1.851250198733271E-002 -6.121678999569044E-003
 -2.454159219414892E-002 -1.040378853994422E-002
 -3.044213391247507E-002 -1.563289147843078E-002
 -3.622180822958241E-002 -2.173925536332888E-002
 -4.190707814918527E-002 -2.869587762973540E-002
 -4.753653241719317E-002 -3.647729558531741E-002
 -5.315617013408506E-002 -4.507013402892938E-002
 -5.881205885242639E-002 -5.447243723421424E-002
 -6.455129776988641E-002 -6.466993638815990E-002
 -7.040999594821715E-002 -7.567091479280644E-002
 -7.642225998369544E-002 -8.744885040855946E-002
 -8.260014405087662E-002 -0.100011469123779     
 -8.895260387509928E-002 -0.113305870461610     
 -9.545306669164019E-002 -0.127326668393962     
 -0.102072101825047      -0.141974758866200     
 -0.108726165162621      -0.157214764996510     
 -0.115330600933840      -0.172873889356167     
 -0.121719077283466      -0.188864717563588     
 -0.127728082577709      -0.204901924233466     
 -0.133071907830991      -0.220815232259811     
 -0.137473201204187      -0.236166685451090     
 -0.140475021954662      -0.250674622819953     
 -0.141634833851556      -0.263675294535121     
 -0.140238361220552      -0.274742392677540     
 -0.135585754617577      -0.282982481941623     
 -0.126607721533862      -0.287830986609396     
 -0.112202455863467      -0.288111048576083     
 -9.078263022093627E-002 -0.283163848632164     
 -6.063973267896978E-002 -0.271940099913293     
 -1.963657651031767E-002 -0.254053701803262     
  3.463600427618035E-002 -0.228641639726410     
  0.105077994136340      -0.196126258955985     
  0.194791575960216      -0.157880739837659     
  0.306132744582145      -0.115304854035933     
  0.441902682776639      -7.360938677794018E-002
  0.602852688811157      -3.586227672691832E-002
  0.789296708288101      -9.897052723175721E-003
   1.00000000000000       0.000000000000000E+000
  2.122610839453942E-314  0.000000000000000E+000
 -4.752722302078440E-003 -7.068961254762597E-004
 -9.729260852204694E-003 -2.687161031860362E-003
 -1.480587098104372E-002 -5.796998080417832E-003
 -1.986089710193702E-002 -9.889416311008611E-003
 -2.485541737537889E-002 -1.492005445909423E-002
 -2.976634062437037E-002 -2.082717786069780E-002
 -3.460616925795670E-002 -2.760135517523951E-002
 -3.940553385949926E-002 -3.521248685490921E-002
 -4.419745812300731E-002 -4.366848033981925E-002
 -4.903307968233737E-002 -5.295516349377186E-002
 -5.394616233467533E-002 -6.308728987020659E-002
 -5.898791282146362E-002 -7.405623976445778E-002
 -6.417939470186658E-002 -8.587551125514001E-002
 -6.955854194685260E-002 -9.853288840723283E-002
 -7.512301085119524E-002 -0.112029190502536     
 -8.088596343164203E-002 -0.126336505088678     
 -8.681045297263987E-002 -0.141425496512586     
 -9.287109397956593E-002 -0.157235720237652     
 -9.898212312821236E-002 -0.173681297892663     
 -0.105059527829497      -0.190646699960692     
 -0.110948727043597      -0.207949340501840     
 -0.116477554968725      -0.225387183422242     
 -0.121392176173818      -0.242630215824629     
 -0.125382100583560      -0.259362012529006     
 -0.128042681131209      -0.275005733545896     
 -0.128841824591795      -0.289082112323769     
 -0.127128892751263      -0.300723289137642     
 -0.122045800210046      -0.309292526678434     
 -0.112522779126674      -0.313426622051911     
 -9.708378476278050E-002 -0.312368404045674     
 -7.398021141999099E-002 -0.304522769069713     
 -4.081032663670339E-002 -0.289442378821478     
  5.313307132670784E-003 -0.265205271153869     
  6.825005713827112E-002 -0.231846519594839     
  0.152073722604982      -0.190389026746315     
  0.260501576449912      -0.142219216301457     
  0.397124530061975      -9.244170456148242E-002
  0.566421210203610      -4.615577342775261E-002
  0.767548484988656      -1.290424386973816E-002
   1.00000000000000       0.000000000000000E+000
  2.122610839453942E-314  0.000000000000000E+000
 -3.421139163642414E-003 -6.397304041644986E-004
 -7.271638811271897E-003 -2.430672689146129E-003
 -1.132624660368623E-002 -5.282698203972518E-003
 -1.544651535633396E-002 -9.061041183684572E-003
 -1.954426300696360E-002 -1.375115245984541E-002
 -2.359178184708202E-002 -1.930183003333290E-002
 -2.758163300704592E-002 -2.571082574465004E-002
 -3.153824772772325E-002 -3.296031532159167E-002
 -3.549018149479109E-002 -4.105238267252990E-002
 -3.947892055413138E-002 -4.999197007665736E-002
 -4.354348677236698E-002 -5.978129644620117E-002
 -4.772346492710825E-002 -7.044076422282229E-002
 -5.205395246905049E-002 -8.196809807223618E-002
 -5.656155221418401E-002 -9.439286622889705E-002
 -6.126854311144089E-002 -0.107698362257830     
 -6.617935020582326E-002 -0.121914348069027     
 -7.129597686512178E-002 -0.136992993214426     
 -7.658943391983986E-002 -0.152950932758779     
 -8.203290136024476E-002 -0.169683388421458     
 -8.754705612337832E-002 -0.187174036545189     
 -9.306392011107993E-002 -0.205223290239295     
 -9.842812357645286E-002 -0.223751366793692     
 -0.103511776692051      -0.242411782863497     
 -0.108035885779312      -0.261026309760248     
 -0.111775667997040      -0.278999393345773     
 -0.114247188712763      -0.295975203248302     
 -0.115046008731061      -0.311078653729173     
 -0.113354311217201      -0.323750155550580     
 -0.108443905861585      -0.332474172614741     
 -9.879759664835118E-002 -0.336408996753533     
 -8.296556149923583E-002 -0.333676925755750     
 -5.833247166299696E-002 -0.323388073487285     
 -2.193422616247953E-002 -0.302673319466848     
  3.081506602220878E-002 -0.270486644360205     
  0.105663215824129      -0.227796935498870     
  0.207683735787422      -0.175667371591947     
  0.343571291332531      -0.117574541786685     
  0.519615374631141      -5.938267849104650E-002
  0.739224756336665      -1.748732951738185E-002
   1.00000000000000       0.000000000000000E+000
  2.122610839453942E-314  0.000000000000000E+000
 -2.266560660397556E-003 -5.420609143342479E-004
 -5.079576518698945E-003 -2.088901398456183E-003
 -8.197285486722284E-003 -4.587340477155634E-003
 -1.141987112179713E-002 -7.941462650379334E-003
 -1.465518687296883E-002 -1.215803336160585E-002
 -1.785627893420744E-002 -1.719792981095709E-002
 -2.100809568284816E-002 -2.307379601177658E-002
 -2.413270641050900E-002 -2.976006783428308E-002
 -2.724561042632894E-002 -3.727727071975667E-002
 -3.039332519267144E-002 -4.561330164879784E-002
 -3.359823009112450E-002 -5.479735239875202E-002
 -3.691131581270778E-002 -6.482763707041758E-002
 -4.034927088816832E-002 -7.574124319953165E-002
 -4.395861670682574E-002 -8.754169357869196E-002
 -4.774274000261982E-002 -0.100268318242409     
 -5.173842307690863E-002 -0.113920770966113     
 -5.592938784191537E-002 -0.128529547287013     
 -6.033697013840911E-002 -0.144076602751117     
 -6.491807724440782E-002 -0.160565011812727     
 -6.966966762647775E-002 -0.177938693777960     
 -7.451239413153982E-002 -0.196144133731313     
 -7.940348516709569E-002 -0.215058256500048     
 -8.421250805709891E-002 -0.234524644786620     
 -8.882391798772300E-002 -0.254316971695297     
 -9.302857486073565E-002 -0.274081294424185     
 -9.658964221227538E-002 -0.293407833534229     
 -9.915930296386054E-002 -0.311675908196885     
 -0.100236734888395      -0.328299380799032     
 -9.917493996685470E-002 -0.341906725766853     
 -9.485625146590357E-002 -0.351531599353816     
 -8.587115580016322E-002 -0.355276870295087     
 -7.022140890196524E-002 -0.351940439585948     
 -4.465722502266559E-002 -0.337682747770135     
 -4.721204008549367E-003 -0.310872383453560     
  5.589571863177327E-002 -0.269762848523968     
  0.145941911210365      -0.216833706103058     
  0.274512814163551      -0.150147490482918     
  0.458706465572065      -7.762067359747812E-002
  0.702031198608894      -2.330198624269121E-002
   1.00000000000000       0.000000000000000E+000
  2.122610839453942E-314  0.000000000000000E+000
 -1.293989098703104E-003 -4.264450163470596E-004
 -3.238873166949466E-003 -1.661150945484246E-003
 -5.502509163562690E-003 -3.732684031240923E-003
 -7.906703466495283E-003 -6.562652269114108E-003
 -1.032533152539728E-002 -1.019106809830505E-002
 -1.272344041256177E-002 -1.458890887178816E-002
 -1.507609476339354E-002 -1.976835568398566E-002
 -1.740186878359091E-002 -2.571527837434632E-002
 -1.971501840679483E-002 -3.243609215600963E-002
 -2.204972556753372E-002 -3.993655759112191E-002
 -2.443194542306639E-002 -4.822644312310755E-002
 -2.689650078127443E-002 -5.733052022877081E-002
 -2.946895651820243E-002 -6.726377090526353E-002
 -3.217870041527279E-002 -7.806813068151336E-002
 -3.504556474758186E-002 -8.975836225594382E-002
 -3.808986040283849E-002 -0.102389225613143     
 -4.132287132675618E-002 -0.115963828043819     
 -4.475152237688093E-002 -0.130542933134429     
 -4.837644969772811E-002 -0.146099615847349     
 -5.218436754295198E-002 -0.162689803517590     
 -5.616319556715027E-002 -0.180229250336754     
 -6.026763043308361E-002 -0.198752836117676     
 -6.447042717655756E-002 -0.218073550367749     
 -6.866844053773688E-002 -0.238179298854107     
 -7.280900401939996E-002 -0.258707111307596     
 -7.669546917363383E-002 -0.279533891425258     
 -8.023595607260547E-002 -0.300037639581729     
 -8.300262740635299E-002 -0.319987399094206     
 -8.478201590955201E-002 -0.337974768512905     
 -8.459383857499470E-002 -0.353276059991559     
 -8.169594420197480E-002 -0.364202414814835     
 -7.411233834961210E-002 -0.369613424375196     
 -5.982654996182734E-002 -0.364817360859350     
 -3.352612898454650E-002 -0.347743339769110     
  1.068659436384627E-002 -0.314576094331761     
  8.405125526156150E-002 -0.266431551384868     
  0.201387530438992      -0.193547301220209     
  0.383705422374715      -9.885594940574099E-002
  0.652413312382079      -2.885474984053449E-002
   1.00000000000000       0.000000000000000E+000
  2.122610839453942E-314  0.000000000000000E+000
 -5.822625306768735E-004 -2.938254431198269E-004
 -1.793382302980267E-003 -1.189459640766942E-003
 -3.327925968991524E-003 -2.767848307229593E-003
 -4.987558713666775E-003 -5.002469841266273E-003
 -6.661215879611662E-003 -7.950296591879369E-003
 -8.319753894675047E-003 -1.158640703716837E-002
 -9.933834256483347E-003 -1.593379983457967E-002
 -1.152767556947795E-002 -2.096210938382111E-002
 -1.310113590044483E-002 -2.669312003039920E-002
 -1.469294233886274E-002 -3.311011496110712E-002
 -1.631012670682488E-002 -4.024521687621963E-002
 -1.799422227726708E-002 -4.809664036255003E-002
 -1.974935311487483E-002 -5.671165087030459E-002
 -2.161737276257920E-002 -6.610061402133732E-002
 -2.359433916912140E-002 -7.632523484828074E-002
 -2.572272661301815E-002 -8.740170383452929E-002
 -2.798697800358701E-002 -9.940205744210946E-002
 -3.043085918829763E-002 -0.112339281976665     
 -3.302395552702976E-002 -0.126288321239626     
 -3.581158551639824E-002 -0.141246057879908     
 -3.874507685173340E-002 -0.157278962015315     
 -4.186966220462250E-002 -0.174349998821139     
 -4.511429356458151E-002 -0.192495654441893     
 -4.851939312390530E-002 -0.211614428393798     
 -5.198714071878111E-002 -0.231678477626853     
 -5.554395882873738E-002 -0.252472721949676     
 -5.905214758872922E-002 -0.273846831780843     
 -6.243221366812493E-002 -0.295456225279238     
 -6.546194383013194E-002 -0.316639875328531     
 -6.793317781749215E-002 -0.336487194551690     
 -6.939112427000836E-002 -0.354122030922560     
 -6.884807440701257E-002 -0.368712827050581     
 -6.505175393378820E-002 -0.375120790117875     
 -5.320638875697969E-002 -0.371613054967112     
 -2.775308043896710E-002 -0.351702718894906     
  2.278432283943400E-002 -0.315320301345613     
  0.122239383889076      -0.243689793114760     
  0.302618530834432      -0.132314855789037     
  0.591846609232223      -3.886259692264885E-002
   1.00000000000000       0.000000000000000E+000
  2.122610839453942E-314  0.000000000000000E+000
 -1.143439396108835E-004 -1.550084160527333E-004
 -8.041702569269850E-004 -6.759971400207014E-004
 -1.720205159529414E-003 -1.746197150341838E-003
 -2.741930338232135E-003 -3.352817201004219E-003
 -3.762941038501661E-003 -5.561018118113298E-003
 -4.771005104352563E-003 -8.359276670287526E-003
 -5.744502983331481E-003 -1.174903730585787E-002
 -6.698742439554418E-003 -1.571716285138169E-002
 -7.637876117360733E-003 -2.026023295575043E-002
 -8.583748115322991E-003 -2.538082824778341E-002
 -9.546579331251165E-003 -3.108549758070450E-002
 -1.054884720660840E-002 -3.739416989139972E-002
 -1.159940111526522E-002 -4.432696519960708E-002
 -1.272044518810810E-002 -5.192165474032317E-002
 -1.391700866022841E-002 -6.020868282225825E-002
 -1.521103120261865E-002 -6.924301983882414E-002
 -1.660305688531337E-002 -7.905875546504801E-002
 -1.811462548960368E-002 -8.972745869092351E-002
 -1.974199626250069E-002 -0.101277213743044     
 -2.150580023344977E-002 -0.113795763230860     
 -2.339930586631599E-002 -0.127291364565006     
 -2.544040469443945E-002 -0.141868402718762     
 -2.762193957813660E-002 -0.157493677221073     
 -2.995695343215587E-002 -0.174285709532813     
 -3.244456629197508E-002 -0.192143179637382     
 -3.508894805917469E-002 -0.211204891637105     
 -3.791479154796290E-002 -0.231211608634852     
 -4.085163321237057E-002 -0.252345991772276     
 -4.393645381107227E-002 -0.274010663717103     
 -4.709431756789719E-002 -0.296179030706478     
 -5.048879353491498E-002 -0.318065289488364     
 -5.339458564772710E-002 -0.340414536271525     
 -5.602709635169238E-002 -0.357340952661365     
 -5.460645961661316E-002 -0.367878443951340     
 -4.669004263943866E-002 -0.367394699303458     
 -2.112246975006843E-002 -0.352840470894437     
  4.217437155976598E-002 -0.294526921047574     
  0.190420382674527      -0.178282280624302     
  0.497073084420621      -6.008892424655141E-002
   1.00000000000000       0.000000000000000E+000
  2.122610839453942E-314  0.000000000000000E+000
  8.319376889522143E-005 -3.749452620526460E-005
 -2.252048260563233E-004 -2.304004144902350E-004
 -6.601345980144413E-004 -8.076698169019042E-004
 -1.167390729861795E-003 -1.787490053399737E-003
 -1.658753747746385E-003 -3.239300294222165E-003
 -2.149422658580271E-003 -5.129734392072944E-003
 -2.610202090629955E-003 -7.474014195196593E-003
 -3.064816042511489E-003 -1.023554192441409E-002
 -3.502776671856823E-003 -1.342736856135158E-002
 -3.948414054735359E-003 -1.702946005364282E-002
 -4.394634374292201E-003 -2.106521400907396E-002
 -4.867012996995616E-003 -2.552818106331512E-002
 -5.354574267459497E-003 -3.045830952370971E-002
 -5.887312801421167E-003 -3.585927852986780E-002
 -6.446426406500165E-003 -4.178907112431279E-002
 -7.069460728667561E-003 -4.825703799096365E-002
 -7.726690364271455E-003 -5.533968673265816E-002
 -8.466733060992290E-003 -6.304733384282370E-002
 -9.245641278795427E-003 -7.147576092565329E-002
 -1.012758540450687E-002 -8.063073087890905E-002
 -1.105009959036767E-002 -9.062918145156409E-002
 -1.209921191247992E-002 -0.101464692547158     
 -1.318810266658037E-002 -0.113280349137540     
 -1.443705650505194E-002 -0.126043728630977     
 -1.572690018150501E-002 -0.139941517403467     
 -1.722606721211501E-002 -0.154905219276861     
 -1.876086792575625E-002 -0.171162909546758     
 -2.057297259822570E-002 -0.188546391252162     
 -2.242899650439299E-002 -0.207407614944805     
 -2.483022362119852E-002 -0.227321001492601     
 -2.738512546279125E-002 -0.249035490494308     
 -3.026134044395745E-002 -0.272488513036905     
 -3.228449547332980E-002 -0.296047197846917     
 -3.448807123575577E-002 -0.315518999477833     
 -3.555242686499439E-002 -0.335721194588670     
 -3.910557151460674E-002 -0.354052904149329     
 -3.296697271652670E-002 -0.327158542755743     
  3.993403425748430E-002 -0.258043235858277     
  0.290600682579401      -0.100573540458755     
   1.00000000000000       0.000000000000000E+000
  2.122610839453942E-314  0.000000000000000E+000
  5.656224081429815E-005  5.656224081410067E-005
 -3.469665033176743E-005  8.572281611846734E-005
 -1.468480309063666E-004 -1.056458971654681E-004
 -2.819000551690871E-004 -5.533340100248872E-004
 -4.153190976168834E-004 -1.252690907898704E-003
 -5.462971997747279E-004 -2.218971770254931E-003
 -6.699173298840213E-004 -3.423637722467215E-003
 -7.891049961913587E-004 -4.868406122693566E-003
 -9.042185821308079E-004 -6.536751365055799E-003
 -1.020275847325878E-003 -8.433428829925448E-003
 -1.136632087400260E-003 -1.055590769386474E-002
 -1.260470425977773E-003 -1.291319450227424E-002
 -1.387831309696956E-003 -1.551618064486212E-002
 -1.528954164262224E-003 -1.838025847015800E-002
 -1.676316649041991E-003 -2.152574723170203E-002
 -1.843427331467697E-003 -2.497641532889801E-002
 -2.019003693001426E-003 -2.875819178444019E-002
 -2.220218380678620E-003 -3.290585789086832E-002
 -2.431954306387610E-003 -3.744683434748936E-002
 -2.675597733369634E-003 -4.243100809611897E-002
 -2.931989290279637E-003 -4.788246448444086E-002
 -3.227604814597798E-003 -5.387225891636047E-002
 -3.538582339538003E-003 -6.041709451358277E-002
 -3.900381297045116E-003 -6.761969487356413E-002
 -4.286323323593577E-003 -7.548342948018152E-002
 -4.739982452915758E-003 -8.417204970145503E-002
 -5.224812958575051E-003 -9.364907602179470E-002
 -5.799546277513811E-003 -0.104143269004821     
 -6.414819125232409E-003 -0.115677449283019     
 -7.274104043426985E-003 -0.128721393042398     
 -8.488242057017486E-003 -0.142979591018939     
 -9.761407064016949E-003 -0.159856521503215     
 -1.059830203278651E-002 -0.177838946238750     
 -1.166415693122164E-002 -0.196448780084907     
 -1.381413438382449E-002 -0.221271933409441     
 -2.061727374694286E-002 -0.268659138379564     
 -4.123585709106839E-002 -0.280898540948558     
 -1.237374993499147E-002 -0.289707283720623     
  0.178953663213130      -0.179847062071948     
   1.00000000000000       0.000000000000000E+000
  2.122610839453942E-314  0.000000000000000E+000
  2.122610839453942E-314  0.000000000000000E+000
  2.122610839453942E-314  0.000000000000000E+000
  2.122610839453942E-314  0.000000000000000E+000
  2.122610839453942E-314  0.000000000000000E+000
  2.122610839453942E-314  0.000000000000000E+000
  2.122610839453942E-314  0.000000000000000E+000
  2.122610839453942E-314  0.000000000000000E+000
  2.122610839453942E-314  0.000000000000000E+000
  2.122610839453942E-314  0.000000000000000E+000
  2.122610839453942E-314  0.000000000000000E+000
  2.122610839453942E-314  0.000000000000000E+000
  2.122610839453942E-314  0.000000000000000E+000
  2.122610839453942E-314  0.000000000000000E+000
  2.122610839453942E-314  0.000000000000000E+000
  2.122610839453942E-314  0.000000000000000E+000
  2.122610839453942E-314  0.000000000000000E+000
  2.122610839453942E-314  0.000000000000000E+000
  2.122610839453942E-314  0.000000000000000E+000
  2.122610839453942E-314  0.000000000000000E+000
  2.122610839453942E-314  0.000000000000000E+000
  2.122610839453942E-314  0.000000000000000E+000
  2.122610839453942E-314  0.000000000000000E+000
  2.122610839453942E-314  0.000000000000000E+000
  2.122610839453942E-314  0.000000000000000E+000
  2.122610839453942E-314  0.000000000000000E+000
  2.122610839453942E-314  0.000000000000000E+000
  2.122610839453942E-314  0.000000000000000E+000
  2.122610839453942E-314  0.000000000000000E+000
  2.122610839453942E-314  0.000000000000000E+000
  2.122610839453942E-314  0.000000000000000E+000
  2.122610839453942E-314  0.000000000000000E+000
  2.122610839453942E-314  0.000000000000000E+000
  2.122610839453942E-314  0.000000000000000E+000
  2.122610839453942E-314  0.000000000000000E+000
  2.122610839453942E-314  0.000000000000000E+000
  2.122610839453942E-314  0.000000000000000E+000
  2.122610839453942E-314  0.000000000000000E+000
  2.122610839453942E-314  0.000000000000000E+000
  2.122610839453942E-314  0.000000000000000E+000
   1.00000000000000       0.000000000000000E+000
