  5.432309224871097E-312  0.000000000000000E+000
  2.122610839453942E-314  0.000000000000000E+000
  2.122610839453942E-314  0.000000000000000E+000
  2.122610839453942E-314  0.000000000000000E+000
  2.122610839453942E-314  0.000000000000000E+000
  2.122610839453942E-314  0.000000000000000E+000
  2.122610839453942E-314  0.000000000000000E+000
  2.122610839453942E-314  0.000000000000000E+000
  2.122610839453942E-314  0.000000000000000E+000
  2.122610839453942E-314  0.000000000000000E+000
  2.122610839453942E-314  0.000000000000000E+000
  2.122610839453942E-314  0.000000000000000E+000
  2.122610839453942E-314  0.000000000000000E+000
  2.122610839453942E-314  0.000000000000000E+000
  2.122610839453942E-314  0.000000000000000E+000
  2.122610839453942E-314  0.000000000000000E+000
  2.122610839453942E-314  0.000000000000000E+000
  2.122610839453942E-314  0.000000000000000E+000
  2.122610839453942E-314  0.000000000000000E+000
  2.122610839453942E-314  0.000000000000000E+000
  2.122610839453942E-314  0.000000000000000E+000
  2.122610839453942E-314  0.000000000000000E+000
  2.122610839453942E-314  0.000000000000000E+000
  2.122610839453942E-314  0.000000000000000E+000
  2.122610839453942E-314  0.000000000000000E+000
  2.122610839453942E-314  0.000000000000000E+000
  2.122610839453942E-314  0.000000000000000E+000
  2.122610839453942E-314  0.000000000000000E+000
  2.122610839453942E-314  0.000000000000000E+000
  2.122610839453942E-314  0.000000000000000E+000
  2.122610839453942E-314  0.000000000000000E+000
  2.122610839453942E-314  0.000000000000000E+000
  2.122610839453942E-314  0.000000000000000E+000
  2.122610839453942E-314  0.000000000000000E+000
  2.122610839453942E-314  0.000000000000000E+000
  2.122610839453942E-314  0.000000000000000E+000
  2.122610839453942E-314  0.000000000000000E+000
  2.122610839453942E-314  0.000000000000000E+000
  2.122610839453942E-314  0.000000000000000E+000
  2.122610839453942E-314  0.000000000000000E+000
   1.00000000000000       0.000000000000000E+000
  2.122610839453942E-314  0.000000000000000E+000
  6.309409557315626E-005 -6.274252554196368E-005
 -3.595107178532938E-005 -4.231876806642922E-006
 -1.724480134682050E-004  2.015460222504240E-004
 -3.211279563471270E-004  7.187976253210691E-004
 -4.640986720162860E-004  1.491564554093320E-003
 -5.950195070540442E-004  2.537602480133454E-003
 -7.219200009244662E-004  3.828329585512752E-003
 -8.381310715723614E-004  5.356710469830783E-003
 -9.512633294505464E-004  7.104923668293919E-003
 -1.056775479795604E-003  9.067167371286034E-003
 -1.161110081038431E-003  1.123108903774514E-002
 -1.260843006823082E-003  1.359556580614414E-002
 -1.360911795242886E-003  1.615095201305353E-002
 -1.458545376838899E-003  1.890146736677238E-002
 -1.557703216149709E-003  2.183829996704736E-002
 -1.656153495389930E-003  2.497072374929813E-002
 -1.757456979686582E-003  2.829002674259863E-002
 -1.860186972001929E-003  3.181169290667210E-002
 -1.967920483107686E-003  3.552694731806130E-002
 -2.080908463141902E-003  3.946154945608492E-002
 -2.203237985588219E-003  4.360717904780951E-002
 -2.337952098989524E-003  4.800853253982031E-002
 -2.489273112514698E-003  5.265782714726981E-002
 -2.666847222647947E-003  5.763873890006404E-002
 -2.878441737476807E-003  6.294223586160692E-002
 -3.143941131985822E-003  6.871655527229811E-002
 -3.486488066009461E-003  7.497288036420163E-002
 -3.906493796919971E-003  8.196821694408921E-002
 -4.368849285146913E-003  8.964157550627209E-002
 -5.051041941133759E-003  9.870074463049679E-002
 -6.297224669115517E-003  0.109086474831576     
 -7.908820970580597E-003  0.120955018267803     
 -1.023251609140795E-002  0.135741036356354     
 -1.115864207301786E-002  0.155269773526734     
 -5.617812868898974E-003  0.170963549755259     
 -6.707041089905718E-003  0.197694093531900     
 -5.260479808554734E-002  0.257084722620466     
 -4.900824610430848E-002  0.215460600846494     
  0.146872656296658       0.146872656296652     
   1.00000000000000       0.000000000000000E+000
  2.122610839453942E-314  0.000000000000000E+000
  3.880306784358032E-006  3.614415713546925E-005
 -3.177099246247881E-004  3.182202606607646E-004
 -8.060619884551417E-004  9.478632885709141E-004
 -1.311395905662050E-003  2.035498997138041E-003
 -1.830020788477976E-003  3.596846658362809E-003
 -2.310264844216380E-003  5.599035594809591E-003
 -2.779815334067209E-003  8.052406420922538E-003
 -3.213864663957517E-003  1.091321638277805E-002
 -3.637605510716756E-003  1.418677860930604E-002
 -4.035323868633540E-003  1.783427038260681E-002
 -4.428639434228750E-003  2.186418579490469E-002
 -4.804611295104950E-003  2.624492022223411E-002
 -5.182056646011114E-003  3.098982963236228E-002
 -5.548128813061944E-003  3.607208058567169E-002
 -5.920898571449659E-003  4.151052233605292E-002
 -6.286681091508693E-003  4.728004261852754E-002
 -6.665228746309609E-003  5.340661329156403E-002
 -7.041799486088683E-003  5.986514285818500E-002
 -7.441025718076501E-003  6.669255261452305E-002
 -7.846946788108822E-003  7.386364596706997E-002
 -8.294239418504124E-003  8.143435294510741E-002
 -8.764733456808152E-003  8.938097462924020E-002
 -9.312439163621464E-003  9.779356399736566E-002
 -9.913304581028589E-003  0.106652485479218     
 -1.066081579128474E-002  0.116107424943880     
 -1.151013299955828E-002  0.126135070974163     
 -1.262949410692732E-002  0.137002521605817     
 -1.393151978670013E-002  0.148689138726139     
 -1.573289788348139E-002  0.161644675799589     
 -1.781031861134990E-002  0.175761777024787     
 -2.093101512608023E-002  0.191725595657334     
 -2.423660788899964E-002  0.208606358710415     
 -2.862193408202567E-002  0.228503778337716     
 -3.304873232434258E-002  0.251833656417838     
 -3.947922029773068E-002  0.277483225060536     
 -3.831476696090343E-002  0.293241780299477     
 -3.225098704554202E-002  0.294631066269313     
  2.465277714137318E-002  0.229327323706748     
  0.329421301167811       9.887643774707758E-002
   1.00000000000000       0.000000000000000E+000
  2.122610839453942E-314  0.000000000000000E+000
 -2.042001471390634E-004  1.730120178028246E-004
 -9.461907668879393E-004  8.027310713004521E-004
 -1.911818406519030E-003  1.901616849321562E-003
 -2.958917434898715E-003  3.621700830704115E-003
 -4.005582907050062E-003  5.920626386289931E-003
 -5.018589699115551E-003  8.823143738311440E-003
 -5.988664771513827E-003  1.229265889711733E-002
 -6.911596229651355E-003  1.632695586840558E-002
 -7.796764157615657E-003  2.089476786623979E-002
 -8.645419099387210E-003  2.598479335616011E-002
 -9.470522902660903E-003  3.157546282190615E-002
 -1.027230932251571E-002  3.765785743160850E-002
 -1.106265032444336E-002  4.421672983509962E-002
 -1.183991147961412E-002  5.124769965481802E-002
 -1.261517015999826E-002  5.873927570210304E-002
 -1.338561490395464E-002  6.669116692323568E-002
 -1.416352865824944E-002  7.509450291243225E-002
 -1.494654185602230E-002  8.395315168048358E-002
 -1.575155817498786E-002  9.326182780188272E-002
 -1.657894469295133E-002  0.103030308903769     
 -1.745545941184339E-002  0.113260742309040     
 -1.838700959326924E-002  0.123972950382824     
 -1.941869767946562E-002  0.135183902149482     
 -2.056423637473194E-002  0.146927821740856     
 -2.190213218468823E-002  0.159249684339401     
 -2.344779601805044E-002  0.172194150526532     
 -2.533087221413044E-002  0.185848881271908     
 -2.756086385779622E-002  0.200255200518941     
 -3.038110018598450E-002  0.215557894468256     
 -3.368892778716377E-002  0.231570193517022     
 -3.790872980081831E-002  0.248578915432521     
 -4.224587630506624E-002  0.265622215894843     
 -4.667504619979419E-002  0.282684026994068     
 -4.980767806922819E-002  0.297453353643318     
 -5.328753480170089E-002  0.309985714354435     
 -4.239792316108285E-002  0.299160207453127     
 -3.039501054449372E-003  0.268403421211946     
  0.124582624996995       0.186568401127141     
  0.445023144627092       6.748565686094464E-002
   1.00000000000000       0.000000000000000E+000
  2.122610839453942E-314  0.000000000000000E+000
 -7.141143283357638E-004  3.136298541275752E-004
 -2.013379080222217E-003  1.275884435729824E-003
 -3.613867794046140E-003  2.882576795184708E-003
 -5.299787035924014E-003  5.197589790702519E-003
 -6.998992432967879E-003  8.207123113605443E-003
 -8.645342614639949E-003  1.190285467328678E-002
 -1.023695920811538E-002  1.627559380570772E-002
 -1.175662790368978E-002  2.129950290310327E-002
 -1.322300716786363E-002  2.696638935008951E-002
 -1.463139571385081E-002  3.324231933033161E-002
 -1.600402870775794E-002  4.012557499329481E-002
 -1.733660541537724E-002  4.758436102498783E-002
 -1.864999155105657E-002  5.562183342585628E-002
 -1.993681015227367E-002  6.420814609120011E-002
 -2.121755230426527E-002  7.335038061649056E-002
 -2.248148147117189E-002  8.301837033441117E-002
 -2.375224577200602E-002  9.322288911155888E-002
 -2.501671145694154E-002  0.103930639089152     
 -2.630762832477680E-002  0.115157859626994     
 -2.761057877051791E-002  0.126865186585666     
 -2.897652704921465E-002  0.139079036464274     
 -3.038950824670255E-002  0.151749772463293     
 -3.193252324954141E-002  0.164921608641915     
 -3.358283278041187E-002  0.178524326974635     
 -3.547493125253286E-002  0.192629213247162     
 -3.756176783055368E-002  0.207120133498794     
 -4.005179507180700E-002  0.222093973951336     
 -4.282030952920065E-002  0.237315946761121     
 -4.616670000168323E-002  0.252855156515029     
 -4.972357993956410E-002  0.268128016683768     
 -5.371089958728429E-002  0.283045127842126     
 -5.713224033132398E-002  0.296354694663172     
 -5.936422287976709E-002  0.306894089096570     
 -5.713373534597078E-002  0.310988506249270     
 -4.595166545576012E-002  0.304125956182390     
 -1.516752766321944E-002  0.275812025541193     
  6.804734647678050E-002  0.219914650526242     
  0.233460213324235       0.136976359179640     
  0.538215742181042       4.400634809241438E-002
   1.00000000000000       0.000000000000000E+000
  2.122610839453942E-314  0.000000000000000E+000
 -1.461566346156559E-003  4.426039912128597E-004
 -3.509431228670663E-003  1.731028019722344E-003
 -5.832740635386553E-003  3.786661817739579E-003
 -8.261706762728926E-003  6.654792579498259E-003
 -1.068547980137675E-002  1.028079885675971E-002
 -1.305429456244288E-002  1.467512453595930E-002
 -1.534280026737096E-002  1.979888023002274E-002
 -1.754645434604443E-002  2.565178052904996E-002
 -1.967211492859865E-002  3.220130302640236E-002
 -2.172605782706525E-002  3.943711780612488E-002
 -2.372303887658986E-002  4.733408238914070E-002
 -2.566810344511734E-002  5.588116149624303E-002
 -2.757570933268001E-002  6.505690059716543E-002
 -2.944641296500531E-002  7.484981436528854E-002
 -3.129345658218331E-002  8.523932464037585E-002
 -3.311333914617982E-002  9.621167601840079E-002
 -3.492072413346875E-002  0.107744783969115     
 -3.671017706897733E-002  0.119818989999508     
 -3.850305385716856E-002  0.132409941790075     
 -4.029449308879387E-002  0.145486468424355     
 -4.212013259099088E-002  0.159023133807964     
 -4.397662567088014E-002  0.172966980684357     
 -4.592348709290264E-002  0.187294133222595     
 -4.795298176442919E-002  0.201906968236132     
 -5.015730268203552E-002  0.216784200037827     
 -5.249919561451129E-002  0.231730130869007     
 -5.510463524575260E-002  0.246717001764933     
 -5.782126880850152E-002  0.261311789319324     
 -6.076590592809844E-002  0.275443667968187     
 -6.339913674130941E-002  0.288116135384667     
 -6.556547193483069E-002  0.299063250964235     
 -6.566500618954155E-002  0.306065038930717     
 -6.257945557251432E-002  0.308419753668493     
 -5.107991368180578E-002  0.300608301352800     
 -2.536061620183182E-002  0.281051079489209     
  2.966947942186431E-002  0.241121347205123     
  0.136808475107915       0.180778923197473     
  0.320660681351524       0.107385879575545     
  0.610991320315561       3.269586252877730E-002
   1.00000000000000       0.000000000000000E+000
  2.122610839453942E-314  0.000000000000000E+000
 -2.430651866315148E-003  5.419861538523020E-004
 -5.356370548550661E-003  2.093439681221612E-003
 -8.528155978714062E-003  4.550530911903163E-003
 -1.176637566694932E-002  7.879457681384264E-003
 -1.498632977721056E-002  1.203494659260993E-002
 -1.812455245105316E-002  1.699355640627973E-002
 -2.116769961577923E-002  2.273290402305923E-002
 -2.410192996997181E-002  2.923045298937672E-002
 -2.694193305562764E-002  3.647195059606951E-002
 -2.968874545438632E-002  4.442953574800242E-002
 -3.236320963302730E-002  5.309458393939031E-002
 -3.496564996005336E-002  6.243799144439305E-002
 -3.751575808099773E-002  7.245269313934988E-002
 -4.000753567284483E-002  8.310634721034381E-002
 -4.245903716582719E-002  9.439015446149553E-002
 -4.485702815084767E-002  0.106265178866932     
 -4.722114643606279E-002  0.118717230326391     
 -4.953197487603428E-002  0.131695192826087     
 -5.181653663914353E-002  0.145176058062424     
 -5.405026088500269E-002  0.159088397130061     
 -5.627478847239286E-002  0.173396266638234     
 -5.845849828345215E-002  0.187994546944420     
 -6.066347351220873E-002  0.202826437928240     
 -6.284011654169035E-002  0.217728132327335     
 -6.506648868298827E-002  0.232601469422950     
 -6.724038255177783E-002  0.247172927680699     
 -6.941545419261215E-002  0.261248419931931     
 -7.134192905193633E-002  0.274335831176357     
 -7.288846094639717E-002  0.286016650476801     
 -7.341682872314252E-002  0.295377834381087     
 -7.209957484331589E-002  0.301464516956691     
 -6.726321269621516E-002  0.302526669455511     
 -5.593974871747587E-002  0.296558743962067     
 -3.386059587568439E-002  0.280464349486875     
  8.571654386470144E-003  0.251231050829383     
  8.146757006849838E-002  0.206337693244824     
  0.204915766272966       0.147377911980142     
  0.395017770656383       8.264545788174825E-002
  0.660740259887699       2.600386778904666E-002
   1.00000000000000       0.000000000000000E+000
  2.122610839453942E-314  0.000000000000000E+000
 -3.582358103592397E-003  6.272958475048705E-004
 -7.520060372932569E-003  2.393883480165125E-003
 -1.160632403360405E-002  5.155458885274465E-003
 -1.571671335783490E-002  8.851911738310117E-003
 -1.976511810501309E-002  1.340961528710151E-002
 -2.371074483040207E-002  1.880543669502921E-002
 -2.753243246166704E-002  2.499568831929681E-002
 -3.122861090611391E-002  3.196961265394990E-002
 -3.480715291038169E-002  3.969580493156299E-002
 -3.827677594466367E-002  4.816223142013813E-002
 -4.165227541074881E-002  5.734322541386348E-002
 -4.493919028242362E-002  6.722479823752299E-002
 -4.815032247296654E-002  7.778124900189531E-002
 -5.128286647093664E-002  8.899273548153229E-002
 -5.434552161564540E-002  0.100828735178286     
 -5.732635190908394E-002  0.113258385825968     
 -6.023205530513919E-002  0.126241568158207     
 -6.304238260446481E-002  0.139727620660816     
 -6.576658041690286E-002  0.153662604195616     
 -6.837597017568801E-002  0.167962148707242     
 -7.088743641648622E-002  0.182554305009933     
 -7.325837875003050E-002  0.197297466348109     
 -7.551490746231819E-002  0.212095599189483     
 -7.757977466879347E-002  0.226707470830828     
 -7.947622435585169E-002  0.240999843696253     
 -8.103297999024411E-002  0.254551875232277     
 -8.221748648045665E-002  0.267161791519820     
 -8.261085252076877E-002  0.278080459409460     
 -8.195596230954826E-002  0.286965667694479     
 -7.922105145270322E-002  0.292491319767379     
 -7.347033694461336E-002  0.294048232611392     
 -6.219037032207082E-002  0.289365967266904     
 -4.253555267607675E-002  0.277452163364954     
 -8.823597449488498E-003  0.255269770829345     
  4.644325230907303E-002  0.221890492050474     
  0.133562200252517       0.176525220106460     
  0.265903463858094       0.121645411530156     
  0.453268373824522       6.617636005594865E-002
  0.700593603769954       2.003732347862229E-002
   1.00000000000000       0.000000000000000E+000
  2.122610839453942E-314  0.000000000000000E+000
 -4.857615735466714E-003  6.801064900904581E-004
 -9.896996456755723E-003  2.593095970794374E-003
 -1.497435165482236E-002  5.579603808935945E-003
 -1.999440546702893E-002  9.530649234467082E-003
 -2.490322101923761E-002  1.437331814162497E-002
 -2.966799747913681E-002  2.005820516722376E-002
 -3.428276841942168E-002  2.654912798729648E-002
 -3.874570624546822E-002  3.381696027860397E-002
 -4.307211666568778E-002  4.184188155963967E-002
 -4.726798474502722E-002  5.059834230675868E-002
 -5.135194362026457E-002  6.007246579879658E-002
 -5.532435970303401E-002  7.023680593396875E-002
 -5.919959493677451E-002  8.107567278898631E-002
 -6.296638239373023E-002  9.255410686401010E-002
 -6.663282152765761E-002  0.104647703413126     
 -7.017416879840270E-002  0.117307729755000     
 -7.359378036997119E-002  0.130493402459354     
 -7.685327198937156E-002  0.144133067197358     
 -7.995405853067297E-002  0.158160556172846     
 -8.284297095406083E-002  0.172468075412109     
 -8.552020164854753E-002  0.186951893188752     
 -8.791120054722626E-002  0.201447741142027     
 -9.000613465273427E-002  0.215795039164095     
 -9.168776239772684E-002  0.229739996144824     
 -9.290037683300022E-002  0.243030642326066     
 -9.342806987589895E-002  0.255268352653785     
 -9.306495248087097E-002  0.266046263634600     
 -9.136347644577394E-002  0.274732593610870     
 -8.770224906078498E-002  0.280656528774782     
 -8.110222956950007E-002  0.282829960453470     
 -6.991593752219794E-002  0.280184698373642     
 -5.201058300488540E-002  0.271300156468247     
 -2.344097766009610E-002  0.254786469857811     
  2.017010663272715E-002  0.229246405102273     
  8.657379641212389E-002  0.194098537527229     
  0.183275913395824       0.150047968636722     
  0.319767476217077       0.100614794614145     
  0.503199294077506       5.271653059727927E-002
  0.732310247728877       1.510481773995956E-002
   1.00000000000000       0.000000000000000E+000
  2.122610839453942E-314  0.000000000000000E+000
 -6.230918676130931E-003  7.180398684101791E-004
 -1.243623061020060E-002  2.720875258202369E-003
 -1.853718851463036E-002  5.833554884452865E-003
 -2.448914253029654E-002  9.930662994324501E-003
 -3.026150498725647E-002  1.492343963262755E-002
 -3.584625309439394E-002  2.075744662353436E-002
 -4.124482253631202E-002  2.738394599795297E-002
 -4.646755549385557E-002  3.477708752071335E-002
 -5.152985100273943E-002  4.290671706337452E-002
 -5.644328124973575E-002  5.175575186740728E-002
 -6.122260545854954E-002  6.129967322858463E-002
 -6.587005992375940E-002  7.152046195589550E-002
 -7.039243039688702E-002  8.239034802749515E-002
 -7.477715766911902E-002  9.388191500207853E-002
 -7.902042276406374E-002  0.105956550365074     
 -8.309252611957101E-002  0.118568044250388     
 -8.697969164858342E-002  0.131659386564021     
 -9.063335037205977E-002  0.145152132840664     
 -9.403156664889550E-002  0.158963076947168     
 -9.710246423164974E-002  0.172961796101853     
 -9.981553023292258E-002  0.187030111790944     
 -0.102062187070550       0.200955620340712     
 -0.103793468634529       0.214573681286993     
 -0.104828954152532       0.227543780344907     
 -0.105065816643096       0.239636842564422     
 -0.104168914881609       0.250314948697961     
 -0.101885524600715       0.259254228727721     
 -9.754590472334917E-002  0.265626289671786     
 -9.051978823155268E-002  0.268968861432350     
 -7.944113399235359E-002  0.268078384635058     
 -6.281041735379649E-002  0.262328108920118     
 -3.794096777386731E-002  0.250234853844631     
 -1.570608255930897E-003  0.231168238581511     
  5.100635224278146E-002  0.204143512682270     
  0.125658972147020       0.169339587897647     
  0.228674447501454       0.128310731478100     
  0.366761583289422       8.405841063809423E-002
  0.543368127539450       4.328311364717319E-002
  0.757446588243876       1.199965330062635E-002
   1.00000000000000       0.000000000000000E+000
  2.122610839453942E-314  0.000000000000000E+000
 -7.635479117224640E-003  7.259850147830236E-004
 -1.503829999704587E-002  2.756635584355218E-003
 -2.218196616536518E-002  5.911634178175516E-003
 -2.906947904156994E-002  1.004343709977749E-002
 -3.570119733767012E-002  1.506357829111762E-002
 -4.209131554062689E-002  2.090168986390559E-002
 -4.825744863528767E-002  2.751334668822169E-002
 -5.421781880055981E-002  3.486031507979085E-002
 -5.999530564754831E-002  4.291995088466473E-002
 -6.560184157819379E-002  5.166591294224823E-002
 -7.105459524040025E-002  6.108200293558549E-002
 -7.635082151768954E-002  7.114148330201844E-002
 -8.149581592602730E-002  8.182362342912651E-002
 -8.646710951888045E-002  9.309194147545885E-002
 -9.125520945775185E-002  0.104911015240299     
 -9.581521159036253E-002  0.117225033807045     
 -0.100121916301337       0.129972837310089     
 -0.104105909007700       0.143067044173223     
 -0.107724798429713       0.156407725462603     
 -0.110880393475926       0.169859466268023     
 -0.113506373571855       0.183267143227033     
 -0.115463970285493       0.196424563960991     
 -0.116641083118246       0.209099444230434     
 -0.116828425490681       0.220983550802541     
 -0.115810988209458       0.231737079265272     
 -0.113240436836818       0.240909170281803     
 -0.108667886119835       0.248013154268955     
 -0.101461889296487       0.252412898348461     
 -9.067050062521347E-002  0.253442302058348     
 -7.510384510438092E-002  0.250273616301605     
 -5.282355916720134E-002  0.242107684179983     
 -2.163068142131806E-002  0.228083044741736     
  2.202080619097777E-002  0.207613127747190     
  8.181628007333230E-002  0.180423827767505     
  0.162929626013329       0.147102581773199     
  0.270163750004091       0.109320882318701     
  0.407732912584145       7.035261234062277E-002
  0.578171688257417       3.542455054308508E-002
  0.777866699284720       9.749568401042892E-003
   1.00000000000000       0.000000000000000E+000
  2.122610839453942E-314  0.000000000000000E+000
 -9.055273296956516E-003  7.206070038972604E-004
 -1.764886641250134E-002  2.724405856442009E-003
 -2.582546730805717E-002  5.834074176238471E-003
 -3.362835298100576E-002  9.895175916017615E-003
 -4.109453507083855E-002  1.481619658433013E-002
 -4.826052946792809E-002  2.052271809112608E-002
 -5.516118895085328E-002  2.696624615589785E-002
 -6.182603271769594E-002  3.410916683004585E-002
 -6.828355800723106E-002  4.192463468113944E-002
 -7.455008941125094E-002  5.039087253916716E-002
 -8.064108472520486E-002  5.948684687890390E-002
 -8.655346700207830E-002  6.919180228055281E-002
 -9.228484546373432E-002  7.947930676807695E-002
 -9.780799580996692E-002  9.031778712863306E-002
 -0.103099892848258       0.101665435394024     
 -0.108105444763488       0.113467146313166     
 -0.112779743370312       0.125655814592751     
 -0.117035389591993       0.138136421790416     
 -0.120803970822129       0.150806191417370     
 -0.123957307893344       0.163508083688367     
 -0.126397521052361       0.176092613120853     
 -0.127936655882184       0.188311019384284     
 -0.128428589705935       0.199955133251068     
 -0.127583784885584       0.210646705439554     
 -0.125159460193605       0.220105745549934     
 -0.120678356334257       0.227783165832835     
 -0.113692486074069       0.233315059719272     
 -0.103374053201822       0.235956238372403     
 -8.885396816505499E-002  0.235261884750229     
 -6.868462004661767E-002  0.230342375377924     
 -4.121041979334528E-002  0.220740936121258     
 -4.026955893013509E-003  0.205692723744574     
  4.573419734607689E-002  0.185000914141162     
  0.111543219977211       0.158728239990156     
  0.197398794664793       0.127588707451982     
  0.306897971619297       9.360482623822086E-002
  0.443166231015540       5.932126219396543E-002
  0.606724382768405       2.953225180313407E-002
  0.794693536053817       8.021495615883299E-003
   1.00000000000000       0.000000000000000E+000
  2.122610839453942E-314  0.000000000000000E+000
 -1.042614725471801E-002  6.899449163942870E-004
 -2.018409375829584E-002  2.615441147580082E-003
 -2.935812359769931E-002  5.602486381049015E-003
 -3.804486655380347E-002  9.493985638488099E-003
 -4.630707834208094E-002  1.420161673264137E-002
 -5.421063233232640E-002  1.964612306234522E-002
 -6.180484817089216E-002  2.578315644455150E-002
 -6.913268100654417E-002  3.256986365233842E-002
 -7.622931215481192E-002  3.998528863506879E-002
 -8.311436219414324E-002  4.800321691175810E-002
 -8.980447021726171E-002  5.660940002702437E-002
 -9.629258335669622E-002  6.577910242874870E-002
 -0.102572526427490       7.549208434578106E-002
 -0.108606985723088       8.571344152197385E-002
 -0.114363353852348       9.640474909800625E-002
 -0.119770660159266       0.107509051367551     
 -0.124766433540291       0.118956632724279     
 -0.129242033632332       0.130654372263995     
 -0.133099722164545       0.142486356080914     
 -0.136186204547905       0.154305715156826     
 -0.138356442389970       0.165933399185013     
 -0.139397535631585       0.177147382985370     
 -0.139089063608026       0.187687111379903     
 -0.137125966055052       0.197231697102559     
 -0.133151277699379       0.205422017146592     
 -0.126700955475742       0.211818547073674     
 -0.117160878046846       0.215957068706634     
 -0.103782948736078       0.217281777110163     
 -8.548735991616552E-002  0.215254572485238     
 -6.103831378569709E-002  0.209273685842326     
 -2.860565955319452E-002  0.198861031576229     
  1.378361851932859E-002  0.183599420627331     
  6.889262064095229E-002  0.163421700917032     
  0.139501481601733       0.138613583398495     
  0.228826182808940       0.110132456369181     
  0.339710949097246       7.973607254885673E-002
  0.473739481525335       4.998212554922980E-002
  0.631345185536260       2.453816533489350E-002
  0.808661638352442       6.618051814246320E-003
   1.00000000000000       0.000000000000000E+000
  2.122610839453942E-314  0.000000000000000E+000
 -1.173900568890198E-002  6.479054137798255E-004
 -2.259149776154619E-002  2.446433708199490E-003
 -3.271052381689810E-002  5.238135882782405E-003
 -4.222138057784389E-002  8.866909693087035E-003
 -5.122786064227879E-002  1.325211769145761E-002
 -5.981326745107953E-002  1.831407911992208E-002
 -6.804908502457635E-002  2.401195751992016E-002
 -7.598743553574133E-002  3.030393767549110E-002
 -8.367287576018721E-002  3.717060205849426E-002
 -9.112811927891168E-002  4.458904450349210E-002
 -9.837020321681413E-002  5.254547885426163E-002
 -0.105390234673210       6.101992507224346E-002
 -0.112175193250844       6.999225542252407E-002
 -0.118680761261785       7.943221675980877E-002
 -0.124860837309180       8.930216733147235E-002
 -0.130630841244740       9.954732831938339E-002
 -0.135908365824875       0.110101277761808     
 -0.140561911651133       0.120867335093488     
 -0.144468111781302       0.131738670763315     
 -0.147437590414198       0.142554955234766     
 -0.149296479875895       0.153157631550002     
 -0.149777067309559       0.163297036537381     
 -0.148633094307465       0.172753467481196     
 -0.145479193187189       0.181162218239462     
 -0.139948871728701       0.188238132425442     
 -0.131466802355654       0.193487076730840     
 -0.119451944546377       0.196566560947878     
 -0.103019063518389       0.196876356962484     
 -8.121182622552066E-002  0.194055683529301     
 -5.267198268533913E-002  0.187511506703467     
 -1.585601057366054E-002  0.176975874778351     
  3.119565277184155E-002  0.162144141776105     
  9.073099865612051E-002  0.143094782016866     
  0.165153724485512       0.120316614189910     
  0.257006936354418       9.464602321299127E-002
  0.368215606632119       6.793284070638793E-002
  0.499975811110165       4.213528531799232E-002
  0.651651497371505       2.052365698958236E-002
  0.820159620637910       5.471172604315768E-003
   1.00000000000000       0.000000000000000E+000
  2.122610839453942E-314  0.000000000000000E+000
 -1.293725082143674E-002  5.856680746874022E-004
 -2.480624845546588E-002  2.217168454539084E-003
 -3.578706627331440E-002  4.747359267042152E-003
 -4.605713821668061E-002  8.031925919625980E-003
 -5.573878804214968E-002  1.199680343235124E-002
 -6.494644263902913E-002  1.656726565009396E-002
 -7.376263910954092E-002  2.170783921190506E-002
 -8.225552891100524E-002  2.737817945867684E-002
 -9.047474616821152E-002  3.356472822843394E-002
 -9.844851197779370E-002  4.024494085458009E-002
 -0.106193865785419       4.741170490823286E-002
 -0.113699623564905       5.504547602167352E-002
 -0.120947476353548       6.313308613112056E-002
 -0.127884367694443       7.164595579347588E-002
 -0.134452286646225       8.055232888664450E-002
 -0.140552140746509       8.980196181571315E-002
 -0.146080552107956       9.933092910244097E-002
 -0.150886650488970       0.109052704890853     
 -0.154813509551498       0.118856182502066     
 -0.157649834133547       0.128601373356943     
 -0.159171065729649       0.138114538460670     
 -0.159090348291473       0.147183693901508     
 -0.157088606359275       0.155559495548219     
 -0.152774768262047       0.162942362729746     
 -0.145684197792896       0.169003159884565     
 -0.135268440407674       0.173352104288991     
 -0.120828412943515       0.175597599757761     
 -0.101568875342041       0.175290489520621     
 -7.642620827338692E-002  0.172040124147370     
 -4.423554805579412E-002  0.165438900424420     
 -3.441559024229571E-003  0.155245527673075     
  4.758672323968343E-002  0.141315030545229     
  0.110855248447008       0.123828244719577     
  0.188334364739787       0.103273724139487     
  0.281916128169370       8.059518840247849E-002
  0.393175164033745       5.730349381370881E-002
  0.522401375181518       3.526178842053176E-002
  0.669083136280955       1.700573751410412E-002
  0.829813433712737       4.494507372780817E-003
   1.00000000000000       0.000000000000000E+000
  2.122610839453942E-314  0.000000000000000E+000
 -1.401672251126426E-002  5.139913979253200E-004
 -2.678029594479208E-002  1.937456733706105E-003
 -3.853268236815423E-002  4.149836733400341E-003
 -4.946829116380953E-002  7.013855037517986E-003
 -5.974939565642024E-002  1.047160447062736E-002
 -6.950160241620480E-002  1.445169868712205E-002
 -7.883076412257455E-002  1.892840988905454E-002
 -8.781106089685527E-002  2.386395886595466E-002
 -9.650338510437542E-002  2.925109556944265E-002
 -0.104937518095017       3.507080650012813E-002
 -0.113132834381561       4.132080451364249E-002
 -0.121075337600051       4.798646975089073E-002
 -0.128741778039380       5.505958796547893E-002
 -0.136071075709155       6.251745812315329E-002
 -0.142993675762606       7.033508887102286E-002
 -0.149395493075288       7.846780354442645E-002
 -0.155155418368422       8.686246366512507E-002
 -0.160098038533512       9.543570942130875E-002
 -0.164043671251466       0.104094458413327     
 -0.166743763165560       0.112696716455296     
 -0.167949265844682       0.121098699555774     
 -0.167320190420394       0.129078607522782     
 -0.164518605426911       0.136435276216394     
 -0.159082852680951       0.142851054917361     
 -0.150549122703653       0.148070066509136     
 -0.138284802228662       0.151681587849748     
 -0.121634957554255       0.153396030837830     
 -9.972452848929157E-002  0.152755657859048     
 -7.161145153691771E-002  0.149492140260718     
 -3.610254757011128E-002  0.143225920922339     
  8.122674190658626E-003  0.133822322732550     
  6.258047926991608E-002  0.121217238761807     
  0.128925172433508       0.105602373297743     
  0.208753877179846       8.756372862189467E-002
  0.303593797322865       6.784873261281106E-002
  0.414377968848753       4.795071919692020E-002
  0.541317809399616       2.926519992014342E-002
  0.683342440349553       1.403163438541634E-002
  0.837664447230468       3.672777613385012E-003
   1.00000000000000       0.000000000000000E+000
  2.122610839453942E-314  0.000000000000000E+000
 -1.493022369385708E-002  4.272940009294794E-004
 -2.846822976379509E-002  1.614282612863961E-003
 -4.087078116768936E-002  3.456152449517758E-003
 -5.237888797999889E-002  5.838178941361025E-003
 -6.316528814022486E-002  8.711780340715845E-003
 -7.338457694753504E-002  1.201826556342586E-002
 -8.314919177874469E-002  1.573844579213057E-002
 -9.254954428596411E-002  1.984163226600302E-002
 -0.101649330506913       2.432662717625365E-002
 -0.110485338906665       2.917897391407819E-002
 -0.119075802809203       3.440326173922077E-002
 -0.127406711841143       3.998903211306450E-002
 -0.135448850385315       4.593629306244681E-002
 -0.143135237515009       5.222801072184096E-002
 -0.150383820017843       5.884848038055920E-002
 -0.157069324996061       6.576230557114235E-002
 -0.163049127748490       7.292551660094716E-002
 -0.168132232996352       8.027045835033771E-002
 -0.172105433562427       8.771093037995904E-002
 -0.174702502512734       9.513097637869215E-002
 -0.175626012456130       0.102388514607165     
 -0.174521401750649       0.109303266386053     
 -0.170986295173798       0.115668025399115     
 -0.164557426182448       0.121227866308413     
 -0.154694072503874       0.125713241559692     
 -0.140790977310976       0.128801046099726     
 -0.122118430219357       0.130186614745909     
 -9.787941159430641E-002  0.129520298835623     
 -6.709492919410120E-002  0.126531577938694     
 -2.872214765470727E-002  0.120946306783788     
  1.849171129688188E-002  0.112656978100537     
  7.583617177862585E-002  0.101648199988265     
  0.144705119550760       8.816447413422988E-002
  0.226440167374370       7.269830630416790E-002
  0.322081209362983       5.601778362642035E-002
  0.432413896804121       3.930468693832367E-002
  0.557121774976517       2.383387221105050E-002
  0.695317001519782       1.133583935539810E-002
  0.844154744436605       2.947538159170265E-003
   1.00000000000000       0.000000000000000E+000
  2.122610839453942E-314  0.000000000000000E+000
 -1.567766264077324E-002  3.331914497183621E-004
 -2.982849811647130E-002  1.251471982110485E-003
 -4.276123324931402E-002  2.683958300118398E-003
 -5.472214334717850E-002  4.527355581552071E-003
 -6.591904397180914E-002  6.755300485663816E-003
 -7.651073896793940E-002  9.315363843878930E-003
 -8.663124565360415E-002  1.220248927025876E-002
 -9.637321507762885E-002  1.538988796272176E-002
 -0.105812023103609       1.888604218832433E-002
 -0.114984281603424       2.268035027418790E-002
 -0.123912460804979       2.678539782194334E-002
 -0.132579191314557       3.119593789326793E-002
 -0.140953317748664       3.592057668446924E-002
 -0.148959957916965       4.094951413855479E-002
 -0.156509376520208       4.627839634674354E-002
 -0.163461879054498       5.188101361680540E-002
 -0.169661622685458       5.772985879588986E-002
 -0.174894243208814       6.376755937516855E-002
 -0.178928684608872       6.993232502630417E-002
 -0.181464019031095       7.611795006562926E-002
 -0.182183254743778       8.221807756136537E-002
 -0.180684538480704       8.805971164569713E-002
 -0.176550829638961       9.348605252692789E-002
 -0.169260947966929       9.824600303287687E-002
 -0.158276537674083       0.102136848753517     
 -0.142932754359135       0.104837986295357     
 -0.122537748343771       0.106124323282654     
 -9.625519171922159E-002  0.105654653496588     
 -6.320144998119397E-002  0.103234906098956     
 -2.235629691159732E-002  9.861573158629952E-002
  2.736572216903885E-002  9.172710785627136E-002
  8.710937971756869E-002  8.259631724861234E-002
  0.158048164045278       7.140864475624184E-002
  0.241208649472269       5.868651268190946E-002
  0.337449213883489       4.498349894493078E-002
  0.447122100665925       3.142374720003412E-002
  0.569954960239466       1.890770570789010E-002
  0.704778653759312       8.946109406798955E-003
  0.849222613263840       2.299988440104117E-003
   1.00000000000000       0.000000000000000E+000
  2.122610839453942E-314  0.000000000000000E+000
 -1.622252639596188E-002  2.295177740044925E-004
 -3.083530209023735E-002  8.627619147876771E-004
 -4.414958235743439E-002  1.848498624306689E-003
 -5.644941458760702E-002  3.113952244966817E-003
 -6.794444195387858E-002  4.643470632195480E-003
 -7.881748693703865E-002  6.402891036820332E-003
 -8.920398160507836E-002  8.393824455297431E-003
 -9.921121684379140E-002  1.060067306002342E-002
 -0.108914673802892       1.303733563078075E-002
 -0.118358897073353       1.570089055657733E-002
 -0.127564195988044       1.861021988016635E-002
 -0.136515986356225       2.176700376894100E-002
 -0.145177304256684       2.518853864333888E-002
 -0.153471561405335       2.887356067908223E-002
 -0.161297624158128       3.282967798165437E-002
 -0.168509768373883       3.704315882935217E-002
 -0.174932718207471       4.150182937058224E-002
 -0.180342098258965       4.616737606479403E-002
 -0.184476816000825       5.099580149793394E-002
 -0.187023413827522       5.590963139455940E-002
 -0.187622505203604       6.082070878809593E-002
 -0.185861048129664       6.559770347779162E-002
 -0.181268194880301       7.009965002322564E-002
 -0.173320411789134       7.413222871969501E-002
 -0.161421003432459       7.750410279875969E-002
 -0.144923231327960       7.996489917308927E-002
 -0.123089830851371       8.129697057979830E-002
 -9.513737904849703E-002  8.123258772934369E-002
 -6.018256294837675E-002  7.958537109944326E-002
 -1.730368978777048E-002  7.615775353772083E-002
  3.449084808802513E-002  7.089187464826549E-002
  9.620795503764978E-002  6.380198948837866E-002
  0.168789915938887       5.508195672653133E-002
  0.253128980448476       4.512370954172678E-002
  0.349731828635639       3.445108629415673E-002
  0.458913120839371       2.391060620454050E-002
  0.580093658726721       1.428308506767599E-002
  0.712289402765484       6.696119932530484E-003
  0.853204602845484       1.700201672465284E-003
   1.00000000000000       0.000000000000000E+000
  2.122610839453942E-314  0.000000000000000E+000
 -1.656854688401219E-002  1.207370834470839E-004
 -3.145579870599105E-002  4.468827761109557E-004
 -4.501195562400224E-002  9.658428140489354E-004
 -5.751441005328606E-002  1.619156441912633E-003
 -6.920000427262783E-002  2.416842192508776E-003
 -8.024836733206658E-002  3.332555391511127E-003
 -9.081261396213164E-002  4.384341334555235E-003
 -0.100998096529023       5.560743104524011E-003
 -0.110891318761208       6.887094276916135E-003
 -0.120534818620594       8.363693097540294E-003
 -0.129955065183821       1.001921867505358E-002
 -0.139133964634700       1.185981732679598E-002
 -0.148036620324344       1.391368985569033E-002
 -0.156579682050461       1.618693295456758E-002
 -0.164659999745085       1.870162886365098E-002
 -0.172119711351392       2.145541275244156E-002
 -0.178777114917828       2.445659124208145E-002
 -0.184387983592532       2.768264642913379E-002
 -0.188680436477988       3.111855867180636E-002
 -0.191311464541595       3.470657409494948E-002
 -0.191908007574539       3.839823408874454E-002
 -0.190017356779529       4.208426780882387E-002
 -0.185156446718667       4.567526158097296E-002
 -0.176755251796869       4.899890455114619E-002
 -0.164214837419364       5.192542496247163E-002
 -0.146845553070977       5.422443056372063E-002
 -0.123930492811345       5.574135205640434E-002
 -9.466827189285033E-002  5.622618507947335E-002
 -5.823212448620565E-002  5.553791639198614E-002
 -1.374090027934380E-002  5.349528786682329E-002
  3.969925421847639E-002  5.003545209524313E-002
  0.102958024939137       4.518423982985591E-002
  0.176860431801943       3.903793503442107E-002
  0.262050840499126       3.197735123184339E-002
  0.358967452880697       2.430548672326876E-002
  0.467634306900277       1.679805808289603E-002
  0.587566676049064       9.911458435893842E-003
  0.717653846059343       4.610179290886701E-003
  0.855960269901525       1.141013854731502E-003
   1.00000000000000       0.000000000000000E+000
  2.122610839453942E-314  0.000000000000000E+000
 -1.669148901001423E-002  8.365775466761250E-006
 -3.168435286918819E-002  2.410679085631667E-005
 -4.531865178787740E-002  5.640039954563052E-005
 -5.789765878854762E-002  8.266628730319764E-005
 -6.965099280523494E-002  1.232271215681077E-004
 -8.077506781245290E-002  1.732739812775946E-004
 -9.141883400199863E-002  2.560517784145701E-004
 -0.101699337636640       3.736740336205691E-004
 -0.111700259430901       5.547267071537272E-004
 -0.121472573072910       8.090581087388074E-004
 -0.131039713692536       1.169394046122020E-003
 -0.140389618181435       1.650526398267662E-003
 -0.149482448299391       2.287843591522338E-003
 -0.158238544419789       3.097753403346561E-003
 -0.166545889609233       4.114669150146506E-003
 -0.174247525939007       5.350586618696451E-003
 -0.181146594776540       6.832780208813281E-003
 -0.186996449733218       8.559585339502887E-003
 -0.191501352011943       1.054213552602319E-002
 -0.194312604276876       1.275250513044986E-002
 -0.195023053980993       1.517457566207828E-002
 -0.193172576453277       1.773978482956947E-002
 -0.188234978875146       2.039433666126530E-002
 -0.179634945196532       2.301742802840424E-002
 -0.166728261800008       2.551327841282880E-002
 -0.148829022771630       2.770930832471634E-002
 -0.125189133249628       2.947738423474426E-002
 -9.502854835529077E-002  3.061871672266422E-002
 -5.753130117626980E-002  3.100646040620975E-002
 -1.185979908639482E-002  3.047913434917266E-002
  4.279205642239327E-002  2.897204868568595E-002
  0.107235751843340       2.646401688480903E-002
  0.182109807838526       2.302665341063223E-002
  0.268015929550615       1.889221123996272E-002
  0.365140576142789       1.430171178151005E-002
  0.473537849623736       9.772115711988908E-003
  0.592545140429841       5.642947508286001E-003
  0.721220090018477       2.558417001011615E-003
  0.857764707771416       5.985168179646576E-004
   1.00000000000000       0.000000000000000E+000
  2.122610839453942E-314  0.000000000000000E+000
 -1.659896244106082E-002 -1.063647177477983E-004
 -3.149952251384239E-002 -4.110724495250320E-004
 -4.506411728882995E-002 -8.647705591345058E-004
 -5.757729626766316E-002 -1.474387572735327E-003
 -6.928532757038690E-002 -2.193373013417060E-003
 -8.037392463316170E-002 -3.018785332450063E-003
 -9.100409070124653E-002 -3.910849025987651E-003
 -0.101286662949903      -4.864594580752582E-003
 -0.111314821911053      -5.839912778319902E-003
 -0.121135740740530      -6.825939804983378E-003
 -0.130780900703729      -7.779736639190816E-003
 -0.140234901970597      -8.684644093688196E-003
 -0.149464749879504      -9.493424630611879E-003
 -0.158385937609670      -1.018453047750983E-002
 -0.166891665191840      -1.070744863613364E-002
 -0.174816459797941      -1.103956272958193E-002
 -0.181966129517616      -1.113072003577701E-002
 -0.188079532957775      -1.096467772914078E-002
 -0.192859965543553      -1.049824671447955E-002
 -0.195936190351375      -9.733270493332212E-003
 -0.196895862345827      -8.642834188119071E-003
 -0.195247495610340      -7.262094031900712E-003
 -0.190456386652192      -5.590667377861047E-003
 -0.181909650325150      -3.711742940173223E-003
 -0.168954538244785      -1.659983315656052E-003
 -0.150870487035913       4.283714590164087E-004
 -0.126907145392586       2.481903662124233E-003
 -9.627070139604423E-002  4.329442559239129E-003
 -5.815686865068777E-002  5.875601230610079E-003
 -1.176227432903695E-002  6.970894398697650E-003
  4.369212982497618E-002  7.523876101483756E-003
  0.108907920781852       7.504716576344775E-003
  0.184496663449693       6.863280722669256E-003
  0.270873139679104       5.795829840040618E-003
  0.368238777076969       4.308636773382554E-003
  0.476449888149227       2.843741387600520E-003
  0.594963969562391       1.423986007159918E-003
  0.722794986386647       5.684964677721949E-004
  0.858416427662021       6.803590486963696E-005
   1.00000000000000       0.000000000000000E+000
  2.122610839453942E-314  0.000000000000000E+000
 -1.628110492007212E-002 -2.180237692043109E-004
 -3.091665276186272E-002 -8.324036859592493E-004
 -4.424600112651914E-002 -1.772080836492413E-003
 -5.656466292442212E-002 -3.005742903563205E-003
 -6.810259225776145E-002 -4.478915399199688E-003
 -7.905317797818477E-002 -6.166323296887222E-003
 -8.956763065605106E-002 -8.026206184249325E-003
 -9.976450227846738E-002 -1.003938551611502E-002
 -0.109731175839551      -1.216643920035565E-002
 -0.119523400171902      -1.438629210999054E-002
 -0.129168826074420      -1.665633493333838E-002
 -0.138661592362771      -1.895048857721805E-002
 -0.147965010973486      -2.121862936225413E-002
 -0.157004591711758      -2.342805366128703E-002
 -0.165668088941577      -2.551922640743756E-002
 -0.173799548345457      -2.745433946926942E-002
 -0.181195430280233      -2.916517333675489E-002
 -0.187602228081676      -3.061395414864388E-002
 -0.192707625344980      -3.172796718317683E-002
 -0.196144552207112      -3.247900397014303E-002
 -0.197476754856108      -3.279818772317407E-002
 -0.196212025941635      -3.268071019039910E-002
 -0.191783118837783      -3.207376859330119E-002
 -0.183571217816239      -3.101135147455027E-002
 -0.170886522077995      -2.947183216175601E-002
 -0.152998742486749      -2.753888513949979E-002
 -0.129128276373888      -2.523415875611654E-002
 -9.846884968917098E-002 -2.268774195652216E-002
 -6.021736362811455E-002 -1.996528224982953E-002
 -1.355560211259150E-002 -1.721133390558667E-002
  4.223549920957893E-002 -1.452198117874537E-002
  0.107878132305682      -1.199090368513507E-002
  0.183848538327492      -9.714921534172831E-003
  0.270603720115267      -7.660191961959058E-003
  0.368164482608314      -5.908681689679882E-003
  0.476476310595266      -4.280787948198619E-003
  0.594887358384015      -2.877513634793997E-003
  0.722566389978039      -1.488679317003299E-003
  0.858149125463729      -4.740823197813749E-004
   1.00000000000000       0.000000000000000E+000
  2.122610839453942E-314  0.000000000000000E+000
 -1.574941569319929E-002 -3.287450886087925E-004
 -2.992871786755662E-002 -1.248748700658902E-003
 -4.287930153083435E-002 -2.651268770004681E-003
 -5.486634780533971E-002 -4.489710111130070E-003
 -6.612353522869452E-002 -6.686019128758782E-003
 -7.682652500500876E-002 -9.208881120129174E-003
 -8.713154927823706E-002 -1.200209629171746E-002
 -9.714699205884801E-002 -1.504643403945145E-002
 -0.106967444258789      -1.829236767070207E-002
 -0.116643222124583      -2.172166981203720E-002
 -0.126211642933441      -2.528230223747824E-002
 -0.135663828156021      -2.895107261656906E-002
 -0.144974992521124      -3.266630455650127E-002
 -0.154068055136288      -3.639538474300968E-002
 -0.162844249363494      -4.006256968326165E-002
 -0.171143479183848      -4.362427704931893E-002
 -0.178776032582387      -4.698882790121470E-002
 -0.185480502919796      -5.010360025672536E-002
 -0.190956812421827      -5.286251222011546E-002
 -0.194823839875133      -5.521067598498321E-002
 -0.196653319424334      -5.703363084923553E-002
 -0.195930881645334      -5.828688396562219E-002
 -0.192089834109380      -5.885946527625013E-002
 -0.184481254410996      -5.873477617240066E-002
 -0.172405452244250      -5.782466035062552E-002
 -0.155098772406085      -5.615920486546271E-002
 -0.131759904508701      -5.369566871201428E-002
 -0.101558929760767      -5.052029593805483E-002
 -6.365780916092545E-002 -4.666174624570919E-002
 -1.724874320157430E-002 -4.224382567402574E-002
  3.843744853583067E-002 -3.739273013964984E-002
  0.104053947427698      -3.221615634629429E-002
  0.180145175358048      -2.694661414514750E-002
  0.267037724455258      -2.160169956597612E-002
  0.364852039768772      -1.652578513404208E-002
  0.473393280272918      -1.161954478359515E-002
  0.592159901643074      -7.339474473418708E-003
  0.720311480920156      -3.579371058268781E-003
  0.856688719114978      -1.031658587822399E-003
   1.00000000000000       0.000000000000000E+000
  2.122610839453942E-314  0.000000000000000E+000
 -1.501074562250747E-002 -4.291490569669056E-004
 -2.857253677600378E-002 -1.629222679303078E-003
 -4.099127949752961E-002 -3.472459024265450E-003
 -5.252550520747021E-002 -5.875400139929618E-003
 -6.338423987279257E-002 -8.756323304906190E-003
 -7.374032145437122E-002 -1.206341814306670E-002
 -8.373507879987088E-002 -1.574317645314136E-002
 -9.347990288907243E-002 -1.976312845259824E-002
 -0.103060793858464      -2.407985987636416E-002
 -0.112536389339362      -2.866521369837971E-002
 -0.121939284397841      -3.347386230177739E-002
 -0.131273550279765      -3.847304172377546E-002
 -0.140511765766000      -4.360554736213638E-002
 -0.149593584974944      -4.882736538226091E-002
 -0.158418202488200      -5.406161855732959E-002
 -0.166844906936486      -5.924946326990362E-002
 -0.174680926003935      -6.428837904214675E-002
 -0.181685078745225      -6.910446613955459E-002
 -0.187551110555930      -7.356654786670190E-002
 -0.191916156924877      -7.759019868835847E-002
 -0.194339930591192      -8.101760821719825E-002
 -0.194320346022017      -8.376464435608301E-002
 -0.191270196254629      -8.565746052346529E-002
 -0.184541855187892      -8.663009447442761E-002
 -0.173406096736601      -8.651555462838788E-002
 -0.157082231457477      -8.529089051692287E-002
 -0.134735020994243      -8.283049071759806E-002
 -0.105491995410580      -7.917677173835995E-002
 -6.849097855968095E-002 -7.429692307035643E-002
 -2.285378597562895E-002 -6.830526065608798E-002
  3.217710691959413E-002 -6.131340211235135E-002
  9.736216547229047E-002 -5.349501672711591E-002
  0.173171292766609      -4.513058031951580E-002
  0.260080526445926      -3.641610786227496E-002
  0.358082875170009      -2.780850698600042E-002
  0.467156350797674      -1.950178393651641E-002
  0.586715391621569      -1.210603682802464E-002
  0.716078724267977      -5.863359429060360E-003
  0.854242840357081      -1.634592458798420E-003
   1.00000000000000       0.000000000000000E+000
  2.122610839453942E-314  0.000000000000000E+000
 -1.408013070205849E-002 -5.248191822522657E-004
 -2.685834923814620E-002 -1.985034597890884E-003
 -3.861898688368012E-002 -4.222583215467922E-003
 -4.958036430147498E-002 -7.140963405237686E-003
 -5.994055246359813E-002 -1.064091419235800E-002
 -6.984906295571261E-002 -1.466769827449939E-002
 -7.944425976243415E-002 -1.915743028860953E-002
 -8.882428153607144E-002 -2.408145765773791E-002
 -9.807935258173416E-002 -2.938878700690348E-002
 -0.107261331440491      -3.505914981355841E-002
 -0.116413465432894      -4.103933241530798E-002
 -0.125536965117939      -4.730602563034372E-002
 -0.134620876336365      -5.379163975446490E-002
 -0.143604177987214      -6.046049366655187E-002
 -0.152407800124391      -6.722073549459394E-002
 -0.160891075857944      -7.401732375200223E-002
 -0.168887336762383      -8.072567274036943E-002
 -0.176154411305486      -8.726680033123763E-002
 -0.182414577905481      -9.347740612483402E-002
 -0.187300491116065      -9.925408104676457E-002
 -0.190399078242049      -0.104393482961263     
 -0.191196868211452      -0.108774095667256     
 -0.189126115186311      -0.112160898545824     
 -0.183517250630563      -0.114431033214015     
 -0.173643241620236      -0.115340377274797     
 -0.158689199444166      -0.114794779778119     
 -0.137791310942925      -0.112584800445775     
 -0.110037320121167      -0.108679761963441     
 -7.448945608577512E-002 -0.102986251922861     
 -3.023999073642137E-002 -9.557002095363844E-002
  2.359738197882126E-002 -8.654165757030051E-002
  8.777897380857588E-002 -7.607832473046557E-002
  0.162958311260637      -6.458345944173702E-002
  0.249543254726293      -5.230789269587888E-002
  0.347753679056417      -4.001805196648117E-002
  0.457459025263178      -2.799382786072645E-002
  0.578295116545955      -1.730594186660910E-002
  0.709565418149601      -8.298028750365508E-003
  0.850426969713597      -2.287819944320161E-003
   1.00000000000000       0.000000000000000E+000
  2.122610839453942E-314  0.000000000000000E+000
 -1.298313363096459E-002 -6.027575590714294E-004
 -2.484376962158731E-002 -2.283089541602385E-003
 -3.582039053500270E-002 -4.869535062560130E-003
 -4.610534226410073E-002 -8.234637977068221E-003
 -5.586571974509132E-002 -1.228118387964794E-002
 -6.523718300635362E-002 -1.693844700448938E-002
 -7.433939761641864E-002 -2.215065097629087E-002
 -8.326853727194553E-002 -2.787815331803944E-002
 -9.210390793418463E-002 -3.408213877621143E-002
 -0.100905001872431      -4.073314054802740E-002
 -0.109709120509342      -4.779223541227010E-002
 -0.118533203716967      -5.522646330014090E-002
 -0.127363776584396      -6.298255258268091E-002
 -0.136162736883442      -7.101323407401559E-002
 -0.144851121948522      -7.923795961334616E-002
 -0.153317638832266      -8.758666337325928E-002
 -0.161397678849325      -9.593849665179376E-002
 -0.168883566254825      -0.104194100205685     
 -0.175500369121787      -0.112180159524498     
 -0.180917628480420      -0.119765153736508     
 -0.184723212081712      -0.126714196140088     
 -0.186437316491815      -0.132867457867992     
 -0.185486907341154      -0.137929287477087     
 -0.181223134580697      -0.141727278112392     
 -0.172900455643630      -0.143923347814684     
 -0.159696987749422      -0.144363682402913     
 -0.140710681860098      -0.142721167919891     
 -0.114980185694208      -0.138904732767946     
 -8.151265608036325E-002 -0.132701174287290     
 -3.927955855392432E-002 -0.124150436997371     
  1.265611154088186E-002 -0.113273189134250     
  7.527442524644737E-002 -0.100301381105622     
  0.149238503878204      -8.564794732508130E-002
  0.235252034736359      -6.974443129659406E-002
  0.333475380229703      -5.349685462919069E-002
  0.444090518429452      -3.753000335565303E-002
  0.566647339919630      -2.313716227497777E-002
  0.700673092202179      -1.112133997958232E-002
  0.845426438137100      -3.038990021279653E-003
   1.00000000000000       0.000000000000000E+000
  2.122610839453942E-314  0.000000000000000E+000
 -1.173736212103768E-002 -6.718920564715109E-004
 -2.255829699312397E-002 -2.535693103242974E-003
 -3.265434477772462E-002 -5.402498916387061E-003
 -4.217138395945885E-002 -9.135973963340982E-003
 -5.125034981983846E-002 -1.363069390896931E-002
 -6.000069798966452E-002 -1.881700277182649E-002
 -6.853097794272121E-002 -2.463426979490249E-002
 -7.692258474475158E-002 -3.105075552907548E-002
 -8.525560856528254E-002 -3.802299252633123E-002
 -9.358180066633243E-002 -4.553462426926045E-002
 -0.101949099289545      -5.354038127551828E-002
 -0.110371160470842      -6.202412410625980E-002
 -0.118854069537367      -7.092348672884835E-002
 -0.127359735864007      -8.020992235788288E-002
 -0.135837620842743      -8.978980950129221E-002
 -0.144179178666785      -9.961078357450243E-002
 -0.152257247021945      -0.109532981508574     
 -0.159868906360809      -0.119469024294441     
 -0.166785026544305      -0.129217897875213     
 -0.172680111013576      -0.138647689888259     
 -0.177193517812220      -0.147482529099367     
 -0.179846505608584      -0.155541497244561     
 -0.180116069456720      -0.162469646512244     
 -0.177343899244980      -0.168044625490761     
 -0.170818851329783      -0.171844278737284     
 -0.159689607455301      -0.173631272434890     
 -0.143047433409029      -0.172975029540625     
 -0.119873372346651      -0.169678996576799     
 -8.909437900145337E-002 -0.163411989993781     
 -4.959338288611856E-002 -0.154120964002835     
 -2.382124985702795E-004 -0.141738098988636     
  6.002959365026140E-002 -0.126437919558631     
  0.132226825769582      -0.108723655017328     
  0.217067923156616      -8.904017391133405E-002
  0.315155286578548      -6.864512337721332E-002
  0.426615314153313      -4.826808617052745E-002
  0.551379609318489      -2.983183505785484E-002
  0.688925257360167      -1.427900575298248E-002
  0.838677073495605      -3.902469700717501E-003
   1.00000000000000       0.000000000000000E+000
  2.122610839453942E-314  0.000000000000000E+000
 -1.038798275187512E-002 -7.164414254605294E-004
 -2.007756708980161E-002 -2.711146135462293E-003
 -2.920827634546620E-002 -5.790446192111577E-003
 -3.788086915948601E-002 -9.798032832304919E-003
 -4.620263292188699E-002 -1.463698852364735E-002
 -5.425911616088344E-002 -2.022857011701263E-002
 -6.213861833771177E-002 -2.652532693186068E-002
 -6.991615229450061E-002 -3.348745593567470E-002
 -7.765932536345345E-002 -4.108906827230219E-002
 -8.542648940395689E-002 -4.930507619231306E-002
 -9.325785871920830E-002 -5.811182344836870E-002
 -0.101184357090854      -6.748277497870980E-002
 -0.109208001507718      -7.738064988916124E-002
 -0.117317979411055      -8.776441193800248E-002
 -0.125463419630448      -9.856725502829067E-002
 -0.133573345228369      -0.109721496337862     
 -0.141524568658068      -0.121112199723522     
 -0.149162321433802      -0.132632437490340     
 -0.156266149597804      -0.144097890834541     
 -0.162568151896028      -0.155350904798308     
 -0.167719956148247      -0.166113534646690     
 -0.171305065986694      -0.176169735495078     
 -0.172812098677654      -0.185130323502516     
 -0.171640277043788      -0.192724603892156     
 -0.167079067228219      -0.198446945141508     
 -0.158310372887323      -0.201995181558117     
 -0.144401489864393      -0.202793981782831     
 -0.124305351588707      -0.200576718635689     
 -9.687847110536954E-002 -0.194797705644608     
 -6.084542357762761E-002 -0.185344775013937     
 -1.494215036375777E-002 -0.171943954275434     
  4.218498689959840E-002 -0.154743064705168     
  0.111712771953312      -0.134162299053062     
  0.194830361005162      -0.110790806363263     
  0.292200065943846      -8.596218224471165E-002
  0.404620539373677      -6.085612826116146E-002
  0.531908228404669      -3.771073362905501E-002
  0.674011465142410      -1.816330465872178E-002
  0.830321578213183      -4.953285525928300E-003
   1.00000000000000       0.000000000000000E+000
  2.122610839453942E-314  0.000000000000000E+000
 -8.953499918872933E-003 -7.482048332457038E-004
 -1.745074371034406E-002 -2.821249203346708E-003
 -2.555990961908196E-002 -6.026403589281346E-003
 -3.333503651378322E-002 -1.020441721752040E-002
 -4.084356950118721E-002 -1.526222224988526E-002
 -4.814618541338458E-002 -2.112626233932770E-002
 -5.531310391508688E-002 -2.775024998714622E-002
 -6.240522598734093E-002 -3.510551231055346E-002
 -6.948762699299268E-002 -4.316376816670275E-002
 -7.661034749328877E-002 -5.191715669503853E-002
 -8.382307146772032E-002 -6.133614978446786E-002
 -9.115200564581820E-002 -7.141765294046303E-002
 -9.861945716657970E-002 -8.211556758376388E-002
 -0.106213231507708      -9.341826615907987E-002
 -0.113914211857449      -0.105247137961257     
 -0.121654011160389      -0.117568419778088     
 -0.129354335109640      -0.130251557272767     
 -0.136867732993236      -0.143224577461518     
 -0.144033573764116      -0.156281831827982     
 -0.150595769540792      -0.169295317472076     
 -0.156281425650767      -0.181955405352201     
 -0.160687756330679      -0.194059162614266     
 -0.163390675390281      -0.205170646751663     
 -0.163797827066673      -0.215000632953572     
 -0.161287145417179      -0.222967143313235     
 -0.155026553065953      -0.228701365792580     
 -0.144143565787222      -0.231511682181935     
 -0.127532398502850      -0.231009540761336     
 -0.104025496988785      -0.226457725262498     
 -7.222121765711378E-002 -0.217560077334473     
 -3.063167332901291E-002 -0.203877547167188     
  2.227506129107889E-002 -0.185367720153226     
  8.817597034441024E-002 -0.162366334074154     
  0.168494875011209      -0.135438146455469     
  0.264638530170316      -0.106093084630012     
  0.377491281891346      -7.561836792952444E-002
  0.507737860330502      -4.722222867450499E-002
  0.655156268690372      -2.268714050704359E-002
  0.819487543765774      -6.206343148206937E-003
   1.00000000000000       0.000000000000000E+000
  2.122610839453942E-314  0.000000000000000E+000
 -7.497616010052493E-003 -7.501216973157807E-004
 -1.476575534455094E-002 -2.840443697191324E-003
 -2.182115488424763E-002 -6.084991153610162E-003
 -2.865686353375550E-002 -1.032055536927846E-002
 -3.530943318191340E-002 -1.546879936714543E-002
 -4.180894025964631E-002 -2.145554509002754E-002
 -4.820682544042318E-002 -2.825111897872905E-002
 -5.455504736223508E-002 -3.582138131970506E-002
 -6.090555702330145E-002 -4.415890168961200E-002
 -6.731394486386613E-002 -5.324640496970848E-002
 -7.381971132544057E-002 -6.308124710940119E-002
 -8.046614775214193E-002 -7.364775036203744E-002
 -8.726792395067538E-002 -8.493418261357719E-002
 -9.424136190417180E-002 -9.691392509104305E-002
 -0.101363169476980      -0.109550622872445     
 -0.108606630045215      -0.122793163561663     
 -0.115894427277240      -0.136560040593775     
 -0.123136509854807      -0.150759018030154     
 -0.130180417342304      -0.165236300459197     
 -0.136845106548450      -0.179839547064650     
 -0.142874400450759      -0.194305070544441     
 -0.147958729788695      -0.208398279532735     
 -0.151699125175219      -0.221707703924812     
 -0.153609670889915      -0.233902666481968     
 -0.153094887077582      -0.244371400675164     
 -0.149419779425666      -0.252687076979076     
 -0.141720375725344      -0.258039175456580     
 -0.128942726053420      -0.259955586094030     
 -0.109853648450823      -0.257448722021535     
 -8.299588187489634E-002 -0.250083284523937     
 -4.670804857300620E-002 -0.237073698881441     
  8.219006544150739E-004 -0.218293833216579     
  6.156282918087757E-002 -0.193550471154964     
  0.137880651188382      -0.163577906036232     
  0.231469967118760      -0.129645652597551     
  0.344480744511562      -9.347982638369547E-002
  0.477699755941206      -5.887976398981760E-002
  0.631814117388782      -2.858353751463605E-002
  0.806293577771303      -7.824270215426480E-003
   1.00000000000000       0.000000000000000E+000
  2.122610839453942E-314  0.000000000000000E+000
 -6.037304993684420E-003 -7.359848160288482E-004
 -1.208960867521021E-002 -2.778040173983560E-003
 -1.808239162188803E-002 -5.964984175904161E-003
 -2.397067941846509E-002 -1.013782768070710E-002
 -2.974217606008245E-002 -1.523546968980170E-002
 -3.540896560012856E-002 -2.119223085830228E-002
 -4.100065234094021E-002 -2.798442978925650E-002
 -4.655814879583269E-002 -3.559045944082578E-002
 -5.212868498470586E-002 -4.400065403693867E-002
 -5.775911465470242E-002 -5.321687178509178E-002
 -6.349635717410759E-002 -6.322884204105451E-002
 -6.937623683980333E-002 -7.404856008552943E-002
 -7.543170693619553E-002 -8.565352564405015E-002
 -8.167382829768419E-002 -9.805490266291692E-002
 -8.810978022914767E-002 -0.111203525830252     
 -9.471154723626926E-002 -0.125096983927610     
 -0.101447550752823      -0.139639310958625     
 -0.108232502318092      -0.154797468225264     
 -0.114979356883779      -0.170400904483301     
 -0.121519761539427      -0.186363745959166     
 -0.127687566530633      -0.202401754271665     
 -0.133194665685335      -0.218345233087146     
 -0.137760689851878      -0.233755906280168     
 -0.140925736165161      -0.248351547503963     
 -0.142243690361432      -0.261466561515356     
 -0.140996563373883      -0.272672735576502     
 -0.136480278204429      -0.281073190299373     
 -0.127621005060392      -0.286099997054340     
 -0.113312286215107      -0.286571591978968     
 -9.196168086560119E-002 -0.281824487409124     
 -6.185643682599149E-002 -0.270803669628638     
 -2.085433742428198E-002 -0.253117863418177     
  3.345602358638677E-002 -0.227898064116034     
  0.103977893020905      -0.195561851999325     
  0.193811603361193      -0.157476943337050     
  0.305311816590401      -0.115039587918750     
  0.441271607785034      -7.345653063133588E-002
  0.602433137777297      -3.579228086635893E-002
  0.789094170861221      -9.879349260348086E-003
   1.00000000000000       0.000000000000000E+000
  2.122610839453942E-314  0.000000000000000E+000
 -4.651337717353516E-003 -6.895232219271934E-004
 -9.512998361252469E-003 -2.620583041987781E-003
 -1.446953088014861E-002 -5.652821386064628E-003
 -1.940728882488234E-002 -9.643455625068409E-003
 -2.429268847872884E-002 -1.455078319932063E-002
 -2.910732837076831E-002 -2.031659828768791E-002
 -3.386660905795233E-002 -2.693445392978562E-002
 -3.860342322275778E-002 -3.437798784701072E-002
 -4.335192772154844E-002 -4.265846111568912E-002
 -4.816389910220758E-002 -5.176564160601837E-002
 -5.307300849828175E-002 -6.171785529919158E-002
 -5.813007416237614E-002 -7.251046161197192E-002
 -6.335526224701847E-002 -8.416047927121627E-002
 -6.878551287369192E-002 -9.665947027785625E-002
 -7.441708974802977E-002 -0.110011452640660     
 -8.026184307359104E-002 -0.124191866488653     
 -8.628114346485617E-002 -0.139174012833670     
 -9.244814343832586E-002 -0.154900182480517     
 -9.867519808252644E-002 -0.171286362531580     
 -0.104876725372223      -0.188218970602524     
 -0.110896034087851      -0.205516324503742     
 -0.116559189678566      -0.222977377248139     
 -0.121609887094214      -0.240271860494401     
 -0.125735465001378      -0.257083182042463     
 -0.128528279267874      -0.272832940364627     
 -0.129453394032386      -0.287040352120282     
 -0.127856566366256      -0.298834500975054     
 -0.122875985427332      -0.307575627908104     
 -0.113437844617667      -0.311896121091167     
 -9.806155071081094E-002 -0.311034333974504     
 -7.499462623090621E-002 -0.303389473515428     
 -4.183054616739135E-002 -0.288508760566954     
  4.320592417150638E-003 -0.264464140562552     
  6.732143689530018E-002 -0.231285150430921     
  0.151244902322656      -0.189989073678750     
  0.259807044077278      -0.141958001326200     
  0.396591833267728      -9.229250153081292E-002
  0.566069342401349      -4.608824109654142E-002
  0.767380374776021      -1.288737858088972E-002
   1.00000000000000       0.000000000000000E+000
  2.122610839453942E-314  0.000000000000000E+000
 -3.352052831908028E-003 -6.246014456991449E-004
 -7.115687808720576E-003 -2.372572258161830E-003
 -1.107556265763058E-002 -5.155497788837028E-003
 -1.510071513688967E-002 -8.842432140156531E-003
 -1.910889360558150E-002 -1.342043986448722E-002
 -2.307649685468558E-002 -1.884148956111881E-002
 -2.699906212970367E-002 -2.510591776800654E-002
 -3.090292663310433E-002 -3.219926508595988E-002
 -3.481767323946849E-002 -4.012695899223841E-002
 -3.878534527259431E-002 -4.889740620021882E-002
 -4.284475508258202E-002 -5.851659966302489E-002
 -4.703525241799184E-002 -6.900833395757952E-002
 -5.139098915533846E-002 -8.037415596375687E-002
 -5.593789223653282E-002 -9.264675525269195E-002
 -6.069690458715429E-002 -0.105812965732373     
 -6.567155115307508E-002 -0.119905255409519     
 -7.086233556172009E-002 -0.134878775996044     
 -7.623925487826806E-002 -0.150752365303463     
 -8.177393674509129E-002 -0.167423429950544     
 -8.738593982466390E-002 -0.184877291845788     
 -9.300566953244178E-002 -0.202915523439257     
 -9.847644000448633E-002 -0.221459374263495     
 -0.103668550522016      -0.240162256239752     
 -0.108301326485028      -0.258846242442977     
 -0.112147770039424      -0.276914222432056     
 -0.114721703564781      -0.294009737149468     
 -0.115615868584162      -0.309254460554904     
 -0.114009497966582      -0.322086960241668     
 -0.109170960851187      -0.330987018687649     
 -9.957945707700200E-002 -0.335109480538287     
 -8.378144910185399E-002 -0.332570630925863     
 -5.915774454376409E-002 -0.322475501250122     
 -2.274137393136494E-002 -0.301948934924325     
  3.005662445190101E-002 -0.269938547534452     
  0.104983687819411      -0.227407605244100     
  0.207113776984771      -0.175414300355214     
  0.343134419295881      -0.117430866823033     
  0.519328565929318      -5.931797493747590E-002
  0.739089571186155      -1.747141538186185E-002
   1.00000000000000       0.000000000000000E+000
  2.122610839453942E-314  0.000000000000000E+000
 -2.224384915388615E-003 -5.298051178930345E-004
 -4.975635821275923E-003 -2.040932334436135E-003
 -8.021339944590363E-003 -4.480931457872905E-003
 -1.116979949256093E-002 -7.756253425221116E-003
 -1.433415632098827E-002 -1.187471483614425E-002
 -1.747144720947274E-002 -1.679966217974670E-002
 -2.056920575142108E-002 -2.254591692886753E-002
 -2.365109532544444E-002 -2.909108291150168E-002
 -2.673354084544872E-002 -3.645858887830519E-002
 -2.986335311302020E-002 -4.463982389985398E-002
 -3.306283325748251E-002 -5.366722237728219E-002
 -3.638259033584591E-002 -6.354251286449081E-002
 -3.983865634685260E-002 -7.430599180056252E-002
 -4.347685649259392E-002 -8.596446278400156E-002
 -4.729961756892261E-002 -9.856015443151128E-002
 -5.134292316860613E-002 -0.112095605061958     
 -5.558939925659428E-002 -0.126603701350868     
 -6.005959541442084E-002 -0.142068790688373     
 -6.470925438935939E-002 -0.158495686842470     
 -6.953459000588594E-002 -0.175830145337499     
 -7.445498654102047E-002 -0.194019608458620     
 -7.942691118246636E-002 -0.212942210239743     
 -8.431842904909297E-002 -0.232441558030926     
 -8.901308143168320E-002 -0.252291782863926     
 -9.329980606976830E-002 -0.272137864563447     
 -9.694049204815662E-002 -0.291569543889585     
 -9.958482444397222E-002 -0.309963707332395     
 -0.100730160118995      -0.326732510362850     
 -9.972642132954203E-002 -0.340500650634694     
 -9.545341316537574E-002 -0.350298569522981     
 -8.649828492628829E-002 -0.354223801240585     
 -7.085969595741239E-002 -0.351069470559675     
 -4.528515101889363E-002 -0.336989999542854     
 -5.314342991402140E-003 -0.310347981999878     
  5.536214645902068E-002 -0.269390839256451     
  0.145493263926687      -0.216592620108551     
  0.274169196385047      -0.150011634502045     
  0.458482376719176      -7.756011166281218E-002
  0.701927068607807      -2.328731272542983E-002
   1.00000000000000       0.000000000000000E+000
  2.122610839453942E-314  0.000000000000000E+000
 -1.273360585623870E-003 -4.174424923599907E-004
 -3.176839183542520E-003 -1.625120299245748E-003
 -5.388780948747906E-003 -3.650101058806712E-003
 -7.737764482909106E-003 -6.415755495249391E-003
 -1.010305708219130E-002 -9.962041549823860E-003
 -1.245276872984337E-002 -1.426193243736140E-002
 -1.476429205740422E-002 -1.932948063780156E-002
 -1.705740180505080E-002 -2.515319686683098E-002
 -1.934699906838214E-002 -3.174243440703669E-002
 -2.166754998355493E-002 -3.910578186898573E-002
 -2.404474122483374E-002 -4.725640345403238E-002
 -2.651323910919121E-002 -5.622181372322267E-002
 -2.909787644619884E-002 -6.602038507753810E-002
 -3.182768606205289E-002 -7.669651588696266E-002
 -3.472157685394812E-002 -8.826805424912501E-002
 -3.779943352186924E-002 -0.100791855093864     
 -4.107159077001644E-002 -0.114273607627342     
 -4.454453238936340E-002 -0.128775790200193     
 -4.821799909617629E-002 -0.144273408637550     
 -5.207824311533740E-002 -0.160823757947685     
 -5.611233762115555E-002 -0.178343723868550     
 -6.027442709180685E-002 -0.196869243957119     
 -6.453638107516654E-002 -0.216213455491892     
 -6.879429254506771E-002 -0.236365002611098     
 -7.299441691560224E-002 -0.256959839429352     
 -7.693897379384457E-002 -0.277875206263238     
 -8.053463277800815E-002 -0.298486492294507     
 -8.335195777468125E-002 -0.318562415098365     
 -8.517551346622504E-002 -0.336690441122575     
 -8.502296506250349E-002 -0.352145394886459     
 -8.214965237453509E-002 -0.363232541409539     
 -7.457724171210138E-002 -0.368808495574175     
 -6.028682677155225E-002 -0.364175121380539     
 -3.396367043259696E-002 -0.347256316240145     
  1.029089378588832E-002 -0.314230593512574     
  8.371739864134195E-002 -0.266207802903785     
  0.201131612790656      -0.193421911277112     
  0.383539609713575      -9.879999402421950E-002
  0.652337613887645      -2.884124769650418E-002
   1.00000000000000       0.000000000000000E+000
  2.122610839453942E-314  0.000000000000000E+000
 -5.763026885826996E-004 -2.882487351437722E-004
 -1.762579699848563E-003 -1.165692052249305E-003
 -3.262448908361103E-003 -2.710488386729752E-003
 -4.883937775141628E-003 -4.896244475786013E-003
 -6.520380649466379E-003 -7.779339536515609E-003
 -8.144920925302781E-003 -1.133633427259707E-002
 -9.730157727161895E-003 -1.559163158659301E-002
 -1.130093268951438E-002 -2.051740217522486E-002
 -1.285773863212810E-002 -2.613779198521874E-002
 -1.443925531658168E-002 -3.243887311891180E-002
 -1.605244905626182E-002 -3.945548846800628E-002
 -1.773855672795213E-002 -4.718854476487074E-002
 -1.950127808024503E-002 -5.568796920738381E-002
 -2.138210456814767E-002 -6.496652787458966E-002
 -2.337651155628930E-002 -7.508828904687147E-002
 -2.552663299797577E-002 -8.607148443852491E-002
 -2.781628647926433E-002 -9.799008375809687E-002
 -3.028896206845593E-002 -0.110858753647523     
 -3.291362242669933E-002 -0.124753871089033     
 -3.573538344180613E-002 -0.139673664797632     
 -3.870492870927172E-002 -0.155685480832365     
 -4.186733543989238E-002 -0.172753310514168     
 -4.515079913928634E-002 -0.190913872986288     
 -4.859557118360749E-002 -0.210066340054891     
 -5.210281953905679E-002 -0.230182305161573     
 -5.569869132850751E-002 -0.251046889212123     
 -5.924406604638562E-002 -0.272508171808176     
 -6.265899399032165E-002 -0.294221067553627     
 -6.571933038105504E-002 -0.315521757040878     
 -6.821614880964008E-002 -0.335498160027296     
 -6.969230163439806E-002 -0.353269764987472     
 -6.915903499107219E-002 -0.368002231625036     
 -6.536171992216007E-002 -0.374551364477417     
 -5.350309113000400E-002 -0.371179785197935     
 -2.802291863525681E-002 -0.351394494637859     
  2.255582895542777E-002 -0.315120771778486     
  0.122064423250143      -0.243578025073393     
  0.302506635584828      -0.132265463597840     
  0.591797303708723      -3.885083453893644E-002
   1.00000000000000       0.000000000000000E+000
  2.122610839453942E-314  0.000000000000000E+000
 -1.167452145241746E-004 -1.528399503467643E-004
 -7.930366511951529E-004 -6.647876687266352E-004
 -1.688570289248419E-003 -1.713914820680399E-003
 -2.686758735959660E-003 -3.287063530449831E-003
 -3.684807007153572E-003 -5.448331240900789E-003
 -4.671847367545041E-003 -8.187055428985131E-003
 -5.627506694729938E-003 -1.150623421702467E-002
 -6.567560174854780E-003 -1.539439797951331E-002
 -7.496337953197745E-003 -1.985067432239652E-002
 -8.435825216048255E-003 -2.487943823837060E-002
 -9.395928924604797E-003 -3.049005304268136E-002
 -1.039915069189795E-002 -3.670413198166648E-002
 -1.145382628399660E-002 -4.354446440058827E-002
 -1.258213934774327E-002 -5.105026708454566E-002
 -1.378855912775737E-002 -5.925431894505104E-002
 -1.509499105704776E-002 -6.821276908935577E-002
 -1.650145852769202E-002 -7.796162351683159E-002
 -1.802946434593780E-002 -8.857339212379141E-002
 -1.967482560163806E-002 -0.100077618810539     
 -2.145812511378545E-002 -0.112562813571452     
 -2.337226578433867E-002 -0.126038192417434     
 -2.543504705553224E-002 -0.140608805431669     
 -2.763898373909966E-002 -0.156241814824490     
 -2.999692052964138E-002 -0.173056355121055     
 -3.250761858984342E-002 -0.190950685243274     
 -3.517485698681116E-002 -0.210064164071825     
 -3.802286113956262E-002 -0.230136090742433     
 -4.098052029573915E-002 -0.251349498055729     
 -4.408416450574954E-002 -0.273104206024211     
 -4.725784994237888E-002 -0.295373681564350     
 -5.066429303436609E-002 -0.317367520303472     
 -5.357694450753034E-002 -0.339830253231289     
 -5.621019004568583E-002 -0.356870376328894     
 -5.478304423044484E-002 -0.367519269848608     
 -4.685137217550065E-002 -0.367138552042102     
 -2.125996637449488E-002 -0.352674785013293     
  4.206886099300960E-002 -0.294435076011275     
  0.190353908422275      -0.178241633401684     
  0.497045099924257      -6.007936806387210E-002
   1.00000000000000       0.000000000000000E+000
  2.122610839453942E-314  0.000000000000000E+000
  7.864952203214571E-005 -3.783395264044736E-005
 -2.239797321323780E-004 -2.290989221690336E-004
 -6.493533295381570E-004 -7.966183735715043E-004
 -1.144857687368548E-003 -1.757374336279608E-003
 -1.625057608784229E-003 -3.179444417055981E-003
 -2.105249118301938E-003 -5.030515855898040E-003
 -2.557365904095571E-003 -7.326660600561630E-003
 -3.004969515279972E-003 -1.003295726691523E-002
 -3.437897034453146E-003 -1.316414149035651E-002
 -3.880345222506878E-003 -1.670175397543601E-002
 -4.325154741704595E-003 -2.067112911057767E-002
 -4.797836794401490E-003 -2.506716248467792E-002
 -5.287180161190681E-003 -2.993164608935442E-002
 -5.823159149001349E-003 -3.526933842058433E-002
 -6.386683576331132E-003 -4.113981999286543E-002
 -7.015304676973436E-003 -4.755328810638185E-002
 -7.679017776271314E-003 -5.458754225379594E-002
 -8.426465889365992E-003 -6.225356498965458E-002
 -9.213449507967502E-003 -7.064811874132620E-002
 -1.010418864448944E-002 -7.977750669136907E-002
 -1.103597407411783E-002 -8.975934654941804E-002
 -1.209491689699826E-002 -0.100587671567483     
 -1.319391217940935E-002 -0.112405933097679     
 -1.445336460881375E-002 -0.125182080271147     
 -1.575370282996906E-002 -0.139102776881142     
 -1.726351230020844E-002 -0.154099767175676     
 -1.880852686180985E-002 -0.170400568777892     
 -2.063056985045326E-002 -0.187836997766804     
 -2.249545741646103E-002 -0.206759652606942     
 -2.490456021891488E-002 -0.226742604887440     
 -2.746534920933764E-002 -0.248532316206256     
 -3.034547531483514E-002 -0.272065317796074     
 -3.236954140786687E-002 -0.295705085647806     
 -3.457077029471994E-002 -0.315257373037516     
 -3.562872890398422E-002 -0.335534384278970     
 -3.917100831970148E-002 -0.353933300267169     
 -3.301752620807558E-002 -0.327092875612054     
  3.990314768632158E-002 -0.258015501537560     
  0.290588550309088      -0.100567563285202     
   1.00000000000000       0.000000000000000E+000
  2.122610839453942E-314  0.000000000000000E+000
  5.461776591662392E-005  5.461776591645807E-005
 -3.505808449879802E-005  8.117663130210839E-005
 -1.448004587185401E-004 -1.082082051526173E-004
 -2.766950442191022E-004 -5.479615012212070E-004
 -4.070076034400896E-004 -1.233621552763720E-003
 -5.351635064694473E-004 -2.180053590036834E-003
 -6.563496227174249E-004 -3.360271311828177E-003
 -7.737171900172494E-004 -4.776089731950994E-003
 -8.874000396546694E-004 -6.412785116414923E-003
 -1.002674081879985E-003 -8.275301304627185E-003
 -1.118574651529675E-003 -1.036279343313593E-002
 -1.242540063271426E-003 -1.268448956265570E-002
 -1.370289410412956E-003 -1.525270410529836E-002
 -1.512285871625460E-003 -1.808302671139720E-002
 -1.660719797285926E-003 -2.119692806869688E-002
 -1.829286130353012E-003 -2.461832994531653E-002
 -2.006465476437241E-003 -2.837406594553783E-002
 -2.209579885405417E-003 -3.249902896136586E-002
 -2.423326442504263E-003 -3.702133639551366E-002
 -2.669208794634845E-003 -4.199096655059949E-002
 -2.927925255561239E-003 -4.743251760158237E-002
 -3.226039555234450E-003 -5.341715399284887E-002
 -3.539580650559297E-003 -5.996188925004155E-002
 -3.904058382630879E-003 -6.716962041307527E-002
 -4.292710858270880E-003 -7.504374328331452E-002
 -4.749106668981818E-003 -8.374828360868435E-002
 -5.236650424162735E-003 -9.324635753807242E-002
 -5.813971604708493E-003 -0.103767133764031     
 -6.431716261067148E-003 -0.115332344139183     
 -7.293072582294203E-003 -0.128412283182314     
 -8.508978127382530E-003 -0.142709491690399     
 -9.783182195946828E-003 -0.159628850690366     
 -1.062065157532284E-002 -0.177654267486285     
 -1.168589003300383E-002 -0.196307980152454     
 -1.383460297296506E-002 -0.221171714046361     
 -2.063475188579535E-002 -0.268596267485575     
 -4.124931360820499E-002 -0.280865575969986     
 -1.238158264803946E-002 -0.289694123279990     
  0.178951649129320      -0.179846076158610     
   1.00000000000000       0.000000000000000E+000
  2.122610839453942E-314  0.000000000000000E+000
  2.122610839453942E-314  0.000000000000000E+000
  2.122610839453942E-314  0.000000000000000E+000
  2.122610839453942E-314  0.000000000000000E+000
  2.122610839453942E-314  0.000000000000000E+000
  2.122610839453942E-314  0.000000000000000E+000
  2.122610839453942E-314  0.000000000000000E+000
  2.122610839453942E-314  0.000000000000000E+000
  2.122610839453942E-314  0.000000000000000E+000
  2.122610839453942E-314  0.000000000000000E+000
  2.122610839453942E-314  0.000000000000000E+000
  2.122610839453942E-314  0.000000000000000E+000
  2.122610839453942E-314  0.000000000000000E+000
  2.122610839453942E-314  0.000000000000000E+000
  2.122610839453942E-314  0.000000000000000E+000
  2.122610839453942E-314  0.000000000000000E+000
  2.122610839453942E-314  0.000000000000000E+000
  2.122610839453942E-314  0.000000000000000E+000
  2.122610839453942E-314  0.000000000000000E+000
  2.122610839453942E-314  0.000000000000000E+000
  2.122610839453942E-314  0.000000000000000E+000
  2.122610839453942E-314  0.000000000000000E+000
  2.122610839453942E-314  0.000000000000000E+000
  2.122610839453942E-314  0.000000000000000E+000
  2.122610839453942E-314  0.000000000000000E+000
  2.122610839453942E-314  0.000000000000000E+000
  2.122610839453942E-314  0.000000000000000E+000
  2.122610839453942E-314  0.000000000000000E+000
  2.122610839453942E-314  0.000000000000000E+000
  2.122610839453942E-314  0.000000000000000E+000
  2.122610839453942E-314  0.000000000000000E+000
  2.122610839453942E-314  0.000000000000000E+000
  2.122610839453942E-314  0.000000000000000E+000
  2.122610839453942E-314  0.000000000000000E+000
  2.122610839453942E-314  0.000000000000000E+000
  2.122610839453942E-314  0.000000000000000E+000
  2.122610839453942E-314  0.000000000000000E+000
  2.122610839453942E-314  0.000000000000000E+000
  2.122610839453942E-314  0.000000000000000E+000
  2.122610839453942E-314  0.000000000000000E+000
   1.00000000000000       0.000000000000000E+000
