  5.432309224871097E-312  0.000000000000000E+000
  2.122610839453942E-314  0.000000000000000E+000
  2.122610839453942E-314  0.000000000000000E+000
  2.122610839453942E-314  0.000000000000000E+000
  2.122610839453942E-314  0.000000000000000E+000
  2.122610839453942E-314  0.000000000000000E+000
  2.122610839453942E-314  0.000000000000000E+000
  2.122610839453942E-314  0.000000000000000E+000
  2.122610839453942E-314  0.000000000000000E+000
  2.122610839453942E-314  0.000000000000000E+000
  2.122610839453942E-314  0.000000000000000E+000
  2.122610839453942E-314  0.000000000000000E+000
  2.122610839453942E-314  0.000000000000000E+000
  2.122610839453942E-314  0.000000000000000E+000
  2.122610839453942E-314  0.000000000000000E+000
  2.122610839453942E-314  0.000000000000000E+000
  2.122610839453942E-314  0.000000000000000E+000
  2.122610839453942E-314  0.000000000000000E+000
  2.122610839453942E-314  0.000000000000000E+000
  2.122610839453942E-314  0.000000000000000E+000
  2.122610839453942E-314  0.000000000000000E+000
  2.122610839453942E-314  0.000000000000000E+000
  2.122610839453942E-314  0.000000000000000E+000
  2.122610839453942E-314  0.000000000000000E+000
  2.122610839453942E-314  0.000000000000000E+000
  2.122610839453942E-314  0.000000000000000E+000
  2.122610839453942E-314  0.000000000000000E+000
  2.122610839453942E-314  0.000000000000000E+000
  2.122610839453942E-314  0.000000000000000E+000
  2.122610839453942E-314  0.000000000000000E+000
  2.122610839453942E-314  0.000000000000000E+000
  2.122610839453942E-314  0.000000000000000E+000
  2.122610839453942E-314  0.000000000000000E+000
  2.122610839453942E-314  0.000000000000000E+000
  2.122610839453942E-314  0.000000000000000E+000
  2.122610839453942E-314  0.000000000000000E+000
  2.122610839453942E-314  0.000000000000000E+000
  2.122610839453942E-314  0.000000000000000E+000
  2.122610839453942E-314  0.000000000000000E+000
  2.122610839453942E-314  0.000000000000000E+000
   1.00000000000000       0.000000000000000E+000
  2.122610839453942E-314  0.000000000000000E+000
  6.262836273435222E-005 -6.227444520008507E-005
 -3.586317895460900E-005 -3.910462517469717E-006
 -1.715286145516122E-004  2.008500046670875E-004
 -3.192853111423617E-004  7.151669600019787E-004
 -4.613777657072652E-004  1.483434723966735E-003
 -5.915629087643245E-004  2.523385063748422E-003
 -7.178035884115993E-004  3.806678451044656E-003
 -8.335486282310897E-004  5.326586189941378E-003
 -9.463140169499051E-004  7.065470994134879E-003
 -1.051670067627251E-003  9.017964169515015E-003
 -1.155955582624355E-003  1.117185042747231E-002
 -1.255844936213946E-003  1.352650233363357E-002
 -1.356176877129503E-003  1.607236250709228E-002
 -1.454257883239119E-003  1.881415901031805E-002
 -1.553962017366260E-003  2.174311683430884E-002
 -1.653106226932232E-003  2.486898902004782E-002
 -1.755185974589293E-003  2.818304506337447E-002
 -1.858788034533960E-003  3.170117517221965E-002
 -1.967450432383424E-003  3.541452900314392E-002
 -2.081397555311231E-003  3.934915415274837E-002
 -2.204708924906638E-003  4.349660144068637E-002
 -2.340358978625317E-003  4.790169286846197E-002
 -2.492596976041572E-003  5.255647302244491E-002
 -2.670960763794636E-003  5.754454202959267E-002
 -2.883279440033081E-003  6.285666855954034E-002
 -3.149297149516909E-003  6.864078452114369E-002
 -3.492249149019153E-003  7.490787365380464E-002
 -3.912389440937427E-003  8.191440091095054E-002
 -4.374720174004107E-003  8.959920799033715E-002
 -5.056589004868993E-003  9.866934268431010E-002
 -6.302266773360604E-003  0.109065460665214     
 -7.913086608972570E-003  0.120942953154149     
 -1.023582037691692E-002  0.135736530267974     
 -1.116085198441963E-002  0.155270682832786     
 -5.618845861169256E-003  0.170967962191685     
 -6.707023291851019E-003  0.197699639611691     
 -5.260388308349154E-002  0.257089719796000     
 -4.900703925907563E-002  0.215463797934245     
  0.146873553779629       0.146873553779620     
   1.00000000000000       0.000000000000000E+000
  2.122610839453942E-314  0.000000000000000E+000
  3.556544985962435E-006  3.606827520991658E-005
 -3.161952010073347E-004  3.167318221112890E-004
 -8.015752626612921E-004  9.428963488319871E-004
 -1.303806143356331E-003  2.024261296474089E-003
 -1.819325820502964E-003  3.576501622354791E-003
 -2.296908643784840E-003  5.567099142966071E-003
 -2.764137681623517E-003  8.006530338200151E-003
 -3.196457317092248E-003  1.085167061855601E-002
 -3.618955660840717E-003  1.410811568777821E-002
 -4.016058335832953E-003  1.773775338976053E-002
 -4.409307862627086E-003  2.174942326299063E-002
 -4.785811212552626E-003  2.611223728796413E-002
 -5.164346424125581E-003  3.083990996296438E-002
 -5.532029510367568E-003  3.590627158846160E-002
 -5.906929675971851E-003  4.133050372863401E-002
 -6.275243258031402E-003  4.708805433434436E-002
 -6.656753935418009E-003  5.320516459961500E-002
 -7.036526701833402E-003  5.965714955637402E-002
 -7.439250444257492E-003  6.648110309953034E-002
 -7.848711427388145E-003  7.365203520641794E-002
 -8.299656685343482E-003  8.122592163482552E-002
 -8.773625521777286E-003  8.917903336568313E-002
 -9.324696884689586E-003  9.760131753648228E-002
 -9.928523802725363E-003  0.106472852186651     
 -1.067864008498398E-002  0.115943049390462     
 -1.152995078740370E-002  0.125988061569079     
 -1.265069859598302E-002  0.136874542841039     
 -1.395334787701889E-002  0.148581115853019     
 -1.575452790499279E-002  0.161556937159046     
 -1.783094200606474E-002  0.175693805471228     
 -2.094969818761337E-002  0.191676189953088     
 -2.425267285252177E-002  0.208573532330952     
 -2.863453891317452E-002  0.228484913936476     
 -3.305761946073923E-002  0.251825659248692     
 -3.948401849569173E-002  0.277482639533841     
 -3.831595111332942E-002  0.293245190290594     
 -3.224914039850570E-002  0.294635482883421     
  2.465614084852446E-002  0.229330610163559     
  0.329424371772637       9.887754618906726E-002
   1.00000000000000       0.000000000000000E+000
  2.122610839453942E-314  0.000000000000000E+000
 -2.035332935812198E-004  1.721262625392309E-004
 -9.412346925670485E-004  7.983634536019333E-004
 -1.900997639541661E-003  1.890963362036027E-003
 -2.941733639406168E-003  3.601028429987020E-003
 -3.982238985220646E-003  5.886537233893296E-003
 -4.989726960740497E-003  8.772336268758363E-003
 -5.955132904856415E-003  1.222231969776304E-002
 -6.874467165463426E-003  1.623477809569404E-002
 -7.757139451164054E-003  2.077903149200547E-002
 -8.604528052307573E-003  2.584452279007000E-002
 -9.429541652836385E-003  3.141027376726355E-002
 -1.023247558345593E-002  3.746820315708514E-002
 -1.102510568600112E-002  4.400360997143826E-002
 -1.180579158510830E-002  5.101294820692071E-002
 -1.258548498159115E-002  5.848517996550852E-002
 -1.336129586474794E-002  6.642076775508624E-002
 -1.414536007137112E-002  7.481115524554040E-002
 -1.493515394746280E-002  8.366081139007525E-002
 -1.574742060476013E-002  9.296458488727144E-002
 -1.658229964576586E-002  0.102732635544036     
 -1.746638487767397E-002  0.112967033571191     
 -1.840529221912601E-002  0.123687707987422     
 -1.944396872248495E-002  0.134911322617697     
 -2.059579143329728E-002  0.146671892897203     
 -2.193913556267899E-002  0.159013864059537     
 -2.348906536065387E-002  0.171981361123648     
 -2.537513647676561E-002  0.185661320371596     
 -2.760655024095437E-002  0.200094237992469     
 -3.042661434339050E-002  0.215424045331012     
 -3.373250208431130E-002  0.231462949294819     
 -3.794867839921001E-002  0.248496918498499     
 -4.228058717725400E-002  0.265563059438575     
 -4.670315224287670E-002  0.282644670807350     
 -4.982828855225613E-002  0.297429936441760     
 -5.330023727648417E-002  0.309974247733616     
 -4.240321111836597E-002  0.299156373406073     
 -3.038656175810775E-003  0.268403691139093     
  0.124587100961638       0.186569957024724     
  0.445027970266850       6.748634416784499E-002
   1.00000000000000       0.000000000000000E+000
  2.122610839453942E-314  0.000000000000000E+000
 -7.106336200586362E-004  3.118826010460238E-004
 -2.002317801349030E-003  1.268627298690366E-003
 -3.593130309589725E-003  2.865970685076926E-003
 -5.268902569777748E-003  5.167406921932014E-003
 -6.958278056311136E-003  8.159379927238362E-003
 -8.595846300657534E-003  1.183389154162214E-002
 -1.018003677451826E-002  1.618220176238646E-002
 -1.169398175990904E-002  2.117914129105085E-002
 -1.315644701116043E-002  2.681714317167406E-002
 -1.456287801397396E-002  3.306315505776707E-002
 -1.593551993359734E-002  3.991615313361362E-002
 -1.727007682887678E-002  4.734528243289837E-002
 -1.858736728562581E-002  5.535439074959529E-002
 -1.987989367875974E-002  6.391453295150060E-002
 -2.116805215249299E-002  7.303340764489605E-002
 -2.244086750371382E-002  8.268162725656056E-002
 -2.372184681859432E-002  9.287043975937384E-002
 -2.499751033924826E-002  0.103567132828510     
 -2.630042130127097E-002  0.114788214496943     
 -2.761572797046796E-002  0.126494652325485     
 -2.899416555100900E-002  0.138712872762609     
 -3.041927757969740E-002  0.151393272327497     
 -3.197380207620516E-002  0.164579778329555     
 -3.363449472515287E-002  0.178201886240382     
 -3.553557206665865E-002  0.192330284520896     
 -3.762952363595049E-002  0.206848244636540     
 -4.012454630618002E-002  0.221851767386109     
 -4.289559741378805E-002  0.237105218337481     
 -4.624190183596484E-002  0.252676607662846     
 -4.979594392485434E-002  0.267981362526340     
 -5.377772167608084E-002  0.282928947388544     
 -5.719100785099165E-002  0.296266613237799     
 -5.941285344859041E-002  0.306830821645883     
 -5.717073428741968E-002  0.310946057373604     
 -4.597650985321778E-002  0.304100004823225     
 -1.518068124547460E-002  0.275797988840709     
  6.804399015133165E-002  0.219908470677146     
  0.233463433237797       0.136974623872526     
  0.538220773413317       4.400612034387704E-002
   1.00000000000000       0.000000000000000E+000
  2.122610839453942E-314  0.000000000000000E+000
 -1.453825816693123E-003  4.400669412728769E-004
 -3.489667253369101E-003  1.720993476551175E-003
 -5.798966451737210E-003  3.764548549806116E-003
 -8.213442037214341E-003  6.615801363721406E-003
 -1.062338925022546E-002  1.022064905888971E-002
 -1.297981662450004E-002  1.458982627516984E-002
 -1.525792058588952E-002  1.968510814045714E-002
 -1.745355462248916E-002  2.550682159016491E-002
 -1.957379683562784E-002  3.202324170596513E-002
 -2.162511057607083E-002  3.922490018350222E-002
 -2.362227723760806E-002  4.708748754898098E-002
 -2.557037847037885E-002  5.560093149877877E-002
 -2.748375761084937E-002  6.474456994835827E-002
 -2.936287167868975E-002  7.450787819827992E-002
 -3.122073140828748E-002  8.487095039845592E-002
 -3.305360415796719E-002  9.582089600205590E-002
 -3.487582081662156E-002  0.107336110396752     
 -3.668158705342570E-002  0.119397622334254     
 -3.849184309191653E-002  0.131981303376957     
 -4.030125098788970E-002  0.145056422024328     
 -4.214497540191255E-002  0.158597460481945     
 -4.401910041571716E-002  0.172551598203539     
 -4.598264635787213E-002  0.186894543827988     
 -4.802725804679976E-002  0.201528476057497     
 -5.024466199495621E-002  0.216431362239792     
 -5.259700101108306E-002  0.231406972840015     
 -5.520987717396478E-002  0.246426516786500     
 -5.793045708747031E-002  0.261056149874463     
 -6.087536030517365E-002  0.275223844124762     
 -6.350497234048870E-002  0.287932080574100     
 -6.566391522532053E-002  0.298913756536052     
 -6.575256043989290E-002  0.305947822680109     
 -6.265317818417614E-002  0.308331730153557     
 -5.113779354983168E-002  0.300545414246604     
 -2.540174285253675E-002  0.281009208417349     
  2.964445598920222E-002  0.241095728553447     
  0.136797411059692       0.180765315332648     
  0.320659549364962       0.107380490709159     
  0.610994637884805       3.269452737832432E-002
   1.00000000000000       0.000000000000000E+000
  2.122610839453942E-314  0.000000000000000E+000
 -2.417292979402265E-003  5.388381647059461E-004
 -5.325752115369457E-003  2.081174536776728E-003
 -8.478479904502328E-003  4.523764069404519E-003
 -1.169753508738369E-002  7.833058424126085E-003
 -1.489936988966465E-002  1.196432805628372E-002
 -1.802148508291727E-002  1.689463107880014E-002
 -2.105115563464976E-002  2.260224284854663E-002
 -2.397505954389041E-002  2.906536576912366E-002
 -2.680817653731103E-002  3.627053902359752E-002
 -2.955176920024135E-002  4.419083930852766E-002
 -3.222675461831890E-002  5.281849046755913E-002
 -3.483346024044273E-002  6.212539966427838E-002
 -3.739148283321617E-002  7.210532918656044E-002
 -3.989463281956780E-002  8.272692250284061E-002
 -4.236071984066638E-002  9.398210180583864E-002
 -4.477613865461401E-002  0.105832797452570     
 -4.716014597134269E-002  0.118265355775320     
 -4.949279023600343E-002  0.131229328842052     
 -5.180059439589293E-002  0.144701988723159     
 -5.405831495181599E-002  0.158612311043411     
 -5.630700165176070E-002  0.172924319768307     
 -5.851426187446220E-002  0.187532989270982     
 -6.074154248152328E-002  0.202381139139746     
 -6.293843277161504E-002  0.217304723185342     
 -6.518238350909573E-002  0.232204851841285     
 -6.737041242054259E-002  0.246807441697254     
 -6.955569774425437E-002  0.260917376955171     
 -7.148783747901087E-002  0.274041708597881     
 -7.303529419336095E-002  0.285760717493830     
 -7.355951737830903E-002  0.295160352318654     
 -7.223334288338827E-002  0.301284566921379     
 -6.738344569058090E-002  0.302382293527968     
 -5.604279681872812E-002  0.296447117330674     
 -3.394366160932015E-002  0.280381758819439     
  8.509733339930809E-003  0.251173463266998     
  8.142632778446655E-002  0.206300572214333     
  0.204892904485623       0.147356750878759     
  0.395008997108366       8.263606954505109E-002
  0.660739753885982       2.600136527506126E-002
   1.00000000000000       0.000000000000000E+000
  2.122610839453942E-314  0.000000000000000E+000
 -3.562258171806376E-003  6.236294839855540E-004
 -7.476665361914917E-003  2.379802377625924E-003
 -1.153843537905056E-002  5.125037779843283E-003
 -1.562467199730250E-002  8.799695362709145E-003
 -1.965055615149075E-002  1.333087283858461E-002
 -2.357627254767941E-002  1.869599228894970E-002
 -2.738142423777768E-002  2.485216091586942E-002
 -3.106500603802263E-002  3.178934299289678E-002
 -3.463526555296908E-002  3.947702061889174E-002
 -3.810118835738798E-002  4.790405615899415E-002
 -4.147765555185101E-002  5.704569777776627E-002
 -4.477023281334779E-002  6.688893379135782E-002
 -4.799156700185930E-002  7.740892892318291E-002
 -5.113866207392348E-002  8.858681191002131E-002
 -5.421985036525872E-002  0.100392791800162     
 -5.722280011203953E-002  0.112796881761270     
 -6.015365494169378E-002  0.125759481467482     
 -6.299157866149387E-002  0.139230630863046     
 -6.574510757959386E-002  0.153156628577680     
 -6.838480989377731E-002  0.167453565354734     
 -7.092674914255527E-002  0.182049397747043     
 -7.332744882872565E-002  0.196802688224057     
 -7.561215167229889E-002  0.211616952887607     
 -7.770268123831536E-002  0.226250806593089     
 -7.962145512738276E-002  0.240570220719088     
 -8.119632483198030E-002  0.254153874757204     
 -8.239406736141071E-002  0.266798936349839     
 -8.279513743850321E-002  0.277755494906015     
 -8.214206347370492E-002  0.286680167025307     
 -7.940286830664502E-002  0.292245835668432     
 -7.364191506437782E-002  0.293842278234705     
 -6.234623881750963E-002  0.289197877928382     
 -4.267107456811661E-002  0.277319665714589     
 -8.935480380332072E-003  0.255169408847191     
  4.635674918474293E-002  0.221818711448073     
  0.133500783248114       0.176477645042002     
  0.265865022178628       0.121617468099320     
  0.453248728254769       6.616358498128080E-002
  0.700587224326587       2.003381827681260E-002
   1.00000000000000       0.000000000000000E+000
  2.122610839453942E-314  0.000000000000000E+000
 -4.830035756579350E-003  6.761234122925836E-004
 -9.839543723591439E-003  2.577812189008070E-003
 -1.488655122106590E-002  5.546664052357466E-003
 -1.987729449806073E-002  9.474441781452002E-003
 -2.475909290099644E-002  1.428901207819002E-002
 -2.950019685903369E-002  1.994166919532190E-002
 -3.409543376055726E-002  2.639703364337211E-002
 -3.854362076013687E-002  3.362678491295629E-002
 -4.286047657660336E-002  4.161196405676832E-002
 -4.705229215515418E-002  5.032795114110840E-002
 -5.113780461346209E-002  5.976175019478291E-002
 -5.511739320706802E-002  6.988689956141335E-002
 -5.900525217405057E-002  8.068854405728755E-002
 -6.278985929732912E-002  9.213268430036169E-002
 -6.647890027100679E-002  0.104195627739616     
 -7.004712591341954E-002  0.116829493345638     
 -7.349725780311041E-002  0.129994013769152     
 -7.679017755088230E-002  0.143618203354002     
 -7.992648022421994E-002  0.157636149222097     
 -8.285206821458045E-002  0.171940480522661     
 -8.556618344109397E-002  0.186427410848808     
 -8.799320571423004E-002  0.200932803534566     
 -9.012230227741148E-002  0.215295691318619     
 -9.183509882337303E-002  0.229262099093754     
 -9.307495593833578E-002  0.242579352014996     
 -9.362488545255301E-002  0.254848328787884     
 -9.327829267670736E-002  0.265661209343520     
 -9.158676889360053E-002  0.274385441389949     
 -8.792864558515473E-002  0.280349133770765     
 -8.132447526140317E-002  0.282563210154920     
 -7.012715102147417E-002  0.279958473301402     
 -5.220422071248533E-002  0.271113292730665     
 -2.361165757399420E-002  0.254637058396757     
  2.002644186955811E-002  0.229131585816687     
  8.645941108650099E-002  0.194014965564567     
  0.183190920584328       0.149991667187619     
  0.319710210582271       0.100581145132886     
  0.503166017642690       5.270073674956358E-002
  0.732296316021122       1.510048765675177E-002
   1.00000000000000       0.000000000000000E+000
  2.122610839453942E-314  0.000000000000000E+000
 -6.195269544509578E-003  7.138370356914442E-004
 -1.236376652207109E-002  2.704866291788463E-003
 -1.842834512386068E-002  5.799178068499327E-003
 -2.434574598077558E-002  9.872239452379939E-003
 -3.008663504411671E-002  1.483616006543297E-002
 -3.564402384983865E-002  2.063725832077257E-002
 -4.102019561367629E-002  2.722766218501482E-002
 -4.622615620941807E-002  3.458231890523162E-002
 -5.127776297697908E-002  4.267196842251127E-002
 -5.618691322609885E-002  5.148040591594647E-002
 -6.096847495973713E-002  6.098400398796734E-002
 -6.562469778460160E-002  7.116566329942553E-002
 -7.016215449177410E-002  8.199844054703401E-002
 -7.456800603536250E-002  9.345582084128823E-002
 -7.883792465410751E-002  0.105499881149219     
 -8.294165433543611E-002  0.118085223996017     
 -8.686464484577670E-002  0.131155321709197     
 -9.055751810100314E-002  0.144632386552464     
 -9.399734298881239E-002  0.158433428453310     
 -9.711122123811480E-002  0.172428466505232     
 -9.986748769899913E-002  0.186499232180031     
 -0.102156394338567       0.200433500915628     
 -0.103927757378819       0.214066226295100     
 -0.104999937272134       0.227056776628011     
 -0.105268948683788       0.239175388341024     
 -0.104398532461042       0.249883711891774     
 -0.102135030106893       0.258856997108425     
 -9.780789487403162E-002  0.265266112828624     
 -9.078635816868011E-002  0.268647874008875     
 -7.970415695955817E-002  0.267797708653807     
 -6.306193351526942E-002  0.262088116211724     
 -3.817365357106753E-002  0.250034714918894     
 -1.778154243117088E-003  0.231006664142303     
  5.082865559979142E-002  0.204018016849677     
  0.125514079047753       0.169247328225524     
  0.228563126540358       0.128247998378207     
  0.366682798758565       8.402061820179410E-002
  0.543319092188230       4.326525513292456E-002
  0.757423782470306       1.199474170727266E-002
   1.00000000000000       0.000000000000000E+000
  2.122610839453942E-314  0.000000000000000E+000
 -7.591604019929405E-003  7.217489759176542E-004
 -1.495050415000194E-002  2.740461949931001E-003
 -2.205169115307131E-002  5.876932936901030E-003
 -2.889943875381666E-002  9.984602596666486E-003
 -3.549530994087337E-002  1.497590468374521E-002
 -4.185452958676471E-002  2.078129720806729E-002
 -4.799554871430511E-002  2.735720697592029E-002
 -5.393729265868343E-002  3.466623333204490E-002
 -5.970309378997372E-002  4.268657513008808E-002
 -6.530524206491393E-002  5.139276782976985E-002
 -7.076099355477704E-002  6.076943515561568E-002
 -7.606761936412321E-002  7.079073552870600E-002
 -8.123015594231957E-002  8.143669392370712E-002
 -8.622581870934400E-002  9.267169117862338E-002
 -9.104453334574449E-002  0.104460936226535     
 -9.564076362252240E-002  0.116749383809639     
 -9.998843942711023E-002  0.129476322729769     
 -0.104017224184700       0.142554978668668     
 -0.107683618014881       0.155885638951696     
 -0.110888262396952       0.169333283519579     
 -0.113563566010018       0.182742739026175     
 -0.115569418060013       0.195907953926261     
 -0.116792393982387       0.208596318482859     
 -0.117021797085887       0.220499461586021     
 -0.116041389714840       0.231277002847643     
 -0.113501518064096       0.240477664394415     
 -0.108952356843629       0.247614018018957     
 -0.101761457381428       0.252049259175627     
 -9.097645074558927E-002  0.253116455952597     
 -7.540707737011700E-002  0.249986997279317     
 -5.311528867901848E-002  0.241860947459248     
 -2.190267630393220E-002  0.227875895914187     
  2.177562840519647E-002  0.207444600256390     
  8.160337423067296E-002  0.180292050094797     
  0.162752713093842       0.147004973226770     
  0.270024291520334       0.109254115438636     
  0.407630841094553       7.031221252864422E-002
  0.578105258780585       3.540531388793339E-002
  0.777834103796834       9.744315753686608E-003
   1.00000000000000       0.000000000000000E+000
  2.122610839453942E-314  0.000000000000000E+000
 -9.003109497949875E-003  7.164240147860694E-004
 -1.754575407707107E-002  2.708518520543345E-003
 -2.567387423241667E-002  5.800038032105438E-003
 -3.343194107152772E-002  9.837592645656057E-003
 -4.085809383377480E-002  1.473056633412767E-002
 -4.798984676539640E-002  2.040538658756739E-002
 -5.486288591595029E-002  2.681440716797132E-002
 -6.150741981922402E-002  3.392081677423912E-002
 -6.795241745598606E-002  4.169859517366944E-002
 -7.421454464734789E-002  5.012677151440023E-002
 -8.030935249270220E-002  5.918510328454105E-002
 -8.623374837628862E-002  6.885364300468412E-002
 -9.198505876822891E-002  7.910667319994365E-002
 -9.753569189361690E-002  8.991339682273862E-002
 -0.102861981094158       0.101232591002447     
 -0.107908131460435       0.113009847324556     
 -0.112628267347277       0.125178464277022     
 -0.116933982219633       0.137643990483491     
 -0.120755623586044       0.150303830190239     
 -0.123963753380052       0.163001331979079     
 -0.126459060085540       0.175586945319935     
 -0.128052162751551       0.187812075479016     
 -0.128595429728227       0.199468248067671     
 -0.127797855746267       0.210177120148404     
 -0.125415229428662       0.219658199731043     
 -0.120968965492150       0.227362022032099     
 -0.114009928239413       0.232924069241143     
 -0.103709384679631       0.235598488849092     
 -8.919762409271335E-002  0.234939860932296     
 -6.902678395552489E-002  0.230057644031187     
 -4.154143214697429E-002  0.220494568381826     
 -4.337849340449582E-003  0.205484710931914     
  4.545132169357813E-002  0.184830824009352     
  0.111294616414725       0.158594558569130     
  0.197188973430845       0.127489300580294     
  0.306729406992479       9.353663280132453E-002
  0.443039845851443       5.927995309656103E-002
  0.606639916770678       2.951255948408600E-002
  0.794650755823737       8.016132781577930E-003
   1.00000000000000       0.000000000000000E+000
  2.122610839453942E-314  0.000000000000000E+000
 -1.036604158934629E-002  6.859721666069191E-004
 -2.006623081114548E-002  2.600308715759156E-003
 -2.918604210672306E-002  5.570088925577729E-003
 -3.782315930435851E-002  9.439246775284309E-003
 -4.604141282430332E-002  1.412034109671624E-002
 -5.390763376894309E-002  1.953495465118566E-002
 -6.147193334421811E-002  2.563953713724564E-002
 -6.877796981566628E-002  3.239202120658718E-002
 -7.586135271148368E-002  3.977219600204307E-002
 -8.274207191586685E-002  4.775461690510689E-002
 -8.943680371532906E-002  5.632573045998448E-002
 -9.593849628116326E-002  6.546155661945567E-002
 -0.102240619220401       7.514247477608473E-002
 -0.108305482072048       8.533429347488901E-002
 -0.114099748198484       9.599909477465356E-002
 -0.119551701997182       0.107080552198913     
 -0.124597806315508       0.118509307006554     
 -0.129128337263740       0.130192740162447     
 -0.133044214208105       0.142015113167326     
 -0.136190775349569       0.153829890496196     
 -0.138421453409790       0.165457997345823     
 -0.139521786412861       0.176677539859423     
 -0.139269764707504       0.187227739454756     
 -0.137358706884365       0.196787615980995     
 -0.133430168002252       0.204997650400593     
 -0.127018621357605       0.211417996879389     
 -0.117508788828399       0.215583921542939     
 -0.104151495666582       0.216939089425878     
 -8.586634348874519E-002  0.214944833024188     
 -6.141718397061739E-002  0.208998691790818     
 -2.897406036249845E-002  0.198622006179131     
  1.343538675775910E-002  0.183396803190764     
  6.857321724183281E-002  0.163255302628542     
  0.139217906200209       0.138482397300799     
  0.228583872407086       0.110034614706329     
  0.339513299045344       7.966885130580631E-002
  0.473588707399441       4.994142194581509E-002
  0.631242400871124       2.451875275396924E-002
  0.808608596762123       6.612805921571228E-003
   1.00000000000000       0.000000000000000E+000
  2.122610839453942E-314  0.000000000000000E+000
 -1.167136059641536E-002  6.442155369853563E-004
 -2.245975580376868E-002  2.432447496744017E-003
 -3.251920571916379E-002  5.208214399325391E-003
 -4.197601560069973E-002  8.816438353483176E-003
 -5.093495214755180E-002  1.317728849469082E-002
 -5.948023474326185E-002  1.821189239608191E-002
 -6.768411125424235E-002  2.388015079839708E-002
 -7.559936469943156E-002  3.014096969781882E-002
 -8.327098759618043E-002  3.697561560504165E-002
 -9.072201357347370E-002  4.436185921036867E-002
 -9.796953021930109E-002  5.228654416301407E-002
 -0.105004584646240       6.073033970906476E-002
 -0.111813801578093       6.967366957038806E-002
 -0.118352413563929       7.908689094000859E-002
 -0.124573566457021       8.893280346260005E-002
 -0.130391853509658       9.915717452010608E-002
 -0.135723748937281       0.109693882788867     
 -0.140436585394618       0.120446697218937     
 -0.144405570702260       0.131308926466256     
 -0.147439882412341       0.142120557627257     
 -0.149364012420522       0.152723003638337     
 -0.149908621096443       0.162866747602371     
 -0.148825725846260       0.172331904536274     
 -0.145728298507799       0.180753708940592     
 -0.140248217525156       0.187846711864933     
 -0.131808667107014       0.193116489050383     
 -0.119827300197782       0.196220210191628     
 -0.103417833100657       0.196557119457794     
 -8.162321183760919E-002  0.193766107531898     
 -5.308487261444293E-002  0.187253404491809     
 -1.625939794527903E-002  0.176750747399313     
  3.081213737351875E-002  0.161952614507685     
  9.037671981442717E-002  0.142937064360441     
  0.164836544064899       0.120191977125830     
  0.256733146062956       9.455297874626287E-002
  0.367989790925568       6.786891717248993E-002
  0.499801365135222       4.209666050813786E-002
  0.651531182773972       2.050525703450531E-002
  0.820096798457240       5.466231489976272E-003
   1.00000000000000       0.000000000000000E+000
  2.122610839453942E-314  0.000000000000000E+000
 -1.286282187260694E-002  5.823856542514194E-004
 -2.466194111953346E-002  2.204695123566770E-003
 -3.557837427358469E-002  4.720702324609174E-003
 -4.579043142680324E-002  7.987016818712899E-003
 -5.542135791915922E-002  1.193031492230621E-002
 -6.458644677460838E-002  1.647660786628161E-002
 -7.336893731524312E-002  2.159107200299255E-002
 -8.183764616594220E-002  2.723401907800670E-002
 -9.004257308382571E-002  3.339246814249434E-002
 -9.801228743839348E-002  4.004448023009313E-002
 -0.105763799898356       4.718345802349783E-002
 -0.113285895107058       5.479042645710448E-002
 -0.120559822659686       6.285266144146792E-002
 -0.127532089653439       7.134210755828445E-002
 -0.134143842497064       8.022736532649576E-002
 -0.140295151011863       8.945865066955144E-002
 -0.145881430676750       9.897228999384754E-002
 -0.150750603855106       0.108682128192100     
 -0.154744237742936       0.118477192483905     
 -0.157649523372798       0.128217750982140     
 -0.159240191830259       0.137730075354813     
 -0.159227670612867       0.146802300811338     
 -0.157291104866628       0.155184976637860     
 -0.153037660386535       0.162578485680611     
 -0.146001033202435       0.168653487411601     
 -0.135631180812935       0.173019999750097     
 -0.121227689668984       0.175286151041265     
 -0.101994189681105       0.175002430539685     
 -7.686631880359404E-002  0.171777863311817     
 -4.467884775852014E-002  0.165204359519481     
 -3.876495583106676E-003  0.155040233932344     
  4.717109263084545E-002  0.141139913694114     
  0.110468988168491       0.123683671835761     
  0.187986066077913       0.103159339918372     
  0.281613054720925       8.050975583005704E-002
  0.392922923762509       5.724486534075986E-002
  0.522204725452817       3.522647616961708E-002
  0.668946246545419       1.698897930253737E-002
  0.829741448266745       4.490049215500140E-003
   1.00000000000000       0.000000000000000E+000
  2.122610839453942E-314  0.000000000000000E+000
 -1.393629419233898E-002  5.111749081961703E-004
 -2.662499321483418E-002  1.926812550809389E-003
 -3.830881247888479E-002  4.127099149327062E-003
 -4.918301311075979E-002  6.975623549433881E-003
 -5.941069225013162E-002  1.041509014230125E-002
 -6.911827517006019E-002  1.437477198155345E-002
 -7.841228565654347E-002  1.882948531187012E-002
 -8.736750714781127E-002  2.374200957308784E-002
 -9.604520648130907E-002  2.910557556169014E-002
 -0.104475441037836       3.490166219485685E-002
 -0.112677581569625       4.112840411897265E-002
 -0.120637520770574       4.777163337201926E-002
 -0.128331590890403       5.482348882530842E-002
 -0.135698193016078       6.226168615636426E-002
 -0.142666939441790       7.006150609021872E-002
 -0.149122827584249       7.817864803158107E-002
 -0.154943530463005       8.656015450130068E-002
 -0.159952356160435       9.512298698616110E-002
 -0.163968080522839       0.103774150257747     
 -0.166740577812785       0.112371895091935     
 -0.168019029888143       0.120772438599991     
 -0.167461688478031       0.128754120704528     
 -0.164728764300593       0.136115712372942     
 -0.159356809679501       0.142539565807953     
 -0.150880259570300       0.147769703464296     
 -0.138664897623105       0.151395239521419     
 -0.122054376039125       0.153126480197205     
 -0.100172487714590       0.152505346333302     
 -7.207635973735048E-002  0.149263403195118     
 -3.657239941021587E-002  0.143020582359822     
  7.659873635212355E-003  0.133642042892173     
  6.213623860008100E-002  0.121063021004675     
  0.128510149654087       0.105474853412845     
  0.208377491564171       8.746274226130721E-002
  0.303264159251533       6.777337763849005E-002
  0.414101860169706       4.789910860135631E-002
  0.541101152190394       2.923426591490491E-002
  0.683190886396659       1.401700233295630E-002
  0.837584459739995       3.668925831898746E-003
   1.00000000000000       0.000000000000000E+000
  2.122610839453942E-314  0.000000000000000E+000
 -1.484486258117679E-002  4.250331765009245E-004
 -2.830382498683373E-002  1.605725088382344E-003
 -4.063439375209751E-002  3.437908483594052E-003
 -5.207831929666833E-002  5.807565009644322E-003
 -6.280911344246581E-002  8.666619792898001E-003
 -7.298214793390620E-002  1.195692026845181E-002
 -8.271046013068746E-002  1.565970519969204E-002
 -9.208507096527256E-002  1.974473942653195E-002
 -0.101169968187589       2.421118172620709E-002
 -0.110002247924383       2.904496508353548E-002
 -0.118600051928825       3.425097811268268E-002
 -0.126949297241750       3.981910829111194E-002
 -0.135020263798046       4.574960875491332E-002
 -0.142745482914765       5.202575415638730E-002
 -0.150041989889740       5.863203147813895E-002
 -0.156783609422811       6.553331550420549E-002
 -0.162826433325224       7.268577574813734E-002
 -0.167978181989272       8.002198661206429E-002
 -0.172024055722306       8.745583735004156E-002
 -0.174696228902190       9.487155094633036E-002
 -0.175695467483398       0.102127090951084     
 -0.174665407558845       0.109042294940057     
 -0.171201788076538       0.115409964098601     
 -0.164839502076843       0.120975210482261     
 -0.155036045219608       0.125468462395381     
 -0.141184509225671       0.128566557997819     
 -0.122553734790740       0.129964776056024     
 -9.834551674001653E-002  0.129313305405040     
 -6.757999630728082E-002  0.126341516932588     
 -2.921389152234268E-002  0.120774986124771     
  1.800566515814331E-002  0.112505983710557     
  7.536775758863844E-002  0.101518698163870     
  0.144265584954690       8.805718500475301E-002
  0.226039598545457       7.261333285567953E-002
  0.321728610209242       5.595446191397915E-002
  0.432117028257293       3.926147647824538E-002
  0.556887759911257       2.380814087494105E-002
  0.695152688382092       1.132376928513980E-002
  0.844067860110404       2.944404790885844E-003
   1.00000000000000       0.000000000000000E+000
  2.122610839453942E-314  0.000000000000000E+000
 -1.558844066068388E-002  3.315289136049221E-004
 -2.965707599123591E-002  1.245228811764487E-003
 -4.251522078406449E-002  2.670653746328484E-003
 -5.440988207957330E-002  4.505112918638179E-003
 -6.554956961409855E-002  6.722583072513399E-003
 -7.609381586700918E-002  9.271059419990407E-003
 -8.617721691942186E-002  1.214577658487521E-002
 -9.589296260900936E-002  1.532027805540602E-002
 -0.105316737599832       1.880328060571399E-002
 -0.114485379611602       2.258444804103828E-002
 -0.123421304204395       2.667654950808252E-002
 -0.132106985383506       3.107456610142191E-002
 -0.140510805352763       3.578723748559907E-002
 -0.148557316425818       4.080497161802148E-002
 -0.156155908309668       4.612350193193199E-002
 -0.163165919813355       5.171681838844586E-002
 -0.169430248379425       5.755746330875282E-002
 -0.174733199016801       6.358825955897575E-002
 -0.178842130140930       6.974744205211200E-002
 -0.181454486649777       7.592899029839231E-002
 -0.182251459566932       8.202656629440312E-002
 -0.180829377783129       8.786733041492882E-002
 -0.176769290001094       9.329451488234621E-002
 -0.169548163320505       9.805711871521265E-002
 -0.158625827840059       0.101952487649013     
 -0.143335765026230       0.104660017221091     
 -0.122984645340624       0.105954702505331     
 -9.673490425382018E-002  0.105495205947315     
 -6.370201453455468E-002  0.103087535720886     
 -2.286520206354705E-002  9.848205807911241E-002
  2.686110494867309E-002  9.160873274319968E-002
  8.662140987658982E-002  8.249438599165096E-002
  0.157588554881884       7.132405192048355E-002
  0.240788191166088       5.861948907057900E-002
  0.337077658376484       4.493369894512285E-002
  0.446808203192110       3.138992489638521E-002
  0.569706819267971       1.888776813149553E-002
  0.704604202671746       8.936836797987026E-003
  0.849130418111246       2.297632468278791E-003
   1.00000000000000       0.000000000000000E+000
  2.122610839453942E-314  0.000000000000000E+000
 -1.613071509940115E-002  2.285047414729227E-004
 -3.065914189917878E-002  8.589708968757619E-004
 -4.389712906293547E-002  1.840465305535748E-003
 -5.612937363201728E-002  3.100616686977659E-003
 -6.756617079492235E-002  4.623982784759983E-003
 -7.839104619746408E-002  6.376670052655102E-003
 -8.873994114969321E-002  8.360449315497571E-003
 -9.872069869288243E-002  1.055992066919426E-002
 -0.108409026969197       1.298908933576889E-002
 -0.117849732325397       1.564517134897642E-002
 -0.127062986838993       1.854711485864952E-002
 -0.136034094676620       2.169670017377842E-002
 -0.144725556106664       2.511126008062320E-002
 -0.153060261223523       2.878961079950234E-002
 -0.160936145314126       3.273938124448900E-002
 -0.168206553460659       3.694691709674349E-002
 -0.174694916063685       4.140006627288668E-002
 -0.180175550847682       4.606060458585587E-002
 -0.184385767224199       5.088457441082886E-002
 -0.187010490925898       5.579461087558411E-002
 -0.187688520542095       6.070262841278816E-002
 -0.186004994986340       6.547742315594386E-002
 -0.181487161002721       6.997813805512743E-002
 -0.173609623091424       7.401057966296939E-002
 -0.161773864818320       7.738354892729701E-002
 -0.145331460300871       7.984676916443144E-002
 -0.123543631746264       8.118273384639936E-002
 -9.562570095641909E-002  8.112374155416013E-002
 -6.069339091864476E-002  7.948350414001316E-002
 -1.782442531361378E-002  7.606436774266924E-002
  3.397303723786447E-002  7.080843123700628E-002
  9.570570364039530E-002  6.372969220554277E-002
  0.168315371109043       5.502173679104563E-002
  0.252693477107457       4.507600417383184E-002
  0.349345827715277       3.441578848159888E-002
  0.458586184151695       2.388685992612096E-002
  0.579834758549259       1.426931964201519E-002
  0.712107300972453       6.689851984622372E-003
  0.853108458633675       1.698667400774990E-003
   1.00000000000000       0.000000000000000E+000
  2.122610839453942E-314  0.000000000000000E+000
 -1.647539858551053E-002  1.203975591117976E-004
 -3.127729144159019E-002  4.456679618135932E-004
 -4.475636061254450E-002  9.632890446641173E-004
 -5.719065644092938E-002  1.615070394848441E-003
 -6.881762171829831E-002  2.411056134243238E-003
 -7.981754778540029E-002  3.325035311033623E-003
 -9.034405390179850E-002  4.375060905002641E-003
 -0.100502977005263       5.549743789521738E-003
 -0.110381074711017       6.874386835290056E-003
 -0.120021068748473       8.349304585551135E-003
 -0.129449336401480       1.000311060211830E-002
 -0.138647597386640       1.184194506313884E-002
 -0.147580473127745       1.389391615010841E-002
 -0.156164031619583       1.616511769755930E-002
 -0.164294246447847       1.867752923457221E-002
 -0.171812287418127       2.142881262389983E-002
 -0.178535208793236       2.442718539622392E-002
 -0.184217465182034       2.765020733407068E-002
 -0.188585618839371       3.108281082934304E-002
 -0.191295053853965       3.466738072120633E-002
 -0.191970925302337       3.835547743706581E-002
 -0.190158724618010       4.203802087826811E-002
 -0.185373499783224       4.562570078082692E-002
 -0.177043374179478       4.894641678262181E-002
 -0.164567601774771       5.187058570869287E-002
 -0.147254826410082       5.416799290368697E-002
 -0.124386630754229       5.568431731934174E-002
 -9.516030924457031E-002  5.616963693546919E-002
 -5.874812304961207E-002  5.548318477819947E-002
 -1.426821433301527E-002  5.344363000001162E-002
  3.917353329559749E-002  4.998827023374539E-002
  0.102446786957932       4.514265833923391E-002
  0.176376134408879       3.900301022922908E-002
  0.261605328802610       3.194962060573644E-002
  0.358571755523993       2.428516893136219E-002
  0.467298686215506       1.678464115275245E-002
  0.587300775022872       9.903992683087049E-003
  0.717466996101835       4.606932576410752E-003
  0.855861924960189       1.140301304384154E-003
   1.00000000000000       0.000000000000000E+000
  2.122610839453942E-314  0.000000000000000E+000
 -1.659836109205029E-002  8.708123016580535E-006
 -3.150594497165610E-002  2.547474448321338E-005
 -4.506331658190087E-002  5.938916018809481E-005
 -5.757436253591827E-002  8.791941222898293E-005
 -6.926927522595695E-002  1.312750993699242E-004
 -8.034512775972157E-002  1.846090686469131E-004
 -9.095131719831469E-002  2.710446657867683E-004
 -0.101205397129928       3.926131262899711E-004
 -0.111191232487240       5.777528149861148E-004
 -0.120960019474406       8.361851698129081E-004
 -0.130535034653558       1.200470739002395E-003
 -0.139904075953117       1.685251890407380E-003
 -0.149026771882422       2.325748409796166E-003
 -0.157822932130418       3.138221541840178E-003
 -0.166179637006277       4.156936618181689E-003
 -0.173939011415261       5.393778068406295E-003
 -0.180902955953629       6.875922318008733E-003
 -0.186823553398845       8.601660692391315E-003
 -0.191403538053049       1.058210817335111E-002
 -0.194292647233176       1.278938617772832E-002
 -0.195081989948389       1.520745877981823E-002
 -0.193309674371574       1.776790769451760E-002
 -0.188447665994000       2.041712588997710E-002
 -0.179918818822932       2.303453116277131E-002
 -0.167077130317575       2.552461976641219E-002
 -0.149234995119612       2.771506240577860E-002
 -0.125642788874364       2.947804308982297E-002
 -9.551913082167734E-002  3.061498251473029E-002
 -5.804701310536189E-002  3.099931866906808E-002
 -1.238808770766135E-002  3.046966102807515E-002
  4.226411941343693E-002  2.896147610982925E-002
  0.106721167658492       2.645347288886664E-002
  0.181621276532844       2.301721397797740E-002
  0.267565663545079       1.888460472251628E-002
  0.364740056879554       1.429641040478568E-002
  0.473197886531080       9.769044940866401E-003
  0.592275839585633       5.641740461677907E-003
  0.721031179622841       2.558172642036871E-003
  0.857665562730878       5.986085014587746E-004
   1.00000000000000       0.000000000000000E+000
  2.122610839453942E-314  0.000000000000000E+000
 -1.650716676344178E-002 -1.053383289814891E-004
 -3.132367902938121E-002 -4.071160257924816E-004
 -4.481242563080110E-002 -8.562933486887088E-004
 -5.725859885791257E-002 -1.459902635943977E-003
 -6.890902503072313E-002 -2.171686620984521E-003
 -7.995005002563950E-002 -2.988881726060613E-003
 -9.054313838086410E-002 -3.871985280434721E-003
 -0.100799579467588      -4.816232550782964E-003
 -0.110812772880862      -5.781802298949193E-003
 -0.120630050442852      -6.758061879677343E-003
 -0.130282783450771      -7.702376802133332E-003
 -0.139755377331515      -8.598320559643649E-003
 -0.149014362077628      -9.398964919117198E-003
 -0.157974666053228      -1.008296580871081E-002
 -0.166528650410903      -1.060009722409611E-002
 -0.174509921450247      -1.092787951130204E-002
 -0.181723113245440      -1.101638821205179E-002
 -0.187905842023884      -1.084941318582765E-002
 -0.192759942360124      -1.038389558844660E-002
 -0.195912665280323      -9.621581853571620E-003
 -0.196949988298125      -8.535556209585184E-003
 -0.195378719533851      -7.160746389604898E-003
 -0.190662364895727      -5.496620797795844E-003
 -0.182186253993433      -3.626040920257407E-003
 -0.169295885964710      -1.583381165435843E-003
 -0.151269000105976       4.954750865595914E-004
 -0.127353732861553       2.539495749011989E-003
 -9.675487666924408E-002  4.377800637861931E-003
 -5.866709725867335E-002  5.915410524133826E-003
 -1.228614210246374E-002  7.002965944675793E-003
  4.316744906130127E-002  7.549351198690302E-003
  0.108395491367587       7.524626049658007E-003
  0.184009311618983       6.878818011254824E-003
  0.270423351506602       5.807829750406078E-003
  0.367838364920046       4.317920618725249E-003
  0.476110014841815       2.850628621694576E-003
  0.594695058383449       1.428767455822462E-003
  0.722606810720902       5.711002669495355E-004
  0.858318156315824       6.888456913338795E-005
   1.00000000000000       0.000000000000000E+000
  2.122610839453942E-314  0.000000000000000E+000
 -1.619195236448970E-002 -2.163509855820704E-004
 -3.074574848472461E-002 -8.259903659864352E-004
 -4.400124210932858E-002 -1.758337457031057E-003
 -5.625459163237730E-002 -2.982405372992366E-003
 -6.773630358091100E-002 -4.444141669534244E-003
 -7.864042196127426E-002 -6.118618014407814E-003
 -8.911857983092149E-002 -7.964457836743362E-003
 -9.928981314747841E-002 -9.962837545075322E-003
 -0.109241673224815      -1.207471517770327E-002
 -0.119030106227178      -1.427939336396717E-002
 -0.128682607755361      -1.653463879332220E-002
 -0.138193167297710      -1.881475496113112E-002
 -0.147524596180042      -2.106997490161086E-002
 -0.156601892089097      -2.326795159307960E-002
 -0.165311975578383      -2.534945641066128E-002
 -0.173498031340072      -2.727696795668511E-002
 -0.180955385607137      -2.898248337613147E-002
 -0.187429354568113      -3.042839858226435E-002
 -0.192606232316293      -3.154208555810543E-002
 -0.196117503048493      -3.229535011200130E-002
 -0.197525325800914      -3.261924199692987E-002
 -0.196335846875668      -3.250879619680710E-002
 -0.191980117250002      -3.191096765299235E-002
 -0.183837579480127      -3.085943764149472E-002
 -0.171216740620205      -2.933219137808513E-002
 -0.153385631451154      -2.741250832533480E-002
 -0.129563146530347      -2.512156231598784E-002
 -9.894159793035120E-002 -2.258905783587339E-002
 -6.071678754259285E-002 -1.988017083720284E-002
 -1.406955954090502E-002 -1.713919258881559E-002
  4.171966140125354E-002 -1.446183850566424E-002
  0.107373405707485      -1.194173471572717E-002
  0.183367777977846      -9.675503539772671E-003
  0.270159561048491      -7.629479718123470E-003
  0.367768904140603      -5.885576619874102E-003
  0.476140724397476      -4.264494017416769E-003
  0.594622237517220      -2.867131721126245E-003
  0.722381493579360      -1.483441403933135E-003
  0.858052984769285      -4.725438256609920E-004
   1.00000000000000       0.000000000000000E+000
  2.122610839453942E-314  0.000000000000000E+000
 -1.566414595415891E-002 -3.264480571186106E-004
 -2.976504373982711E-002 -1.240000848761027E-003
 -4.264460579851626E-002 -2.632586924139024E-003
 -5.456871090368966E-002 -4.458090047736300E-003
 -6.577161733673766E-002 -6.639031120058103E-003
 -7.642963260361176E-002 -9.144568569264929E-003
 -8.669944516322185E-002 -1.191901974428675E-002
 -9.668988507114612E-002 -1.494360868084108E-002
 -0.106495750862520      -1.816931986961375E-002
 -0.116167511385254      -2.157837902050118E-002
 -0.125742374577595      -2.511926111290683E-002
 -0.135211280135217      -2.876920813383982E-002
 -0.144548996652194      -3.246704463241703E-002
 -0.153677925679607      -3.618054083664730E-002
 -0.162498531293784      -3.983440695874001E-002
 -0.170849886965324      -4.338534731922672E-002
 -0.178541220913946      -4.674204288330174E-002
 -0.185310016939105      -4.985201191813720E-002
 -0.190854889094593      -5.260938949412448E-002
 -0.194793366523644      -5.495924149088114E-002
 -0.196695678238856      -5.678714085632865E-002
 -0.196045914624894      -5.804834720990708E-002
 -0.192275753955716      -5.863172119782621E-002
 -0.184734620276207      -5.852024248597156E-002
 -0.172721184062090      -5.762539415937282E-002
 -0.155470148883236      -5.597674577847903E-002
 -0.132178724696589      -5.353105278925693E-002
 -0.102015544670775      -5.037406923074456E-002
 -6.414145904423132E-002 -4.653388906977417E-002
 -1.774762079234527E-002 -4.213399193177688E-002
  3.793570497196232E-002 -3.730004396468921E-002
  0.103562184725288      -3.213967442192118E-002
  0.179676164051492      -2.688497588894735E-002
  0.266604122959779      -2.155372494325158E-002
  0.364465895169458      -1.648999607576040E-002
  0.473066017537513      -1.159471490111706E-002
  0.591901971285708      -7.324054514969327E-003
  0.720132243506984      -3.571764654800198E-003
  0.856596122132827      -1.029509329360382E-003
   1.00000000000000       0.000000000000000E+000
  2.122610839453942E-314  0.000000000000000E+000
 -1.493048396775115E-002 -4.263113100509289E-004
 -2.841815055138427E-002 -1.618406248319205E-003
 -4.076949000317517E-002 -3.449342354494208E-003
 -5.224378923691437E-002 -5.836333796910394E-003
 -6.305067046329478E-002 -8.698333963659478E-003
 -7.336366808946219E-002 -1.198414918409915E-002
 -8.332454841185603E-002 -1.564086771612355E-002
 -9.304518728976155E-002 -1.963660819129312E-002
 -0.102611761630934      -2.392852515053815E-002
 -0.112083096587405      -2.848905178081707E-002
 -0.121491654604557      -3.327341026272324E-002
 -0.130841363766645      -3.824941695345315E-002
 -0.140104356533593      -4.336038292866142E-002
 -0.149219818127651      -4.856283133759137E-002
 -0.158086207189510      -5.378033061067852E-002
 -0.166562044251039      -5.895447888212749E-002
 -0.174453568308523      -6.398308442728744E-002
 -0.181518564940895      -6.879253578934376E-002
 -0.187449576830936      -7.325181948778348E-002
 -0.191882474425849      -7.727659365259641E-002
 -0.194375593128066      -8.070900679333091E-002
 -0.194425389430438      -8.346477857707386E-002
 -0.191443156160734      -8.536980070052451E-002
 -0.184779677648089      -8.635774469192185E-002
 -0.173704191038752      -8.626115520974333E-002
 -0.157434394615106      -8.505656456836394E-002
 -0.135133617704096      -8.261775591197759E-002
 -0.105927924673898      -7.898659455439219E-002
 -6.895400456540055E-002 -7.412961897784023E-002
 -2.333256172322931E-002 -6.816069873056042E-002
  3.169456583375681E-002 -6.119086246254355E-002
  9.688842423199832E-002 -5.339354566400382E-002
  0.172718926527708      -4.504876512554523E-002
  0.259662100107409      -3.635252078186137E-002
  0.357710327104001      -2.776137144684439E-002
  0.466841062219966      -1.946937409149998E-002
  0.586467514400079      -1.208620867986903E-002
  0.715907279084928      -5.853741515983221E-003
  0.854154768156368      -1.631933041845121E-003
   1.00000000000000       0.000000000000000E+000
  2.122610839453942E-314  0.000000000000000E+000
 -1.400591056003270E-002 -5.214876993048595E-004
 -2.671512070430447E-002 -1.972399673967805E-003
 -3.841265327225611E-002 -4.195620541247774E-003
 -4.931765497455787E-002 -7.095456575807738E-003
 -5.962886606309388E-002 -1.057342402230092E-002
 -6.949650024932069E-002 -1.457549952349169E-002
 -7.905941047692722E-002 -1.903849305591049E-002
 -8.841619743355629E-002 -2.393440603319092E-002
 -9.765730197061191E-002 -2.921292340308023E-002
 -0.106834743274574      -3.485440582966021E-002
 -0.115991674095708      -4.080631447520523E-002
 -0.125129151337453      -4.704593654704916E-002
 -0.134235819614520      -5.350633629862685E-002
 -0.143250209305068      -6.015236494645551E-002
 -0.152092572704038      -6.689276204746993E-002
 -0.160621534086320      -7.367290443342746E-002
 -0.168669510263009      -8.036868103068925E-002
 -0.175993395169345      -8.690135728108001E-002
 -0.182314352468337      -9.310793382845277E-002
 -0.187263902840718      -9.888502736675041E-002
 -0.190427690922273      -0.104029376086123     
 -0.191290934255684      -0.108419238500923     
 -0.189284475008812      -0.111819427789162     
 -0.183737290299990      -0.114106620933879     
 -0.173920875309683      -0.115036290230719     
 -0.159018819102146      -0.114513650434786     
 -0.138165902869902      -0.112328662927579     
 -0.110448418451111      -0.108449978138546     
 -7.492744422735842E-002 -0.102783472309574     
 -3.069406541322353E-002 -9.539435398252524E-002
  2.313870592114719E-002 -8.639248119389253E-002
  8.732789675585616E-002 -7.595473922713192E-002
  0.162527090022945      -6.448389012045155E-002
  0.249144235140075      -5.223074304129290E-002
  0.347398604634771      -3.996114257509915E-002
  0.457159005236567      -2.795499094404902E-002
  0.578060001297405      -1.728242848318462E-002
  0.709403528787131      -8.286711338848739E-003
  0.850344455253630      -2.284743424251198E-003
   1.00000000000000       0.000000000000000E+000
  2.122610839453942E-314  0.000000000000000E+000
 -1.291576131138107E-002 -5.990566977455307E-004
 -2.471320932198531E-002 -2.269017606368348E-003
 -3.563160084288824E-002 -4.839478784127492E-003
 -4.586422426266999E-002 -8.183925398456287E-003
 -5.557887518565601E-002 -1.220598045934441E-002
 -6.491199135083450E-002 -1.683572887835731E-002
 -7.398372200400782E-002 -2.201812873290136E-002
 -8.289074488848874E-002 -2.771429351726323E-002
 -9.171256665401087E-002 -3.388610497337279E-002
 -0.100508867248831      -4.050484117517274E-002
 -0.109316848196763      -4.753225352117234E-002
 -0.118153323230788      -5.493610996811681E-002
 -0.127004436611926      -6.266377435343259E-002
 -0.135831677192493      -7.066865381001550E-002
 -0.144555459583472      -7.887075654804514E-002
 -0.153063840777638      -8.720058549332975E-002
 -0.161191389824857      -9.553771788445851E-002
 -0.168729576455880      -0.103783191868039     
 -0.175402480732103      -0.111763934735439     
 -0.180878606763469      -0.119348592245406     
 -0.184744690984231      -0.126302289979920     
 -0.186519720562648      -0.132465095352536     
 -0.185629407824580      -0.137541113023039     
 -0.181423535799970      -0.141357560230482     
 -0.173155230581244      -0.143575861256210     
 -0.160001137758502      -0.144041606947930     
 -0.141057893699340      -0.142426987610556     
 -0.115362691210076      -0.138640233248932     
 -8.192155138405388E-002 -0.132467334470325     
 -3.970469908731669E-002 -0.123947591844809     
  1.222561502655111E-002 -0.113100868054351     
  7.485026049478924E-002 -0.100158662752377     
  0.148832503594561      -8.553319432556596E-002
  0.234876198136906      -6.965576937177453E-002
  0.333141102464912      -5.343180422000120E-002
  0.443808606883245      -3.748589847425681E-002
  0.566427105727579      -2.311071098699400E-002
  0.700522314583786      -1.110875717422297E-002
  0.845350114474945      -3.035612194459973E-003
   1.00000000000000       0.000000000000000E+000
  2.122610839453942E-314  0.000000000000000E+000
 -1.167754154870610E-002 -6.678912710716608E-004
 -2.244163217759748E-002 -2.520547783216414E-003
 -3.248478233569207E-002 -5.370156088200364E-003
 -4.195388757809199E-002 -9.081420799527867E-003
 -5.099069994781798E-002 -1.354978400829541E-002
 -5.970546080518241E-002 -1.870645653306618E-002
 -6.820726788993013E-002 -2.449159297489126E-002
 -7.657800326423334E-002 -3.087423565569958E-002
 -8.489799361914417E-002 -3.781169230879088E-002
 -9.321916236345069E-002 -4.528835189314952E-002
 -0.101589374326075      -5.325972384673028E-002
 -0.110022165534459      -6.171037675221468E-002
 -0.118523272436016      -7.057870355039472E-002
 -0.127054235300573      -7.983679779222505E-002
 -0.135563939977787      -8.939172870712929E-002
 -0.143943269291661      -9.919165494417567E-002
 -0.152064306181489      -0.109097276210331     
 -0.159723393674816      -0.119021562971139     
 -0.166690501372229      -0.128763874447076     
 -0.172639245828762      -0.138192419343756     
 -0.177207954887214      -0.147031458115886     
 -0.179916849540467      -0.155099924153951     
 -0.180241771538529      -0.162042725649318     
 -0.177523217779752      -0.167637082010792     
 -0.171048791177156      -0.171460417145635     
 -0.159965848229715      -0.173274725966303     
 -0.143364376333321      -0.172648768027484     
 -0.120224042589951      -0.169385186823614     
 -8.947065476227611E-002 -0.163151964511701     
 -4.998587932391339E-002 -0.153895295461564     
 -6.367585000368413E-004 -0.141546445377092     
  5.963607832386682E-002 -0.126279397550117     
  0.131849607700139      -0.108596478857594     
  0.216718551074437      -8.894228491133414E-002
  0.314844711568088      -6.857364417907115E-002
  0.426353872652428      -4.821993643793353E-002
  0.551176113642214      -2.980318960549177E-002
  0.688786658931223      -1.426545225761058E-002
  0.838607549994921      -3.898879788134614E-003
   1.00000000000000       0.000000000000000E+000
  2.122610839453942E-314  0.000000000000000E+000
 -1.033609017362369E-002 -7.122951984221918E-004
 -1.997557346681377E-002 -2.695388833032657E-003
 -2.905902597844998E-002 -5.756752567260815E-003
 -3.768839326299746E-002 -9.741161412115838E-003
 -4.597180880375722E-002 -1.455257411014770E-002
 -5.399569952602910E-002 -2.011314635510816E-002
 -6.184890825455621E-002 -2.637620951816039E-002
 -6.960697287194144E-002 -3.330280112867468E-002
 -7.733772742980775E-002 -4.086778871291288E-002
 -8.509971026253353E-002 -4.904691550114904E-002
 -9.293306875583199E-002 -5.781726976207392E-002
 -0.100868619744990      -6.715313313943154E-002
 -0.108908066624843      -7.701793425211238E-002
 -0.117040254758133      -8.737140204140828E-002
 -0.125213806572725      -9.814736056762409E-002
 -0.133357223914183      -0.109278784760288     
 -0.141346667154802      -0.120651236278520     
 -0.149026707651909      -0.132158275543923     
 -0.156176123425716      -0.143615894928360     
 -0.162526228937280      -0.154866697885420     
 -0.167727776926832      -0.165632816650907     
 -0.171363351674193      -0.175698187347940     
 -0.172920584590481      -0.184673432715672     
 -0.171797620373365      -0.192287539137510     
 -0.167282834767999      -0.198034402241006     
 -0.158556891722598      -0.201611259648483     
 -0.144685939925198      -0.202442049710620     
 -0.124621568457206      -0.200259355837847     
 -9.721920718534327E-002 -0.194516577280009     
 -6.120214289226677E-002 -0.185100711005487     
 -1.530550052701882E-002 -0.171736793866203     
  4.182532558428131E-002 -0.154571936719557     
  0.111367405565052      -0.134025386015345     
  0.194510223967647      -0.110685791522992     
  0.291915561824582      -8.588592500740012E-002
  0.404381486786358      -6.080508802733278E-002
  0.531722784847750      -3.768063352599730E-002
  0.673885970709898      -1.814922103074855E-002
  0.830259131448984      -4.949595726265048E-003
   1.00000000000000       0.000000000000000E+000
  2.122610839453942E-314  0.000000000000000E+000
 -8.909812910360112E-003 -7.439997874189568E-004
 -1.736383854876598E-002 -2.805327721537680E-003
 -2.543158140442828E-002 -5.992309578726230E-003
 -3.316832063485558E-002 -1.014682387701270E-002
 -4.064249495210503E-002 -1.517662192225656E-002
 -4.791564929454097E-002 -2.100905529336003E-002
 -5.505861481732235E-002 -2.759861432958325E-002
 -6.213279212718489E-002 -3.491745317981911E-002
 -6.920350944267271E-002 -4.293808954063449E-002
 -7.632098095229976E-002 -5.165345832007524E-002
 -8.353483598983222E-002 -6.103485500670526E-002
 -9.087119091697193E-002 -7.107994772109597E-002
 -9.835205672492756E-002 -8.174345031937347E-002
 -0.105964949166426      -9.301443331575127E-002
 -0.113690279414309      -0.104815031559869     
 -0.121459227090805      -0.117112070221890     
 -0.129192903718421      -0.129775610948659     
 -0.136743318353632      -0.142734110945151     
 -0.143949155091259      -0.155782345712467     
 -0.150553689453801      -0.168792536596689     
 -0.156283255522284      -0.181455232711393     
 -0.160734319113421      -0.193567476533630     
 -0.163481919776208      -0.204693215368444     
 -0.163932810559190      -0.214542919241110     
 -0.161463932304016      -0.222534200183622     
 -0.155242154153663      -0.228297656501126     
 -0.144393902884759      -0.231140972214238     
 -0.127812200275775      -0.230674772812785     
 -0.104328410687869      -0.226160926337629     
 -7.253967251062561E-002 -0.217302340042977     
 -3.095723856207988E-002 -0.203658915071857     
  2.195183943662432E-002 -0.185187396028537     
  8.786486662597795E-002 -0.162222438591198     
  0.168206162213387      -0.135328221152656     
  0.264381921863464      -0.106013654916848     
  0.377276006055797      -7.556554862665600E-002
  0.507571460625480      -4.719131532293248E-002
  0.655044288313176      -2.267274880633861E-002
  0.819432389148838      -6.202620373767498E-003
   1.00000000000000       0.000000000000000E+000
  2.122610839453942E-314  0.000000000000000E+000
 -7.462009635098436E-003 -7.460261621884815E-004
 -1.469386332700567E-002 -2.824848066870831E-003
 -2.171368065867540E-002 -6.051518057565917E-003
 -2.851595556913200E-002 -1.026388788381190E-002
 -3.513823569958870E-002 -1.538439721808134E-002
 -4.161155683402198E-002 -2.133973413849311E-002
 -4.798794991611561E-002 -2.810096176131912E-002
 -5.431989516277917E-002 -3.563477934875028E-002
 -6.065958350509221E-002 -4.393450555579198E-002
 -6.706277498939722E-002 -5.298371329577764E-002
 -7.356892857424631E-002 -6.278051915429662E-002
 -8.022124213711176E-002 -7.331008876613651E-002
 -8.703413489795288E-002 -8.456142573935341E-002
 -9.402365270897688E-002 -9.650870750421538E-002
 -0.101166108128257      -0.109116240154762     
 -0.108434390282103      -0.122333607846726     
 -0.115750691404817      -0.136079838323278     
 -0.123024489305590      -0.150263239451861     
 -0.130102761503434      -0.164730373637830     
 -0.136803929203527      -0.179329240316544     
 -0.142871182206653      -0.193796289119022     
 -0.147994330721189      -0.207897019665895     
 -0.151773680791526      -0.221219837014681     
 -0.153722567112520      -0.233433867957297     
 -0.153244672599663      -0.243926938135497     
 -0.149604081046038      -0.252271719971133     
 -0.141935878093382      -0.257656992631887     
 -0.129185012593672      -0.259609872551036     
 -0.110117329276920      -0.257141829658536     
 -8.327438152018386E-002 -0.249816610134953     
 -4.699395496915157E-002 -0.236847527030891     
  5.370426125496652E-004 -0.218107487925272     
  6.128788854011762E-002 -0.193402141236541     
  0.137625024590552      -0.163464975952379     
  0.231242642821423      -0.129564501561673     
  0.344290258525151      -9.342620703595655E-002
  0.477552975978687      -5.884866148367478E-002
  0.631716004275592      -2.856922369431119E-002
  0.806245694075039      -7.820608048518883E-003
   1.00000000000000       0.000000000000000E+000
  2.122610839453942E-314  0.000000000000000E+000
 -6.009575744278284E-003 -7.320938290916550E-004
 -1.203225104147880E-002 -2.763258503527194E-003
 -1.799521388576442E-002 -5.933121255069956E-003
 -2.385493018388812E-002 -1.008373605513167E-002
 -2.960025389067740E-002 -1.515463322901615E-002
 -3.524417410977689E-002 -2.108096311016244E-002
 -4.081694012392253E-002 -2.783972594788244E-002
 -4.635993860874613E-002 -3.541010608666908E-002
 -5.192064777830429E-002 -4.378319800489655E-002
 -5.754607494855010E-002 -5.296164143590785E-002
 -6.328309409348269E-002 -6.293598176467964E-002
 -6.916745960268086E-002 -7.371897164247893E-002
 -7.523187802995762E-002 -8.528892717983141E-002
 -8.148719420145499E-002 -9.765770960298348E-002
 -8.794021477264106E-002 -0.110776907078728     
 -9.456261891871746E-002 -0.124644707330034     
 -0.101322384484369      -0.139165772880740     
 -0.108133861725521      -0.154307531697783     
 -0.114909519889688      -0.169899878229439     
 -0.121480595597339      -0.185857242402827     
 -0.127680410089342      -0.201895596851355     
 -0.133220377111661      -0.217845355207730     
 -0.137819527075762      -0.233268169637329     
 -0.141017367261642      -0.247881694015575     
 -0.142367071777141      -0.261019956006062     
 -0.141149911504330      -0.272254355104455     
 -0.136660965519759      -0.280687315043838     
 -0.127825496668868      -0.285750229380426     
 -0.113536114467205      -0.286260585037883     
 -9.219935207682983E-002 -0.281553952371903     
 -6.210160397058739E-002 -0.270574163773986     
 -2.109964202610871E-002 -0.252928899929131     
  3.321839212581078E-002 -0.227747949731885     
  0.103756401308667      -0.195447930926058     
  0.193614345278487      -0.157395459744418     
  0.305146615035486      -0.114986073165645     
  0.441144649634230      -7.342570446371309E-002
  0.602348764538037      -3.577817052202331E-002
  0.789053458888295      -9.875782357349280E-003
   1.00000000000000       0.000000000000000E+000
  2.122610839453942E-314  0.000000000000000E+000
 -4.630842356765512E-003 -6.859979849835652E-004
 -9.469230576066547E-003 -2.607068259981031E-003
 -1.440141461533721E-002 -5.623546439588575E-003
 -1.931538845441598E-002 -9.593502607945677E-003
 -2.417866465237880E-002 -1.447577757883049E-002
 -2.897380381388089E-002 -2.021288628210280E-002
 -3.371680053911721E-002 -2.679899474343637E-002
 -3.844100997984328E-002 -3.420850558644793E-002
 -4.318081714547207E-002 -4.245336802662319E-002
 -4.798812448556260E-002 -5.152415469891856E-002
 -5.289657629748647E-002 -6.143992177284745E-002
 -5.795690287872177E-002 -7.219683789583818E-002
 -6.318907703998049E-002 -8.381263755539033E-002
 -6.862982589126838E-002 -9.627964654654908E-002
 -7.427511982980843E-002 -0.109602529069117     
 -8.013653285641399E-002 -0.123757398242779     
 -8.617508726746612E-002 -0.138718083868485     
 -9.236363314498829E-002 -0.154427421286645     
 -9.861414277535591E-002 -0.170801768370490     
 -0.104840715638551      -0.187727926223762     
 -0.110886237436702      -0.205024388949496     
 -0.116576420248532      -0.222490299887736     
 -0.121654467669485      -0.239795334433960     
 -0.125807287357225      -0.256622859365352     
 -0.128626638999136      -0.272394155726952     
 -0.129577021422895      -0.286628129681455     
 -0.128003471855096      -0.298453248329954     
 -0.123043435112301      -0.307229141378177     
 -0.113622294434341      -0.311587309394506     
 -9.825854421853729E-002 -0.310765203316006     
 -7.519892755487058E-002 -0.303160885066379     
 -4.203595607932058E-002 -0.288320478990254     
  4.120770687412151E-003 -0.264314704245605     
  6.713455934242800E-002 -0.231171981594942     
  0.151078147093081      -0.189908463651990     
  0.259667341611261      -0.141905367245092     
  0.396484714398431      -9.226244752977228E-002
  0.565998611077589      -4.607464304377941E-002
  0.767346597477979      -1.288398435536920E-002
   1.00000000000000       0.000000000000000E+000
  2.122610839453942E-314  0.000000000000000E+000
 -3.338107346677548E-003 -6.215361947769141E-004
 -7.084158575604926E-003 -2.360794896280465E-003
 -1.102483494243846E-002 -5.129704348596793E-003
 -1.503070440050591E-002 -8.798091364085379E-003
 -1.902072927439897E-002 -1.335335030054289E-002
 -2.297214981252823E-002 -1.874809691252250E-002
 -2.688111285352249E-002 -2.498319775953314E-002
 -3.077434486866147E-002 -3.204488226037807E-002
 -3.468163683211995E-002 -3.993926207599689E-002
 -3.864514163099709E-002 -4.867545224806492E-002
 -4.270362358576981E-002 -5.826021489544781E-002
 -4.689637675681186E-002 -6.871803543545782E-002
 -5.125735287557050E-002 -8.005123570414549E-002
 -5.581233185890809E-002 -9.229313720048594E-002
 -6.058197755414590E-002 -0.105431287233711     
 -6.556962344050994E-002 -0.119498697542030     
 -7.077546391973240E-002 -0.134451116525575     
 -7.616928497199624E-002 -0.150307820750405     
 -8.172239910944641E-002 -0.166966650212167     
 -8.735413737017936E-002 -0.184413251493454     
 -9.299458198014700E-002 -0.202449423164381     
 -9.848678384359101E-002 -0.220996615956428     
 -0.103700683337469      -0.239708214472485     
 -0.108355271939788      -0.258406347400789     
 -0.112223112586753      -0.276493586926452     
 -0.114817581363807      -0.293613344399120     
 -0.115730857630665      -0.308886639764583     
 -0.114141584688971      -0.321751668397934     
 -0.109317441751205      -0.330687270439038     
 -9.973690579813188E-002 -0.334847596363288     
 -8.394569133952484E-002 -0.332347721977893     
 -5.932382966690034E-002 -0.322291655222949     
 -2.290377267369104E-002 -0.301803025854794     
  2.990405817527876E-002 -0.269828167070565     
  0.104847025295291      -0.227329215375005     
  0.206999177214297      -0.175363357591847     
  0.343046602876429      -0.117401954433556     
  0.519270933561518      -5.930495891289499E-002
  0.739062418336316      -1.746821555891566E-002
   1.00000000000000       0.000000000000000E+000
  2.122610839453942E-314  0.000000000000000E+000
 -2.215889864250183E-003 -5.273253847219842E-004
 -4.954647662529463E-003 -2.031221502927713E-003
 -7.985766706002697E-003 -4.459381266318045E-003
 -1.111920399636364E-002 -7.718732029301697E-003
 -1.426918251766160E-002 -1.181730561512433E-002
 -1.739355542034786E-002 -1.671895166168839E-002
 -2.048038515755346E-002 -2.243893857390412E-002
 -2.355366142764482E-002 -2.895551710128126E-002
 -2.662999631517207E-002 -3.629271078486386E-002
 -2.975625841530945E-002 -4.444262076868973E-002
 -3.295472813779485E-002 -5.343834331789648E-002
 -3.627593172925497E-002 -6.328232086303680E-002
 -3.973576091004543E-002 -7.401550154716635E-002
 -4.337989258125063E-002 -8.564535151048901E-002
 -4.721055198779535E-002 -9.821468437649059E-002
 -5.126355423069086E-002 -0.111726616645399     
 -5.552129867742479E-002 -0.126214514076217     
 -6.000417142092596E-002 -0.141663199390515     
 -6.466767861454828E-002 -0.158077831900748     
 -6.950788245867130E-002 -0.175404528688999     
 -7.444391360836872E-002 -0.193590919680219     
 -7.943208754640216E-002 -0.212515374282624     
 -8.434017151078949E-002 -0.232021500929050     
 -8.905152640953325E-002 -0.251883516398406     
 -9.335470847871563E-002 -0.271746181832370     
 -9.701135429915303E-002 -0.291199137349809     
 -9.967065064655305E-002 -0.309618780015010     
 -0.100829591006393      -0.326416919924656     
 -9.983748019857107E-002 -0.340217496082772     
 -9.557361612245993E-002 -0.350050302488860     
 -8.662447683207208E-002 -0.354011801582716     
 -7.098809902646444E-002 -0.350894157136998     
 -4.541144167874103E-002 -0.336850581513477     
 -5.433613173849924E-003 -0.310242462249844     
  5.525487585898217E-002 -0.269315998453869     
  0.145403086684892      -0.216544129141239     
  0.274100147604186      -0.149984316739755     
  0.458437361085934      -7.754793781548433E-002
  0.701906159434708      -2.328436440611398E-002
   1.00000000000000       0.000000000000000E+000
  2.122610839453942E-314  0.000000000000000E+000
 -1.269222556195113E-003 -4.156243753895482E-004
 -3.164333177344900E-003 -1.617837406877209E-003
 -5.365808566772132E-003 -3.633398393198391E-003
 -7.703606485982068E-003 -6.386031345044711E-003
 -1.005809363609333E-002 -9.915684495626751E-003
 -1.239800650769063E-002 -1.419573734437654E-002
 -1.470121369673267E-002 -1.924062585144080E-002
 -1.698773560681554E-002 -2.503940014333511E-002
 -1.927260443306745E-002 -3.160201385668653E-002
 -2.159034242496984E-002 -3.893763298304104E-002
 -2.396657886905184E-002 -4.706011318759847E-002
 -2.643594390694826E-002 -5.599752721407494E-002
 -2.902311720469381E-002 -6.576893454768122E-002
 -3.175705381063552E-002 -7.641923176697342E-002
 -3.465647083743120E-002 -8.796688842851318E-002
 -3.774116116414285E-002 -0.100469179768827     
 -4.102126432623158E-002 -0.113932311310668     
 -4.450317111163756E-002 -0.128419102135872     
 -4.818644084596052E-002 -0.143904941001189     
 -5.205723108080892E-002 -0.160447392243186     
 -5.610244644273081E-002 -0.177963563207835     
 -6.027612099503543E-002 -0.196489598526408     
 -6.454994993608899E-002 -0.215838660338976     
 -6.881987521582809E-002 -0.235999536986207     
 -7.303193968162448E-002 -0.256607963475784     
 -7.698813787719869E-002 -0.277541245427819     
 -8.059485097223029E-002 -0.298174246232494     
 -8.342232339290602E-002 -0.318275617208544     
 -8.525472546388076E-002 -0.336431994631525     
 -8.510931087284243E-002 -0.351917903944606     
 -8.224091448066373E-002 -0.363037429871802     
 -7.467073263679352E-002 -0.368646588768381     
 -6.037936815583884E-002 -0.364045957453129     
 -3.405162464707331E-002 -0.347158383452149     
  1.021136535095380E-002 -0.314161131216898     
  8.365031323468342E-002 -0.266162827403025     
  0.201080200759684      -0.193396713270043     
  0.383506308975970      -9.878875261203213E-002
  0.652322416877130      -2.883853621842335E-002
   1.00000000000000       0.000000000000000E+000
  2.122610839453942E-314  0.000000000000000E+000
 -5.751259082444110E-004 -2.871253675355580E-004
 -1.756386770032214E-003 -1.160897492376737E-003
 -3.249238391914426E-003 -2.698905584123934E-003
 -4.863000946946185E-003 -4.874778238109245E-003
 -6.491905050890767E-003 -7.744775227569792E-003
 -8.109561699669180E-003 -1.128575843076420E-002
 -9.688965617280536E-003 -1.552241876662955E-002
 -1.125508684557221E-002 -2.042744381771936E-002
 -1.280854684508083E-002 -2.602546262247988E-002
 -1.438801540956169E-002 -3.230311544795332E-002
 -1.600044306077256E-002 -3.929579994068497E-002
 -1.768700422008047E-002 -4.700496952692421E-002
 -1.945130878944529E-002 -5.548109179236838E-002
 -2.133477144329096E-002 -6.473741738360858E-002
 -2.333274576594243E-002 -7.483849140439874E-002
 -2.548729345262257E-002 -8.580295416568717E-002
 -2.778210310031870E-002 -9.770516250888645E-002
 -3.026060661694583E-002 -0.110560116145754     
 -3.289164044041520E-002 -0.124444476659387     
 -3.572027858571069E-002 -0.139356737105531     
 -3.869707640476128E-002 -0.155364415752735     
 -4.186708015757509E-002 -0.172431704001794     
 -4.515833611534131E-002 -0.190595365015042     
 -4.861106246328194E-002 -0.209754700815008     
 -5.212622710844045E-002 -0.229881190571418     
 -5.572992303642594E-002 -0.250759992495049     
 -5.928274696458219E-002 -0.272238867173073     
 -6.270465809738057E-002 -0.293972626504323     
 -6.577112500112056E-002 -0.315296891603506     
 -6.827306708557750E-002 -0.335299281649544     
 -6.975286349647351E-002 -0.353098410742176     
 -6.922154956482550E-002 -0.367859378977153     
 -6.542402297528400E-002 -0.374436906375318     
 -5.356271808085131E-002 -0.371092707088938     
 -2.807713774041921E-002 -0.351332557737641     
  2.250992590655371E-002 -0.315080683748716     
  0.122029282272371      -0.243555574362079     
  0.302484167511829      -0.132255544712355     
  0.591787407091425      -3.884847323303230E-002
   1.00000000000000       0.000000000000000E+000
  2.122610839453942E-314  0.000000000000000E+000
 -1.172501207550039E-004 -1.524068445524305E-004
 -7.908116296114155E-004 -6.625367675242230E-004
 -1.682197477623677E-003 -1.707413232357879E-003
 -2.675619078234046E-003 -3.273799743161557E-003
 -3.669015660407742E-003 -5.425578545946024E-003
 -4.651798747642864E-003 -8.152261671121108E-003
 -5.603849814517856E-003 -1.145716455510291E-002
 -6.541040145228787E-003 -1.532915759367910E-002
 -7.467736034227146E-003 -1.976788829533975E-002
 -8.405951014419221E-003 -2.477809785278330E-002
 -9.365527074686828E-003 -3.036972251113518E-002
 -1.036896913585698E-002 -3.656471837679606E-002
 -1.142450678754489E-002 -4.338641582538868E-002
 -1.255431717847728E-002 -5.087432413385524E-002
 -1.376275417580488E-002 -5.906169239872107E-002
 -1.507171386813768E-002 -6.800490593459324E-002
 -1.648111321683832E-002 -7.774035367728978E-002
 -1.801244567408060E-002 -8.834073179688251E-002
 -1.966143919014012E-002 -9.983587344098015E-002
 -2.144866585825273E-002 -0.112314438894504     
 -2.336695626874986E-002 -0.125785832412787     
 -2.543409121293095E-002 -0.140355233849224     
 -2.764252163051212E-002 -0.155989874983611     
 -3.000505285304848E-002 -0.172809010561134     
 -3.252037611335173E-002 -0.190710813393013     
 -3.519219260977902E-002 -0.209834752143494     
 -3.804463546114594E-002 -0.229919832025043     
 -4.100646435870932E-002 -0.251149159934505     
 -4.411387927346322E-002 -0.272921994039236     
 -4.729073395588326E-002 -0.295211813453675     
 -5.069957328581601E-002 -0.317227290799736     
 -5.361359606947610E-002 -0.339712843454846     
 -5.624698306838250E-002 -0.356775826213127     
 -5.481852398740028E-002 -0.367447111507491     
 -4.688378181186123E-002 -0.367087098965589     
 -2.128758351054910E-002 -0.352641508040656     
  4.204767282070945E-002 -0.294416633184137     
  0.190340562801704      -0.178233472999957     
  0.497039483722290      -6.007745020160190E-002
   1.00000000000000       0.000000000000000E+000
  2.122610839453942E-314  0.000000000000000E+000
  7.772037885377841E-005 -3.790722026122458E-005
 -2.237465786047734E-004 -2.288508546848180E-004
 -6.471877466741904E-004 -7.944105645800937E-004
 -1.140312198660700E-003 -1.751320789848250E-003
 -1.618250676269904E-003 -3.167382768291462E-003
 -2.096320085120010E-003 -5.010497152100240E-003
 -2.546684097067769E-003 -7.296909549617757E-003
 -2.992872173879394E-003 -9.992039711860223E-003
 -3.424787074332109E-003 -1.311096739621113E-002
 -3.866598985268874E-003 -1.663555410718211E-002
 -4.311133998335211E-003 -2.059152912783630E-002
 -4.783890349038252E-003 -2.497406127800967E-002
 -5.273607254374348E-003 -2.982531701315390E-002
 -5.810254604532323E-003 -3.515027258397951E-002
 -6.374682197769923E-003 -4.100883095484122E-002
 -7.004441871778354E-003 -4.741135830381287E-002
 -7.669471451360749E-003 -5.443591278980202E-002
 -8.418418443181568E-003 -6.209360799333040E-002
 -9.207032437968719E-003 -7.048140102937869E-002
 -1.009954287525409E-002 -7.960570009633067E-002
 -1.103319242662064E-002 -8.958425690501719E-002
 -1.209410842597992E-002 -0.100411192348955     
 -1.319513014101406E-002 -0.112230029653666     
 -1.445668600769374E-002 -0.125008789859864     
 -1.575912640217116E-002 -0.138934131980541     
 -1.727106694306016E-002 -0.153937846653494     
 -1.881812712437943E-002 -0.170247340682996     
 -2.064216057232125E-002 -0.187694431557388     
 -2.250882387900811E-002 -0.206629448210991     
 -2.491950449370408E-002 -0.226626391210986     
 -2.748147289774162E-002 -0.248431226511574     
 -3.036238174130950E-002 -0.271980303761578     
 -3.238662859041413E-002 -0.295636366774440     
 -3.458738359835137E-002 -0.315204826247429     
 -3.564405523005030E-002 -0.335496868552560     
 -3.918414997016468E-002 -0.353909284246477     
 -3.302767710521909E-002 -0.327079692197383     
  3.989694743143828E-002 -0.258009934715946     
  0.290586115782386      -0.100566363976312     
   1.00000000000000       0.000000000000000E+000
  2.122610839453942E-314  0.000000000000000E+000
  5.422206270827515E-005  5.422206270803189E-005
 -3.513548055466969E-005  8.024741775797007E-005
 -1.443909696045267E-004 -1.087448442024556E-004
 -2.756459974727705E-004 -5.469008547324321E-004
 -4.053290852137338E-004 -1.229796368148773E-003
 -5.329132524328170E-004 -2.172217200385685E-003
 -6.536066332086290E-004 -3.347492922054892E-003
 -7.706066839999362E-004 -4.757458365320299E-003
 -8.840013771864530E-004 -6.387757232581586E-003
 -9.991193518395832E-004 -8.243372054168915E-003
 -1.114930552438787E-003 -1.032380125136930E-002
 -1.238925111013964E-003 -1.263831837076155E-002
 -1.366756545249338E-003 -1.519952625282751E-002
 -1.508933099008734E-003 -1.802305489144285E-002
 -1.657586796321342E-003 -2.113060652611100E-002
 -1.826449723147906E-003 -2.454613391794814E-002
 -2.003954830135741E-003 -2.829665077012897E-002
 -2.207453607133623E-003 -3.241707200040019E-002
 -2.421606228787838E-003 -3.693565241222978E-002
 -2.667939266632364E-003 -4.190238782204270E-002
 -2.927123168456248E-003 -4.734197695906556E-002
 -3.225738757504885E-003 -5.332560512845129E-002
 -3.539793862064977E-003 -5.987034662480724E-002
 -3.904808084933530E-003 -6.707913233861303E-002
 -4.294003381884664E-003 -7.495536296947608E-002
 -4.750947096964019E-003 -8.366311863152212E-002
 -5.239034220087428E-003 -9.316543487463799E-002
 -5.816873738399784E-003 -0.103691561935869     
 -6.435113666629780E-003 -0.115263014058188     
 -7.296885098275736E-003 -0.128350189698843     
 -8.513144906875048E-003 -0.142655238944278     
 -9.787557080518455E-003 -0.159583123652763     
 -1.062514131653992E-002 -0.177617178272550     
 -1.169025543527547E-002 -0.196279705682042     
 -1.383871386424358E-002 -0.221151590885020     
 -2.063826162976741E-002 -0.268583645126856     
 -4.125201523332357E-002 -0.280858959027359     
 -1.238315479913928E-002 -0.289691482213892     
  0.178951245154249      -0.179845878722896     
   1.00000000000000       0.000000000000000E+000
  2.122610839453942E-314  0.000000000000000E+000
  2.122610839453942E-314  0.000000000000000E+000
  2.122610839453942E-314  0.000000000000000E+000
  2.122610839453942E-314  0.000000000000000E+000
  2.122610839453942E-314  0.000000000000000E+000
  2.122610839453942E-314  0.000000000000000E+000
  2.122610839453942E-314  0.000000000000000E+000
  2.122610839453942E-314  0.000000000000000E+000
  2.122610839453942E-314  0.000000000000000E+000
  2.122610839453942E-314  0.000000000000000E+000
  2.122610839453942E-314  0.000000000000000E+000
  2.122610839453942E-314  0.000000000000000E+000
  2.122610839453942E-314  0.000000000000000E+000
  2.122610839453942E-314  0.000000000000000E+000
  2.122610839453942E-314  0.000000000000000E+000
  2.122610839453942E-314  0.000000000000000E+000
  2.122610839453942E-314  0.000000000000000E+000
  2.122610839453942E-314  0.000000000000000E+000
  2.122610839453942E-314  0.000000000000000E+000
  2.122610839453942E-314  0.000000000000000E+000
  2.122610839453942E-314  0.000000000000000E+000
  2.122610839453942E-314  0.000000000000000E+000
  2.122610839453942E-314  0.000000000000000E+000
  2.122610839453942E-314  0.000000000000000E+000
  2.122610839453942E-314  0.000000000000000E+000
  2.122610839453942E-314  0.000000000000000E+000
  2.122610839453942E-314  0.000000000000000E+000
  2.122610839453942E-314  0.000000000000000E+000
  2.122610839453942E-314  0.000000000000000E+000
  2.122610839453942E-314  0.000000000000000E+000
  2.122610839453942E-314  0.000000000000000E+000
  2.122610839453942E-314  0.000000000000000E+000
  2.122610839453942E-314  0.000000000000000E+000
  2.122610839453942E-314  0.000000000000000E+000
  2.122610839453942E-314  0.000000000000000E+000
  2.122610839453942E-314  0.000000000000000E+000
  2.122610839453942E-314  0.000000000000000E+000
  2.122610839453942E-314  0.000000000000000E+000
  2.122610839453942E-314  0.000000000000000E+000
  2.122610839453942E-314  0.000000000000000E+000
   1.00000000000000       0.000000000000000E+000
