#  halton_16_00010.txt
#  created by HALTON_WRITE.F90
#
#  File generated on July 11 2004   1:53:25.710 PM
#
#  NDIM =           16
#  N =              10
#  STEP =           16
#  SEED =            0           0           0           0           0
#                    0           0           0           0           0
#                    0           0           0           0           0
#                    0
#  LEAP =            1           1           1           1           1
#                    1           1           1           1           1
#                    1           1           1           1           1
#                    1
#  BASE =            2           3           5           7          11
#                   13          17          19          23          29
#                   31          37          41          43          47
#                   53
#  EPSILON (unit roundoff ) =   0.222045E-15
#
  0.031250  0.592593  0.320000  0.326531  0.462810  0.236686  0.941176  0.842105  0.695652  0.551724  0.516129  0.432432  0.390244  0.372093  0.340426  0.301887
  0.531250  0.925926  0.520000  0.469388  0.553719  0.313609  0.003460  0.894737  0.739130  0.586207  0.548387  0.459459  0.414634  0.395349  0.361702  0.320755
  0.281250  0.074074  0.720000  0.612245  0.644628  0.390533  0.062284  0.947368  0.782609  0.620690  0.580645  0.486486  0.439024  0.418605  0.382979  0.339623
  0.781250  0.407407  0.920000  0.755102  0.735537  0.467456  0.121107  0.002770  0.826087  0.655172  0.612903  0.513514  0.463415  0.441860  0.404255  0.358491
  0.156250  0.740741  0.160000  0.897959  0.826446  0.544379  0.179931  0.055402  0.869565  0.689655  0.645161  0.540541  0.487805  0.465116  0.425532  0.377358
  0.656250  0.185185  0.360000  0.061224  0.917355  0.621302  0.238754  0.108033  0.913043  0.724138  0.677419  0.567568  0.512195  0.488372  0.446809  0.396226
  0.406250  0.518519  0.560000  0.204082  0.016529  0.698225  0.297578  0.160665  0.956522  0.758621  0.709677  0.594595  0.536585  0.511628  0.468085  0.415094
  0.906250  0.851852  0.760000  0.346939  0.107438  0.775148  0.356401  0.213296  0.001890  0.793103  0.741935  0.621622  0.560976  0.534884  0.489362  0.433962
  0.093750  0.296296  0.960000  0.489796  0.198347  0.852071  0.415225  0.265928  0.045369  0.827586  0.774194  0.648649  0.585366  0.558140  0.510638  0.452830
  0.593750  0.629630  0.008000  0.632653  0.289256  0.928994  0.474048  0.318560  0.088847  0.862069  0.806452  0.675676  0.609756  0.581395  0.531915  0.471698
