     0.00000         0.00000         0.00000         0.00000    
     0.00000        0.625000E-01     0.00000        0.299493    
     0.00000        0.125000         0.00000        0.609665    
     0.00000        0.187500         0.00000        0.796918    
     0.00000        0.250000         0.00000         1.01051    
     0.00000        0.312500         0.00000         1.05484    
     0.00000        0.375000         0.00000         1.12080    
     0.00000        0.437500         0.00000         1.04777    
     0.00000        0.500000         0.00000        0.985414    
     0.00000        0.562500         0.00000        0.855966    
     0.00000        0.625000         0.00000        0.727180    
     0.00000        0.687500         0.00000        0.596077    
     0.00000        0.750000         0.00000        0.455083    
     0.00000        0.812500         0.00000        0.343024    
     0.00000        0.875000         0.00000        0.218227    
     0.00000        0.937500         0.00000        0.112568    
     0.00000         1.00000         0.00000         0.00000    
    0.625000E-01     0.00000        0.180980         0.00000    
    0.625000E-01    0.625000E-01    0.182084        0.277972    
    0.625000E-01    0.125000        0.186285        0.544931    
    0.625000E-01    0.187500        0.178301        0.751543    
    0.625000E-01    0.250000        0.161662        0.929305    
    0.625000E-01    0.312500        0.123446         1.01175    
    0.625000E-01    0.375000        0.779397E-01     1.05905    
    0.625000E-01    0.437500        0.276323E-01     1.02115    
    0.625000E-01    0.500000       -0.218081E-01    0.956965    
    0.625000E-01    0.562500       -0.609123E-01    0.849436    
    0.625000E-01    0.625000       -0.973486E-01    0.731637    
    0.625000E-01    0.687500       -0.125311        0.606956    
    0.625000E-01    0.750000       -0.155135        0.479943    
    0.625000E-01    0.812500       -0.181645        0.358850    
    0.625000E-01    0.875000       -0.208337        0.236658    
    0.625000E-01    0.937500       -0.223355        0.119128    
    0.625000E-01     1.00000       -0.229623         0.00000    
    0.125000         0.00000        0.357126         0.00000    
    0.125000        0.625000E-01    0.357358        0.245231    
    0.125000        0.125000        0.371026        0.498703    
    0.125000        0.187500        0.349103        0.679330    
    0.125000        0.250000        0.329051        0.882781    
    0.125000        0.312500        0.245572        0.941796    
    0.125000        0.375000        0.163412         1.02755    
    0.125000        0.437500        0.615454E-01    0.971797    
    0.125000        0.500000       -0.402914E-01    0.936690    
    0.125000        0.562500       -0.111565        0.830235    
    0.125000        0.625000       -0.191618        0.734012    
    0.125000        0.687500       -0.241134        0.624449    
    0.125000        0.750000       -0.308720        0.511746    
    0.125000        0.812500       -0.358494        0.395319    
    0.125000        0.875000       -0.422527        0.266870    
    0.125000        0.937500       -0.446449        0.136455    
    0.125000         1.00000       -0.465943         0.00000    
    0.187500         0.00000        0.513064         0.00000    
    0.187500        0.625000E-01    0.512854        0.192462    
    0.187500        0.125000        0.512644        0.381000    
    0.187500        0.187500        0.485916        0.546423    
    0.187500        0.250000        0.441031        0.697793    
    0.187500        0.312500        0.348687        0.790417    
    0.187500        0.375000        0.240393        0.857345    
    0.187500        0.437500        0.110608        0.855979    
    0.187500        0.500000       -0.158964E-01    0.836911    
    0.187500        0.562500       -0.129408        0.778650    
    0.187500        0.625000       -0.235325        0.717322    
    0.187500        0.687500       -0.327618        0.639018    
    0.187500        0.750000       -0.425032        0.554570    
    0.187500        0.812500       -0.513242        0.443794    
    0.187500        0.875000       -0.602947        0.314253    
    0.187500        0.937500       -0.652906        0.161388    
    0.187500         1.00000       -0.677002         0.00000    
    0.250000         0.00000        0.666061         0.00000    
    0.250000        0.625000E-01    0.657569        0.137456    
    0.250000        0.125000        0.652425        0.276523    
    0.250000        0.187500        0.605850        0.401778    
    0.250000        0.250000        0.563772        0.532177    
    0.250000        0.312500        0.441437        0.613929    
    0.250000        0.375000        0.333099        0.703518    
    0.250000        0.437500        0.168632        0.716564    
    0.250000        0.500000        0.202433E-01    0.745443    
    0.250000        0.562500       -0.125578        0.713815    
    0.250000        0.625000       -0.268448        0.702890    
    0.250000        0.687500       -0.395150        0.646237    
    0.250000        0.750000       -0.540516        0.602411    
    0.250000        0.812500       -0.659141        0.486301    
    0.250000        0.875000       -0.802798        0.367610    
    0.250000        0.937500       -0.852255        0.184114    
    0.250000         1.00000       -0.908210         0.00000    
    0.312500         0.00000        0.797616         0.00000    
    0.312500        0.625000E-01    0.782136        0.837705E-01
    0.312500        0.125000        0.752285        0.165052    
    0.312500        0.187500        0.688140        0.246306    
    0.312500        0.250000        0.608338        0.322955    
    0.312500        0.312500        0.491344        0.398114    
    0.312500        0.375000        0.365192        0.469215    
    0.312500        0.437500        0.211187        0.526819    
    0.312500        0.500000        0.583856E-01    0.580879    
    0.312500        0.562500       -0.104770        0.607933    
    0.312500        0.625000       -0.266305        0.630653    
    0.312500        0.687500       -0.432141        0.612922    
    0.312500        0.750000       -0.604906        0.579217    
    0.312500        0.812500       -0.762955        0.485909    
    0.312500        0.875000       -0.914451        0.362608    
    0.312500        0.937500       -0.998178        0.188387    
    0.312500         1.00000        -1.04581         0.00000    
    0.375000         0.00000        0.940159         0.00000    
    0.375000        0.625000E-01    0.896109        0.299912E-01
    0.375000        0.125000        0.856245        0.536643E-01
    0.375000        0.187500        0.756707        0.926413E-01
    0.375000        0.250000        0.665027        0.113006    
    0.375000        0.312500        0.525362        0.180454    
    0.375000        0.375000        0.405886        0.236406    
    0.375000        0.437500        0.242579        0.328315    
    0.375000        0.500000        0.102797        0.423746    
    0.375000        0.562500       -0.811608E-01    0.487745    
    0.375000        0.625000       -0.253448        0.569100    
    0.375000        0.687500       -0.457829        0.555906    
    0.375000        0.750000       -0.670307        0.564497    
    0.375000        0.812500       -0.851763        0.455324    
    0.375000        0.875000        -1.05407        0.361045    
    0.375000        0.937500        -1.12236        0.177635    
    0.375000         1.00000        -1.21399         0.00000    
    0.437500         0.00000         1.00983         0.00000    
    0.437500        0.625000E-01    0.969777       -0.192996E-01
    0.437500        0.125000        0.904115       -0.383963E-01
    0.437500        0.187500        0.791067       -0.430460E-01
    0.437500        0.250000        0.665315       -0.459923E-01
    0.437500        0.312500        0.522973       -0.119534E-01
    0.437500        0.375000        0.383420        0.382065E-01
    0.437500        0.437500        0.235727        0.128028    
    0.437500        0.500000        0.895995E-01    0.229523    
    0.437500        0.562500       -0.807690E-01    0.323981    
    0.437500        0.625000       -0.263802        0.406902    
    0.437500        0.687500       -0.472428        0.431198    
    0.437500        0.750000       -0.689252        0.429552    
    0.437500        0.812500       -0.886008        0.360904    
    0.437500        0.875000        -1.06269        0.271701    
    0.437500        0.937500        -1.15865        0.139948    
    0.437500         1.00000        -1.21716         0.00000    
    0.500000         0.00000         1.10319         0.00000    
    0.500000        0.625000E-01     1.02294       -0.705660E-01
    0.500000        0.125000        0.960184       -0.146068    
    0.500000        0.187500        0.805155       -0.175852    
    0.500000        0.250000        0.665471       -0.224039    
    0.500000        0.312500        0.507695       -0.189739    
    0.500000        0.375000        0.362346       -0.170691    
    0.500000        0.437500        0.218947       -0.652393E-01
    0.500000        0.500000        0.832181E-01    0.373221E-01
    0.500000        0.562500       -0.880289E-01    0.144906    
    0.500000        0.625000       -0.263200        0.260234    
    0.500000        0.687500       -0.480760        0.281234    
    0.500000        0.750000       -0.708240        0.316312    
    0.500000        0.812500       -0.897033        0.247842    
    0.500000        0.875000        -1.09570        0.197633    
    0.500000        0.937500        -1.16516        0.956825E-01
    0.500000         1.00000        -1.25516         0.00000    
    0.562500         0.00000         1.05802         0.00000    
    0.562500        0.625000E-01     1.00477       -0.111269    
    0.562500        0.125000        0.918773       -0.212197    
    0.562500        0.187500        0.776764       -0.275897    
    0.562500        0.250000        0.628692       -0.321222    
    0.562500        0.312500        0.476496       -0.318592    
    0.562500        0.375000        0.331585       -0.298475    
    0.562500        0.437500        0.192581       -0.233037    
    0.562500        0.500000        0.505729E-01   -0.155565    
    0.562500        0.562500       -0.107592       -0.638390E-01
    0.562500        0.625000       -0.283300        0.217275E-01
    0.562500        0.687500       -0.478726        0.736001E-01
    0.562500        0.750000       -0.680060        0.105978    
    0.562500        0.812500       -0.856158        0.951436E-01
    0.562500        0.875000        -1.00772        0.761225E-01
    0.562500        0.937500        -1.08854        0.385157E-01
    0.562500         1.00000        -1.13513         0.00000    
    0.625000         0.00000         1.04256         0.00000    
    0.625000        0.625000E-01    0.961078       -0.145204    
    0.625000        0.125000        0.893606       -0.289354    
    0.625000        0.187500        0.728091       -0.360344    
    0.625000        0.250000        0.584594       -0.433911    
    0.625000        0.312500        0.437942       -0.431304    
    0.625000        0.375000        0.297871       -0.441932    
    0.625000        0.437500        0.170441       -0.393316    
    0.625000        0.500000        0.315414E-01   -0.354887    
    0.625000        0.562500       -0.118596       -0.279095    
    0.625000        0.625000       -0.288497       -0.206389    
    0.625000        0.687500       -0.463962       -0.145231    
    0.625000        0.750000       -0.654488       -0.844829E-01
    0.625000        0.812500       -0.796095       -0.594958E-01
    0.625000        0.875000       -0.939673       -0.312600E-01
    0.625000        0.937500       -0.992494       -0.163080E-01
    0.625000         1.00000        -1.04865         0.00000    
    0.687500         0.00000        0.891130         0.00000    
    0.687500        0.625000E-01    0.847122       -0.158037    
    0.687500        0.125000        0.767783       -0.300764    
    0.687500        0.187500        0.639708       -0.399961    
    0.687500        0.250000        0.514789       -0.471727    
    0.687500        0.312500        0.391693       -0.503630    
    0.687500        0.375000        0.275079       -0.526534    
    0.687500        0.437500        0.157629       -0.524978    
    0.687500        0.500000        0.293745E-01   -0.518956    
    0.687500        0.562500       -0.112056       -0.483085    
    0.687500        0.625000       -0.267351       -0.439098    
    0.687500        0.687500       -0.423032       -0.371030    
    0.687500        0.750000       -0.576397       -0.299585    
    0.687500        0.812500       -0.698597       -0.223066    
    0.687500        0.875000       -0.799489       -0.148049    
    0.687500        0.937500       -0.850603       -0.739393E-01
    0.687500         1.00000       -0.876648         0.00000    
    0.750000         0.00000        0.768426         0.00000    
    0.750000        0.625000E-01    0.717565       -0.158819    
    0.750000        0.125000        0.664344       -0.312746    
    0.750000        0.187500        0.541450       -0.417895    
    0.750000        0.250000        0.440141       -0.513392    
    0.750000        0.312500        0.337694       -0.563703    
    0.750000        0.375000        0.245244       -0.620089    
    0.750000        0.437500        0.144429       -0.648852    
    0.750000        0.500000        0.333150E-01   -0.692074    
    0.750000        0.562500       -0.942380E-01   -0.673434    
    0.750000        0.625000       -0.238299       -0.671573    
    0.750000        0.687500       -0.367025       -0.581743    
    0.750000        0.750000       -0.505093       -0.509591    
    0.750000        0.812500       -0.590926       -0.378411    
    0.750000        0.875000       -0.675289       -0.262925    
    0.750000        0.937500       -0.703063       -0.128553    
    0.750000         1.00000       -0.729119         0.00000    
    0.812500         0.00000        0.571055         0.00000    
    0.812500        0.625000E-01    0.547629       -0.146694    
    0.812500        0.125000        0.497395       -0.286384    
    0.812500        0.187500        0.416873       -0.407718    
    0.812500        0.250000        0.342071       -0.513856    
    0.812500        0.312500        0.269472       -0.599059    
    0.812500        0.375000        0.201400       -0.678639    
    0.812500        0.437500        0.124076       -0.740680    
    0.812500        0.500000        0.360345E-01   -0.796569    
    0.812500        0.562500       -0.668017E-01   -0.810976    
    0.812500        0.625000       -0.178414       -0.807049    
    0.812500        0.687500       -0.285017       -0.737984    
    0.812500        0.750000       -0.385035       -0.647155    
    0.812500        0.812500       -0.456444       -0.503667    
    0.812500        0.875000       -0.511197       -0.349976    
    0.812500        0.937500       -0.535562       -0.175913    
    0.812500         1.00000       -0.547565         0.00000    
    0.875000         0.00000        0.392629         0.00000    
    0.875000        0.625000E-01    0.373471       -0.133208    
    0.875000        0.125000        0.346468       -0.263295    
    0.875000        0.187500        0.287998       -0.392387    
    0.875000        0.250000        0.241217       -0.515914    
    0.875000        0.312500        0.190940       -0.626487    
    0.875000        0.375000        0.150225       -0.738767    
    0.875000        0.437500        0.937713E-01   -0.818546    
    0.875000        0.500000        0.359408E-01   -0.911768    
    0.875000        0.562500       -0.408314E-01   -0.925227    
    0.875000        0.625000       -0.122100       -0.959001    
    0.875000        0.687500       -0.196396       -0.866279    
    0.875000        0.750000       -0.272368       -0.795808    
    0.875000        0.812500       -0.315137       -0.608838    
    0.875000        0.875000       -0.356142       -0.440721    
    0.875000        0.937500       -0.365634       -0.216670    
    0.875000         1.00000       -0.377867         0.00000    
    0.937500         0.00000        0.193120         0.00000    
    0.937500        0.625000E-01    0.186656       -0.123910    
    0.937500        0.125000        0.170802       -0.248761    
    0.937500        0.187500        0.145518       -0.378680    
    0.937500        0.250000        0.121665       -0.509367    
    0.937500        0.312500        0.980608E-01   -0.636545    
    0.937500        0.375000        0.762706E-01   -0.757461    
    0.937500        0.437500        0.490683E-01   -0.855754    
    0.937500        0.500000        0.182107E-01   -0.941090    
    0.937500        0.562500       -0.196078E-01   -0.976541    
    0.937500        0.625000       -0.597432E-01   -0.987767    
    0.937500        0.687500       -0.984287E-01   -0.922801    
    0.937500        0.750000       -0.134008       -0.828302    
    0.937500        0.812500       -0.158396       -0.659557    
    0.937500        0.875000       -0.176421       -0.469966    
    0.937500        0.937500       -0.183624       -0.238431    
    0.937500         1.00000       -0.187613         0.00000    
     1.00000         0.00000         0.00000         0.00000    
     1.00000        0.625000E-01     0.00000       -0.120609    
     1.00000        0.125000         0.00000       -0.239208    
     1.00000        0.187500         0.00000       -0.372956    
     1.00000        0.250000         0.00000       -0.504069    
     1.00000        0.312500         0.00000       -0.639799    
     1.00000        0.375000         0.00000       -0.776049    
     1.00000        0.437500         0.00000       -0.873716    
     1.00000        0.500000         0.00000       -0.982528    
     1.00000        0.562500         0.00000        -1.00589    
     1.00000        0.625000         0.00000        -1.04457    
     1.00000        0.687500         0.00000       -0.958058    
     1.00000        0.750000         0.00000       -0.888191    
     1.00000        0.812500         0.00000       -0.691241    
     1.00000        0.875000         0.00000       -0.512062    
     1.00000        0.937500         0.00000       -0.252255    
     1.00000         1.00000         0.00000         0.00000    
