     0.00000         0.00000         0.00000         0.00000    
     0.00000        0.625000E-01     0.00000        0.230430    
     0.00000        0.125000         0.00000        0.464214    
     0.00000        0.187500         0.00000        0.626790    
     0.00000        0.250000         0.00000        0.800139    
     0.00000        0.312500         0.00000        0.872210    
     0.00000        0.375000         0.00000        0.957298    
     0.00000        0.437500         0.00000        0.944560    
     0.00000        0.500000         0.00000        0.944075    
     0.00000        0.562500         0.00000        0.868013    
     0.00000        0.625000         0.00000        0.801208    
     0.00000        0.687500         0.00000        0.684750    
     0.00000        0.750000         0.00000        0.572664    
     0.00000        0.812500         0.00000        0.433634    
     0.00000        0.875000         0.00000        0.296055    
     0.00000        0.937500         0.00000        0.147845    
     0.00000         1.00000         0.00000         0.00000    
    0.625000E-01     0.00000        0.185773         0.00000    
    0.625000E-01    0.625000E-01    0.181923        0.217799    
    0.625000E-01    0.125000        0.176690        0.427041    
    0.625000E-01    0.187500        0.160781        0.597842    
    0.625000E-01    0.250000        0.138850        0.748327    
    0.625000E-01    0.312500        0.105301        0.839916    
    0.625000E-01    0.375000        0.683888E-01    0.908206    
    0.625000E-01    0.437500        0.288676E-01    0.917864    
    0.625000E-01    0.500000       -0.953868E-02    0.907151    
    0.625000E-01    0.562500       -0.438181E-01    0.850826    
    0.625000E-01    0.625000       -0.761731E-01    0.779452    
    0.625000E-01    0.687500       -0.103586        0.676952    
    0.625000E-01    0.750000       -0.131006        0.563952    
    0.625000E-01    0.812500       -0.153590        0.431731    
    0.625000E-01    0.875000       -0.174748        0.294028    
    0.625000E-01    0.937500       -0.185934        0.147840    
    0.625000E-01     1.00000       -0.190769         0.00000    
    0.125000         0.00000        0.371460         0.00000    
    0.125000        0.625000E-01    0.358047        0.197475    
    0.125000        0.125000        0.353645        0.397709    
    0.125000        0.187500        0.316878        0.549425    
    0.125000        0.250000        0.279802        0.711095    
    0.125000        0.312500        0.208836        0.784922    
    0.125000        0.375000        0.139114        0.873922    
    0.125000        0.437500        0.588492E-01    0.869456    
    0.125000        0.500000       -0.177693E-01    0.879542    
    0.125000        0.562500       -0.846690E-01    0.816930    
    0.125000        0.625000       -0.151534        0.764253    
    0.125000        0.687500       -0.203776        0.661792    
    0.125000        0.750000       -0.262837        0.563597    
    0.125000        0.812500       -0.303919        0.430856    
    0.125000        0.875000       -0.352790        0.299130    
    0.125000        0.937500       -0.368772        0.149368    
    0.125000         1.00000       -0.384264         0.00000    
    0.187500         0.00000        0.520888         0.00000    
    0.187500        0.625000E-01    0.511132        0.162798    
    0.187500        0.125000        0.495118        0.321323    
    0.187500        0.187500        0.450618        0.460752    
    0.187500        0.250000        0.390839        0.588346    
    0.187500        0.312500        0.300699        0.675968    
    0.187500        0.375000        0.201442        0.746348    
    0.187500        0.437500        0.917498E-01    0.768993    
    0.187500        0.500000       -0.148885E-01    0.775922    
    0.187500        0.562500       -0.114327        0.742316    
    0.187500        0.625000       -0.207969        0.696797    
    0.187500        0.687500       -0.290249        0.619833    
    0.187500        0.750000       -0.371192        0.531350    
    0.187500        0.812500       -0.437704        0.416221    
    0.187500        0.875000       -0.500204        0.289547    
    0.187500        0.937500       -0.533396        0.146747    
    0.187500         1.00000       -0.550036         0.00000    
    0.250000         0.00000        0.672057         0.00000    
    0.250000        0.625000E-01    0.649378        0.124552    
    0.250000        0.125000        0.635957        0.250781    
    0.250000        0.187500        0.569889        0.361133    
    0.250000        0.250000        0.506004        0.476359    
    0.250000        0.312500        0.385901        0.549932    
    0.250000        0.375000        0.271382        0.630677    
    0.250000        0.437500        0.128450        0.650981    
    0.250000        0.500000       -0.554159E-02    0.681751    
    0.250000        0.562500       -0.135140        0.652737    
    0.250000        0.625000       -0.261837        0.634809    
    0.250000        0.687500       -0.368579        0.564960    
    0.250000        0.750000       -0.484095        0.501791    
    0.250000        0.812500       -0.564206        0.391304    
    0.250000        0.875000       -0.658082        0.281365    
    0.250000        0.937500       -0.687837        0.140434    
    0.250000         1.00000       -0.723529         0.00000    
    0.312500         0.00000        0.768263         0.00000    
    0.312500        0.625000E-01    0.751517        0.839410E-01
    0.312500        0.125000        0.721622        0.166741    
    0.312500        0.187500        0.653124        0.247592    
    0.312500        0.250000        0.567541        0.325160    
    0.312500        0.312500        0.445580        0.393062    
    0.312500        0.375000        0.312416        0.454275    
    0.312500        0.437500        0.159951        0.494187    
    0.312500        0.500000        0.752109E-02    0.525233    
    0.312500        0.562500       -0.144072        0.526481    
    0.312500        0.625000       -0.290570        0.517782    
    0.312500        0.687500       -0.424631        0.476518    
    0.312500        0.750000       -0.554095        0.423137    
    0.312500        0.812500       -0.658596        0.338712    
    0.312500        0.875000       -0.753137        0.241340    
    0.312500        0.937500       -0.802921        0.123320    
    0.312500         1.00000       -0.831219         0.00000    
    0.375000         0.00000        0.870545         0.00000    
    0.375000        0.625000E-01    0.835305        0.434647E-01
    0.375000        0.125000        0.809773        0.850483E-01
    0.375000        0.187500        0.719763        0.134250    
    0.375000        0.250000        0.636384        0.177535    
    0.375000        0.312500        0.494506        0.231950    
    0.375000        0.375000        0.360903        0.283048    
    0.375000        0.437500        0.189050        0.328447    
    0.375000        0.500000        0.253173E-01    0.376800    
    0.375000        0.562500       -0.147215        0.388465    
    0.375000        0.625000       -0.317696        0.408099    
    0.375000        0.687500       -0.469903        0.372990    
    0.375000        0.750000       -0.629605        0.346809    
    0.375000        0.812500       -0.739151        0.270571    
    0.375000        0.875000       -0.862488        0.200383    
    0.375000        0.937500       -0.900601        0.992764E-01
    0.375000         1.00000       -0.951242         0.00000    
    0.437500         0.00000        0.900005         0.00000    
    0.437500        0.625000E-01    0.874846        0.676027E-02
    0.437500        0.125000        0.832652        0.143016E-01
    0.437500        0.187500        0.747369        0.290065E-01
    0.437500        0.250000        0.646762        0.446801E-01
    0.437500        0.312500        0.512767        0.740421E-01
    0.437500        0.375000        0.368323        0.107469    
    0.437500        0.437500        0.202206        0.149645    
    0.437500        0.500000        0.312996E-01    0.191827    
    0.437500        0.562500       -0.146240        0.221663    
    0.437500        0.625000       -0.323599        0.242851    
    0.437500        0.687500       -0.490042        0.235835    
    0.437500        0.750000       -0.649375        0.218168    
    0.437500        0.812500       -0.775984        0.175731    
    0.437500        0.875000       -0.885908        0.127139    
    0.437500        0.937500       -0.942578        0.650057E-01
    0.437500         1.00000       -0.975874         0.00000    
    0.500000         0.00000        0.941846         0.00000    
    0.500000        0.625000E-01    0.895875       -0.290646E-01
    0.500000        0.125000        0.863743       -0.604020E-01
    0.500000        0.187500        0.758395       -0.728460E-01
    0.500000        0.250000        0.664700       -0.939747E-01
    0.500000        0.312500        0.519436       -0.786902E-01
    0.500000        0.375000        0.380834       -0.706538E-01
    0.500000        0.437500        0.209098       -0.290341E-01
    0.500000        0.500000        0.384029E-01    0.100223E-01
    0.500000        0.562500       -0.144072        0.469184E-01
    0.500000        0.625000       -0.331234        0.849149E-01
    0.500000        0.687500       -0.499363        0.881867E-01
    0.500000        0.750000       -0.675555        0.965987E-01
    0.500000        0.812500       -0.794509        0.735313E-01
    0.500000        0.875000       -0.922461        0.574924E-01
    0.500000        0.937500       -0.962976        0.279778E-01
    0.500000         1.00000        -1.01456         0.00000    
    0.562500         0.00000        0.896294         0.00000    
    0.562500        0.625000E-01    0.866949       -0.595922E-01
    0.562500        0.125000        0.819816       -0.115933    
    0.562500        0.187500        0.729757       -0.159128    
    0.562500        0.250000        0.628347       -0.196219    
    0.562500        0.312500        0.498757       -0.210669    
    0.562500        0.375000        0.360054       -0.216435    
    0.562500        0.437500        0.202335       -0.198038    
    0.562500        0.500000        0.362622E-01   -0.173412    
    0.562500        0.562500       -0.138140       -0.138711    
    0.562500        0.625000       -0.316238       -0.105360    
    0.562500        0.687500       -0.483581       -0.786151E-01
    0.562500        0.750000       -0.643407       -0.557763E-01
    0.562500        0.812500       -0.768360       -0.408719E-01
    0.562500        0.875000       -0.873615       -0.257155E-01
    0.562500        0.937500       -0.926547       -0.128909E-01
    0.562500         1.00000       -0.956043         0.00000    
    0.625000         0.00000        0.866788         0.00000    
    0.625000        0.625000E-01    0.821169       -0.874910E-01
    0.625000        0.125000        0.789743       -0.175672    
    0.625000        0.187500        0.686402       -0.239457    
    0.625000        0.250000        0.598211       -0.306717    
    0.625000        0.312500        0.467615       -0.335222    
    0.625000        0.375000        0.341902       -0.370359    
    0.625000        0.437500        0.191037       -0.361677    
    0.625000        0.500000        0.343973E-01   -0.360065    
    0.625000        0.562500       -0.130303       -0.323818    
    0.625000        0.625000       -0.305445       -0.293106    
    0.625000        0.687500       -0.458400       -0.246808    
    0.625000        0.750000       -0.619851       -0.203439    
    0.625000        0.812500       -0.725536       -0.154561    
    0.625000        0.875000       -0.835278       -0.106009    
    0.625000        0.937500       -0.870618       -0.527576E-01
    0.625000         1.00000       -0.911811         0.00000    
    0.687500         0.00000        0.753638         0.00000    
    0.687500        0.625000E-01    0.728283       -0.108309    
    0.687500        0.125000        0.686001       -0.212397    
    0.687500        0.187500        0.606755       -0.301177    
    0.687500        0.250000        0.521190       -0.380108    
    0.687500        0.312500        0.414261       -0.435855    
    0.687500        0.375000        0.301008       -0.482470    
    0.687500        0.437500        0.171793       -0.501833    
    0.687500        0.500000        0.327600E-01   -0.511921    
    0.687500        0.562500       -0.114660       -0.491900    
    0.687500        0.625000       -0.267087       -0.462166    
    0.687500        0.687500       -0.408861       -0.406569    
    0.687500        0.750000       -0.543038       -0.343555    
    0.687500        0.812500       -0.644952       -0.264543    
    0.687500        0.875000       -0.728787       -0.181616    
    0.687500        0.937500       -0.769506       -0.915261E-01
    0.687500         1.00000       -0.791041         0.00000    
    0.750000         0.00000        0.655481         0.00000    
    0.750000        0.625000E-01    0.622433       -0.125174    
    0.750000        0.125000        0.597765       -0.250420    
    0.750000        0.187500        0.517031       -0.354264    
    0.750000        0.250000        0.450353       -0.458327    
    0.750000        0.312500        0.352878       -0.528084    
    0.750000        0.375000        0.260778       -0.603361    
    0.750000        0.437500        0.148284       -0.632918    
    0.750000        0.500000        0.294773E-01   -0.672236    
    0.750000        0.562500       -0.971489E-01   -0.648643    
    0.750000        0.625000       -0.233689       -0.636351    
    0.750000        0.687500       -0.351122       -0.556240    
    0.750000        0.750000       -0.474348       -0.487216    
    0.750000        0.812500       -0.551552       -0.368960    
    0.750000        0.875000       -0.630255       -0.259613    
    0.750000        0.937500       -0.654097       -0.128254    
    0.750000         1.00000       -0.682612         0.00000    
    0.812500         0.00000        0.497539         0.00000    
    0.812500        0.625000E-01    0.482215       -0.135522    
    0.812500        0.125000        0.453897       -0.268688    
    0.812500        0.187500        0.400256       -0.389898    
    0.812500        0.250000        0.343915       -0.503584    
    0.812500        0.312500        0.274341       -0.595724    
    0.812500        0.375000        0.201760       -0.678502    
    0.812500        0.437500        0.117273       -0.730365    
    0.812500        0.500000        0.252970E-01   -0.769081    
    0.812500        0.562500       -0.740492E-01   -0.763977    
    0.812500        0.625000       -0.177430       -0.741077    
    0.812500        0.687500       -0.273345       -0.668673    
    0.812500        0.750000       -0.363078       -0.579313    
    0.812500        0.812500       -0.429179       -0.451606    
    0.812500        0.875000       -0.482239       -0.314122    
    0.812500        0.937500       -0.507119       -0.158666    
    0.812500         1.00000       -0.520861         0.00000    
    0.875000         0.00000        0.348801         0.00000    
    0.875000        0.625000E-01    0.333923       -0.143627    
    0.875000        0.125000        0.321196       -0.289286    
    0.875000        0.187500        0.277779       -0.418565    
    0.875000        0.250000        0.242552       -0.552777    
    0.875000        0.312500        0.190486       -0.652834    
    0.875000        0.375000        0.142856       -0.760896    
    0.875000        0.437500        0.821490E-01   -0.813509    
    0.875000        0.500000        0.189719E-01   -0.877690    
    0.875000        0.562500       -0.507697E-01   -0.861733    
    0.875000        0.625000       -0.125008       -0.859274    
    0.875000        0.687500       -0.189761       -0.764014    
    0.875000        0.750000       -0.256704       -0.681852    
    0.875000        0.812500       -0.297741       -0.522924    
    0.875000        0.875000       -0.339343       -0.373561    
    0.875000        0.937500       -0.351113       -0.185244    
    0.875000         1.00000       -0.367819         0.00000    
    0.937500         0.00000        0.172813         0.00000    
    0.937500        0.625000E-01    0.168376       -0.146484    
    0.937500        0.125000        0.158868       -0.292526    
    0.937500        0.187500        0.140257       -0.430643    
    0.937500        0.250000        0.120664       -0.565254    
    0.937500        0.312500        0.962759E-01   -0.679648    
    0.937500        0.375000        0.712448E-01   -0.784302    
    0.937500        0.437500        0.414860E-01   -0.853486    
    0.937500        0.500000        0.938092E-02   -0.906291    
    0.937500        0.562500       -0.257407E-01   -0.908364    
    0.937500        0.625000       -0.620218E-01   -0.888528    
    0.937500        0.687500       -0.958150E-01   -0.810176    
    0.937500        0.750000       -0.127299       -0.709981    
    0.937500        0.812500       -0.150248       -0.559532    
    0.937500        0.875000       -0.168553       -0.393859    
    0.937500        0.937500       -0.177176       -0.199726    
    0.937500         1.00000       -0.182498         0.00000    
     1.00000         0.00000         0.00000         0.00000    
     1.00000        0.625000E-01     0.00000       -0.148162    
     1.00000        0.125000         0.00000       -0.298964    
     1.00000        0.187500         0.00000       -0.437226    
     1.00000        0.250000         0.00000       -0.582164    
     1.00000        0.312500         0.00000       -0.693335    
     1.00000        0.375000         0.00000       -0.814531    
     1.00000        0.437500         0.00000       -0.874955    
     1.00000        0.500000         0.00000       -0.947824    
     1.00000        0.562500         0.00000       -0.935443    
     1.00000        0.625000         0.00000       -0.935248    
     1.00000        0.687500         0.00000       -0.838216    
     1.00000        0.750000         0.00000       -0.752496    
     1.00000        0.812500         0.00000       -0.581887    
     1.00000        0.875000         0.00000       -0.421147    
     1.00000        0.937500         0.00000       -0.208824    
     1.00000         1.00000         0.00000         0.00000    
