     0.00000         0.00000         0.00000         0.00000    
     0.00000        0.625000E-01     0.00000         0.00000    
     0.00000        0.125000         0.00000         0.00000    
     0.00000        0.187500         0.00000         0.00000    
     0.00000        0.250000         0.00000         0.00000    
     0.00000        0.312500         0.00000         0.00000    
     0.00000        0.375000         0.00000         0.00000    
     0.00000        0.437500         0.00000         0.00000    
     0.00000        0.500000         0.00000         0.00000    
     0.00000        0.562500         0.00000         0.00000    
     0.00000        0.625000         0.00000         0.00000    
     0.00000        0.687500         0.00000         0.00000    
     0.00000        0.750000         0.00000         0.00000    
     0.00000        0.812500         0.00000         0.00000    
     0.00000        0.875000         0.00000         0.00000    
     0.00000        0.937500         0.00000         0.00000    
     0.00000         1.00000         0.00000         0.00000    
    0.625000E-01     0.00000         0.00000         0.00000    
    0.625000E-01    0.625000E-01   -0.100578        0.752051E-01
    0.625000E-01    0.125000       -0.254020E-01    0.825363E-01
    0.625000E-01    0.187500        0.570596E-01    0.794762E-01
    0.625000E-01    0.250000        0.971695E-01   -0.331592E-01
    0.625000E-01    0.312500        0.102544       -0.204989    
    0.625000E-01    0.375000        0.693876E-01   -0.331335    
    0.625000E-01    0.437500        0.297176E-01   -0.414733    
    0.625000E-01    0.500000       -0.185650E-01   -0.423368    
    0.625000E-01    0.562500       -0.553412E-01   -0.367247    
    0.625000E-01    0.625000       -0.751140E-01   -0.259173    
    0.625000E-01    0.687500       -0.841909E-01   -0.127295    
    0.625000E-01    0.750000       -0.603893E-01   -0.123275E-01
    0.625000E-01    0.812500       -0.277186E-01    0.791189E-01
    0.625000E-01    0.875000        0.997686E-02    0.780923E-01
    0.625000E-01    0.937500        0.380570E-01    0.380570E-01
    0.625000E-01     1.00000         0.00000         0.00000    
    0.125000         0.00000         0.00000         0.00000    
    0.125000        0.625000E-01   -0.571635E-01   -0.287368E-01
    0.125000        0.125000        0.518074E-01   -0.123393    
    0.125000        0.187500        0.205747       -0.218647    
    0.125000        0.250000        0.237274       -0.349337    
    0.125000        0.312500        0.228698       -0.467185    
    0.125000        0.375000        0.147594       -0.562519    
    0.125000        0.437500        0.307395E-01   -0.590487    
    0.125000        0.500000       -0.622737E-01   -0.574209    
    0.125000        0.562500       -0.148926       -0.489024    
    0.125000        0.625000       -0.199388       -0.366993    
    0.125000        0.687500       -0.197038       -0.218762    
    0.125000        0.750000       -0.158654       -0.933943E-01
    0.125000        0.812500       -0.641456E-01    0.621132E-02
    0.125000        0.875000        0.292663E-01    0.312987E-01
    0.125000        0.937500        0.888621E-01    0.205660E-01
    0.125000         1.00000         0.00000         0.00000    
    0.187500         0.00000         0.00000         0.00000    
    0.187500        0.625000E-01    0.527955E-01   -0.139419    
    0.187500        0.125000        0.207454       -0.411686    
    0.187500        0.187500        0.295260       -0.580194    
    0.187500        0.250000        0.316116       -0.698593    
    0.187500        0.312500        0.282738       -0.725932    
    0.187500        0.375000        0.181196       -0.699052    
    0.187500        0.437500        0.372875E-01   -0.648017    
    0.187500        0.500000       -0.107615       -0.579413    
    0.187500        0.562500       -0.238228       -0.502113    
    0.187500        0.625000       -0.330353       -0.404880    
    0.187500        0.687500       -0.342614       -0.306366    
    0.187500        0.750000       -0.288402       -0.222155    
    0.187500        0.812500       -0.156579       -0.125436    
    0.187500        0.875000       -0.108163E-01   -0.732639E-01
    0.187500        0.937500        0.925286E-01   -0.139478E-01
    0.187500         1.00000         0.00000         0.00000    
    0.250000         0.00000         0.00000         0.00000    
    0.250000        0.625000E-01    0.322836       -0.171553    
    0.250000        0.125000        0.463579       -0.476077    
    0.250000        0.187500        0.426319       -0.713011    
    0.250000        0.250000        0.344231       -0.792383    
    0.250000        0.312500        0.210098       -0.767041    
    0.250000        0.375000        0.939599E-01   -0.678462    
    0.250000        0.437500       -0.523689E-01   -0.581644    
    0.250000        0.500000       -0.178386       -0.509152    
    0.250000        0.562500       -0.305067       -0.462148    
    0.250000        0.625000       -0.392134       -0.415829    
    0.250000        0.687500       -0.419468       -0.374350    
    0.250000        0.750000       -0.365922       -0.331702    
    0.250000        0.812500       -0.256826       -0.249195    
    0.250000        0.875000       -0.970333E-01   -0.155767    
    0.250000        0.937500        0.616318E-02   -0.440849E-01
    0.250000         1.00000         0.00000         0.00000    
    0.312500         0.00000         0.00000         0.00000    
    0.312500        0.625000E-01    0.642127       -0.144487    
    0.312500        0.125000        0.758106       -0.398284    
    0.312500        0.187500        0.596344       -0.579521    
    0.312500        0.250000        0.378845       -0.648485    
    0.312500        0.312500        0.170628       -0.615700    
    0.312500        0.375000        0.901497E-02   -0.531225    
    0.312500        0.437500       -0.117922       -0.452571    
    0.312500        0.500000       -0.225402       -0.387350    
    0.312500        0.562500       -0.325474       -0.376138    
    0.312500        0.625000       -0.406182       -0.378253    
    0.312500        0.687500       -0.436399       -0.385564    
    0.312500        0.750000       -0.402606       -0.398127    
    0.312500        0.812500       -0.313043       -0.323370    
    0.312500        0.875000       -0.198129       -0.223772    
    0.312500        0.937500       -0.810825E-01   -0.809287E-01
    0.312500         1.00000         0.00000         0.00000    
    0.375000         0.00000         0.00000         0.00000    
    0.375000        0.625000E-01    0.758801       -0.122204E-01
    0.375000        0.125000        0.899876       -0.149431    
    0.375000        0.187500        0.675212       -0.237930    
    0.375000        0.250000        0.399928       -0.296049    
    0.375000        0.312500        0.134719       -0.321901    
    0.375000        0.375000       -0.491979E-01   -0.310255    
    0.375000        0.437500       -0.177341       -0.285249    
    0.375000        0.500000       -0.260725       -0.263893    
    0.375000        0.562500       -0.333993       -0.260822    
    0.375000        0.625000       -0.394975       -0.280718    
    0.375000        0.687500       -0.447214       -0.314011    
    0.375000        0.750000       -0.430318       -0.329885    
    0.375000        0.812500       -0.406251       -0.300690    
    0.375000        0.875000       -0.337378       -0.191658    
    0.375000        0.937500       -0.233268       -0.761305E-01
    0.375000         1.00000         0.00000         0.00000    
    0.437500         0.00000         0.00000         0.00000    
    0.437500        0.625000E-01    0.800604        0.392612E-01
    0.437500        0.125000        0.928474        0.871826E-01
    0.437500        0.187500        0.737405        0.129948    
    0.437500        0.250000        0.448877        0.111536    
    0.437500        0.312500        0.191627        0.157059E-01
    0.437500        0.375000       -0.380804E-01   -0.666710E-01
    0.437500        0.437500       -0.180174       -0.114264    
    0.437500        0.500000       -0.263678       -0.132371    
    0.437500        0.562500       -0.318803       -0.138537    
    0.437500        0.625000       -0.357464       -0.140210    
    0.437500        0.687500       -0.402774       -0.167075    
    0.437500        0.750000       -0.411432       -0.178126    
    0.437500        0.812500       -0.428127       -0.160224    
    0.437500        0.875000       -0.421251       -0.975727E-01
    0.437500        0.937500       -0.333527       -0.349139E-01
    0.437500         1.00000         0.00000         0.00000    
    0.500000         0.00000         0.00000         0.00000    
    0.500000        0.625000E-01    0.642807        0.154261    
    0.500000        0.125000        0.820355        0.320294    
    0.500000        0.187500        0.768671        0.446871    
    0.500000        0.250000        0.556569        0.417531    
    0.500000        0.312500        0.330471        0.275025    
    0.500000        0.375000        0.704619E-01    0.141278    
    0.500000        0.437500       -0.124545        0.434072E-01
    0.500000        0.500000       -0.250397        0.368252E-02
    0.500000        0.562500       -0.313937       -0.147593E-02
    0.500000        0.625000       -0.356532        0.504096E-02
    0.500000        0.687500       -0.382857       -0.829000E-03
    0.500000        0.750000       -0.407926       -0.111671E-02
    0.500000        0.812500       -0.435758       -0.245158E-01
    0.500000        0.875000       -0.459711       -0.711446E-02
    0.500000        0.937500       -0.358870       -0.289694E-01
    0.500000         1.00000         0.00000         0.00000    
    0.562500         0.00000         0.00000         0.00000    
    0.562500        0.625000E-01    0.362274        0.173584    
    0.562500        0.125000        0.575243        0.458454    
    0.562500        0.187500        0.700387        0.622644    
    0.562500        0.250000        0.618471        0.636253    
    0.562500        0.312500        0.445725        0.483882    
    0.562500        0.375000        0.185321        0.328007    
    0.562500        0.437500       -0.503013E-01    0.230738    
    0.562500        0.500000       -0.225745        0.157942    
    0.562500        0.562500       -0.321324        0.135890    
    0.562500        0.625000       -0.371226        0.152338    
    0.562500        0.687500       -0.392621        0.152152    
    0.562500        0.750000       -0.404735        0.178020    
    0.562500        0.812500       -0.426620        0.146801    
    0.562500        0.875000       -0.440819        0.116123    
    0.562500        0.937500       -0.350355        0.479955E-01
    0.562500         1.00000         0.00000         0.00000    
    0.625000         0.00000         0.00000         0.00000    
    0.625000        0.625000E-01    0.101317        0.167549    
    0.625000        0.125000        0.360074        0.475452    
    0.625000        0.187500        0.676526        0.676864    
    0.625000        0.250000        0.696384        0.702847    
    0.625000        0.312500        0.561336        0.617840    
    0.625000        0.375000        0.310149        0.512779    
    0.625000        0.437500        0.435508E-01    0.429793    
    0.625000        0.500000       -0.160061        0.343393    
    0.625000        0.562500       -0.289760        0.277054    
    0.625000        0.625000       -0.370250        0.256952    
    0.625000        0.687500       -0.389880        0.234293    
    0.625000        0.750000       -0.397461        0.243555    
    0.625000        0.812500       -0.379482        0.193971    
    0.625000        0.875000       -0.364952        0.138407    
    0.625000        0.937500       -0.256936        0.296870E-01
    0.625000         1.00000         0.00000         0.00000    
    0.687500         0.00000         0.00000         0.00000    
    0.687500        0.625000E-01   -0.238844        0.134797    
    0.687500        0.125000        0.854523E-01    0.432091    
    0.687500        0.187500        0.522050        0.573675    
    0.687500        0.250000        0.689975        0.645106    
    0.687500        0.312500        0.601300        0.657906    
    0.687500        0.375000        0.390101        0.615404    
    0.687500        0.437500        0.133731        0.584267    
    0.687500        0.500000       -0.877205E-01    0.508200    
    0.687500        0.562500       -0.234537        0.427205    
    0.687500        0.625000       -0.351954        0.363496    
    0.687500        0.687500       -0.381448        0.314292    
    0.687500        0.750000       -0.380911        0.290607    
    0.687500        0.812500       -0.335250        0.230944    
    0.687500        0.875000       -0.277795        0.163199    
    0.687500        0.937500       -0.169503        0.592948E-01
    0.687500         1.00000         0.00000         0.00000    
    0.750000         0.00000         0.00000         0.00000    
    0.750000        0.625000E-01   -0.373134        0.396821E-01
    0.750000        0.125000       -0.834712E-01    0.211266    
    0.750000        0.187500        0.399014        0.348153    
    0.750000        0.250000        0.601828        0.464322    
    0.750000        0.312500        0.557717        0.582170    
    0.750000        0.375000        0.392664        0.623308    
    0.750000        0.437500        0.181847        0.647623    
    0.750000        0.500000       -0.746996E-02    0.597825    
    0.750000        0.562500       -0.132570        0.525537    
    0.750000        0.625000       -0.254231        0.433312    
    0.750000        0.687500       -0.289894        0.337677    
    0.750000        0.750000       -0.307377        0.270665    
    0.750000        0.812500       -0.251581        0.180843    
    0.750000        0.875000       -0.183530        0.114600    
    0.750000        0.937500       -0.873634E-01    0.308351E-01
    0.750000         1.00000         0.00000         0.00000    
    0.812500         0.00000         0.00000         0.00000    
    0.812500        0.625000E-01   -0.438556       -0.507719E-01
    0.812500        0.125000       -0.162612       -0.559522E-02
    0.812500        0.187500        0.241428        0.415135E-01
    0.812500        0.250000        0.473839        0.181112    
    0.812500        0.312500        0.457401        0.378286    
    0.812500        0.375000        0.326647        0.494643    
    0.812500        0.437500        0.163096        0.567779    
    0.812500        0.500000        0.214843E-01    0.575080    
    0.812500        0.562500       -0.825423E-01    0.528627    
    0.812500        0.625000       -0.177235        0.450516    
    0.812500        0.687500       -0.219891        0.346977    
    0.812500        0.750000       -0.239937        0.249976    
    0.812500        0.812500       -0.192071        0.150369    
    0.812500        0.875000       -0.115985        0.817112E-01
    0.812500        0.937500       -0.324178E-01    0.224927E-01
    0.812500         1.00000         0.00000         0.00000    
    0.875000         0.00000         0.00000         0.00000    
    0.875000        0.625000E-01   -0.331216       -0.102230    
    0.875000        0.125000       -0.165372       -0.217645    
    0.875000        0.187500        0.830269E-01   -0.237149    
    0.875000        0.250000        0.254659       -0.831231E-01
    0.875000        0.312500        0.276438        0.136191    
    0.875000        0.375000        0.208772        0.304733    
    0.875000        0.437500        0.129414        0.406586    
    0.875000        0.500000        0.434319E-01    0.451846    
    0.875000        0.562500        0.152009E-02    0.435678    
    0.875000        0.625000       -0.707386E-01    0.383719    
    0.875000        0.687500       -0.945504E-01    0.294140    
    0.875000        0.750000       -0.125542        0.196963    
    0.875000        0.812500       -0.103475        0.102228    
    0.875000        0.875000       -0.562015E-01    0.420846E-01
    0.875000        0.937500       -0.104883E-01    0.826344E-02
    0.875000         1.00000         0.00000         0.00000    
    0.937500         0.00000         0.00000         0.00000    
    0.937500        0.625000E-01   -0.119307       -0.119307    
    0.937500        0.125000       -0.425170E-01   -0.275926    
    0.937500        0.187500        0.408102E-01   -0.338129    
    0.937500        0.250000        0.919810E-01   -0.191671    
    0.937500        0.312500        0.101998       -0.125856E-01
    0.937500        0.375000        0.665051E-01    0.124788    
    0.937500        0.437500        0.378492E-01    0.220251    
    0.937500        0.500000        0.105182E-01    0.259764    
    0.937500        0.562500       -0.789628E-02    0.265678    
    0.937500        0.625000       -0.260361E-01    0.241353    
    0.937500        0.687500       -0.367777E-01    0.188863    
    0.937500        0.750000       -0.472439E-01    0.118661    
    0.937500        0.812500       -0.342866E-01    0.514528E-01
    0.937500        0.875000       -0.159245E-01    0.119415E-01
    0.937500        0.937500        0.499241E-02   -0.644559E-02
    0.937500         1.00000         0.00000         0.00000    
     1.00000         0.00000         0.00000         0.00000    
     1.00000        0.625000E-01     0.00000         0.00000    
     1.00000        0.125000         0.00000         0.00000    
     1.00000        0.187500         0.00000         0.00000    
     1.00000        0.250000         0.00000         0.00000    
     1.00000        0.312500         0.00000         0.00000    
     1.00000        0.375000         0.00000         0.00000    
     1.00000        0.437500         0.00000         0.00000    
     1.00000        0.500000         0.00000         0.00000    
     1.00000        0.562500         0.00000         0.00000    
     1.00000        0.625000         0.00000         0.00000    
     1.00000        0.687500         0.00000         0.00000    
     1.00000        0.750000         0.00000         0.00000    
     1.00000        0.812500         0.00000         0.00000    
     1.00000        0.875000         0.00000         0.00000    
     1.00000        0.937500         0.00000         0.00000    
     1.00000         1.00000         0.00000         0.00000    
