     0.00000         0.00000         0.00000         0.00000    
     0.00000        0.625000E-01     0.00000         0.00000    
     0.00000        0.125000         0.00000         0.00000    
     0.00000        0.187500         0.00000         0.00000    
     0.00000        0.250000         0.00000         0.00000    
     0.00000        0.312500         0.00000         0.00000    
     0.00000        0.375000         0.00000         0.00000    
     0.00000        0.437500         0.00000         0.00000    
     0.00000        0.500000         0.00000         0.00000    
     0.00000        0.562500         0.00000         0.00000    
     0.00000        0.625000         0.00000         0.00000    
     0.00000        0.687500         0.00000         0.00000    
     0.00000        0.750000         0.00000         0.00000    
     0.00000        0.812500         0.00000         0.00000    
     0.00000        0.875000         0.00000         0.00000    
     0.00000        0.937500         0.00000         0.00000    
     0.00000         1.00000         0.00000         0.00000    
    0.625000E-01     0.00000         0.00000         0.00000    
    0.625000E-01    0.625000E-01   -0.311555E-01    0.327460E-01
    0.625000E-01    0.125000        0.134655E-01    0.118761E-01
    0.625000E-01    0.187500        0.592558E-01   -0.412899E-01
    0.625000E-01    0.250000        0.776849E-01   -0.151745    
    0.625000E-01    0.312500        0.672387E-01   -0.283064    
    0.625000E-01    0.375000        0.410805E-01   -0.373715    
    0.625000E-01    0.437500        0.131509E-01   -0.423179    
    0.625000E-01    0.500000       -0.181247E-01   -0.420793    
    0.625000E-01    0.562500       -0.440815E-01   -0.369956    
    0.625000E-01    0.625000       -0.621727E-01   -0.271594    
    0.625000E-01    0.687500       -0.762196E-01   -0.147477    
    0.625000E-01    0.750000       -0.586236E-01   -0.315761E-01
    0.625000E-01    0.812500       -0.320223E-01    0.671274E-01
    0.625000E-01    0.875000        0.795656E-02    0.789154E-01
    0.625000E-01    0.937500        0.395112E-01    0.395112E-01
    0.625000E-01     1.00000         0.00000         0.00000    
    0.125000         0.00000         0.00000         0.00000    
    0.125000        0.625000E-01   -0.134666E-01   -0.799603E-02
    0.125000        0.125000        0.764351E-01   -0.699701E-01
    0.125000        0.187500        0.182626       -0.168293    
    0.125000        0.250000        0.214100       -0.313834    
    0.125000        0.312500        0.181880       -0.465360    
    0.125000        0.375000        0.120433       -0.581954    
    0.125000        0.437500        0.246422E-01   -0.643745    
    0.125000        0.500000       -0.530337E-01   -0.642735    
    0.125000        0.562500       -0.135242       -0.578761    
    0.125000        0.625000       -0.191100       -0.460839    
    0.125000        0.687500       -0.217851       -0.310783    
    0.125000        0.750000       -0.182878       -0.165184    
    0.125000        0.812500       -0.996066E-01   -0.442814E-01
    0.125000        0.875000        0.100876E-01    0.118599E-01
    0.125000        0.937500        0.831296E-01    0.121282E-01
    0.125000         1.00000         0.00000         0.00000    
    0.187500         0.00000         0.00000         0.00000    
    0.187500        0.625000E-01    0.281563E-01   -0.533156E-01
    0.187500        0.125000        0.180862       -0.181961    
    0.187500        0.187500        0.312577       -0.300421    
    0.187500        0.250000        0.366580       -0.442853    
    0.187500        0.312500        0.319968       -0.563983    
    0.187500        0.375000        0.221777       -0.660569    
    0.187500        0.437500        0.738049E-01   -0.712072    
    0.187500        0.500000       -0.702885E-01   -0.712779    
    0.187500        0.562500       -0.209400       -0.668605    
    0.187500        0.625000       -0.317774       -0.573866    
    0.187500        0.687500       -0.366178       -0.456637    
    0.187500        0.750000       -0.330479       -0.331264    
    0.187500        0.812500       -0.212031       -0.201435    
    0.187500        0.875000       -0.485446E-01   -0.978417E-01
    0.187500        0.937500        0.721674E-01   -0.268973E-01
    0.187500         1.00000         0.00000         0.00000    
    0.250000         0.00000         0.00000         0.00000    
    0.250000        0.625000E-01    0.145745       -0.770810E-01
    0.250000        0.125000        0.322626       -0.232023    
    0.250000        0.187500        0.439418       -0.373340    
    0.250000        0.250000        0.469018       -0.495075    
    0.250000        0.312500        0.396219       -0.569418    
    0.250000        0.375000        0.271254       -0.633532    
    0.250000        0.437500        0.871401E-01   -0.662206    
    0.250000        0.500000       -0.889807E-01   -0.668698    
    0.250000        0.562500       -0.269384       -0.652600    
    0.250000        0.625000       -0.403045       -0.602027    
    0.250000        0.687500       -0.478333       -0.534127    
    0.250000        0.750000       -0.450690       -0.440437    
    0.250000        0.812500       -0.344329       -0.322990    
    0.250000        0.875000       -0.166433       -0.181453    
    0.250000        0.937500       -0.249830E-01   -0.550646E-01
    0.250000         1.00000         0.00000         0.00000    
    0.312500         0.00000         0.00000         0.00000    
    0.312500        0.625000E-01    0.301407       -0.866953E-01
    0.312500        0.125000        0.495433       -0.248520    
    0.312500        0.187500        0.574439       -0.383218    
    0.312500        0.250000        0.558288       -0.482234    
    0.312500        0.312500        0.457582       -0.517559    
    0.312500        0.375000        0.307177       -0.536966    
    0.312500        0.437500        0.110129       -0.537079    
    0.312500        0.500000       -0.835896E-01   -0.534879    
    0.312500        0.562500       -0.281358       -0.539060    
    0.312500        0.625000       -0.436222       -0.530290    
    0.312500        0.687500       -0.531986       -0.506868    
    0.312500        0.750000       -0.536253       -0.460281    
    0.312500        0.812500       -0.456498       -0.358862    
    0.312500        0.875000       -0.304016       -0.221699    
    0.312500        0.937500       -0.132831       -0.782434E-01
    0.312500         1.00000         0.00000         0.00000    
    0.375000         0.00000         0.00000         0.00000    
    0.375000        0.625000E-01    0.415187       -0.541054E-01
    0.375000        0.125000        0.628872       -0.174294    
    0.375000        0.187500        0.667771       -0.281223    
    0.375000        0.250000        0.605823       -0.351087    
    0.375000        0.312500        0.462217       -0.369781    
    0.375000        0.375000        0.293735       -0.368514    
    0.375000        0.437500        0.968762E-01   -0.351634    
    0.375000        0.500000       -0.918941E-01   -0.347185    
    0.375000        0.562500       -0.282723       -0.354687    
    0.375000        0.625000       -0.439545       -0.369227    
    0.375000        0.687500       -0.559558       -0.379980    
    0.375000        0.750000       -0.596940       -0.360743    
    0.375000        0.812500       -0.568690       -0.299759    
    0.375000        0.875000       -0.449685       -0.184364    
    0.375000        0.937500       -0.265980       -0.636742E-01
    0.375000         1.00000         0.00000         0.00000    
    0.437500         0.00000         0.00000         0.00000    
    0.437500        0.625000E-01    0.506073       -0.253555E-01
    0.437500        0.125000        0.723228       -0.725617E-01
    0.437500        0.187500        0.742368       -0.125688    
    0.437500        0.250000        0.639863       -0.160629    
    0.437500        0.312500        0.471073       -0.165578    
    0.437500        0.375000        0.279783       -0.161064    
    0.437500        0.437500        0.885743E-01   -0.142436    
    0.437500        0.500000       -0.894511E-01   -0.131051    
    0.437500        0.562500       -0.263613       -0.136899    
    0.437500        0.625000       -0.411993       -0.152442    
    0.437500        0.687500       -0.540395       -0.177906    
    0.437500        0.750000       -0.611666       -0.186493    
    0.437500        0.812500       -0.623351       -0.162965    
    0.437500        0.875000       -0.546750       -0.107055    
    0.437500        0.937500       -0.356675       -0.375499E-01
    0.437500         1.00000         0.00000         0.00000    
    0.500000         0.00000         0.00000         0.00000    
    0.500000        0.625000E-01    0.503345        0.242112E-01
    0.500000        0.125000        0.731561        0.489989E-01
    0.500000        0.187500        0.757821        0.719265E-01
    0.500000        0.250000        0.651050        0.754604E-01
    0.500000        0.312500        0.474792        0.764824E-01
    0.500000        0.375000        0.274217        0.761921E-01
    0.500000        0.437500        0.785317E-01    0.786548E-01
    0.500000        0.500000       -0.980315E-01    0.836608E-01
    0.500000        0.562500       -0.255069        0.835305E-01
    0.500000        0.625000       -0.395566        0.710840E-01
    0.500000        0.687500       -0.515151        0.429444E-01
    0.500000        0.750000       -0.601468        0.168850E-01
    0.500000        0.812500       -0.634211       -0.118131E-01
    0.500000        0.875000       -0.582151       -0.141814E-01
    0.500000        0.937500       -0.389294       -0.155650E-01
    0.500000         1.00000         0.00000         0.00000    
    0.562500         0.00000         0.00000         0.00000    
    0.562500        0.625000E-01    0.442804        0.537445E-01
    0.562500        0.125000        0.665884        0.150981    
    0.562500        0.187500        0.712975        0.238353    
    0.562500        0.250000        0.630554        0.290768    
    0.562500        0.312500        0.472654        0.307543    
    0.562500        0.375000        0.273037        0.302294    
    0.562500        0.437500        0.780082E-01    0.292686    
    0.562500        0.500000       -0.103705        0.283132    
    0.562500        0.562500       -0.251983        0.280469    
    0.562500        0.625000       -0.378963        0.277791    
    0.562500        0.687500       -0.482856        0.249545    
    0.562500        0.750000       -0.562111        0.213817    
    0.562500        0.812500       -0.596405        0.153069    
    0.562500        0.875000       -0.554563        0.863419E-01
    0.562500        0.937500       -0.379421        0.296750E-01
    0.562500         1.00000         0.00000         0.00000    
    0.625000         0.00000         0.00000         0.00000    
    0.625000        0.625000E-01    0.338821        0.704614E-01
    0.625000        0.125000        0.542462        0.209075    
    0.625000        0.187500        0.630081        0.349031    
    0.625000        0.250000        0.587924        0.434563    
    0.625000        0.312500        0.469303        0.476841    
    0.625000        0.375000        0.287224        0.480557    
    0.625000        0.437500        0.954015E-01    0.469366    
    0.625000        0.500000       -0.891531E-01    0.453045    
    0.625000        0.562500       -0.237024        0.438123    
    0.625000        0.625000       -0.358867        0.422967    
    0.625000        0.687500       -0.439568        0.385974    
    0.625000        0.750000       -0.500286        0.335040    
    0.625000        0.812500       -0.509635        0.245890    
    0.625000        0.875000       -0.462311        0.145290    
    0.625000        0.937500       -0.299962        0.408759E-01
    0.625000         1.00000         0.00000         0.00000    
    0.687500         0.00000         0.00000         0.00000    
    0.687500        0.625000E-01    0.197730        0.753107E-01
    0.687500        0.125000        0.381293        0.222275    
    0.687500        0.187500        0.494092        0.376214    
    0.687500        0.250000        0.505523        0.490700    
    0.687500        0.312500        0.429019        0.557184    
    0.687500        0.375000        0.279792        0.586020    
    0.687500        0.437500        0.103165        0.590844    
    0.687500        0.500000       -0.771550E-01    0.573128    
    0.687500        0.562500       -0.219430        0.549614    
    0.687500        0.625000       -0.335283        0.516967    
    0.687500        0.687500       -0.397838        0.464223    
    0.687500        0.750000       -0.428698        0.399369    
    0.687500        0.812500       -0.412376        0.297414    
    0.687500        0.875000       -0.348496        0.182189    
    0.687500        0.937500       -0.211184        0.598003E-01
    0.687500         1.00000         0.00000         0.00000    
    0.750000         0.00000         0.00000         0.00000    
    0.750000        0.625000E-01    0.916414E-01    0.534628E-01
    0.750000        0.125000        0.235287        0.178535    
    0.750000        0.187500        0.365689        0.325476    
    0.750000        0.250000        0.406020        0.449510    
    0.750000        0.312500        0.368734        0.547614    
    0.750000        0.375000        0.250460        0.607600    
    0.750000        0.437500        0.103370        0.639097    
    0.750000        0.500000       -0.504185E-01    0.631268    
    0.750000        0.562500       -0.173448        0.597235    
    0.750000        0.625000       -0.271940        0.540641    
    0.750000        0.687500       -0.318990        0.459837    
    0.750000        0.750000       -0.333964        0.374580    
    0.750000        0.812500       -0.296485        0.265834    
    0.750000        0.875000       -0.220454        0.156844    
    0.750000        0.937500       -0.108238        0.485092E-01
    0.750000         1.00000         0.00000         0.00000    
    0.812500         0.00000         0.00000         0.00000    
    0.812500        0.625000E-01    0.244690E-02    0.278286E-01
    0.812500        0.125000        0.113246        0.106583    
    0.812500        0.187500        0.229040        0.219899    
    0.812500        0.250000        0.285174        0.344601    
    0.812500        0.312500        0.269647        0.462450    
    0.812500        0.375000        0.187852        0.550522    
    0.812500        0.437500        0.777506E-01    0.607533    
    0.812500        0.500000       -0.345023E-01    0.613316    
    0.812500        0.562500       -0.127278        0.577844    
    0.812500        0.625000       -0.200372        0.507202    
    0.812500        0.687500       -0.234557        0.411830    
    0.812500        0.750000       -0.238493        0.308814    
    0.812500        0.812500       -0.194110        0.202165    
    0.812500        0.875000       -0.119443        0.116382    
    0.812500        0.937500       -0.317885E-01    0.321118E-01
    0.812500         1.00000         0.00000         0.00000    
    0.875000         0.00000         0.00000         0.00000    
    0.875000        0.625000E-01   -0.297227E-01    0.145465E-02
    0.875000        0.125000        0.355568E-01    0.301768E-01
    0.875000        0.187500        0.112004        0.104063    
    0.875000        0.250000        0.154568        0.218737    
    0.875000        0.312500        0.156106        0.338651    
    0.875000        0.375000        0.110653        0.440477    
    0.875000        0.437500        0.527828E-01    0.503325    
    0.875000        0.500000       -0.112845E-01    0.514601    
    0.875000        0.562500       -0.598107E-01    0.479802    
    0.875000        0.625000       -0.105842        0.408453    
    0.875000        0.687500       -0.127072        0.312716    
    0.875000        0.750000       -0.130409        0.207926    
    0.875000        0.812500       -0.104510        0.113962    
    0.875000        0.875000       -0.489297E-01    0.496559E-01
    0.875000        0.937500       -0.127669E-02    0.810040E-02
    0.875000         1.00000         0.00000         0.00000    
    0.937500         0.00000         0.00000         0.00000    
    0.937500        0.625000E-01   -0.178810E-01   -0.178810E-01
    0.937500        0.125000        0.860604E-02   -0.222516E-01
    0.937500        0.187500        0.375489E-01    0.115280E-01
    0.937500        0.250000        0.484767E-01    0.989374E-01
    0.937500        0.312500        0.520145E-01    0.188860    
    0.937500        0.375000        0.336547E-01    0.264169    
    0.937500        0.437500        0.126989E-01    0.311757    
    0.937500        0.500000       -0.372502E-02    0.317408    
    0.937500        0.562500       -0.239384E-01    0.292611    
    0.937500        0.625000       -0.336799E-01    0.241431    
    0.937500        0.687500       -0.427931E-01    0.174687    
    0.937500        0.750000       -0.433356E-01    0.964583E-01
    0.937500        0.812500       -0.303750E-01    0.327481E-01
    0.937500        0.875000       -0.927463E-02    0.171613E-02
    0.937500        0.937500        0.127524E-01   -0.131918E-01
    0.937500         1.00000         0.00000         0.00000    
     1.00000         0.00000         0.00000         0.00000    
     1.00000        0.625000E-01     0.00000         0.00000    
     1.00000        0.125000         0.00000         0.00000    
     1.00000        0.187500         0.00000         0.00000    
     1.00000        0.250000         0.00000         0.00000    
     1.00000        0.312500         0.00000         0.00000    
     1.00000        0.375000         0.00000         0.00000    
     1.00000        0.437500         0.00000         0.00000    
     1.00000        0.500000         0.00000         0.00000    
     1.00000        0.562500         0.00000         0.00000    
     1.00000        0.625000         0.00000         0.00000    
     1.00000        0.687500         0.00000         0.00000    
     1.00000        0.750000         0.00000         0.00000    
     1.00000        0.812500         0.00000         0.00000    
     1.00000        0.875000         0.00000         0.00000    
     1.00000        0.937500         0.00000         0.00000    
     1.00000         1.00000         0.00000         0.00000    
