  -0.6182  -0.9537   0.0140   2.0458  -0.2324  -0.1357  -0.2438  -0.9989
   1.2596  -0.3355  -0.2750  -1.5755  -1.3745  -0.1744   1.7705   0.1007
  -1.6353  -0.0732   0.5175  -1.1462  -0.3684  -1.2801   0.5195   1.1226
  -0.4750   0.4515  -1.9950  -0.0982  -0.5730   0.8607  -1.1246   0.1706
   0.4331  -1.6509  -0.1841  -1.3005  -0.2909  -0.6957  -0.8512   0.2163
   0.2273  -0.9768  -0.5618   0.9047   1.1674  -0.4190  -0.6104   0.8236
  -1.3023   0.3284  -1.2857   2.0688  -1.6415   0.7354  -0.3763   1.5605
   0.3441   1.2434   0.6469  -0.3855   0.0268  -0.0729  -1.6877  -0.5083
   1.2636   0.5018   0.6312   0.9392   0.6680  -1.5840   1.4996  -0.0151
  -1.5228  -0.1053  -1.1176   1.4656   1.0582   1.6343  -0.6437  -0.4191
   2.5851   0.6055  -0.9112   1.1428   0.9082   0.6671   1.1524  -2.1313
  -0.6441  -1.0983   0.1903  -0.8037  -0.3501  -1.3981  -1.5167   0.5232
  -0.6691   0.6619   0.4858  -0.6147  -0.4254  -0.5652  -0.1280  -0.4569
  -1.2078   0.4547   0.6346  -0.2453   0.8016  -0.8479   0.3260   1.3319
  -0.7610  -1.3591   1.3034  -1.2505  -1.0124   1.0248  -1.0316  -0.5224
   2.0150   0.9284   1.0614  -0.6864   0.0533   0.3706  -0.8140  -0.1369
   0.4192   0.4130  -2.0402   0.4941   0.5139  -1.6875  -0.3940   1.6720
  -1.2751  -0.0162  -0.2254   0.7322   1.0498  -0.0083   1.2321   0.8868
  -0.8816  -1.3002   1.1628   0.4330  -0.1268  -0.4265   0.9609   0.4360
   0.0300   0.4566  -1.3003   0.1382  -0.1231  -0.0708   0.6070  -1.2591
   1.7993   0.3169  -0.2532  -1.6724   0.2428   0.6240  -0.1965   0.4398
  -0.5586   0.5816  -1.9155   1.2801  -0.2824  -1.7607   0.1129   0.2583
  -0.1014   0.4481  -1.5009  -0.5506   0.5450  -1.7152  -0.4103   0.0182
  -1.7312   0.8272   1.0875  -0.4319  -0.2013   0.2471  -0.7502   0.1244
  -1.5630  -0.4947  -1.9356   1.1146   0.5244  -0.4739   1.0120  -1.6884
  -0.9903  -0.6578   1.1007   0.5667   0.3452  -0.2851   1.6806   0.5056
  -0.3615   0.6587  -1.2539  -0.6300   0.2032   0.4838  -1.2385   0.8788
  -0.2633   0.8030   1.4944   1.4637  -0.2227  -0.0873  -2.2650   0.6828
  -0.5187  -1.3057   0.2334   1.0523   0.4710  -1.3129   0.8031   0.7703
  -0.8168   1.2234   0.3325  -0.3838  -0.3980  -1.1499  -0.7803   1.0011
  -0.1205   0.6584   0.7616  -0.3392   0.5679   0.7436  -1.6536   0.4992
  -0.4926   0.7670   0.7694   1.3501  -0.8248   0.9290  -1.0526   1.4498
  -1.3059   0.3889   0.5766   0.5280  -1.1203   1.0406   0.9648   0.3418
  -0.0896   0.6214  -0.1401  -1.1954  -0.9084  -0.5603  -0.1031   1.1663
   0.6321  -0.9234  -1.5632  -0.0688  -1.1892  -0.5118   0.1973   0.9461
  -1.3499  -0.2372  -1.5440  -0.0251   2.1869   2.0066  -1.8080   0.8055
  -1.3797  -0.6626  -0.3362  -0.0226   0.1784   0.1605  -1.3721   1.7349
   1.3055  -0.0310   0.0119   0.1184  -0.5512  -0.5813  -0.3260  -1.2911
   1.6970  -0.1844  -0.3155  -1.0098   0.0791   0.9394  -1.6940   1.5661
  -1.3788   0.1306  -1.2500   0.8171  -0.1831  -1.3322   1.1021   0.5596
  -0.3426   1.1932  -0.1139   0.1546  -0.1245   0.5839  -2.7714  -0.1354
  -0.9314  -0.5327   1.9211  -2.4926  -0.5495   0.3755   1.1463   1.0038
   0.4135   0.6920   0.1930  -0.6894  -1.0104   0.2450  -0.8898  -0.2093
   1.6631  -0.1578   0.5407   1.5389   0.6754   1.7636  -0.3037   0.2641
   0.0748  -1.2463  -2.2083  -1.2584  -0.5087   0.7353  -0.4569  -0.7517
   0.3999   0.9877  -0.0329  -1.4125   0.0530   0.7129  -0.4566   0.0227
  -0.0438   0.3427   0.8490   0.5984   1.1479  -0.2519   1.2349   0.3288
   0.2832   1.2283  -1.3106   0.4469  -0.6398  -1.5782   0.1951  -0.5898
  -0.1223  -1.5165  -0.6570   0.4042   1.9277  -0.4691  -0.3677  -0.3393
  -0.4282   0.6473  -1.2078   1.4745   0.1039   0.5914   0.5128   0.2712
   0.3427   1.0810  -2.1745  -0.2395  -0.1912  -1.5455   1.5491  -0.2424
   0.9649  -0.9726  -0.0760   0.3706   1.8609  -0.5227   0.8944  -0.3408
   0.0881  -1.2380   0.1783   0.1547   1.6263  -0.3017   1.2768  -0.2921
   0.8017  -0.8095   0.9119   1.1666  -0.2987  -0.6293   0.3252  -1.2624
  -0.7392   1.6290   0.4627  -0.6345  -1.0978  -0.3066   1.3944   1.8440
   1.1873  -1.9227  -1.5274   1.3628  -0.8921  -0.2553  -0.2712   0.5056
  -0.4152  -1.3443  -0.6922  -1.9116   0.0596   1.3918   1.0033  -0.2061
  -1.4283  -0.5140  -1.4557   0.8897  -0.0436   0.5913  -0.1331  -0.0374
   0.0448  -1.1025   0.6309  -0.4724  -0.7324   0.5325   0.2004   0.6846
  -1.4829   1.4649   0.2959  -1.1020  -0.5219   0.9787  -0.5011   0.1364
  -1.0930  -0.0358   0.7752  -0.9074   0.5853   1.3643   1.8396   0.2851
   0.6813  -1.0168   0.1267  -1.2383   1.1888   0.2710   0.6924   0.5600
   0.1191   0.5953  -0.0191   0.1849  -0.4877  -0.9225   1.8160   1.9683
   1.1860  -0.7142  -0.0594  -1.0148  -2.0136   0.5275   1.6117  -1.2840
  -0.9869  -1.3618   0.1377  -1.6227   0.0900  -1.5224   1.5485  -0.0323
  -0.3334   1.0452  -2.4041   0.2573  -0.2219  -0.7885   2.0870   0.1022
   0.5551   0.9287   2.1015   0.0115  -1.3399  -0.8723  -2.1874  -0.1082
   0.1719   0.6892  -0.4893  -0.3949  -0.7696  -0.2811   0.7247   0.7585
   1.7876  -0.0029   0.2639   0.6856   0.3709  -0.3135   0.1133  -0.0911
   0.3622  -0.9472   1.5980   0.9445  -1.1566  -0.5842   0.0509  -1.2399
  -1.1013  -0.4014   1.6510  -0.7041   0.5424  -0.5292  -1.1158   0.4034
   0.0908   1.5909   0.3200  -0.7427   0.7614  -0.8014  -0.6315  -0.2174
  -0.1950  -1.9352   0.0708  -0.8790   0.5630  -1.5155   0.1572  -0.6499
  -1.8788  -1.5773   0.0687   0.4047   0.0134  -0.2061   0.9532  -1.0384
  -0.3781   0.5592   0.5472  -0.5604   0.3522  -1.0616  -0.7930   1.7438
  -1.5532  -0.3109   0.9898   0.3351  -0.2836  -1.3937  -0.0357   0.6966
   0.4984   0.5701  -0.1217   0.3653   1.8123   0.3575  -0.3453  -0.5906
   1.0727  -1.4397  -0.6755   1.8549   0.9800   0.4526   0.9855  -0.6404
   0.2709   1.3064   0.4019   1.8930  -1.3503   0.2954  -0.2410   1.4742
   1.9768   0.2274  -0.5656  -1.9327  -0.2368  -0.2300  -0.5546  -0.8814
   1.0389  -0.7306  -0.5989   0.4205   0.9659   1.8581   1.0197   0.0237
  -0.7891   1.0945  -0.6394  -1.6492   0.6990  -0.4854   0.7976  -0.6166
   1.7151   0.1693  -1.0054  -0.1481  -0.0253   1.3188   0.0996  -1.3910
  -1.2672   0.1980   0.8597  -0.2552   0.6340  -0.2621  -0.0412   1.2436
  -0.1282   1.7207   0.2025   1.5830   0.0742   0.3022  -0.0295   0.6509
   1.2862  -0.7938  -1.3385  -0.0337   0.5113   1.5398   0.1260  -3.0470
   0.3242  -2.0992   0.6320   0.6143  -1.3900  -0.0380  -2.1884  -0.9692
   1.3153   0.8201   0.2647   0.3953  -2.7282  -0.2916   0.9810   0.3241
  -1.2337  -0.7281   0.4445   1.4413  -0.9268  -0.3747   2.0338  -1.6754
  -0.4394   1.1372   0.0733  -1.6998  -1.5116   0.9370  -0.5010  -1.5784
  -0.6473   1.9316   1.1936  -1.7751   0.6431  -0.1322   0.6383  -0.5047
   0.2273   0.4476   0.8131   1.2907   0.5589  -1.4562  -1.5671   1.7453
   1.0167  -0.9435  -0.5557  -0.1136   1.5850  -0.9166  -0.3193  -1.8521
  -0.0758   1.0197  -0.4457   0.6760   0.7406   1.3772  -0.7110  -0.4537
   1.1377   0.1821   2.1617  -0.9776  -0.2178  -0.6494   0.8882   0.6394
  -1.2391  -0.0083  -0.5155   0.6689  -1.3026   0.7536  -0.8017   0.7192
  -1.2913   0.0627  -1.1697  -0.2667   0.3506  -0.8257  -0.6771  -0.1274
   1.7942  -1.9450  -2.2742   0.6798   0.9147  -1.3875   1.1159  -1.8169
   1.0493  -0.1526  -1.5967  -0.4872   0.2329  -1.8524  -1.2509   1.1672
   0.7022  -1.1398   0.4210   0.7895   0.7889   0.5776   0.0266   0.0376
  -2.0886  -0.1817   1.0119  -0.1135   1.9644   0.9388   2.0453   0.8231
  -1.0227  -0.6087  -1.3058   0.3203  -0.4250  -1.1989  -0.1110   1.4661
  -1.6819   0.0588  -0.1900   0.5598   1.4064   0.0906  -0.8083   0.7075
  -0.4626  -1.1778  -1.9633  -1.4688  -0.1469  -0.7510   0.9089   0.1815
   1.2786  -0.5116   1.3173   1.1993   1.4518  -0.1985  -0.9835   0.4116
   0.1052   1.0587   0.0060  -0.4880  -0.0898   0.8847   0.9971   0.3455
   2.0746  -2.2278  -0.8886   2.2045   1.2008   0.8229  -0.1288   0.3887
   0.6692  -0.7945  -0.6966  -0.1172  -0.7901  -0.0581   1.2458   1.2592
   0.1209   0.3063  -1.5298  -0.4492   0.7640   1.1088  -0.5541  -0.1171
   0.3046   1.0301  -1.6244  -1.1639   0.4413  -1.9289  -0.8365  -0.4786
  -1.1127   0.0300   0.2699  -0.6027   0.3703  -0.4355  -2.5819   1.3408
   0.0241   1.0087  -0.0923   0.5946   0.6070  -0.9298  -0.5894  -1.3851
   1.3513   0.0472   1.9438  -0.9948   0.6277   0.7166  -0.6013   0.9003
   0.1257   0.9173  -0.4009  -0.3077  -0.3960  -0.8410  -1.5410   0.9167
  -0.7195   1.3464   0.3198   0.8053   0.4469  -0.7763   0.5358  -0.7478
   0.1085   0.4365  -0.4580   0.6314  -0.2275  -0.0463   0.7703   0.5723
  -0.2950   1.3359  -0.1470  -0.7124  -1.9602   2.7376   0.4894  -0.8245
  -0.5570  -1.6009  -1.4169   0.2710   0.2488  -1.3737  -1.1304  -0.4999
  -1.2310  -0.2597  -1.8348   0.3513  -0.1960   1.2876  -0.0611  -0.4568
  -1.3000  -0.5907   0.9818  -0.9498  -1.3899   1.2535   0.4212  -1.5429
  -1.5241  -1.5985   0.3348  -0.8299  -0.2349   0.1064   0.4118  -1.2780
  -1.2487  -0.1771   0.7296   0.2502   0.3473   1.2499  -0.9722   0.8256
   0.0652  -1.4858   0.0529   2.0493  -0.4869   0.0230  -0.5669  -1.3477
   0.6951  -1.5742  -1.0863   0.3521   0.1612  -0.3298   0.8751   0.7673
   0.6149   0.9546  -1.0400  -0.8583   1.7707   0.5897  -1.1582   0.9006
   0.6508   1.1620  -0.8128   0.4512   1.4873   0.1348  -2.2384   0.5762
  -0.0730   1.2820   1.8736   2.4123  -2.5730  -1.4826   1.3658  -2.0174
  -0.5361  -1.3523  -0.4817  -0.7219   0.1498  -0.2059  -0.2960  -0.9430
  -0.2456   1.5351  -0.7906   1.5646   0.7178   0.3601  -0.9670  -1.0871
   1.1587  -0.7356  -1.5381   2.2535  -1.0157  -0.7068  -0.7884  -0.0182
   0.2736  -1.4280  -0.2295  -0.3282   0.2050  -1.4957   0.2036  -0.2472
   0.3385   0.4347   0.1688   0.7987   0.0533   0.6653   1.9590  -0.2541
   1.2217  -1.0429   0.1424   0.1893  -0.0384  -1.7480   1.1391  -0.3018
  -0.9728  -1.0797   1.2525  -0.4075   0.7631  -0.6921  -0.4803   0.3680
   0.3745   0.4578  -0.5450   0.0776   0.0475  -0.0731   1.0403  -0.6592
   1.6114   0.5209   1.1970   2.8828   0.1868  -0.3583  -0.7767   1.8337
   0.5160  -1.6547   0.6489   0.0824   0.5127  -2.3043  -0.7482   0.8826
  -1.6375   0.7854  -0.5911  -1.7217  -0.4563   1.1006   0.3261   0.3879
  -1.3312   0.8564  -0.2038   1.4746   0.0689   0.8214  -0.6941  -0.8538
  -0.1323   0.3249  -0.0191  -0.5360  -0.8763   0.7326   0.6011  -1.5700
   0.0188  -1.5042   1.5277   1.3894  -1.5432  -0.7897  -0.8142  -1.0204
   0.2383   0.9084   0.7497  -0.4322  -2.0431   0.3594  -0.9444   0.3053
  -0.4902  -1.4477  -0.7024  -0.2803   0.6064   0.6731   1.8997   0.9867
  -0.1375   1.2653  -0.1111   0.2703  -0.0406  -1.8076  -1.3695   1.5592
  -0.8559  -0.7906  -0.1857   0.5154   1.2340  -0.4532   0.9805   0.3591
   0.0053   0.8568   0.8955   1.0882  -0.8384   0.5673   0.1113  -0.8495
   0.4508  -1.1143   0.6921  -0.5899   0.8467  -0.8241  -0.1601  -1.1861
   0.1743   1.6834  -1.9370  -0.1238  -0.7846  -0.7600  -0.0786   0.4278
   0.3058   1.4817   1.0418  -1.9118   1.0917   0.1976   0.7488   0.6469
   1.7923  -0.4634  -0.2944  -1.4301   1.9899  -0.2013  -0.9859   0.3714
   1.5232  -0.9867  -0.1246   0.6040  -1.0196  -0.4014   0.8530  -0.6885
   0.8532  -0.6887   0.6163  -1.1857   1.4236   0.5854  -0.3224   0.2270
   1.4393   0.7080   1.1173   0.0451  -0.1376  -0.1494  -0.2234   0.4258
  -1.2309   0.3833   0.1854  -0.7628  -1.8240  -0.6265   0.3643   2.4806
   1.0985  -0.1919  -0.6527   0.3179  -1.9803   0.6199  -0.2351  -0.9694
  -0.9200  -0.7802   1.1367   0.6485  -0.5522   0.1852  -0.7176  -0.0146
  -0.4142  -1.0938  -0.9823   2.4658   0.1789   1.3036  -0.2042  -1.3612
  -0.2929  -1.0783  -0.0154  -1.5416  -1.6562  -1.1294  -0.0286  -1.7874
   0.1063   0.6906   0.1134  -1.6701   0.0700   0.7172   0.7367  -0.8508
  -0.3077  -1.2221  -0.7815   1.3744   0.5810  -1.7228  -0.8450  -1.6394
  -2.1255   0.1630   1.3807   0.3666  -0.5478   0.3185  -0.9569  -0.4635
   0.5525  -1.0737   0.2679  -0.3281  -0.0792  -1.2292   0.4434   0.2123
  -1.5284  -0.0050  -1.6132  -0.0591  -1.3644   2.3812   0.2046  -0.4190
  -0.0168   0.4642  -0.1145   0.9268  -1.5716  -2.2000   1.4019   1.4116
   1.6806   0.8764   2.0652   0.9080  -0.5453   0.6098  -0.7600  -0.1975
   0.9071  -1.1553  -0.5845  -1.2518  -0.0449  -1.6504   0.7028   0.6457
   0.9643  -0.2022   0.7637   0.3656   0.8255  -0.4744   1.0153   0.9674
   0.1382   0.5795  -0.3417   0.8926  -0.0554   0.2127   0.8539  -1.5915
   1.3237  -0.3911   0.8129   0.3620   0.0737  -0.2344   0.1378  -1.0169
  -1.9656   0.1610   0.0085   1.8583  -0.1814  -0.1910   1.0434  -2.4144
   0.0291   0.5123   1.1525   0.1657  -0.2700  -1.2110  -0.6014  -0.2026
  -1.2892  -0.1946   0.1099  -1.1491   0.4457   1.5853   1.6511  -1.6495
   0.6421   1.2087  -0.1445   1.6008   0.1170  -1.1088   1.3964  -0.8837
   0.7651  -0.6206  -1.7483   1.5597   0.2849   0.0260  -0.3130   0.3077
  -0.3219   0.9588   0.4922   0.4344   0.3218  -0.8786  -0.1097  -1.7067
  -0.0639   1.0876   0.0853   0.0930   1.2386  -0.5037  -0.9015   0.2162
   0.2654   0.4996   0.4169   1.1940  -1.5167  -0.7227  -0.0539  -0.8978
   0.0987   0.3999  -0.3635  -0.3308  -1.2305  -1.1520  -0.6172  -0.3450
   0.4554   0.4703   0.6699   0.8753   0.2974  -0.0058  -0.9230  -0.4403
  -0.3622  -1.4555  -0.7993  -0.1277  -1.9441   0.6958   0.6388   0.4831
  -1.7791  -0.5241   0.7315   0.1307   0.6550   0.9194   0.2450  -0.0868
   0.6444  -1.3903  -0.4672  -0.2492  -0.4834  -0.3391  -0.4179   0.8153
   1.2221   0.1094   2.8634  -0.0508  -0.0470   1.1730   1.0216   1.3744
   1.2828  -1.2412  -0.2088  -1.7963   0.3786   0.8312  -0.0761   0.3206
   1.7931  -0.8890   0.9659  -1.4416   0.7156  -0.0420   0.4618  -1.8466
   1.4958   2.1295  -0.3156  -1.4074   0.2219   0.0857  -1.1730  -0.2846
   0.8047  -1.4842  -1.2910   1.5934   1.8707  -0.5783  -0.0041  -0.3506
  -0.0805   1.1226  -0.7942   0.6438   1.9247  -0.3730  -0.4346   1.4230
   0.1468   1.0319  -1.6660   0.2922  -0.3971  -1.2339  -0.1461  -0.4102
   0.3345  -1.0265  -0.3949  -0.1980   0.3597   1.2854  -0.3742   0.2769
   0.5753  -0.8844   0.0252  -0.6878   0.2687   1.3665  -0.8184  -0.4510
  -0.4798   0.5055   0.0378   0.6182  -0.7838   0.7523  -0.9521  -0.5413
   1.4707   0.8252  -0.3291   0.7429  -0.8067  -0.1438  -0.2203  -1.3013
   0.2800   0.4028   0.9917   0.0287  -0.7312   0.8544   0.1709   0.8210
   0.0518   0.6496   0.4360  -0.0342   0.2399   0.7783  -0.2496  -0.1876
   1.1548  -0.7651  -0.0960   1.5063  -0.3054   0.7041  -0.3032  -1.4094
   0.9244  -0.8668  -1.0976  -0.9287  -0.3960  -0.0072   1.0347   0.6494
  -0.6990   1.1500   0.2796   0.7613   1.5935  -0.0081   0.1178   1.8033
  -0.6513   0.7804  -0.2563  -0.7966  -0.2584   0.0822  -0.8792   0.5437
  -1.0660  -1.4827  -0.6097  -0.0055  -1.5584  -0.0161   1.2887  -0.5941
   1.1997  -0.8549  -0.8040   2.9624   0.2347   0.3685  -0.5253   0.5139
  -0.3346   0.4368  -0.3163  -1.4848  -1.1986   0.8826  -0.1085   1.1519
  -0.0112   0.9722  -0.0151  -1.2273   0.0724   2.3370   1.0552   0.5623
  -1.5162  -0.7918   0.5197  -0.3924   0.2396  -1.5621  -2.4428   0.2568
   1.3657  -1.0594  -0.0592   0.1239  -0.5391  -1.1815   0.3313  -0.4753
   0.9302  -0.5667   0.8843  -0.9691   1.4532  -1.6165  -0.1433  -1.4014
  -1.1318  -0.6943  -0.1214  -0.1430   0.4414  -1.8911  -1.6426   0.0885
   0.5472   1.1208  -0.4269  -1.1008   0.1596   0.1393   0.1087  -2.9741
  -0.7616   1.3643   1.9583  -0.4120  -1.5990  -0.5335   1.0967  -1.8426
   1.1285  -1.3815   0.8445  -0.8202   0.9770   1.1322  -0.1118  -1.1713
  -0.1074   0.3553  -0.2841  -0.8332  -0.2525   0.5446   0.0421  -0.2178
  -0.1639  -1.5244  -0.5781   0.3566   0.0374  -0.4031  -0.1966   2.9794
  -1.2436  -0.2344  -0.8987  -0.5887  -0.4843   0.6239   0.9948   0.6340
  -1.6365  -0.4644  -0.6727  -1.6193  -0.3002   0.1674   0.3253  -0.3199
   0.1224   0.9284  -0.2530  -0.8998   0.7648  -0.0105   0.4761  -1.6232
  -1.6742   0.7693  -0.4024   0.2949   0.4079  -0.5268  -0.2164   0.5637
  -1.4895   0.6441  -0.1370   0.1683   0.8390   0.4177  -0.3931  -0.5082
   0.2684   2.4682  -1.4969   0.6214  -0.3140  -0.3413   0.6212  -0.8669
   0.9259  -2.0235  -0.7208  -1.4998   0.7029  -0.9502  -0.4913   0.4314
   1.0165  -0.1907   1.0090  -0.4014   0.9980  -0.4331   0.4151   0.7446
   1.1812  -0.2461   0.6042  -0.2163  -0.3543  -0.7016  -0.9226  -0.7632
  -0.4246   1.1834  -1.0003  -0.8503   1.0530   0.2372  -0.8160   0.2287
  -0.5956   0.9072   0.6330   1.5764  -1.0461   0.9651  -0.8045   1.0797
  -0.1318  -1.4720   0.4421   0.1509   0.8120   0.3953   0.6625  -1.9525
  -0.0646   0.5291   0.2125   0.1651   1.4244   0.1879   1.0928   1.2702
  -1.4423  -0.0527   0.8365   0.2297   1.0767   1.7117   2.2176   0.3464
  -0.5739  -1.6868   1.0808  -1.6152   1.7647   1.7338  -0.0257   0.5391
  -2.2557  -0.3997   1.4144  -1.7932  -1.7645   0.2347   0.9168  -1.6595
   1.8144   0.0388   0.0429  -0.9663  -0.7199  -1.1267  -0.0980   0.7594
   0.2568  -1.0272   0.7518   1.2800   0.0606   1.5741   0.4478   1.6305
  -1.3624   0.2139  -1.5028  -1.7690   1.6926   0.5191  -1.3410   1.1372
   0.5690   1.4737   0.3167  -0.4988  -1.0449   2.4896  -0.1109   0.8612
   0.3188   1.5002   1.4638   0.5516   0.1511  -0.4521   0.0206   0.9879
   1.0537  -0.5430  -1.1768  -0.5619  -1.3676   0.5576   1.0391   0.1085
  -0.0147   0.7752  -0.5384  -1.1970   1.3904  -0.6425  -2.2905   1.7531
   0.3602  -0.9598   1.7098   0.7853   0.9939   1.3091  -1.0384  -0.5940
   0.8984  -0.3499   0.0522   0.0708  -0.5140  -2.2924   0.9491   1.6458
  -0.2002   0.3349   0.0058   0.3358  -2.1692  -0.0663   1.0398  -0.3366
  -0.5797   1.1864  -0.7990   0.2769  -0.0204   1.8246  -0.4179   1.7240
   1.1660   0.2781  -0.8411  -0.1486   0.7517  -0.3027   0.6177  -0.4383
   0.1825   1.3031  -0.8920  -0.8880  -1.3338   1.3552   0.2387   0.1242
  -0.4051   1.4269  -1.3881   0.6021   0.3393  -0.4733  -0.0612   0.6660
   0.8216  -1.0999  -1.5632   0.4055   1.2927  -0.1466   0.9746   0.7062
   2.4909  -0.8164  -0.9969  -0.2151   0.1112   0.9185  -1.2359   0.1313
  -0.4765  -1.0919  -0.9490  -1.2903  -1.2440  -0.0719   0.3053  -0.4053
   1.5316   0.3794   1.1390  -1.8236  -1.1811   0.9645  -1.2625  -1.3186
  -0.2531   0.8234   0.7980   0.4699  -0.4948  -0.7550  -0.4455   0.9144
  -1.1741  -0.8219  -0.0167   0.5018   0.4212   1.0137  -0.1712   0.0813
   1.2878   0.7806  -0.0821   0.8004  -0.7946  -0.4323   0.0484  -0.1227
  -0.3773   0.3859  -0.5694   0.4212   0.7555  -0.9283   1.0139   1.1581
  -0.9202  -0.5853   0.0218   0.1928   0.3449  -0.6952   1.3669  -0.0612
  -1.4130  -0.5152  -0.9705   0.6364   0.4560  -0.1711  -0.8788  -0.7395
  -1.1822  -0.2997  -0.1104   0.1897  -2.2091   0.1110   1.3627   1.0734
   0.8884  -0.4465  -0.1848  -0.0469  -1.4062   0.0028   0.0982  -1.3606
   0.6388   0.8625   1.1023   0.8464   0.7369  -0.2329   0.9266   0.7010
  -1.1663  -0.4957   1.6885  -1.0868   1.9801   0.5666   1.1246   0.9564
  -0.0345   0.9536  -0.1137  -1.0957  -0.9191   1.0636   0.0689  -0.5048
   1.1201  -0.8617   0.7276  -0.0802   0.2341  -0.4199  -0.2729   0.1233
  -0.3119   0.5992  -0.6424   0.8684  -0.6151   1.9517  -0.6499  -0.9858
  -0.0172   1.6537  -1.0926   0.3673   0.4776   0.5937  -0.1247  -2.6027
  -0.4180  -0.9777  -1.4582   0.1927   0.0875   0.4871  -0.9419  -0.5767
   0.0185   0.5514   2.3913  -0.0105  -0.0139   2.9677  -1.4932  -1.0505
   1.4816   0.4781  -1.0662   0.5975   0.3237  -0.6874   0.9887  -0.2847
   0.0828   0.9701   1.2730  -0.8786  -0.8149  -0.3370  -1.0319   1.0000
  -0.3873   1.0385  -0.1089  -0.1807  -0.2474  -0.5090  -1.5459   1.0817
  -1.3205   0.5925   0.4851   0.4242  -2.5791   0.6734  -0.8408  -0.6423
  -0.5016  -0.9403  -0.3171   0.8603  -1.2024   1.5223   1.1813  -0.6924
  -0.8404   1.7171   0.1562  -2.1187  -0.3792   0.1884  -0.0657   2.0591
   0.1485   0.5357   2.5095   1.0561  -1.7679   1.1395  -0.3204  -0.8976
   1.1750  -0.5172   1.0663   2.4064   0.3466   0.0699   0.9710   0.6428
  -1.7558  -2.0175  -0.3003   1.2047  -1.4434   0.3115  -0.1922   0.6579
   0.2484  -1.6958   0.9637   1.4605  -0.0899   0.1027   0.0968   0.2230
   0.0134   0.4785   0.9430  -0.2199  -1.1583   1.2430   1.5791  -0.3040
   0.0730   1.5774   0.0316  -2.2361  -1.2164   0.0715  -0.0592  -0.4220
   1.5069   0.6223   1.0267  -1.1608   0.8200  -0.0908   1.6421  -1.4545
   0.7724  -1.0717   1.2181  -0.0480   2.3296   0.8140  -0.1318  -0.4315
  -1.6104   1.3417   0.9642  -1.0485   1.1090   0.2384   0.2699  -1.0240
   1.5403   1.4854   0.4500   0.9008  -1.1579  -0.4102   0.9071   0.4522
  -0.2347   1.3864  -0.8525   0.1269   0.9007   1.2134  -0.1063   0.0457
   0.3837   0.3853  -0.6899   1.1265   2.3618  -0.0018   0.3053   0.6019
  -0.5110   1.3514   0.9676  -0.2366   0.8425   1.4801  -2.1289   0.8516
   0.2818   0.9694  -0.4709   0.6913  -0.7815  -0.2990  -0.0111  -0.6376
   1.0085  -0.3755   0.1135   0.3902   0.8138  -1.6470   0.5620   0.9171
   2.1204  -0.7832   0.2942  -0.0049  -0.5775   1.3280   0.5868   1.3049
   1.9837  -0.4677  -0.8897  -1.1295   0.0511  -1.2714  -2.2876   0.1569
   1.2630   0.0582  -1.2959  -0.4458   1.0020   1.0484   0.5549   0.5973
  -0.0020  -1.1392   0.1647  -0.2531   0.5365   0.0415  -1.1615  -0.8298
   0.1321   0.7450   1.8845  -0.8128   0.2491  -1.3641   0.7545   0.0083
  -1.3027  -0.0692   1.8045  -0.0672   0.3449   0.8062   1.0951  -1.2321
  -0.5325   1.0132   2.4540   1.1001  -0.5596   0.9483   0.7690  -0.4856
  -0.1343  -1.1834   1.2884  -1.2140   0.3648  -0.1931   1.2392  -1.4045
  -0.3858   1.2574   0.5190  -0.0327   0.5326  -1.8774   0.5072   0.2003
   0.5640  -1.4833  -0.5051   0.3445   1.5347  -0.1976  -0.1599   1.5529
  -0.3106   1.5946   0.6158   1.9686   0.6667  -1.0064  -0.5723  -0.7508
  -0.6080   0.6704  -0.0406  -0.3518  -1.6429   0.2437  -0.0434   1.0452
   1.3655   1.2149   0.2247   1.2622   1.4939   0.4069   2.0935  -1.2349
   1.0036  -1.7255   0.1004  -0.0718   1.1861   0.2478   1.4465   0.3062
  -0.4276  -1.7148  -0.8860  -0.1063  -1.3681   1.1882  -0.7266  -0.6321
  -0.3949   0.6797  -0.5881  -0.0070   0.2570  -0.0516  -1.0737  -0.4809
  -0.8930  -0.5818   0.5951   0.2906   2.0038  -0.8855  -0.1584   0.7964
   0.0357   0.4418   1.1571   1.3966   0.4435   0.7579   0.7133  -1.4646
  -1.1282  -0.7437  -0.6252  -0.0942  -0.3353   1.6288   0.0955  -0.2967
   0.4078  -2.1608   1.5269  -0.8066  -2.4825  -1.7520   1.7133   1.1425
  -1.9768  -0.1293  -1.4427   0.2308   0.0791   0.2377   1.0191  -0.4590
   0.1033   1.5543   0.0582   0.6326  -0.4297  -1.5392  -0.2167   0.4943
  -1.6665  -0.6660  -0.1103  -0.2435   1.1179   0.3047  -0.3398  -0.5327
  -0.6928   0.9700  -0.0503   0.3631  -0.8468   1.7573  -0.2911   0.8559
   1.3903   1.3618  -0.0149  -1.1239  -0.0028  -0.5064  -0.3064  -0.4838
   0.9891  -0.2354   0.0414  -0.6120   0.0122   0.8987  -1.6105  -0.2479
   1.1273  -1.4541   0.7174  -0.5597   0.7915  -1.8471  -0.3069  -0.8268
  -0.6940   0.8662   0.4028   0.1665  -1.9025  -1.0628   1.9406  -1.5763
  -0.7101  -0.9449  -1.1893  -0.3311  -1.2164  -0.5082  -2.7679   0.4872
  -0.3955  -0.9752  -0.9674  -1.4522   0.0557   0.3618   1.5048  -0.0213
  -0.4504   0.6613  -1.2668   1.2305  -0.3423  -1.3296   2.4517  -0.6838
  -0.5826   1.3460   0.8197  -2.0376   0.1676  -0.8098  -1.0708  -1.2136
  -0.2654   0.4346  -0.8611  -0.3331   1.7725  -0.2101  -1.0502   1.4232
   1.3139   0.8366  -0.1949  -0.4537   0.9224  -1.3563   0.3622   0.5180
   0.1180   1.1624   1.1567  -0.2980  -0.0889  -2.2857   0.0387  -1.1510
  -0.0551   0.5955  -1.8655  -1.0586   1.3059  -0.2468   0.1168  -0.9216
  -0.3478   1.5298   0.3419  -0.5741  -0.5167   0.5911  -1.4181   0.0539
  -2.4282   0.0511  -0.8093   0.3284   0.8920  -0.0380   1.7785  -0.2423
   1.5168   0.2085  -2.1050   1.5634   0.8059   1.5516  -0.7092  -0.7596
   0.0399   1.7431   1.4908   1.1517   1.0530  -0.0942  -0.4864  -0.1044
  -0.4020   1.5597   0.6362  -1.0708  -2.7774   0.6637   3.1117   0.3855
   1.8421   1.0924   0.5351   0.8366   0.3294  -0.8464  -0.7092  -0.4321
  -0.3640   0.5638   1.0307  -0.1132  -1.3202  -0.6867   0.5620   0.3748
  -1.1286  -1.1497   0.8043   0.9305   1.3437  -0.4903   0.2754   0.9971
   1.0877   0.1866  -2.9255  -0.1457   0.0025   0.0540  -0.7091   0.2794
   0.3495  -0.9812   1.5056  -0.7824   0.1258  -0.9670  -0.3337   0.2475
  -0.3199  -1.0641  -0.0214  -1.0798   0.7171  -1.0360  -0.4398  -2.8379
   0.7936  -1.2156  -0.2738  -1.6255   0.4415   0.9380   0.7634   0.5667
   1.2666   0.0224   1.2021  -0.5501   0.0863   0.3184   0.3835   1.6092
   0.1915   1.2495   1.1449   0.7393   0.6747   0.1852  -0.0017   0.6024
  -1.2760  -0.3170  -0.0345  -1.0610   0.1788  -0.2353  -0.7751   1.3850
  -0.2788   1.4405  -0.4062  -0.3738   2.0941   1.7557   0.9628  -0.0683
  -0.5443   1.3656   0.6351  -0.7567  -0.5109   1.2197  -0.3279  -1.2185
  -0.0479   0.5986  -0.8412   0.1433  -0.4289  -1.3006  -0.2686  -0.9810
   0.3081   0.5847   1.5314   2.0220  -0.1286  -0.0936  -0.9046  -2.2428
  -1.4055   1.6192   1.3400  -1.1401   0.8331  -1.8651   0.7376   1.2527
   1.1284  -1.2525   1.8090  -1.3486  -2.3944   0.6903   1.4101  -0.9151
  -1.6759  -1.2591  -0.1255  -2.0792  -0.3396   0.1285  -1.5814   0.8732
  -0.2386   0.9032   0.8174  -0.7108   0.0515   0.5819   0.5870   1.0957
  -0.1917  -1.3674   0.1189   0.9633  -0.9435  -0.1667   0.1337   0.7968
  -0.5140  -0.9429  -1.8033  -0.0908  -0.5026   0.5955  -0.4350  -0.1553
  -0.1164  -1.3537   0.1082  -0.3788  -0.9489  -1.5487  -1.0327   0.8885
  -1.6519  -0.4564   0.5741   0.1450  -1.1288   0.3331  -1.3297  -0.5786
  -1.3393   0.3490  -0.1845  -1.4211   1.2003   0.0496   0.0097   1.8316
  -0.9809  -1.2502   0.7066  -0.5367   0.8901  -0.5303   0.9447   1.0173
  -0.5518   0.4305   1.5038  -0.5833   0.2023  -0.2545  -0.6115  -0.8620
  -1.5121  -0.0136  -0.3318  -0.5530   0.3267   0.8266  -1.3698   0.2091
  -0.5675   0.5287   0.1345  -0.0645   0.7273   3.1962  -0.9519   0.0399
   0.9601  -0.3954  -1.0384  -1.2378   1.0840   0.2646   1.6517  -0.5478
   1.0460  -0.3500   1.7989   0.2260   0.2834   0.3050  -0.6144  -0.4574
   1.4822  -0.7564   0.5962   1.3340  -0.5893   0.3339   0.4044   0.9822
   0.8124   1.7269   0.9769   0.9987  -0.1889   1.4058   0.3791   1.8843
  -0.3401  -1.0069   0.3280  -0.8911  -1.1992  -0.5190  -0.1558   0.4227
  -0.1318   0.8140  -1.1874   1.7304   0.3962   0.4518  -0.3523   0.8840
   1.0673  -1.1472  -0.3692  -0.0825   0.1377  -1.4754  -0.3516   0.2548
  -0.4446  -1.1041  -0.1441  -1.5627  -1.3165   0.5487   0.7646  -0.7770
   0.2287   0.3526  -0.1256   1.9098   1.3004  -1.9003   0.5606  -0.6269
   2.2847   0.5658  -0.8002   0.5473  -0.2218   0.4506  -0.3997   0.8112
   0.5407  -0.9263  -1.4284   0.7403  -0.8606   0.0843  -2.0924  -1.2640
  -1.3105  -1.7458   0.6473   0.1495  -0.3687   1.2078   1.5614  -0.4484
  -0.5117   0.8083  -2.6662  -0.3247   1.0342   1.3076   0.5325  -2.4097
   1.2204   0.1997  -0.7831   0.5182  -0.8816   0.3791  -0.8331   0.9056
   1.2853  -0.0178   1.1562   0.3917  -1.0148   1.5877  -1.2294  -0.9651
  -0.6058   0.7700   1.4077   0.4839   1.1913   0.3474  -0.6642   1.3114
  -0.4240   1.7621  -0.7510   0.9964   0.4988  -0.1276   1.1446   0.5362
   2.3025   0.5873  -0.3117   0.0676  -0.5611  -0.3301  -2.5561   0.1757
  -0.5774   0.5043  -0.2252   1.4176   0.8820  -2.6123  -0.0315   1.3549
  -0.7353  -1.1668   0.8042   0.0804  -2.6189   0.9307  -1.4967  -0.7427
   1.1032  -1.4835   1.4542   0.7244   2.1370  -1.0672   1.6646  -0.6684
   0.0639  -1.1396  -0.9447   0.0397   0.4601   2.3897   1.0097   0.8376
   1.6318  -0.2866   1.7625  -0.9679   0.7237   2.3454   0.5929   0.2076
  -0.3924   1.0535  -0.1204  -0.6069   0.4002  -1.7010  -1.9159  -0.2134
  -1.4166  -0.1092   0.0933   0.5607  -0.2663   1.4522   0.3614   1.2199
   1.2116  -0.6315  -0.9869   1.9903  -1.1864   0.3366   1.1782  -1.5924
   1.2085   1.0297   1.0009   0.1575  -0.9067   0.2590   0.7626  -1.0866
   0.4651  -1.5548   0.0271  -0.9580   0.0895   0.2672   0.9568  -1.3713
  -0.3246  -0.9962   0.3876  -0.4802   0.0546   0.7401  -2.2635  -1.1275
   0.1692   0.3610  -1.2380   0.3157   0.3256  -0.9083  -0.9453   1.1430
   0.4101   0.6137  -1.2845  -0.5759   0.2804   1.5199   1.3346   0.6258
   0.9350  -0.4296  -0.5800   0.1595   1.3253   0.9795  -0.2489   0.1324
  -1.5075   1.1349   0.2330   0.2603   0.5613   0.8560   0.3008  -0.2428
   0.2177   0.7727  -2.5235  -0.0238   1.7697  -0.3767   0.0802  -0.9813
   1.2069   0.5362   0.4440  -0.1758   3.4154  -1.5622  -0.2526  -0.1354
   0.0203   1.1768  -0.7435  -2.1295  -1.6383   0.3522  -0.4989  -0.3077
   0.8025  -0.6217   0.7390  -1.6692  -0.7489   1.8183   0.5754  -0.2313
  -0.6648   0.8709  -0.2733   1.7185  -1.5458  -1.3076  -1.5847   1.8589
  -1.3523  -0.6356   0.0598   1.0936  -1.3978  -0.0851   1.1925   0.8297
   1.4047  -0.3618   0.9153   0.1211  -0.1396  -0.9246  -1.1960   0.4898
   0.4735   0.5145   1.2548   0.9553  -0.2569  -0.6787  -1.2836   1.1169
  -0.8697  -0.9989   0.5118  -2.1834  -0.1041   0.2893  -0.8820  -0.1138
  -0.2515  -1.4880   1.4535   0.3702  -1.4635  -0.8627  -0.7842   1.5732
  -1.4869   0.3415  -1.1378  -1.3736  -0.0469   0.1383   0.0895   1.4639
  -1.7227  -2.4826   0.8846   1.4205  -1.2057  -0.9260   0.3908  -0.5671
   0.4311  -1.5656  -1.0858  -1.2544   0.9649  -0.8741   0.8760   1.5759
  -0.4865   0.5202   0.2560   0.0027   1.4125  -1.4977   0.2269  -0.9393
  -1.5022   1.4633   1.3091   1.0383  -0.9719   0.3325   0.5109  -1.5799
  -1.1861  -0.3497  -1.0893   0.5583  -1.0519  -0.0522   1.2174  -0.5552
