   1.0211   0.7038   0.2988   0.0465   0.1421   1.3298  -0.7942  -1.3083
   0.6970  -0.6957   0.9852   0.5739   0.0046  -1.2730   1.2192  -0.7422
   1.0027   1.1988   0.5449  -0.1683  -0.5522   0.5852  -0.2332  -1.8762
  -0.9155   0.5811   0.7451   0.0895   0.4768   0.1190  -0.4434  -0.4151
   1.1657  -0.9586  -1.1604   0.5027   0.5015   2.0441   1.2006  -0.8417
   0.7013  -0.7905   0.7419   1.4233   0.8415   0.8656  -0.8549   0.9352
   0.6223  -1.2721   0.9188  -0.3004  -1.2656   1.0238  -0.1347  -0.6913
   0.9129   0.6257   0.2251   0.6037  -0.3747   0.7803  -1.1107   1.3313
  -0.7737  -1.0145   0.0580  -0.0303  -0.0398  -0.5012  -0.2456   0.9407
  -0.5693  -0.7413   0.5903   0.2600  -0.5840  -1.4627   1.0182   0.9856
  -0.7880   0.7513   0.0182  -0.6550  -2.2379   0.0755   0.4762  -0.3603
  -1.2141  -1.0336   0.7897   0.6000  -1.1055   0.8386   0.0846  -0.2265
   0.7337   0.7835   1.0508  -1.0460  -0.1345  -0.2313  -0.0034  -1.4354
  -1.0006  -0.6249  -0.2515   0.3698  -1.3725   0.9759  -0.0965   0.5930
  -1.1340  -0.8018  -0.2063  -1.5523   1.6501   0.1123   0.9305   0.3233
   0.8880  -0.7256  -0.3598  -1.3862  -0.8785   0.2259  -0.0130   0.9947
  -0.8597   1.2693   0.4673  -0.7592  -1.8617  -1.7435  -0.1457  -0.7585
   0.7416  -0.8948  -1.4412  -0.0488  -0.8520   0.3670   1.5915  -0.1845
  -0.5673  -0.9685  -0.7416   0.6354   0.4954   0.7943   0.3993  -1.2761
  -0.9851   0.7092   1.1583  -0.6509   0.8230   0.3654  -0.6806  -2.5131
  -0.5993   0.7557  -0.4099   0.5742  -0.7223   0.2047   1.7815   0.8886
   1.1577  -1.0279   1.4455  -0.3701  -0.7059  -0.6349   0.6992   1.5660
  -0.5388   0.9676  -1.6315   0.8269  -0.0267  -0.4997  -0.1489  -0.4174
  -1.2048  -0.8476  -0.8061   0.8159   0.7059  -0.3927  -0.5467   0.7015
   0.5328  -0.6987  -0.7996  -0.9078  -1.3183  -0.7327   1.6263  -0.7433
   0.5705   0.8617   1.4032   1.0848  -0.4335  -0.6966  -0.0806   0.8525
  -1.0435   0.7712  -1.5528   1.6274   0.4172   0.2372  -1.1706   0.2823
   0.7494   0.7524   0.0469   0.1728   1.2586   0.0223   2.0228   0.3100
  -1.0106  -1.0085  -0.8497  -1.0180  -2.2818  -1.6478  -0.2213  -0.2326
  -0.5581  -0.9009   0.8841   2.2808   0.8909  -1.1513  -0.0725   1.1228
  -0.6121  -0.6437  -1.1513  -1.4920   0.5237  -0.6446  -0.3520  -0.8202
   1.2063  -0.9186  -0.3497   1.2499   0.0246   0.4638  -0.5406   1.5855
  -0.6616   0.9093  -0.5812  -2.1923  -2.3112  -1.1038   1.0716   0.3324
  -0.6185  -1.2782  -0.0521  -1.1309  -2.3786  -1.5248   0.0011   1.1061
   0.8361  -0.7425  -0.5018  -1.7306   1.5897  -0.1615   0.4496  -1.0142
   0.7598   0.7261   0.6018   0.3424  -1.1005  -0.4678   0.7065   1.1083
   0.7849   0.9361  -0.5370   1.0826  -0.6582   1.7550  -0.8324   0.5548
   0.6527  -1.1711   0.2480  -0.1136  -1.1247  -0.8427   0.6437  -0.2992
  -0.5648   0.9345   1.3026  -0.8557   1.0472   0.3658   0.4762  -0.3919
  -0.6913  -0.6551   0.5757   0.6387  -1.0543   0.5250  -0.3578   0.3179
   0.6955  -0.5378   0.8623  -0.1478   0.3057   2.0704   0.2741   0.3612
  -1.0569   1.1248   1.2301   0.1657  -0.4086  -0.1804   0.0516   1.9479
   1.1606  -1.1617   0.3756  -0.6942   0.6494  -0.4940   0.0300   0.5857
   1.0348  -0.6789   0.8762  -0.1512  -0.5332  -1.4622  -0.8401   0.6323
   1.1214  -1.0424   1.3718  -0.8223  -0.9338  -0.0213   0.9633   0.1084
   1.1957  -0.6839   0.7958   0.5890   0.9305  -0.1767  -1.1645   0.2552
  -1.1886   1.1220   1.0019   1.0854   2.0399   1.0348  -0.7703   0.2543
   0.6122  -1.2451  -2.5703  -1.2143  -2.1691  -0.0069  -0.1627  -1.3917
  -0.7459   0.9451   1.9352  -0.4600  -0.5345  -0.7829  -0.2621  -0.4531
  -1.1671   0.9647   0.4361   0.6427   0.2384   1.7634  -1.7543   0.2892
   0.6749  -0.7647   0.9165   2.0038   0.8468  -1.3466   1.2194  -0.2926
   1.1554   0.5427  -0.7287  -0.8201   0.6099  -1.2761  -0.8630  -1.0159
   0.6130   1.0655  -0.7696  -0.7129   1.8683  -1.6774   0.9839  -0.7546
  -1.2156  -0.6563  -0.5607   1.4264  -1.1454  -0.3034  -2.6344  -1.0174
  -0.8369   0.5354  -1.2698   0.0832  -0.0938   0.9494   0.2055  -0.8030
   0.7491  -0.6463   1.8426  -1.0088   0.6967   0.5524  -0.4522   1.4977
  -0.7285   0.9966   1.4231   1.4865   0.2993   0.1534   0.8664   0.0411
  -1.1425   0.6471  -0.2917   0.5533  -0.1399  -2.1808  -2.1571   0.3775
   0.6139   1.1055  -0.2465  -0.6845  -0.6470   0.0566  -0.0293   0.6793
  -0.9346   0.8455   0.4527  -3.1144   0.3279  -0.2451   0.2589  -0.5232
   0.9667   0.9327  -0.0573  -0.9176  -0.9786  -0.0759  -0.6135   1.7644
   0.9928   1.0552   1.1379   0.7688  -1.9531  -0.4391  -0.1060  -0.2798
  -1.2461   0.6258  -0.3322   1.0789  -0.0548   0.6213   0.5990   0.3618
   0.5706   0.5982   0.9882  -0.1877   0.8541   0.1657   0.4066  -0.0450
  -0.5302   0.8096  -0.7913   0.4381  -0.1533  -1.6423   1.1394  -0.3564
  -0.5809   1.0697  -0.6389  -0.3280  -1.4063  -1.0466   0.6888  -0.2135
  -1.0307   1.0348  -0.5063   0.0374   0.4670   0.9938   0.7492  -0.2980
  -0.9811   0.7192  -0.6922   0.5406  -0.5299  -2.0698  -0.5581  -0.0986
   0.6234  -0.7106  -0.6304   1.4671  -1.1752  -0.0064   1.7508   0.4157
   1.0626   1.0644   0.2242  -0.0518  -0.8602   1.5261  -0.3249  -0.1396
  -0.6426   1.2542  -1.0306  -0.1660   0.9607  -0.9797  -0.4736   1.0120
   1.0888   0.6610  -0.6375  -0.6159   1.6191  -1.1120  -0.3956  -0.4851
   0.6356  -1.0006   1.7408  -2.8100  -0.0135  -0.3701  -0.5025   0.9191
   0.9473  -0.9814   0.4647  -0.8135   1.0433   1.7897   0.8940   0.4240
   0.8535  -1.2643   1.0584   0.0204  -0.6738   1.4075   0.8513   0.2615
   1.0285  -0.6247  -0.8248  -2.2122   0.7697  -0.7814   1.1662   0.2901
   0.9237   0.8827   1.1220  -1.0095  -0.0337  -1.4339  -1.4530  -1.9512
   1.2168  -0.6049   0.8206   1.5521   0.3654  -0.8881  -1.8754   0.2630
  -0.7186  -1.2332  -2.7109   0.6160  -1.0337  -0.0967   0.5650   1.0654
   0.9814   0.7581  -0.3318  -0.0767   1.9505   1.2871  -0.4031  -1.0814
  -0.9602   1.0921  -0.6439   0.1461  -0.9971  -0.1541   0.7038   1.0964
  -0.6672  -1.0089  -0.9231   0.2753   0.0144  -0.3658  -0.3457  -1.2401
   0.6250  -0.6839  -0.1598  -0.3497   0.7566  -1.5524   1.1953   2.0735
  -0.9598   0.6394  -0.7170   1.5270   0.6261   1.4610  -0.3090   1.7855
   0.9957  -0.7731  -0.0963  -0.6093   1.4514   0.2586   0.9002  -0.2788
  -0.8866  -0.5538   1.5653  -0.0520  -0.3282  -0.7545   1.4827  -0.0555
   1.0722   1.2751  -0.8185  -1.0395   0.3104   0.0505  -1.3718   0.1040
  -1.1632   0.9437  -1.1971   1.4543  -0.6103  -0.4506  -0.1728   0.2516
  -0.5649  -0.5515  -1.5848   0.5983   0.9011   0.6789   0.1813  -1.4964
   0.7908  -0.9834  -0.1306   1.0982  -0.9710   0.6793  -0.4598  -0.0192
  -1.0336   0.9862  -1.4144  -0.0878   0.4360   0.5499  -0.4763  -2.4533
  -1.0060  -0.6847   1.0367   0.6006  -1.6175  -0.2424   1.5520  -0.2672
   0.8563  -0.5550   1.5681  -1.2680  -0.9538   0.0124  -2.1057  -0.9601
  -1.2426   0.6247   0.5819  -0.3757  -0.8700   0.4501   0.5780  -1.1414
   1.2485   0.8141   0.1969  -1.1576   2.1672  -0.5464  -2.1162   1.2425
  -0.8251  -0.6924   0.4994  -0.3896   0.2950  -0.6329   0.8955   0.3064
   0.6745   0.9056   1.4468  -0.6371  -0.1004  -0.3610   0.2571   1.5007
   1.2049  -0.5439  -1.1188  -1.3258  -0.0018  -0.6039  -0.4224   0.9578
  -0.6702   0.5753  -0.0652  -0.1388   0.2414  -0.2563  -0.7467  -0.8557
  -1.2758  -0.5979  -0.5868  -0.0799   0.5986   0.1292  -0.0973   1.5560
  -1.0636   0.7499   0.9423  -1.4986  -1.5188  -2.1030   1.0994   0.1461
  -0.6777   0.7129   0.4645  -0.7672  -0.8382  -1.0813  -1.0529  -0.6914
  -1.2198   0.7960  -0.5306   0.7652   1.5784  -0.5889   0.0463  -1.9402
  -1.2421  -0.7766  -0.5140  -1.5996  -0.0763   0.8527   0.0532   2.5202
  -0.9009   0.9922   1.2971   0.8211   0.0550  -0.9692   0.6249   1.6803
  -1.0208   0.8439  -1.7761   0.0133  -0.6142   0.7888  -0.0768  -0.6921
   0.8462   0.6191   1.3642  -0.0519   0.1020  -0.1677   1.1232   0.6767
   0.7967   1.1901  -0.9231  -0.2659   0.1989   0.5593   0.2746   0.5139
  -1.0994  -0.8151  -1.3147  -1.9731   1.1304   0.3770  -0.0849   0.3047
   0.7417  -0.8434  -1.0076   0.0445   0.6932   1.8345   0.6547  -0.5718
   0.6661  -1.0129  -0.0393  -0.8900   0.8088  -0.6776   0.9676   1.0908
   0.7389   0.7215  -0.1909   1.1597  -0.1724  -0.1778  -0.9757   0.1216
  -1.0527   1.2576   0.7343  -0.2309   1.1771  -1.3429  -0.3032  -0.0315
  -1.0241   0.6021  -0.5638   0.5238  -1.6905   1.3723  -0.0589   0.2594
   0.7432   0.9866   0.2814   0.7563  -0.0348  -0.9370  -1.6832   0.6131
  -0.7851   0.9032   2.0102   1.0461   0.0010  -0.8894  -1.7264   1.5395
  -0.7111  -0.6650   0.2724   0.6190  -0.4852   0.7510  -1.2011   0.2202
   0.6026   0.8497  -0.7675  -2.3880   0.5120  -1.1382  -0.0911  -1.1663
  -0.6664   0.6753  -0.1018   0.8887  -0.5070   0.0647   1.3215   0.9953
   0.7345  -1.2487  -0.4860  -1.0108  -0.4966   1.0135  -0.6397   0.8987
   1.2355   0.8014  -0.7422   0.6624   0.9834  -1.1088   1.0324   1.9478
  -0.7969  -0.5298   1.4619   0.8293  -0.5677  -0.0118  -0.7299  -2.0499
  -0.5909  -0.7351   0.4660  -0.7431   0.8055  -0.6231   0.0985   0.5435
   0.8339  -0.6493  -0.4852   0.1191   0.4908   0.2719  -1.3227   0.5606
   0.7423  -1.2032   0.6735   0.1246   1.5555   0.7509   1.4265  -1.8958
  -0.7753  -1.0632  -0.3221  -0.5803  -0.5249   0.3699  -0.4673   0.5178
  -1.0244  -1.1742  -0.0811  -0.1853   1.0368  -0.2901   1.1935   0.1246
   1.1189   0.7760   0.9200  -0.7817  -0.7853   2.0594  -2.3085  -2.6466
  -1.2637  -1.2193   0.8865  -1.0153  -1.4098  -0.5512   0.1808   0.0740
  -0.6382  -0.9283  -0.7106   1.0438   0.4154   1.0119  -2.2591   0.2102
   1.0614   1.2701   0.3817  -0.8708   0.1745   0.1726   0.2826  -0.1446
   1.0676   0.9688   0.5335   1.4727  -0.1609  -0.3881   0.5694  -0.1844
   0.5507   0.7686  -2.0306   1.4206   0.3819   0.6182  -0.4676  -1.8359
  -1.1751  -1.2108  -1.8435  -0.2128  -0.5410  -0.7090   0.9754  -1.1235
  -0.8201   1.0202  -0.0503   0.5647   0.7458  -0.4391   0.3385  -1.2291
  -1.1201   1.1881   2.2756   1.6276  -0.1329   0.1432  -1.9411   0.8787
  -0.9630   0.8998   1.7199  -0.6751  -0.8202  -0.1543  -0.1859  -0.3929
  -0.6350  -0.6240  -0.1410   0.3315   0.8112   1.0867  -2.2212  -0.8664
  -0.9865   1.1443  -1.4752  -0.0065  -0.4011  -0.5805  -0.9907  -0.0082
  -0.6309  -0.9138  -1.0989  -0.5445   0.0713   0.4782  -0.3320  -0.6196
  -1.1330  -0.8224   0.2970  -0.4464   1.9831  -0.7602   1.3257  -0.8216
  -1.0478  -1.1643   0.1441  -1.5989   0.0655   0.4373   1.1943   0.0048
   0.6577  -0.8030   2.4407  -0.4906  -0.4320   0.8805   0.9783  -0.4479
   1.1846  -0.7950   1.2458   1.1736   1.8110   0.0868   1.5438  -2.6375
   0.7158   0.8268  -0.1627  -1.7102   0.8602  -0.7279  -1.0744  -2.0534
  -1.1049  -0.7676  -0.2068  -0.4904   0.0762  -1.7281  -0.8486  -0.5791
  -0.7888  -1.1469  -0.5292   0.6079  -0.4064   0.4267   0.3905   0.4183
   0.6525   0.8808  -0.2870  -2.2599   0.0121  -0.5496   0.4740  -0.7038
   1.2239   1.2431  -0.2285   0.9008  -0.1061  -0.3440  -0.6947   1.8320
   0.7638  -0.5438  -0.3670  -1.1978   0.8532   0.9963  -1.8005  -0.4955
  -1.0489  -1.1960   1.7288   0.2668  -0.3969  -0.2292  -1.5570   1.0506
  -1.1412  -1.2706   1.4132   1.0136   0.7417   0.9869  -0.1689  -0.3311
  -0.5949  -0.8204  -1.4527  -0.3770   0.7450  -0.9412  -1.6681  -0.9713
   0.6910  -0.7945   1.3397   0.2294  -0.8364   0.6094   1.3258  -1.0306
   0.7690   0.8230   0.2524   0.5357  -0.0658   0.6073  -2.5181   1.6416
   0.6661  -0.8938   0.8869   0.5938  -1.0930  -0.8357  -1.7011  -0.4869
   1.2093   0.9307  -1.2243   0.1959  -0.5254  -0.8184  -0.8447   0.3983
  -0.8983  -0.9367   1.2779   2.0718  -0.0786  -0.8439  -0.5910   1.4931
  -0.9119   0.5970   0.0844   0.4595  -0.9798  -0.4563   0.7105  -1.2463
   0.8441  -0.6882   0.3113   0.9354  -1.1790   1.7291   1.2799   0.3334
  -0.5272   1.0880   0.1302   1.1497   0.1278  -0.9762   0.2383  -1.0469
  -0.7733   0.8818  -1.2576  -0.9333   0.4206   0.5364   0.6109  -1.4162
  -0.6281  -1.1404  -0.3575   1.0398   0.0043  -0.7774   1.0965   0.0172
  -0.6815  -0.9245  -0.5564   0.5429   0.5210  -0.6155   1.0963   1.6419
  -0.5587  -1.2451   0.4265   1.1102   2.3085  -0.7578  -0.0981   0.1900
   0.6157   1.2059  -1.0069   0.4522  -1.2765   1.4716   0.4506  -0.7301
   0.8224  -0.6135   0.8816  -0.5769   0.9699  -1.4980  -2.3459  -0.1462
  -0.7235  -0.7874   0.3423  -1.7772   0.3759   1.6986   0.6413   0.4878
  -0.9882   0.8161  -0.1765   0.6670  -1.4794   1.1244  -0.8361   0.2430
  -1.1145   1.0662   0.9545   0.0380   0.8399  -0.8906   1.4475  -0.1593
   0.8719  -0.6719  -0.0759   0.6499  -0.1057   0.9983   1.7724   0.0217
  -0.6818  -0.8151  -0.7343  -0.5058   0.6022   0.8625  -0.2946  -0.8256
  -0.8931  -0.9837   0.3890   2.0253  -0.9841  -0.2886   0.6164  -0.4952
  -0.9163   0.5756  -0.5568   0.3630  -0.5681  -1.9088   0.3110  -1.5068
  -0.8192  -0.6531   0.9722  -1.0578  -1.5830  -1.6738   0.0004   0.6609
   1.0505  -1.2032   1.1819   2.2813  -0.9316   1.2374  -0.5035   1.1485
  -0.9576   0.9349  -0.9634  -0.5261   2.1053   0.2465   0.0143   0.9426
  -0.7392  -0.7250  -0.3409  -0.6602  -0.1043  -0.2096   0.6951   0.7417
   0.5982   1.1728  -0.3157   0.4135   0.4106   0.5529   1.3022  -0.9245
  -0.9281   0.5342  -0.3555  -0.8065   0.0259  -0.5918   0.5077  -1.2018
   0.8207   0.8222  -1.8335   0.0239  -0.3378   1.5433  -0.5455  -1.7202
   0.8839  -0.9905  -1.7808   1.3060  -1.7981   0.5005  -0.4391  -0.1635
  -0.8228  -0.9961  -0.8910   1.5832   0.1546  -0.6337   1.6772  -1.1430
  -1.1539  -0.6153   0.4328   1.0028  -0.4768  -0.7663   1.3217  -0.8317
   0.9298  -0.5669  -0.9124   0.1404  -0.4825  -0.9628  -0.2678   1.7451
  -0.9960   0.6806  -1.7565  -0.3274  -0.6061  -0.9543   0.4963  -1.2652
   0.5355   0.9526   1.5925   0.8279   0.6211  -0.6820   1.1015   1.4859
  -0.6206   0.6328  -1.3930  -1.6859  -0.9990  -0.1454   0.8778  -2.5637
   1.0233   0.5309  -0.4444   0.5115   1.4438   0.3592   0.0481   1.2321
   0.9726  -0.9847   1.7370   0.6430  -0.0802   0.5250   0.5748   1.6568
   1.1290  -0.6156   1.7604   0.7608   0.8789  -1.0290  -0.5721  -0.3658
  -0.6779   0.9819  -0.4467   0.8552  -0.1551   0.1164   0.4361   0.2334
   0.5340  -0.5816  -0.3366  -0.1628  -0.1096   0.9017  -1.2159   1.5897
   1.0135   1.1715   1.5692  -2.3419  -0.5950  -1.5724   0.4835  -0.5802
  -0.9512  -0.7386   0.4099  -0.6126   0.0209  -1.1084  -0.6845   0.8705
  -0.8071  -0.9550   1.7374   1.1760   0.1480   0.4785   0.6540   0.0211
  -0.6626  -0.8318  -0.4193   0.6843   0.8366  -1.2080   0.5897  -1.4707
   0.8587   1.1121   1.5197   0.2611  -1.0458  -0.3745   0.4556   0.6146
   0.6784   0.6360   0.9518  -0.8165   0.7988  -0.4721  -1.7425   0.7600
  -1.0623   0.6202  -1.8831  -1.4355   0.3275   0.2284   1.2253   0.5517
  -0.9039   0.9262  -0.9773   0.1595  -1.2138   1.1871  -0.0445  -0.5400
   0.5713  -0.8179  -0.9486   1.5361   0.6554  -0.4496  -0.9214   0.9668
  -1.1563  -0.9120   0.2156   0.0712   1.0782   0.0984   0.4680  -0.2728
   0.8603  -0.5315  -1.4248  -0.5955  -0.2935   0.6146   1.0111  -0.1295
   0.7460  -1.1476  -0.6340  -2.2935   0.1425  -0.3066   0.1092   0.0898
   0.5543   0.9493   2.5736   0.8723   0.5126  -1.9024  -0.1176   2.7720
  -1.0191   1.0617  -0.1916  -0.6618  -0.4010  -0.6718   0.8387  -0.4719
   0.5764  -1.1703   1.9625  -0.0376  -0.6281  -0.8961   0.9266  -0.0429
   0.9116  -0.9283  -0.2655  -0.0272  -2.2511  -0.6669  -0.4030   0.2138
  -0.5513   1.0874   1.3680  -0.7830  -0.4418  -0.6753   0.8613  -0.6336
   0.7650  -0.7565  -1.7658   0.9238   0.1079  -0.6040   0.4860  -0.6870
   1.1621  -0.8048  -0.8616  -0.1868  -0.3870  -0.7637  -0.7827  -0.0335
   0.9193  -0.6539  -0.7668  -0.5124  -0.5343  -0.0018  -1.1156  -1.6302
  -1.2204   0.5354  -1.2301  -0.1309   1.0180   0.0995  -0.8535  -0.0622
   0.5847   0.8396  -0.1576   0.8914  -0.9420   0.1347  -1.3174   0.2522
   0.8576  -1.0011  -0.4095  -2.4496   0.5089   0.7802  -0.6850  -1.0698
   0.9534   0.7214  -0.8718  -1.1895   0.1839  -2.4249  -0.6975  -0.6053
   0.9212   0.8858   1.5124  -1.0642   1.4944  -0.3184  -2.4594  -0.1726
   0.8546   0.5794  -0.0570  -1.8780  -0.3551  -0.1728   0.4323  -1.7078
   0.8139  -1.0968  -1.5408  -1.4666  -0.8053   0.2559  -0.0681   0.8043
   0.6375   0.6329   0.9824   0.0125   0.2271   0.9743  -1.0632   1.0610
  -0.5882  -1.2608   1.2655   1.6603   1.3382  -1.2487  -1.8429   0.0325
   0.8553  -0.8599  -2.4134   1.3060  -0.7809  -0.7658   0.5749   2.5176
   0.5333   0.7777  -0.1196  -0.3001  -0.3005  -0.6537   0.1571  -0.0198
   0.8458   0.9236   1.9257   1.0389  -0.8533   0.2398  -0.5683  -2.7256
   1.1018  -1.0465   0.1075  -0.0976  -0.1926   0.5226  -2.8667  -0.4299
  -0.6163  -0.8600  -0.3476  -2.3622  -0.4088   0.1295  -0.7413   0.9451
  -1.0021   0.7480  -1.3491  -0.9949   1.6037   1.4601   0.1022   0.6623
  -0.6251   0.6250   0.8042  -0.9390   0.1434   0.3106  -0.5509  -1.9884
  -0.5672  -0.6678   0.4285   1.9379   0.6917  -0.0969   0.1435   0.5314
   0.8284   0.9516  -1.0625  -0.0533   2.9002   1.3059   0.7663   0.1589
   0.9359   1.1492  -0.4359   0.8813  -0.3931   0.1791   0.3265   0.7081
   0.7078  -0.8783  -1.2881  -1.0236  -1.3315   0.2656  -0.5637   0.3894
   0.8674  -1.1821   0.8503   0.1795  -0.3742   0.6874  -1.3551   1.4125
   0.9037   1.0224  -0.3316  -0.9509  -1.1590  -1.9331  -0.2875   0.1072
  -0.8507  -0.6951   0.4506  -0.6032   0.2054  -0.0832   0.0902  -0.9559
   0.9391  -0.6435  -0.9063  -0.6620   0.8254   0.4365   0.5209  -0.1641
   0.8950   1.1436  -1.1698  -0.0611  -0.1416  -0.0744  -1.3762  -0.2861
   1.1403  -0.7378   0.7623  -1.6148   0.9249   0.1466  -0.0516   0.6001
   1.2234   1.1358   0.9704  -1.0041  -0.2679   1.1368   1.4367  -0.2313
   1.0807  -1.1178  -0.9257  -0.2230   0.1031   0.7362  -0.3197  -0.5879
  -1.1184  -1.1322  -0.4351  -0.1678  -0.3951  -1.7176   0.8339  -0.0417
  -0.6227   0.8263  -0.7472  -0.7557   0.7642   0.3682   0.2974  -0.5097
   0.7519  -1.1772  -0.4828  -1.6931  -0.7264   0.2453  -0.2206   0.7682
   0.7317   0.6963  -2.8950  -1.4106  -1.9290   0.9005   0.8364   0.4528
  -1.0330  -0.6998   1.0525  -0.0483  -1.0297   1.0157  -0.2608   0.7949
  -0.7712  -1.0313   0.5335   0.2778  -0.3305   0.5815   1.0983   0.3495
  -1.0122   1.1882  -1.4123  -0.4213  -1.0481   1.2846   2.7854   0.0622
   0.7645  -0.7502  -0.8347   1.2598   2.2657   0.8584   0.9564   0.6870
  -1.1118   1.1471  -0.2401  -0.4362  -0.8578   0.7104  -1.0272  -1.2538
  -0.5761  -1.2077  -0.7424   0.3197   1.3135  -0.8108  -0.2608   0.2534
  -0.9156   1.1064   0.3385  -0.3878   0.9903  -0.6999   1.8452   0.3362
  -1.1982   0.6102  -0.7520   0.3717   1.2496   0.2674  -0.7981   1.2087
   0.7321   0.8120  -0.0111   0.9704   0.7067  -0.8888   1.0697  -0.0711
   0.7518   0.6373   0.5940   0.2304   1.6976   0.3887  -0.8284   1.3702
  -0.9908  -0.9943  -0.1044  -0.3578   2.4958   0.8880  -0.2774  -1.4379
   0.8771  -1.1065  -1.2233  -0.3627   0.4631   0.6632   1.4091   0.6198
  -0.6437   0.8950  -1.1252   1.9927   0.3368   0.3413  -2.4595   0.7281
   1.0005  -0.8151   0.0601  -0.7039   1.9130   0.6317  -1.8725  -0.4873
   1.1992   0.5649   0.1418   1.8524  -2.4138   0.1059  -1.6107   0.2543
  -0.6789   1.1943   0.1974   1.4988   1.0654   0.8227  -1.1185   0.4169
  -0.6609   0.8949   0.2943  -0.8687   1.4139   1.3343   0.7320   1.0050
   0.6274   0.5717   1.0318  -1.5374   0.7340  -0.2163   2.1409  -0.7282
  -0.8977  -0.8147  -0.2014   2.2738   0.8106   1.0479  -0.1731   0.3163
  -1.1520  -0.7021  -1.0172  -0.9763  -0.2224  -0.0837  -0.7233   0.0064
  -0.7330   0.5563  -0.1146   0.0769   0.2822   1.2621   1.3441  -2.4442
   0.8694  -1.2748  -0.8290   0.4312  -1.8714   0.0736  -0.5429   0.8294
  -0.9301  -0.7350   1.1269  -0.4540  -1.4906   0.9408   0.3073  -1.3149
  -1.1777   0.8512   0.2829  -0.1835   3.4468  -0.9138   0.4862   0.3353
  -0.9261   0.8236  -0.2493   0.2906  -0.6125  -0.5374   2.2773   0.2018
  -0.6366   0.6626  -1.2454  -0.8513   1.2926  -0.1779  -0.2889   0.0113
   0.9786  -0.9079   0.5071   1.2537   1.1362   2.7073   0.2066   0.9249
  -0.7017   0.5489  -0.0874  -0.8847   0.3727  -0.0016   0.5319   2.1065
  -1.0864  -1.1840  -0.8153   0.1121  -0.8519  -1.0019  -0.4785   1.1119
  -0.8872   0.6600  -0.5453   0.2094   1.0821   0.6347   0.0338   0.3851
  -0.6385  -0.9471   1.6055   0.2580  -0.1125   0.1989   0.8393  -0.9411
  -1.1297   0.5414   0.8229   0.4109  -0.5164   0.9726   1.2430   0.4292
  -0.6969   0.5721  -0.7412  -0.4826  -1.7635  -0.1180   1.4309   2.8367
  -0.6008  -1.0019  -1.8835  -0.5307   0.2187   0.0811   1.5182   2.2090
  -1.0160  -0.7140   0.8443  -0.4494   1.1828  -0.9200   0.2800   0.2721
   0.5809   1.2197  -0.3050   1.3368  -0.1895   0.8896  -0.0932   1.1317
  -0.5333  -0.7489  -0.1003   0.2683  -1.8089   1.3160   1.3204   0.6868
  -0.6327   1.0081  -0.5691  -1.5085  -0.5957  -0.3506   0.3081  -0.2819
  -0.7050  -1.2357   1.0467   0.5892   1.1313   0.2461  -0.3456   2.4286
  -0.6214   0.7168   1.1597   0.9921   0.1269   0.8339   0.1711  -0.0622
  -0.6418   0.5424  -0.5094   1.0914   0.2616   0.0170  -0.6311   0.0453
   0.6199   1.0912   0.0455  -0.1311  -0.0670  -0.4660  -1.0105   0.0445
  -1.1266   0.8597   0.0634   0.2570   0.3219   0.8307  -0.1550  -1.2563
   0.8044   0.7060   0.3159   0.9814   0.5316   1.3411   0.3883   0.0275
   1.1851  -0.5398   1.4783  -0.1833  -0.2718   0.4751  -0.2737  -0.0179
  -0.9918   0.6427   0.2125   0.6906  -0.8816  -0.0505  -2.2896  -1.2996
   0.6536   1.0191   1.1910  -1.0390   0.3767   0.8978  -0.2965  -0.9357
  -1.2466  -0.8979   0.8408  -1.2727  -0.7244  -0.2510   0.6779  -0.0295
   0.7930   0.6733   0.2672  -0.0175   0.8143   0.2402   0.1971   1.3910
   0.7436   0.7716   1.0649   0.0769  -0.0034   1.4062   0.8463  -1.8197
  -1.0024  -0.9762  -0.7488  -0.5073   1.7203  -1.7828   0.7870  -0.3648
   0.9252  -1.0841   0.8472  -1.7594  -0.8845   1.0338   3.0727  -1.1836
   0.6829  -0.5449  -0.0655   0.4882   1.3724   0.0503   1.3764   1.6590
  -0.9343  -0.9438   2.4271  -0.3002  -0.0927  -0.3601  -0.0564   0.5207
  -0.5441   0.6411   0.5422  -0.4957  -1.0329  -1.7953  -1.3875   0.0792
   0.5417  -0.8589  -0.8740   0.1611  -0.0454  -0.0903  -1.1459  -0.5874
   0.6813  -0.8395   1.3848  -1.3190   0.3988  -0.8380  -0.6576  -0.2093
   0.9853  -1.0287  -0.6767  -0.5802  -1.2402   1.8037  -0.8846   0.5659
   0.9633   0.7349  -0.7228   2.1509   1.4644   0.0833  -1.0217  -1.0309
  -0.7134   0.7983  -1.8085  -0.4741   1.1899   0.8704   0.9744  -0.7071
   0.7936  -0.7107  -0.6641  -1.1131   0.3804  -0.2960  -1.9604  -0.4574
  -0.6070   0.5940   0.7329  -0.4778  -0.0343  -1.0568   1.1586   0.3379
   1.2645  -0.5542   0.7135   0.5850   1.5521  -2.0428  -1.3037  -0.3843
   0.9758  -0.7728   0.2354   0.9053   2.0609   1.6533  -0.4701   1.1276
   0.6880  -0.8302   2.6199   0.3979   0.1189   0.1128  -1.2964   0.4633
   0.6956  -1.0165  -1.5771   0.4751  -1.1016  -1.6460   0.9175   0.7023
   0.9614  -0.7112   1.2204  -0.1229  -0.5601  -0.0794   0.6275  -0.8703
   0.8209  -0.9160  -0.1925   0.1679   0.2702   0.4054   1.8165   0.8473
   0.6348  -0.7040   1.8177   0.7076   1.7530  -0.2129   0.1962   0.7348
  -0.9125  -0.8634   1.0139   0.0189  -0.6273  -0.0840  -2.4070   0.2888
  -0.8589   0.5881  -1.2444   0.3395   1.4177   0.1626  -0.2429  -0.1957
  -1.1965   1.0192  -0.1047  -0.4045   1.8566  -0.3274  -0.2684  -0.3202
   0.6255   0.7725   0.2998  -1.8109   2.0392  -0.5852  -0.4559   0.7535
  -1.1018   0.9396   1.0984  -0.0416  -0.5799   1.3284  -0.1132   0.9510
   0.5451  -1.2080   2.4975   0.2188   0.7909  -0.2908   0.6683   0.3877
  -0.8754   0.8470  -0.5525  -0.3539   0.4754   0.1689  -0.4432   2.3542
  -0.5990   0.6217   1.4581   0.1977   0.1716  -0.5528  -1.4601   0.4240
  -0.5547  -0.8302  -0.4565  -0.0707  -0.6424  -1.3899  -1.1049   0.8261
  -1.1258   1.0930   0.8442   0.0701   0.7229   0.2684  -1.2339  -1.0675
  -0.7217   0.7961   0.4425  -0.3013   0.5772  -0.1123  -0.5077  -1.3010
   1.0624   1.1079  -0.3673   0.2731   1.8680  -0.7603  -1.0101   0.8661
   1.1244   0.8834  -0.1960  -0.3015  -1.3552   0.2917  -0.5852  -1.5589
   0.8965   0.7124   0.9708  -0.3584   0.0128   1.0266  -0.4195   0.0767
   1.0061  -0.5692  -0.2978  -0.5432   1.8735  -0.1766  -1.4226  -1.5604
   1.1357   1.0148   0.6416   0.2419   1.2701  -0.9147   0.7313   0.0898
   0.8078  -0.5923  -1.0733  -0.3487  -0.3215  -1.5094  -1.5903  -1.3537
   0.8959  -0.8768   0.1256   0.3054  -1.2350   0.2327   1.2922   0.3165
   1.0377   0.8340  -1.5234   1.0114   0.2071  -1.2677   1.2666  -0.6623
   0.5794   0.5348   1.7961  -1.3704  -0.3907   1.1570   0.8038  -0.7638
   0.7483   1.2600  -0.6396  -1.2896  -0.4114   1.1185  -0.5416  -0.4012
   0.6685  -0.9021  -1.1590   0.7071  -0.6131   0.1370   0.2035   0.7133
  -1.1751   0.7883  -0.2397  -1.4327   1.0732  -0.7283  -0.6420   2.3679
  -0.7008   0.7908   1.4339   2.2684  -0.6209  -0.8041   2.4174  -0.8199
   0.6042  -1.0647  -2.1102   0.5354  -1.2601  -0.5549   0.8988  -0.4381
   0.8594  -1.0458  -0.2464   1.6825  -0.8153   0.0820   0.1906   0.0706
   0.6471  -1.0011  -0.2458  -1.2477  -0.0143  -0.7603   0.8006   0.4599
   1.1999  -1.1933  -1.1824   0.2552  -1.0992  -1.0617   1.0902   0.3997
  -0.6697  -1.2274  -1.2086   2.2497  -0.7466   0.7254  -1.2204   1.8240
  -0.7437   1.2358   0.3123  -0.1448  -0.3428  -0.0047   1.3153  -0.3805
  -0.9625  -0.7931  -2.2336  -0.4398  -0.0602  -1.3418   0.7595  -0.6377
  -0.8603   0.8706  -1.0408   2.1143   1.8847   0.2643   0.3962  -1.5292
  -0.6710   0.5329  -2.1558  -0.4748  -1.7792   1.2121   0.1331  -1.8549
   0.5846   1.2656   2.4221   1.2720  -0.6397   0.3529  -2.0646  -2.2853
   0.5926   0.8245   0.9240  -0.5671   1.5704  -0.7870  -0.3617  -0.6533
  -0.6460  -0.5961  -1.5942   0.5232   0.0037  -1.1744  -0.9426   0.2371
   1.1484  -1.0580   2.3186   1.6415  -1.0241   1.3942  -0.5499  -0.0194
  -1.2660  -0.9162  -0.3881  -0.8098  -0.2739  -1.7694  -1.5710   0.1038
  -1.1653  -0.5454  -0.8599  -0.5791  -0.1484  -0.8939  -0.0498   2.0681
   0.8445   0.9241   2.6973  -0.1578  -0.0230   0.4395  -1.0695   0.2382
  -1.1225  -0.7962   1.2830   0.6678   1.9395  -0.8505  -1.4521  -0.7546
   1.0940   0.8326   0.3484  -0.9586  -0.7324  -2.0124   0.0020  -0.2208
  -0.7278   0.9765  -1.1798  -0.0505   1.6690  -0.1638  -1.8748   0.9058
  -1.1812   0.7070   0.2914   0.6822   1.0757   0.8317   0.6019  -0.7298
  -0.7692   0.5407   0.6426   0.6436  -1.1622   0.3788   1.1146  -0.0975
  -0.5807  -0.7574   0.0036  -1.7700   0.0581   0.6389  -0.7601   1.5582
   0.8072   1.0636  -1.0548   0.7823  -1.6442   0.1790   0.7272   0.9816
  -1.1302   1.1800  -1.5046   1.4004   0.3448   0.3216   0.3435  -0.1198
   1.0776  -1.0240  -0.3845   0.3452  -0.6107  -1.1566  -1.4548   0.6760
   1.2531   0.7758   0.0133  -0.5038  -0.9909  -0.8236  -0.6563  -0.4390
   0.5491  -0.6301   1.2818   0.0028  -1.0860   0.0791   0.8064  -1.1599
   0.8439   0.8166   0.8410  -0.5279  -2.2195   0.2420   1.3090   0.2872
   1.1861  -0.8901   0.3537   2.0579   1.0893  -1.3534   0.4370  -0.3183
  -0.8794   0.8636   0.7394   0.5854  -0.2184   1.4119   0.8908  -1.0888
  -0.5980   1.1153   1.6669  -2.2384  -1.0822  -0.3931   1.6210  -1.8555
   0.7766   0.6073   1.0056  -1.3546  -0.9613   0.4646  -1.2784   0.7996
   0.7155   1.0598  -0.3239   0.5674   0.7884  -2.6920  -2.1183  -0.8151
  -0.8783  -0.7412  -0.1783  -0.2269   1.7015  -1.5904   0.3511   2.0844
  -0.7054  -1.0029   0.0050  -0.0560   0.3059  -1.2351   1.5179  -0.1713
  -0.8829  -0.8713  -0.0963  -2.0861  -0.3898   0.4156  -0.9812  -0.9613
  -0.5774   1.0464  -0.9121  -0.5076   0.2333  -0.6873   0.2644   1.1912
   0.8808   0.6222  -1.1730   0.7651  -0.8136  -0.5854   0.8138  -0.4214
  -0.5990   0.6335  -0.8230  -0.5168  -0.8141  -0.5620   0.3959   0.6204
   0.7992   0.7838   0.9095   0.2194   0.6278  -0.5051   1.2818   0.1142
  -0.7073  -1.0615  -0.0623  -1.3869  -2.1639  -2.1051   2.3309   0.3368
  -0.8611  -0.6417   1.1577  -1.3512  -1.2100  -0.0050   0.2342  -1.3080
  -0.6291  -0.5760   1.4787   0.0281   0.8005  -0.5948   0.5961  -0.8569
  -0.9350   0.6645  -0.4886  -1.1151  -0.6543   1.3033   0.3177  -1.3938
  -0.6572   0.9137  -0.4001  -0.8777   0.7754   0.7960   0.1587   1.7492
  -0.5446  -1.1746   3.1411   0.5545  -0.7202   1.3101   0.7026   1.5150
   0.7232  -0.8076   1.5032  -1.4382   1.2173   0.0666  -0.8957  -0.1918
  -0.8431  -0.7024  -0.6948  -0.0180   0.7836  -0.2104  -0.4213  -0.6738
   0.7888   1.0750   0.2222  -0.8177   0.7217   0.7155  -1.3492   1.4516
   0.7831   1.2643   0.1951   0.8692  -1.6664   0.6014   0.9533   0.0792
   0.7317   1.0460   0.2264  -0.0386   1.2858  -0.4952   0.7490   0.2013
  -0.9817  -0.9446   0.3120   0.4232   0.8434  -0.0282  -1.0802  -2.2549
   1.2190  -0.6478  -1.0840   0.6743   1.0452   0.4656  -0.1910  -0.6390
   0.6649   1.0319   0.2052  -1.4283   0.5929  -0.2459  -1.6477  -0.9022
   0.7773  -0.6677   0.3412   1.5220  -0.5934  -1.5910  -0.2636  -0.4585
   0.9025  -1.2142  -0.8572   0.3928  -0.8870  -0.6520   0.2292   0.2174
  -0.6891   0.7292   1.1641   0.7291   1.6403   0.4804  -0.9861   0.3795
  -0.6839   0.8832   1.8878   0.8875   0.6268  -1.8910   0.2252   0.2593
   0.9512   0.8130   0.8725  -1.1635  -0.8285   1.1604  -0.3859   0.7172
   1.0981   0.8692  -0.4369  -1.7173  -0.0276   0.3110   0.2934   0.3876
   0.9279  -0.6001   0.2414   0.1945  -0.4179  -0.0405  -1.1090   0.9350
   0.7771  -0.9167  -0.7941  -0.0050   0.7964   0.8054  -0.4399  -0.1127
