AL  1819  12  14
AK  1959  01  03
AZ  1912  02  14
AR  1836  06  15
CA  1850  09  09
CO  1876  08  01
CT  1788  01  09
DE  1787  12  07
DC  3000  12  31
FL  1845  03  03
GA  1788  01  02
HI  1959  08  21
ID  1890  07  03
IL  1818  12  03
IN  1816  12  11
IA  1846  12  28
KS  1861  01  29
KY  1792  06  01
LA  1812  04  30
ME  1820  03  15
MD  1788  04  28
MA  1788  02  06
MI  1837  01  26
MN  1858  05  11
MS  1817  12  10
MO  1821  08  10
MT  1889  11  08
NE  1867  03  01
NV  1864  10  31
NH  1788  06  21
NJ  1787  12  18
NM  1912  01  06
NY  1788  07  26
NC  1789  11  21
ND  1889  11  02
OH  1803  03  01
OK  1907  11  16
OR  1859  02  14
PA  1787  12  12
PR  3000  12  31
RI  1790  05  29
SC  1788  05  23
SD  1889  11  02
TN  1796  06  01
TX  1845  12  29
US  1776  07  04
UT  1896  01  04
VT  1791  03  04
VA  1788  06  25
WA  1889  11  11
WV  1863  06  20
WI  1848  05  29
WY  1890  07  10
