#  latin_random_07_00100.txt
#  created by LATIN_RANDOM_DATASET.
#
#  File generated on March 20 2003  11:44:34.254 AM
#
#  Spatial dimension M =      7
#  Number of points N =    100
#  Initial seed for UNIFORM =    123456789
#
  0.262184  0.495405  0.662149  0.889275  0.674994  0.775221  0.802570
  0.219563  0.858323  0.200688  0.406925  0.459452  0.992847  0.333747
  0.588295  0.861458  0.976794  0.476292  0.089202  0.067505  0.442684
  0.415617  0.897171  0.532610  0.153286  0.486314  0.719943  0.998845
  0.694153  0.177757  0.828294  0.129760  0.331331  0.340685  0.819521
  0.020661  0.723623  0.454422  0.900545  0.054501  0.368503  0.985536
  0.732576  0.505311  0.323515  0.963939  0.872248  0.556533  0.635367
  0.241100  0.773800  0.730328  0.355078  0.756979  0.514742  0.506272
  0.370438  0.982693  0.076289  0.688223  0.227076  0.589066  0.222239
  0.886340  0.578774  0.570867  0.429358  0.831812  0.352476  0.124475
  0.470617  0.097613  0.885170  0.047134  0.710147  0.007929  0.398614
  0.944495  0.209137  0.390110  0.113584  0.434475  0.177046  0.704320
  0.304013  0.021358  0.449191  0.131435  0.023207  0.392879  0.174334
  0.317547  0.742912  0.993969  0.202077  0.700346  0.691953  0.004028
  0.137973  0.511182  0.988712  0.877500  0.307253  0.538727  0.863688
  0.670018  0.227718  0.477220  0.994902  0.659965  0.268048  0.855388
  0.278975  0.603206  0.144554  0.225025  0.943432  0.220442  0.433447
  0.013508  0.668774  0.119668  0.693740  0.014523  0.962195  0.275906
  0.560945  0.106795  0.120785  0.657959  0.931886  0.013450  0.384326
  0.970136  0.889492  0.688708  0.591923  0.859613  0.571227  0.935006
  0.688591  0.437934  0.866882  0.945116  0.078214  0.202034  0.565865
  0.168408  0.950214  0.553374  0.587087  0.247918  0.686750  0.876256
  0.111231  0.831023  0.340363  0.634281  0.417510  0.952463  0.884386
  0.480075  0.269914  0.932143  0.492679  0.968380  0.649447  0.570982
  0.792603  0.035633  0.029083  0.547912  0.644315  0.291052  0.582232
  0.259125  0.487045  0.644559  0.319884  0.202671  0.986476  0.066434
  0.381137  0.659941  0.624743  0.896011  0.988192  0.415246  0.844663
  0.803516  0.966043  0.362581  0.013526  0.313930  0.169268  0.916824
  0.818229  0.820461  0.403022  0.180926  0.996697  0.084938  0.075373
  0.602671  0.875620  0.384343  0.259673  0.502252  0.326820  0.310859
  0.206921  0.380215  0.549713  0.977040  0.527157  0.076507  0.593002
  0.195617  0.696091  0.273354  0.332154  0.595899  0.486676  0.543082
  0.788612  0.587288  0.243587  0.863774  0.824287  0.752834  0.259200
  0.964538  0.977484  0.186158  0.393791  0.039188  0.158184  0.040693
  0.099120  0.324696  0.724244  0.366715  0.105671  0.631783  0.421335
  0.535979  0.791352  0.523665  0.389373  0.172714  0.835835  0.219582
  0.501890  0.712023  0.214389  0.539363  0.765656  0.979915  0.457657
  0.867615  0.928601  0.250782  0.193944  0.162860  0.039098  0.088185
  0.723970  0.270406  0.718494  0.950207  0.806493  0.657017  0.519146
  0.931853  0.367740  0.310655  0.445221  0.359855  0.281791  0.723733
  0.105744  0.041559  0.260039  0.062648  0.786972  0.845701  0.407878
  0.993670  0.818957  0.960084  0.859076  0.446941  0.443787  0.839003
  0.916172  0.754871  0.284866  0.462680  0.539395  0.910228  0.096461
  0.753615  0.991487  0.296223  0.790144  0.583564  0.453770  0.484935
  0.292129  0.428933  0.425984  0.416870  0.554123  0.130357  0.644652
  0.227145  0.914452  0.922905  0.719349  0.426768  0.804305  0.201950
  0.391177  0.295993  0.759444  0.830750  0.861215  0.092040  0.136097
  0.892993  0.182287  0.228247  0.009479  0.363335  0.676866  0.189307
  0.058250  0.055723  0.802905  0.521933  0.370138  0.663579  0.823551
  0.838247  0.946396  0.900389  0.175423  0.237189  0.236069  0.974720
  0.070619  0.000660  0.770342  0.343763  0.387264  0.022337  0.756970
  0.337108  0.530021  0.095103  0.660091  0.692667  0.704892  0.695439
  0.900883  0.636294  0.656773  0.922053  0.738690  0.854001  0.108751
  0.527780  0.284128  0.493976  0.751287  0.726771  0.931055  0.711245
  0.667453  0.526284  0.041514  0.981192  0.896713  0.904226  0.363957
  0.853087  0.784699  0.836622  0.576651  0.662482  0.828337  0.683395
  0.038994  0.232585  0.604287  0.038424  0.111006  0.928235  0.615457
  0.177635  0.077545  0.812365  0.768070  0.094692  0.622777  0.531228
  0.877617  0.567685  0.586289  0.100138  0.575667  0.604978  0.471035
  0.184070  0.124040  0.636218  0.375578  0.295621  0.811536  0.230468
  0.449388  0.846602  0.082817  0.300956  0.326921  0.043407  0.738807
  0.575621  0.065843  0.617693  0.812171  0.925339  0.435090  0.195444
  0.080178  0.673047  0.036632  0.081220  0.254853  0.274243  0.164686
  0.715011  0.146843  0.018240  0.076574  0.407469  0.522692  0.348298
  0.760419  0.137808  0.769866  0.240760  0.184314  0.053370  0.328436
  0.593688  0.379109  0.103506  0.731794  0.269441  0.732307  0.260847
  0.362717  0.621312  0.171516  0.325199  0.342991  0.401629  0.522976
  0.648586  0.355956  0.841793  0.938474  0.156437  0.146995  0.891038
  0.230290  0.764903  0.237706  0.438756  0.129721  0.869780  0.019236
  0.980174  0.018542  0.954418  0.740289  0.973849  0.781332  0.376280
  0.321524  0.308486  0.302632  0.092733  0.841259  0.333563  0.296220
  0.491143  0.210831  0.157620  0.298248  0.049951  0.948093  0.747494
  0.613539  0.243840  0.518698  0.627127  0.065189  0.744002  0.944802
  0.511193  0.734111  0.486001  0.147134  0.218768  0.375543  0.052245
  0.422067  0.805650  0.706294  0.264077  0.137605  0.883033  0.968553
  0.772129  0.403944  0.336239  0.239330  0.397188  0.472242  0.782320
  0.626130  0.705380  0.748301  0.822732  0.494757  0.877600  0.550352
  0.438095  0.907752  0.169198  0.569319  0.274758  0.315503  0.243037
  0.705871  0.155098  0.005733  0.609262  0.880937  0.565655  0.141271
  0.922155  0.343053  0.796204  0.513405  0.007168  0.219118  0.929877
  0.547681  0.685841  0.783688  0.163940  0.682046  0.247405  0.036926
  0.147233  0.555598  0.370244  0.453101  0.518185  0.728217  0.352957
  0.344480  0.611950  0.870236  0.502649  0.549946  0.509691  0.956128
  0.128552  0.198561  0.564308  0.020186  0.744566  0.190233  0.463476
  0.009450  0.545295  0.136527  0.618763  0.815667  0.461376  0.285343
  0.459091  0.463443  0.353739  0.707272  0.141598  0.610427  0.159829
  0.635197  0.335301  0.854940  0.275977  0.569921  0.100483  0.909480
  0.280302  0.474062  0.596182  0.919712  0.796423  0.493570  0.603300
  0.354811  0.166928  0.500551  0.054690  0.605752  0.384887  0.677705
  0.042923  0.641219  0.693420  0.806216  0.958471  0.302938  0.763125
  0.829026  0.318590  0.435326  0.281254  0.918344  0.894215  0.655442
  0.066678  0.087224  0.919693  0.679169  0.476157  0.255643  0.417145
  0.154123  0.440800  0.198252  0.486340  0.462583  0.540347  0.797836
  0.951569  0.394921  0.064851  0.217090  0.774120  0.423054  0.110827
  0.408333  0.414666  0.942854  0.640192  0.620838  0.116075  0.777894
  0.469644  0.938784  0.893200  0.782283  0.614606  0.598134  0.305092
  0.657408  0.255842  0.677550  0.774965  0.285273  0.763726  0.667613
  0.554561  0.111738  0.410149  0.552461  0.632215  0.794266  0.025621
  0.746536  0.596847  0.469567  0.725834  0.193396  0.120400  0.628007
  0.844068  0.452781  0.050757  0.846284  0.906815  0.181765  0.497221
