 -0.9972638618494816     -0.9972638618494816    
 -0.9972638618494816     -0.9856115115452684    
 -0.9972638618494816     -0.9647622555875064    
 -0.9972638618494816     -0.9349060759377396    
 -0.9972638618494816     -0.8963211557660521    
 -0.9972638618494816     -0.8493676137325700    
 -0.9972638618494816     -0.7944837959679424    
 -0.9972638618494816     -0.7321821187402897    
 -0.9972638618494816     -0.6630442669302152    
 -0.9972638618494816     -0.5877157572407623    
 -0.9972638618494816     -0.5068999089322294    
 -0.9972638618494816     -0.4213512761306353    
 -0.9972638618494816     -0.3318686022821277    
 -0.9972638618494816     -0.2392873622521371    
 -0.9972638618494816     -0.1444719615827965    
 -0.9972638618494816     -0.4830766568773832E-01
 -0.9972638618494816      0.4830766568773832E-01
 -0.9972638618494816      0.1444719615827965    
 -0.9972638618494816      0.2392873622521371    
 -0.9972638618494816      0.3318686022821277    
 -0.9972638618494816      0.4213512761306353    
 -0.9972638618494816      0.5068999089322294    
 -0.9972638618494816      0.5877157572407623    
 -0.9972638618494816      0.6630442669302152    
 -0.9972638618494816      0.7321821187402897    
 -0.9972638618494816      0.7944837959679424    
 -0.9972638618494816      0.8493676137325700    
 -0.9972638618494816      0.8963211557660521    
 -0.9972638618494816      0.9349060759377396    
 -0.9972638618494816      0.9647622555875064    
 -0.9972638618494816      0.9856115115452684    
 -0.9972638618494816      0.9972638618494816    
 -0.9856115115452684     -0.9972638618494816    
 -0.9856115115452684     -0.9856115115452684    
 -0.9856115115452684     -0.9647622555875064    
 -0.9856115115452684     -0.9349060759377396    
 -0.9856115115452684     -0.8963211557660521    
 -0.9856115115452684     -0.8493676137325700    
 -0.9856115115452684     -0.7944837959679424    
 -0.9856115115452684     -0.7321821187402897    
 -0.9856115115452684     -0.6630442669302152    
 -0.9856115115452684     -0.5877157572407623    
 -0.9856115115452684     -0.5068999089322294    
 -0.9856115115452684     -0.4213512761306353    
 -0.9856115115452684     -0.3318686022821277    
 -0.9856115115452684     -0.2392873622521371    
 -0.9856115115452684     -0.1444719615827965    
 -0.9856115115452684     -0.4830766568773832E-01
 -0.9856115115452684      0.4830766568773832E-01
 -0.9856115115452684      0.1444719615827965    
 -0.9856115115452684      0.2392873622521371    
 -0.9856115115452684      0.3318686022821277    
 -0.9856115115452684      0.4213512761306353    
 -0.9856115115452684      0.5068999089322294    
 -0.9856115115452684      0.5877157572407623    
 -0.9856115115452684      0.6630442669302152    
 -0.9856115115452684      0.7321821187402897    
 -0.9856115115452684      0.7944837959679424    
 -0.9856115115452684      0.8493676137325700    
 -0.9856115115452684      0.8963211557660521    
 -0.9856115115452684      0.9349060759377396    
 -0.9856115115452684      0.9647622555875064    
 -0.9856115115452684      0.9856115115452684    
 -0.9856115115452684      0.9972638618494816    
 -0.9647622555875064     -0.9972638618494816    
 -0.9647622555875064     -0.9856115115452684    
 -0.9647622555875064     -0.9647622555875064    
 -0.9647622555875064     -0.9349060759377396    
 -0.9647622555875064     -0.8963211557660521    
 -0.9647622555875064     -0.8493676137325700    
 -0.9647622555875064     -0.7944837959679424    
 -0.9647622555875064     -0.7321821187402897    
 -0.9647622555875064     -0.6630442669302152    
 -0.9647622555875064     -0.5877157572407623    
 -0.9647622555875064     -0.5068999089322294    
 -0.9647622555875064     -0.4213512761306353    
 -0.9647622555875064     -0.3318686022821277    
 -0.9647622555875064     -0.2392873622521371    
 -0.9647622555875064     -0.1444719615827965    
 -0.9647622555875064     -0.4830766568773832E-01
 -0.9647622555875064      0.4830766568773832E-01
 -0.9647622555875064      0.1444719615827965    
 -0.9647622555875064      0.2392873622521371    
 -0.9647622555875064      0.3318686022821277    
 -0.9647622555875064      0.4213512761306353    
 -0.9647622555875064      0.5068999089322294    
 -0.9647622555875064      0.5877157572407623    
 -0.9647622555875064      0.6630442669302152    
 -0.9647622555875064      0.7321821187402897    
 -0.9647622555875064      0.7944837959679424    
 -0.9647622555875064      0.8493676137325700    
 -0.9647622555875064      0.8963211557660521    
 -0.9647622555875064      0.9349060759377396    
 -0.9647622555875064      0.9647622555875064    
 -0.9647622555875064      0.9856115115452684    
 -0.9647622555875064      0.9972638618494816    
 -0.9349060759377396     -0.9972638618494816    
 -0.9349060759377396     -0.9856115115452684    
 -0.9349060759377396     -0.9647622555875064    
 -0.9349060759377396     -0.9349060759377396    
 -0.9349060759377396     -0.8963211557660521    
 -0.9349060759377396     -0.8493676137325700    
 -0.9349060759377396     -0.7944837959679424    
 -0.9349060759377396     -0.7321821187402897    
 -0.9349060759377396     -0.6630442669302152    
 -0.9349060759377396     -0.5877157572407623    
 -0.9349060759377396     -0.5068999089322294    
 -0.9349060759377396     -0.4213512761306353    
 -0.9349060759377396     -0.3318686022821277    
 -0.9349060759377396     -0.2392873622521371    
 -0.9349060759377396     -0.1444719615827965    
 -0.9349060759377396     -0.4830766568773832E-01
 -0.9349060759377396      0.4830766568773832E-01
 -0.9349060759377396      0.1444719615827965    
 -0.9349060759377396      0.2392873622521371    
 -0.9349060759377396      0.3318686022821277    
 -0.9349060759377396      0.4213512761306353    
 -0.9349060759377396      0.5068999089322294    
 -0.9349060759377396      0.5877157572407623    
 -0.9349060759377396      0.6630442669302152    
 -0.9349060759377396      0.7321821187402897    
 -0.9349060759377396      0.7944837959679424    
 -0.9349060759377396      0.8493676137325700    
 -0.9349060759377396      0.8963211557660521    
 -0.9349060759377396      0.9349060759377396    
 -0.9349060759377396      0.9647622555875064    
 -0.9349060759377396      0.9856115115452684    
 -0.9349060759377396      0.9972638618494816    
 -0.8963211557660521     -0.9972638618494816    
 -0.8963211557660521     -0.9856115115452684    
 -0.8963211557660521     -0.9647622555875064    
 -0.8963211557660521     -0.9349060759377396    
 -0.8963211557660521     -0.8963211557660521    
 -0.8963211557660521     -0.8493676137325700    
 -0.8963211557660521     -0.7944837959679424    
 -0.8963211557660521     -0.7321821187402897    
 -0.8963211557660521     -0.6630442669302152    
 -0.8963211557660521     -0.5877157572407623    
 -0.8963211557660521     -0.5068999089322294    
 -0.8963211557660521     -0.4213512761306353    
 -0.8963211557660521     -0.3318686022821277    
 -0.8963211557660521     -0.2392873622521371    
 -0.8963211557660521     -0.1444719615827965    
 -0.8963211557660521     -0.4830766568773832E-01
 -0.8963211557660521      0.4830766568773832E-01
 -0.8963211557660521      0.1444719615827965    
 -0.8963211557660521      0.2392873622521371    
 -0.8963211557660521      0.3318686022821277    
 -0.8963211557660521      0.4213512761306353    
 -0.8963211557660521      0.5068999089322294    
 -0.8963211557660521      0.5877157572407623    
 -0.8963211557660521      0.6630442669302152    
 -0.8963211557660521      0.7321821187402897    
 -0.8963211557660521      0.7944837959679424    
 -0.8963211557660521      0.8493676137325700    
 -0.8963211557660521      0.8963211557660521    
 -0.8963211557660521      0.9349060759377396    
 -0.8963211557660521      0.9647622555875064    
 -0.8963211557660521      0.9856115115452684    
 -0.8963211557660521      0.9972638618494816    
 -0.8493676137325700     -0.9972638618494816    
 -0.8493676137325700     -0.9856115115452684    
 -0.8493676137325700     -0.9647622555875064    
 -0.8493676137325700     -0.9349060759377396    
 -0.8493676137325700     -0.8963211557660521    
 -0.8493676137325700     -0.8493676137325700    
 -0.8493676137325700     -0.7944837959679424    
 -0.8493676137325700     -0.7321821187402897    
 -0.8493676137325700     -0.6630442669302152    
 -0.8493676137325700     -0.5877157572407623    
 -0.8493676137325700     -0.5068999089322294    
 -0.8493676137325700     -0.4213512761306353    
 -0.8493676137325700     -0.3318686022821277    
 -0.8493676137325700     -0.2392873622521371    
 -0.8493676137325700     -0.1444719615827965    
 -0.8493676137325700     -0.4830766568773832E-01
 -0.8493676137325700      0.4830766568773832E-01
 -0.8493676137325700      0.1444719615827965    
 -0.8493676137325700      0.2392873622521371    
 -0.8493676137325700      0.3318686022821277    
 -0.8493676137325700      0.4213512761306353    
 -0.8493676137325700      0.5068999089322294    
 -0.8493676137325700      0.5877157572407623    
 -0.8493676137325700      0.6630442669302152    
 -0.8493676137325700      0.7321821187402897    
 -0.8493676137325700      0.7944837959679424    
 -0.8493676137325700      0.8493676137325700    
 -0.8493676137325700      0.8963211557660521    
 -0.8493676137325700      0.9349060759377396    
 -0.8493676137325700      0.9647622555875064    
 -0.8493676137325700      0.9856115115452684    
 -0.8493676137325700      0.9972638618494816    
 -0.7944837959679424     -0.9972638618494816    
 -0.7944837959679424     -0.9856115115452684    
 -0.7944837959679424     -0.9647622555875064    
 -0.7944837959679424     -0.9349060759377396    
 -0.7944837959679424     -0.8963211557660521    
 -0.7944837959679424     -0.8493676137325700    
 -0.7944837959679424     -0.7944837959679424    
 -0.7944837959679424     -0.7321821187402897    
 -0.7944837959679424     -0.6630442669302152    
 -0.7944837959679424     -0.5877157572407623    
 -0.7944837959679424     -0.5068999089322294    
 -0.7944837959679424     -0.4213512761306353    
 -0.7944837959679424     -0.3318686022821277    
 -0.7944837959679424     -0.2392873622521371    
 -0.7944837959679424     -0.1444719615827965    
 -0.7944837959679424     -0.4830766568773832E-01
 -0.7944837959679424      0.4830766568773832E-01
 -0.7944837959679424      0.1444719615827965    
 -0.7944837959679424      0.2392873622521371    
 -0.7944837959679424      0.3318686022821277    
 -0.7944837959679424      0.4213512761306353    
 -0.7944837959679424      0.5068999089322294    
 -0.7944837959679424      0.5877157572407623    
 -0.7944837959679424      0.6630442669302152    
 -0.7944837959679424      0.7321821187402897    
 -0.7944837959679424      0.7944837959679424    
 -0.7944837959679424      0.8493676137325700    
 -0.7944837959679424      0.8963211557660521    
 -0.7944837959679424      0.9349060759377396    
 -0.7944837959679424      0.9647622555875064    
 -0.7944837959679424      0.9856115115452684    
 -0.7944837959679424      0.9972638618494816    
 -0.7321821187402897     -0.9972638618494816    
 -0.7321821187402897     -0.9856115115452684    
 -0.7321821187402897     -0.9647622555875064    
 -0.7321821187402897     -0.9349060759377396    
 -0.7321821187402897     -0.8963211557660521    
 -0.7321821187402897     -0.8493676137325700    
 -0.7321821187402897     -0.7944837959679424    
 -0.7321821187402897     -0.7321821187402897    
 -0.7321821187402897     -0.6630442669302152    
 -0.7321821187402897     -0.5877157572407623    
 -0.7321821187402897     -0.5068999089322294    
 -0.7321821187402897     -0.4213512761306353    
 -0.7321821187402897     -0.3318686022821277    
 -0.7321821187402897     -0.2392873622521371    
 -0.7321821187402897     -0.1444719615827965    
 -0.7321821187402897     -0.4830766568773832E-01
 -0.7321821187402897      0.4830766568773832E-01
 -0.7321821187402897      0.1444719615827965    
 -0.7321821187402897      0.2392873622521371    
 -0.7321821187402897      0.3318686022821277    
 -0.7321821187402897      0.4213512761306353    
 -0.7321821187402897      0.5068999089322294    
 -0.7321821187402897      0.5877157572407623    
 -0.7321821187402897      0.6630442669302152    
 -0.7321821187402897      0.7321821187402897    
 -0.7321821187402897      0.7944837959679424    
 -0.7321821187402897      0.8493676137325700    
 -0.7321821187402897      0.8963211557660521    
 -0.7321821187402897      0.9349060759377396    
 -0.7321821187402897      0.9647622555875064    
 -0.7321821187402897      0.9856115115452684    
 -0.7321821187402897      0.9972638618494816    
 -0.6630442669302152     -0.9972638618494816    
 -0.6630442669302152     -0.9856115115452684    
 -0.6630442669302152     -0.9647622555875064    
 -0.6630442669302152     -0.9349060759377396    
 -0.6630442669302152     -0.8963211557660521    
 -0.6630442669302152     -0.8493676137325700    
 -0.6630442669302152     -0.7944837959679424    
 -0.6630442669302152     -0.7321821187402897    
 -0.6630442669302152     -0.6630442669302152    
 -0.6630442669302152     -0.5877157572407623    
 -0.6630442669302152     -0.5068999089322294    
 -0.6630442669302152     -0.4213512761306353    
 -0.6630442669302152     -0.3318686022821277    
 -0.6630442669302152     -0.2392873622521371    
 -0.6630442669302152     -0.1444719615827965    
 -0.6630442669302152     -0.4830766568773832E-01
 -0.6630442669302152      0.4830766568773832E-01
 -0.6630442669302152      0.1444719615827965    
 -0.6630442669302152      0.2392873622521371    
 -0.6630442669302152      0.3318686022821277    
 -0.6630442669302152      0.4213512761306353    
 -0.6630442669302152      0.5068999089322294    
 -0.6630442669302152      0.5877157572407623    
 -0.6630442669302152      0.6630442669302152    
 -0.6630442669302152      0.7321821187402897    
 -0.6630442669302152      0.7944837959679424    
 -0.6630442669302152      0.8493676137325700    
 -0.6630442669302152      0.8963211557660521    
 -0.6630442669302152      0.9349060759377396    
 -0.6630442669302152      0.9647622555875064    
 -0.6630442669302152      0.9856115115452684    
 -0.6630442669302152      0.9972638618494816    
 -0.5877157572407623     -0.9972638618494816    
 -0.5877157572407623     -0.9856115115452684    
 -0.5877157572407623     -0.9647622555875064    
 -0.5877157572407623     -0.9349060759377396    
 -0.5877157572407623     -0.8963211557660521    
 -0.5877157572407623     -0.8493676137325700    
 -0.5877157572407623     -0.7944837959679424    
 -0.5877157572407623     -0.7321821187402897    
 -0.5877157572407623     -0.6630442669302152    
 -0.5877157572407623     -0.5877157572407623    
 -0.5877157572407623     -0.5068999089322294    
 -0.5877157572407623     -0.4213512761306353    
 -0.5877157572407623     -0.3318686022821277    
 -0.5877157572407623     -0.2392873622521371    
 -0.5877157572407623     -0.1444719615827965    
 -0.5877157572407623     -0.4830766568773832E-01
 -0.5877157572407623      0.4830766568773832E-01
 -0.5877157572407623      0.1444719615827965    
 -0.5877157572407623      0.2392873622521371    
 -0.5877157572407623      0.3318686022821277    
 -0.5877157572407623      0.4213512761306353    
 -0.5877157572407623      0.5068999089322294    
 -0.5877157572407623      0.5877157572407623    
 -0.5877157572407623      0.6630442669302152    
 -0.5877157572407623      0.7321821187402897    
 -0.5877157572407623      0.7944837959679424    
 -0.5877157572407623      0.8493676137325700    
 -0.5877157572407623      0.8963211557660521    
 -0.5877157572407623      0.9349060759377396    
 -0.5877157572407623      0.9647622555875064    
 -0.5877157572407623      0.9856115115452684    
 -0.5877157572407623      0.9972638618494816    
 -0.5068999089322294     -0.9972638618494816    
 -0.5068999089322294     -0.9856115115452684    
 -0.5068999089322294     -0.9647622555875064    
 -0.5068999089322294     -0.9349060759377396    
 -0.5068999089322294     -0.8963211557660521    
 -0.5068999089322294     -0.8493676137325700    
 -0.5068999089322294     -0.7944837959679424    
 -0.5068999089322294     -0.7321821187402897    
 -0.5068999089322294     -0.6630442669302152    
 -0.5068999089322294     -0.5877157572407623    
 -0.5068999089322294     -0.5068999089322294    
 -0.5068999089322294     -0.4213512761306353    
 -0.5068999089322294     -0.3318686022821277    
 -0.5068999089322294     -0.2392873622521371    
 -0.5068999089322294     -0.1444719615827965    
 -0.5068999089322294     -0.4830766568773832E-01
 -0.5068999089322294      0.4830766568773832E-01
 -0.5068999089322294      0.1444719615827965    
 -0.5068999089322294      0.2392873622521371    
 -0.5068999089322294      0.3318686022821277    
 -0.5068999089322294      0.4213512761306353    
 -0.5068999089322294      0.5068999089322294    
 -0.5068999089322294      0.5877157572407623    
 -0.5068999089322294      0.6630442669302152    
 -0.5068999089322294      0.7321821187402897    
 -0.5068999089322294      0.7944837959679424    
 -0.5068999089322294      0.8493676137325700    
 -0.5068999089322294      0.8963211557660521    
 -0.5068999089322294      0.9349060759377396    
 -0.5068999089322294      0.9647622555875064    
 -0.5068999089322294      0.9856115115452684    
 -0.5068999089322294      0.9972638618494816    
 -0.4213512761306353     -0.9972638618494816    
 -0.4213512761306353     -0.9856115115452684    
 -0.4213512761306353     -0.9647622555875064    
 -0.4213512761306353     -0.9349060759377396    
 -0.4213512761306353     -0.8963211557660521    
 -0.4213512761306353     -0.8493676137325700    
 -0.4213512761306353     -0.7944837959679424    
 -0.4213512761306353     -0.7321821187402897    
 -0.4213512761306353     -0.6630442669302152    
 -0.4213512761306353     -0.5877157572407623    
 -0.4213512761306353     -0.5068999089322294    
 -0.4213512761306353     -0.4213512761306353    
 -0.4213512761306353     -0.3318686022821277    
 -0.4213512761306353     -0.2392873622521371    
 -0.4213512761306353     -0.1444719615827965    
 -0.4213512761306353     -0.4830766568773832E-01
 -0.4213512761306353      0.4830766568773832E-01
 -0.4213512761306353      0.1444719615827965    
 -0.4213512761306353      0.2392873622521371    
 -0.4213512761306353      0.3318686022821277    
 -0.4213512761306353      0.4213512761306353    
 -0.4213512761306353      0.5068999089322294    
 -0.4213512761306353      0.5877157572407623    
 -0.4213512761306353      0.6630442669302152    
 -0.4213512761306353      0.7321821187402897    
 -0.4213512761306353      0.7944837959679424    
 -0.4213512761306353      0.8493676137325700    
 -0.4213512761306353      0.8963211557660521    
 -0.4213512761306353      0.9349060759377396    
 -0.4213512761306353      0.9647622555875064    
 -0.4213512761306353      0.9856115115452684    
 -0.4213512761306353      0.9972638618494816    
 -0.3318686022821277     -0.9972638618494816    
 -0.3318686022821277     -0.9856115115452684    
 -0.3318686022821277     -0.9647622555875064    
 -0.3318686022821277     -0.9349060759377396    
 -0.3318686022821277     -0.8963211557660521    
 -0.3318686022821277     -0.8493676137325700    
 -0.3318686022821277     -0.7944837959679424    
 -0.3318686022821277     -0.7321821187402897    
 -0.3318686022821277     -0.6630442669302152    
 -0.3318686022821277     -0.5877157572407623    
 -0.3318686022821277     -0.5068999089322294    
 -0.3318686022821277     -0.4213512761306353    
 -0.3318686022821277     -0.3318686022821277    
 -0.3318686022821277     -0.2392873622521371    
 -0.3318686022821277     -0.1444719615827965    
 -0.3318686022821277     -0.4830766568773832E-01
 -0.3318686022821277      0.4830766568773832E-01
 -0.3318686022821277      0.1444719615827965    
 -0.3318686022821277      0.2392873622521371    
 -0.3318686022821277      0.3318686022821277    
 -0.3318686022821277      0.4213512761306353    
 -0.3318686022821277      0.5068999089322294    
 -0.3318686022821277      0.5877157572407623    
 -0.3318686022821277      0.6630442669302152    
 -0.3318686022821277      0.7321821187402897    
 -0.3318686022821277      0.7944837959679424    
 -0.3318686022821277      0.8493676137325700    
 -0.3318686022821277      0.8963211557660521    
 -0.3318686022821277      0.9349060759377396    
 -0.3318686022821277      0.9647622555875064    
 -0.3318686022821277      0.9856115115452684    
 -0.3318686022821277      0.9972638618494816    
 -0.2392873622521371     -0.9972638618494816    
 -0.2392873622521371     -0.9856115115452684    
 -0.2392873622521371     -0.9647622555875064    
 -0.2392873622521371     -0.9349060759377396    
 -0.2392873622521371     -0.8963211557660521    
 -0.2392873622521371     -0.8493676137325700    
 -0.2392873622521371     -0.7944837959679424    
 -0.2392873622521371     -0.7321821187402897    
 -0.2392873622521371     -0.6630442669302152    
 -0.2392873622521371     -0.5877157572407623    
 -0.2392873622521371     -0.5068999089322294    
 -0.2392873622521371     -0.4213512761306353    
 -0.2392873622521371     -0.3318686022821277    
 -0.2392873622521371     -0.2392873622521371    
 -0.2392873622521371     -0.1444719615827965    
 -0.2392873622521371     -0.4830766568773832E-01
 -0.2392873622521371      0.4830766568773832E-01
 -0.2392873622521371      0.1444719615827965    
 -0.2392873622521371      0.2392873622521371    
 -0.2392873622521371      0.3318686022821277    
 -0.2392873622521371      0.4213512761306353    
 -0.2392873622521371      0.5068999089322294    
 -0.2392873622521371      0.5877157572407623    
 -0.2392873622521371      0.6630442669302152    
 -0.2392873622521371      0.7321821187402897    
 -0.2392873622521371      0.7944837959679424    
 -0.2392873622521371      0.8493676137325700    
 -0.2392873622521371      0.8963211557660521    
 -0.2392873622521371      0.9349060759377396    
 -0.2392873622521371      0.9647622555875064    
 -0.2392873622521371      0.9856115115452684    
 -0.2392873622521371      0.9972638618494816    
 -0.1444719615827965     -0.9972638618494816    
 -0.1444719615827965     -0.9856115115452684    
 -0.1444719615827965     -0.9647622555875064    
 -0.1444719615827965     -0.9349060759377396    
 -0.1444719615827965     -0.8963211557660521    
 -0.1444719615827965     -0.8493676137325700    
 -0.1444719615827965     -0.7944837959679424    
 -0.1444719615827965     -0.7321821187402897    
 -0.1444719615827965     -0.6630442669302152    
 -0.1444719615827965     -0.5877157572407623    
 -0.1444719615827965     -0.5068999089322294    
 -0.1444719615827965     -0.4213512761306353    
 -0.1444719615827965     -0.3318686022821277    
 -0.1444719615827965     -0.2392873622521371    
 -0.1444719615827965     -0.1444719615827965    
 -0.1444719615827965     -0.4830766568773832E-01
 -0.1444719615827965      0.4830766568773832E-01
 -0.1444719615827965      0.1444719615827965    
 -0.1444719615827965      0.2392873622521371    
 -0.1444719615827965      0.3318686022821277    
 -0.1444719615827965      0.4213512761306353    
 -0.1444719615827965      0.5068999089322294    
 -0.1444719615827965      0.5877157572407623    
 -0.1444719615827965      0.6630442669302152    
 -0.1444719615827965      0.7321821187402897    
 -0.1444719615827965      0.7944837959679424    
 -0.1444719615827965      0.8493676137325700    
 -0.1444719615827965      0.8963211557660521    
 -0.1444719615827965      0.9349060759377396    
 -0.1444719615827965      0.9647622555875064    
 -0.1444719615827965      0.9856115115452684    
 -0.1444719615827965      0.9972638618494816    
 -0.4830766568773832E-01 -0.9972638618494816    
 -0.4830766568773832E-01 -0.9856115115452684    
 -0.4830766568773832E-01 -0.9647622555875064    
 -0.4830766568773832E-01 -0.9349060759377396    
 -0.4830766568773832E-01 -0.8963211557660521    
 -0.4830766568773832E-01 -0.8493676137325700    
 -0.4830766568773832E-01 -0.7944837959679424    
 -0.4830766568773832E-01 -0.7321821187402897    
 -0.4830766568773832E-01 -0.6630442669302152    
 -0.4830766568773832E-01 -0.5877157572407623    
 -0.4830766568773832E-01 -0.5068999089322294    
 -0.4830766568773832E-01 -0.4213512761306353    
 -0.4830766568773832E-01 -0.3318686022821277    
 -0.4830766568773832E-01 -0.2392873622521371    
 -0.4830766568773832E-01 -0.1444719615827965    
 -0.4830766568773832E-01 -0.4830766568773832E-01
 -0.4830766568773832E-01  0.4830766568773832E-01
 -0.4830766568773832E-01  0.1444719615827965    
 -0.4830766568773832E-01  0.2392873622521371    
 -0.4830766568773832E-01  0.3318686022821277    
 -0.4830766568773832E-01  0.4213512761306353    
 -0.4830766568773832E-01  0.5068999089322294    
 -0.4830766568773832E-01  0.5877157572407623    
 -0.4830766568773832E-01  0.6630442669302152    
 -0.4830766568773832E-01  0.7321821187402897    
 -0.4830766568773832E-01  0.7944837959679424    
 -0.4830766568773832E-01  0.8493676137325700    
 -0.4830766568773832E-01  0.8963211557660521    
 -0.4830766568773832E-01  0.9349060759377396    
 -0.4830766568773832E-01  0.9647622555875064    
 -0.4830766568773832E-01  0.9856115115452684    
 -0.4830766568773832E-01  0.9972638618494816    
  0.4830766568773832E-01 -0.9972638618494816    
  0.4830766568773832E-01 -0.9856115115452684    
  0.4830766568773832E-01 -0.9647622555875064    
  0.4830766568773832E-01 -0.9349060759377396    
  0.4830766568773832E-01 -0.8963211557660521    
  0.4830766568773832E-01 -0.8493676137325700    
  0.4830766568773832E-01 -0.7944837959679424    
  0.4830766568773832E-01 -0.7321821187402897    
  0.4830766568773832E-01 -0.6630442669302152    
  0.4830766568773832E-01 -0.5877157572407623    
  0.4830766568773832E-01 -0.5068999089322294    
  0.4830766568773832E-01 -0.4213512761306353    
  0.4830766568773832E-01 -0.3318686022821277    
  0.4830766568773832E-01 -0.2392873622521371    
  0.4830766568773832E-01 -0.1444719615827965    
  0.4830766568773832E-01 -0.4830766568773832E-01
  0.4830766568773832E-01  0.4830766568773832E-01
  0.4830766568773832E-01  0.1444719615827965    
  0.4830766568773832E-01  0.2392873622521371    
  0.4830766568773832E-01  0.3318686022821277    
  0.4830766568773832E-01  0.4213512761306353    
  0.4830766568773832E-01  0.5068999089322294    
  0.4830766568773832E-01  0.5877157572407623    
  0.4830766568773832E-01  0.6630442669302152    
  0.4830766568773832E-01  0.7321821187402897    
  0.4830766568773832E-01  0.7944837959679424    
  0.4830766568773832E-01  0.8493676137325700    
  0.4830766568773832E-01  0.8963211557660521    
  0.4830766568773832E-01  0.9349060759377396    
  0.4830766568773832E-01  0.9647622555875064    
  0.4830766568773832E-01  0.9856115115452684    
  0.4830766568773832E-01  0.9972638618494816    
  0.1444719615827965     -0.9972638618494816    
  0.1444719615827965     -0.9856115115452684    
  0.1444719615827965     -0.9647622555875064    
  0.1444719615827965     -0.9349060759377396    
  0.1444719615827965     -0.8963211557660521    
  0.1444719615827965     -0.8493676137325700    
  0.1444719615827965     -0.7944837959679424    
  0.1444719615827965     -0.7321821187402897    
  0.1444719615827965     -0.6630442669302152    
  0.1444719615827965     -0.5877157572407623    
  0.1444719615827965     -0.5068999089322294    
  0.1444719615827965     -0.4213512761306353    
  0.1444719615827965     -0.3318686022821277    
  0.1444719615827965     -0.2392873622521371    
  0.1444719615827965     -0.1444719615827965    
  0.1444719615827965     -0.4830766568773832E-01
  0.1444719615827965      0.4830766568773832E-01
  0.1444719615827965      0.1444719615827965    
  0.1444719615827965      0.2392873622521371    
  0.1444719615827965      0.3318686022821277    
  0.1444719615827965      0.4213512761306353    
  0.1444719615827965      0.5068999089322294    
  0.1444719615827965      0.5877157572407623    
  0.1444719615827965      0.6630442669302152    
  0.1444719615827965      0.7321821187402897    
  0.1444719615827965      0.7944837959679424    
  0.1444719615827965      0.8493676137325700    
  0.1444719615827965      0.8963211557660521    
  0.1444719615827965      0.9349060759377396    
  0.1444719615827965      0.9647622555875064    
  0.1444719615827965      0.9856115115452684    
  0.1444719615827965      0.9972638618494816    
  0.2392873622521371     -0.9972638618494816    
  0.2392873622521371     -0.9856115115452684    
  0.2392873622521371     -0.9647622555875064    
  0.2392873622521371     -0.9349060759377396    
  0.2392873622521371     -0.8963211557660521    
  0.2392873622521371     -0.8493676137325700    
  0.2392873622521371     -0.7944837959679424    
  0.2392873622521371     -0.7321821187402897    
  0.2392873622521371     -0.6630442669302152    
  0.2392873622521371     -0.5877157572407623    
  0.2392873622521371     -0.5068999089322294    
  0.2392873622521371     -0.4213512761306353    
  0.2392873622521371     -0.3318686022821277    
  0.2392873622521371     -0.2392873622521371    
  0.2392873622521371     -0.1444719615827965    
  0.2392873622521371     -0.4830766568773832E-01
  0.2392873622521371      0.4830766568773832E-01
  0.2392873622521371      0.1444719615827965    
  0.2392873622521371      0.2392873622521371    
  0.2392873622521371      0.3318686022821277    
  0.2392873622521371      0.4213512761306353    
  0.2392873622521371      0.5068999089322294    
  0.2392873622521371      0.5877157572407623    
  0.2392873622521371      0.6630442669302152    
  0.2392873622521371      0.7321821187402897    
  0.2392873622521371      0.7944837959679424    
  0.2392873622521371      0.8493676137325700    
  0.2392873622521371      0.8963211557660521    
  0.2392873622521371      0.9349060759377396    
  0.2392873622521371      0.9647622555875064    
  0.2392873622521371      0.9856115115452684    
  0.2392873622521371      0.9972638618494816    
  0.3318686022821277     -0.9972638618494816    
  0.3318686022821277     -0.9856115115452684    
  0.3318686022821277     -0.9647622555875064    
  0.3318686022821277     -0.9349060759377396    
  0.3318686022821277     -0.8963211557660521    
  0.3318686022821277     -0.8493676137325700    
  0.3318686022821277     -0.7944837959679424    
  0.3318686022821277     -0.7321821187402897    
  0.3318686022821277     -0.6630442669302152    
  0.3318686022821277     -0.5877157572407623    
  0.3318686022821277     -0.5068999089322294    
  0.3318686022821277     -0.4213512761306353    
  0.3318686022821277     -0.3318686022821277    
  0.3318686022821277     -0.2392873622521371    
  0.3318686022821277     -0.1444719615827965    
  0.3318686022821277     -0.4830766568773832E-01
  0.3318686022821277      0.4830766568773832E-01
  0.3318686022821277      0.1444719615827965    
  0.3318686022821277      0.2392873622521371    
  0.3318686022821277      0.3318686022821277    
  0.3318686022821277      0.4213512761306353    
  0.3318686022821277      0.5068999089322294    
  0.3318686022821277      0.5877157572407623    
  0.3318686022821277      0.6630442669302152    
  0.3318686022821277      0.7321821187402897    
  0.3318686022821277      0.7944837959679424    
  0.3318686022821277      0.8493676137325700    
  0.3318686022821277      0.8963211557660521    
  0.3318686022821277      0.9349060759377396    
  0.3318686022821277      0.9647622555875064    
  0.3318686022821277      0.9856115115452684    
  0.3318686022821277      0.9972638618494816    
  0.4213512761306353     -0.9972638618494816    
  0.4213512761306353     -0.9856115115452684    
  0.4213512761306353     -0.9647622555875064    
  0.4213512761306353     -0.9349060759377396    
  0.4213512761306353     -0.8963211557660521    
  0.4213512761306353     -0.8493676137325700    
  0.4213512761306353     -0.7944837959679424    
  0.4213512761306353     -0.7321821187402897    
  0.4213512761306353     -0.6630442669302152    
  0.4213512761306353     -0.5877157572407623    
  0.4213512761306353     -0.5068999089322294    
  0.4213512761306353     -0.4213512761306353    
  0.4213512761306353     -0.3318686022821277    
  0.4213512761306353     -0.2392873622521371    
  0.4213512761306353     -0.1444719615827965    
  0.4213512761306353     -0.4830766568773832E-01
  0.4213512761306353      0.4830766568773832E-01
  0.4213512761306353      0.1444719615827965    
  0.4213512761306353      0.2392873622521371    
  0.4213512761306353      0.3318686022821277    
  0.4213512761306353      0.4213512761306353    
  0.4213512761306353      0.5068999089322294    
  0.4213512761306353      0.5877157572407623    
  0.4213512761306353      0.6630442669302152    
  0.4213512761306353      0.7321821187402897    
  0.4213512761306353      0.7944837959679424    
  0.4213512761306353      0.8493676137325700    
  0.4213512761306353      0.8963211557660521    
  0.4213512761306353      0.9349060759377396    
  0.4213512761306353      0.9647622555875064    
  0.4213512761306353      0.9856115115452684    
  0.4213512761306353      0.9972638618494816    
  0.5068999089322294     -0.9972638618494816    
  0.5068999089322294     -0.9856115115452684    
  0.5068999089322294     -0.9647622555875064    
  0.5068999089322294     -0.9349060759377396    
  0.5068999089322294     -0.8963211557660521    
  0.5068999089322294     -0.8493676137325700    
  0.5068999089322294     -0.7944837959679424    
  0.5068999089322294     -0.7321821187402897    
  0.5068999089322294     -0.6630442669302152    
  0.5068999089322294     -0.5877157572407623    
  0.5068999089322294     -0.5068999089322294    
  0.5068999089322294     -0.4213512761306353    
  0.5068999089322294     -0.3318686022821277    
  0.5068999089322294     -0.2392873622521371    
  0.5068999089322294     -0.1444719615827965    
  0.5068999089322294     -0.4830766568773832E-01
  0.5068999089322294      0.4830766568773832E-01
  0.5068999089322294      0.1444719615827965    
  0.5068999089322294      0.2392873622521371    
  0.5068999089322294      0.3318686022821277    
  0.5068999089322294      0.4213512761306353    
  0.5068999089322294      0.5068999089322294    
  0.5068999089322294      0.5877157572407623    
  0.5068999089322294      0.6630442669302152    
  0.5068999089322294      0.7321821187402897    
  0.5068999089322294      0.7944837959679424    
  0.5068999089322294      0.8493676137325700    
  0.5068999089322294      0.8963211557660521    
  0.5068999089322294      0.9349060759377396    
  0.5068999089322294      0.9647622555875064    
  0.5068999089322294      0.9856115115452684    
  0.5068999089322294      0.9972638618494816    
  0.5877157572407623     -0.9972638618494816    
  0.5877157572407623     -0.9856115115452684    
  0.5877157572407623     -0.9647622555875064    
  0.5877157572407623     -0.9349060759377396    
  0.5877157572407623     -0.8963211557660521    
  0.5877157572407623     -0.8493676137325700    
  0.5877157572407623     -0.7944837959679424    
  0.5877157572407623     -0.7321821187402897    
  0.5877157572407623     -0.6630442669302152    
  0.5877157572407623     -0.5877157572407623    
  0.5877157572407623     -0.5068999089322294    
  0.5877157572407623     -0.4213512761306353    
  0.5877157572407623     -0.3318686022821277    
  0.5877157572407623     -0.2392873622521371    
  0.5877157572407623     -0.1444719615827965    
  0.5877157572407623     -0.4830766568773832E-01
  0.5877157572407623      0.4830766568773832E-01
  0.5877157572407623      0.1444719615827965    
  0.5877157572407623      0.2392873622521371    
  0.5877157572407623      0.3318686022821277    
  0.5877157572407623      0.4213512761306353    
  0.5877157572407623      0.5068999089322294    
  0.5877157572407623      0.5877157572407623    
  0.5877157572407623      0.6630442669302152    
  0.5877157572407623      0.7321821187402897    
  0.5877157572407623      0.7944837959679424    
  0.5877157572407623      0.8493676137325700    
  0.5877157572407623      0.8963211557660521    
  0.5877157572407623      0.9349060759377396    
  0.5877157572407623      0.9647622555875064    
  0.5877157572407623      0.9856115115452684    
  0.5877157572407623      0.9972638618494816    
  0.6630442669302152     -0.9972638618494816    
  0.6630442669302152     -0.9856115115452684    
  0.6630442669302152     -0.9647622555875064    
  0.6630442669302152     -0.9349060759377396    
  0.6630442669302152     -0.8963211557660521    
  0.6630442669302152     -0.8493676137325700    
  0.6630442669302152     -0.7944837959679424    
  0.6630442669302152     -0.7321821187402897    
  0.6630442669302152     -0.6630442669302152    
  0.6630442669302152     -0.5877157572407623    
  0.6630442669302152     -0.5068999089322294    
  0.6630442669302152     -0.4213512761306353    
  0.6630442669302152     -0.3318686022821277    
  0.6630442669302152     -0.2392873622521371    
  0.6630442669302152     -0.1444719615827965    
  0.6630442669302152     -0.4830766568773832E-01
  0.6630442669302152      0.4830766568773832E-01
  0.6630442669302152      0.1444719615827965    
  0.6630442669302152      0.2392873622521371    
  0.6630442669302152      0.3318686022821277    
  0.6630442669302152      0.4213512761306353    
  0.6630442669302152      0.5068999089322294    
  0.6630442669302152      0.5877157572407623    
  0.6630442669302152      0.6630442669302152    
  0.6630442669302152      0.7321821187402897    
  0.6630442669302152      0.7944837959679424    
  0.6630442669302152      0.8493676137325700    
  0.6630442669302152      0.8963211557660521    
  0.6630442669302152      0.9349060759377396    
  0.6630442669302152      0.9647622555875064    
  0.6630442669302152      0.9856115115452684    
  0.6630442669302152      0.9972638618494816    
  0.7321821187402897     -0.9972638618494816    
  0.7321821187402897     -0.9856115115452684    
  0.7321821187402897     -0.9647622555875064    
  0.7321821187402897     -0.9349060759377396    
  0.7321821187402897     -0.8963211557660521    
  0.7321821187402897     -0.8493676137325700    
  0.7321821187402897     -0.7944837959679424    
  0.7321821187402897     -0.7321821187402897    
  0.7321821187402897     -0.6630442669302152    
  0.7321821187402897     -0.5877157572407623    
  0.7321821187402897     -0.5068999089322294    
  0.7321821187402897     -0.4213512761306353    
  0.7321821187402897     -0.3318686022821277    
  0.7321821187402897     -0.2392873622521371    
  0.7321821187402897     -0.1444719615827965    
  0.7321821187402897     -0.4830766568773832E-01
  0.7321821187402897      0.4830766568773832E-01
  0.7321821187402897      0.1444719615827965    
  0.7321821187402897      0.2392873622521371    
  0.7321821187402897      0.3318686022821277    
  0.7321821187402897      0.4213512761306353    
  0.7321821187402897      0.5068999089322294    
  0.7321821187402897      0.5877157572407623    
  0.7321821187402897      0.6630442669302152    
  0.7321821187402897      0.7321821187402897    
  0.7321821187402897      0.7944837959679424    
  0.7321821187402897      0.8493676137325700    
  0.7321821187402897      0.8963211557660521    
  0.7321821187402897      0.9349060759377396    
  0.7321821187402897      0.9647622555875064    
  0.7321821187402897      0.9856115115452684    
  0.7321821187402897      0.9972638618494816    
  0.7944837959679424     -0.9972638618494816    
  0.7944837959679424     -0.9856115115452684    
  0.7944837959679424     -0.9647622555875064    
  0.7944837959679424     -0.9349060759377396    
  0.7944837959679424     -0.8963211557660521    
  0.7944837959679424     -0.8493676137325700    
  0.7944837959679424     -0.7944837959679424    
  0.7944837959679424     -0.7321821187402897    
  0.7944837959679424     -0.6630442669302152    
  0.7944837959679424     -0.5877157572407623    
  0.7944837959679424     -0.5068999089322294    
  0.7944837959679424     -0.4213512761306353    
  0.7944837959679424     -0.3318686022821277    
  0.7944837959679424     -0.2392873622521371    
  0.7944837959679424     -0.1444719615827965    
  0.7944837959679424     -0.4830766568773832E-01
  0.7944837959679424      0.4830766568773832E-01
  0.7944837959679424      0.1444719615827965    
  0.7944837959679424      0.2392873622521371    
  0.7944837959679424      0.3318686022821277    
  0.7944837959679424      0.4213512761306353    
  0.7944837959679424      0.5068999089322294    
  0.7944837959679424      0.5877157572407623    
  0.7944837959679424      0.6630442669302152    
  0.7944837959679424      0.7321821187402897    
  0.7944837959679424      0.7944837959679424    
  0.7944837959679424      0.8493676137325700    
  0.7944837959679424      0.8963211557660521    
  0.7944837959679424      0.9349060759377396    
  0.7944837959679424      0.9647622555875064    
  0.7944837959679424      0.9856115115452684    
  0.7944837959679424      0.9972638618494816    
  0.8493676137325700     -0.9972638618494816    
  0.8493676137325700     -0.9856115115452684    
  0.8493676137325700     -0.9647622555875064    
  0.8493676137325700     -0.9349060759377396    
  0.8493676137325700     -0.8963211557660521    
  0.8493676137325700     -0.8493676137325700    
  0.8493676137325700     -0.7944837959679424    
  0.8493676137325700     -0.7321821187402897    
  0.8493676137325700     -0.6630442669302152    
  0.8493676137325700     -0.5877157572407623    
  0.8493676137325700     -0.5068999089322294    
  0.8493676137325700     -0.4213512761306353    
  0.8493676137325700     -0.3318686022821277    
  0.8493676137325700     -0.2392873622521371    
  0.8493676137325700     -0.1444719615827965    
  0.8493676137325700     -0.4830766568773832E-01
  0.8493676137325700      0.4830766568773832E-01
  0.8493676137325700      0.1444719615827965    
  0.8493676137325700      0.2392873622521371    
  0.8493676137325700      0.3318686022821277    
  0.8493676137325700      0.4213512761306353    
  0.8493676137325700      0.5068999089322294    
  0.8493676137325700      0.5877157572407623    
  0.8493676137325700      0.6630442669302152    
  0.8493676137325700      0.7321821187402897    
  0.8493676137325700      0.7944837959679424    
  0.8493676137325700      0.8493676137325700    
  0.8493676137325700      0.8963211557660521    
  0.8493676137325700      0.9349060759377396    
  0.8493676137325700      0.9647622555875064    
  0.8493676137325700      0.9856115115452684    
  0.8493676137325700      0.9972638618494816    
  0.8963211557660521     -0.9972638618494816    
  0.8963211557660521     -0.9856115115452684    
  0.8963211557660521     -0.9647622555875064    
  0.8963211557660521     -0.9349060759377396    
  0.8963211557660521     -0.8963211557660521    
  0.8963211557660521     -0.8493676137325700    
  0.8963211557660521     -0.7944837959679424    
  0.8963211557660521     -0.7321821187402897    
  0.8963211557660521     -0.6630442669302152    
  0.8963211557660521     -0.5877157572407623    
  0.8963211557660521     -0.5068999089322294    
  0.8963211557660521     -0.4213512761306353    
  0.8963211557660521     -0.3318686022821277    
  0.8963211557660521     -0.2392873622521371    
  0.8963211557660521     -0.1444719615827965    
  0.8963211557660521     -0.4830766568773832E-01
  0.8963211557660521      0.4830766568773832E-01
  0.8963211557660521      0.1444719615827965    
  0.8963211557660521      0.2392873622521371    
  0.8963211557660521      0.3318686022821277    
  0.8963211557660521      0.4213512761306353    
  0.8963211557660521      0.5068999089322294    
  0.8963211557660521      0.5877157572407623    
  0.8963211557660521      0.6630442669302152    
  0.8963211557660521      0.7321821187402897    
  0.8963211557660521      0.7944837959679424    
  0.8963211557660521      0.8493676137325700    
  0.8963211557660521      0.8963211557660521    
  0.8963211557660521      0.9349060759377396    
  0.8963211557660521      0.9647622555875064    
  0.8963211557660521      0.9856115115452684    
  0.8963211557660521      0.9972638618494816    
  0.9349060759377396     -0.9972638618494816    
  0.9349060759377396     -0.9856115115452684    
  0.9349060759377396     -0.9647622555875064    
  0.9349060759377396     -0.9349060759377396    
  0.9349060759377396     -0.8963211557660521    
  0.9349060759377396     -0.8493676137325700    
  0.9349060759377396     -0.7944837959679424    
  0.9349060759377396     -0.7321821187402897    
  0.9349060759377396     -0.6630442669302152    
  0.9349060759377396     -0.5877157572407623    
  0.9349060759377396     -0.5068999089322294    
  0.9349060759377396     -0.4213512761306353    
  0.9349060759377396     -0.3318686022821277    
  0.9349060759377396     -0.2392873622521371    
  0.9349060759377396     -0.1444719615827965    
  0.9349060759377396     -0.4830766568773832E-01
  0.9349060759377396      0.4830766568773832E-01
  0.9349060759377396      0.1444719615827965    
  0.9349060759377396      0.2392873622521371    
  0.9349060759377396      0.3318686022821277    
  0.9349060759377396      0.4213512761306353    
  0.9349060759377396      0.5068999089322294    
  0.9349060759377396      0.5877157572407623    
  0.9349060759377396      0.6630442669302152    
  0.9349060759377396      0.7321821187402897    
  0.9349060759377396      0.7944837959679424    
  0.9349060759377396      0.8493676137325700    
  0.9349060759377396      0.8963211557660521    
  0.9349060759377396      0.9349060759377396    
  0.9349060759377396      0.9647622555875064    
  0.9349060759377396      0.9856115115452684    
  0.9349060759377396      0.9972638618494816    
  0.9647622555875064     -0.9972638618494816    
  0.9647622555875064     -0.9856115115452684    
  0.9647622555875064     -0.9647622555875064    
  0.9647622555875064     -0.9349060759377396    
  0.9647622555875064     -0.8963211557660521    
  0.9647622555875064     -0.8493676137325700    
  0.9647622555875064     -0.7944837959679424    
  0.9647622555875064     -0.7321821187402897    
  0.9647622555875064     -0.6630442669302152    
  0.9647622555875064     -0.5877157572407623    
  0.9647622555875064     -0.5068999089322294    
  0.9647622555875064     -0.4213512761306353    
  0.9647622555875064     -0.3318686022821277    
  0.9647622555875064     -0.2392873622521371    
  0.9647622555875064     -0.1444719615827965    
  0.9647622555875064     -0.4830766568773832E-01
  0.9647622555875064      0.4830766568773832E-01
  0.9647622555875064      0.1444719615827965    
  0.9647622555875064      0.2392873622521371    
  0.9647622555875064      0.3318686022821277    
  0.9647622555875064      0.4213512761306353    
  0.9647622555875064      0.5068999089322294    
  0.9647622555875064      0.5877157572407623    
  0.9647622555875064      0.6630442669302152    
  0.9647622555875064      0.7321821187402897    
  0.9647622555875064      0.7944837959679424    
  0.9647622555875064      0.8493676137325700    
  0.9647622555875064      0.8963211557660521    
  0.9647622555875064      0.9349060759377396    
  0.9647622555875064      0.9647622555875064    
  0.9647622555875064      0.9856115115452684    
  0.9647622555875064      0.9972638618494816    
  0.9856115115452684     -0.9972638618494816    
  0.9856115115452684     -0.9856115115452684    
  0.9856115115452684     -0.9647622555875064    
  0.9856115115452684     -0.9349060759377396    
  0.9856115115452684     -0.8963211557660521    
  0.9856115115452684     -0.8493676137325700    
  0.9856115115452684     -0.7944837959679424    
  0.9856115115452684     -0.7321821187402897    
  0.9856115115452684     -0.6630442669302152    
  0.9856115115452684     -0.5877157572407623    
  0.9856115115452684     -0.5068999089322294    
  0.9856115115452684     -0.4213512761306353    
  0.9856115115452684     -0.3318686022821277    
  0.9856115115452684     -0.2392873622521371    
  0.9856115115452684     -0.1444719615827965    
  0.9856115115452684     -0.4830766568773832E-01
  0.9856115115452684      0.4830766568773832E-01
  0.9856115115452684      0.1444719615827965    
  0.9856115115452684      0.2392873622521371    
  0.9856115115452684      0.3318686022821277    
  0.9856115115452684      0.4213512761306353    
  0.9856115115452684      0.5068999089322294    
  0.9856115115452684      0.5877157572407623    
  0.9856115115452684      0.6630442669302152    
  0.9856115115452684      0.7321821187402897    
  0.9856115115452684      0.7944837959679424    
  0.9856115115452684      0.8493676137325700    
  0.9856115115452684      0.8963211557660521    
  0.9856115115452684      0.9349060759377396    
  0.9856115115452684      0.9647622555875064    
  0.9856115115452684      0.9856115115452684    
  0.9856115115452684      0.9972638618494816    
  0.9972638618494816     -0.9972638618494816    
  0.9972638618494816     -0.9856115115452684    
  0.9972638618494816     -0.9647622555875064    
  0.9972638618494816     -0.9349060759377396    
  0.9972638618494816     -0.8963211557660521    
  0.9972638618494816     -0.8493676137325700    
  0.9972638618494816     -0.7944837959679424    
  0.9972638618494816     -0.7321821187402897    
  0.9972638618494816     -0.6630442669302152    
  0.9972638618494816     -0.5877157572407623    
  0.9972638618494816     -0.5068999089322294    
  0.9972638618494816     -0.4213512761306353    
  0.9972638618494816     -0.3318686022821277    
  0.9972638618494816     -0.2392873622521371    
  0.9972638618494816     -0.1444719615827965    
  0.9972638618494816     -0.4830766568773832E-01
  0.9972638618494816      0.4830766568773832E-01
  0.9972638618494816      0.1444719615827965    
  0.9972638618494816      0.2392873622521371    
  0.9972638618494816      0.3318686022821277    
  0.9972638618494816      0.4213512761306353    
  0.9972638618494816      0.5068999089322294    
  0.9972638618494816      0.5877157572407623    
  0.9972638618494816      0.6630442669302152    
  0.9972638618494816      0.7321821187402897    
  0.9972638618494816      0.7944837959679424    
  0.9972638618494816      0.8493676137325700    
  0.9972638618494816      0.8963211557660521    
  0.9972638618494816      0.9349060759377396    
  0.9972638618494816      0.9647622555875064    
  0.9972638618494816      0.9856115115452684    
  0.9972638618494816      0.9972638618494816    
