 -0.1274583907637128E-03
  0.5931540132889778E-03
 -0.5493922257062966E-03
  0.1728659564791922E-02
 -0.1133158780217608E-02
  0.2590042290185758E-02
 -0.1442515648554514E-02
  0.3055775628776597E-02
 -0.1587075648700309E-02
  0.3055775628776597E-02
 -0.1442515648554514E-02
  0.2590042290185758E-02
 -0.1133158780217608E-02
  0.1728659564791922E-02
 -0.5493922257063001E-03
  0.5931540132889795E-03
 -0.1274583907637128E-03
  0.5931540132889780E-03
  0.5464001251810989E-02
  0.1043951063388601E-01
  0.1351692717343630E-01
  0.1471021952956666E-01
  0.1351692717343630E-01
  0.1043951063388601E-01
  0.5464001251810989E-02
  0.5931540132889780E-03
 -0.5493922257062991E-03
  0.5464001251810989E-02
  0.6939557372736393E-03
  0.1592402279064813E-01
  0.5567701039576496E-03
  0.2385888656024948E-01
  0.9482622367776444E-03
  0.2814911723905740E-01
  0.8734156981664506E-03
  0.2814911723905739E-01
  0.9482622367776514E-03
  0.2385888656024948E-01
  0.5567701039576288E-03
  0.1592402279064813E-01
  0.6939557372736375E-03
  0.5464001251811004E-02
 -0.5493922257062991E-03
  0.1728659564791919E-02
  0.1592402279064813E-01
  0.3042440834033779E-01
  0.3939308328269329E-01
  0.4287075720683962E-01
  0.3939308328269330E-01
  0.3042440834033779E-01
  0.1592402279064813E-01
  0.1728659564791919E-02
 -0.1133158780217609E-02
  0.1043951063388601E-01
  0.5567701039576323E-03
  0.3042440834033779E-01
 -0.4056779406919758E-03
  0.4558474430726950E-01
 -0.9086397978817773E-04
  0.5378165106646813E-01
 -0.4018307659765241E-03
  0.5378165106646812E-01
 -0.9086397978817773E-04
  0.4558474430726950E-01
 -0.4056779406919758E-03
  0.3042440834033778E-01
  0.5567701039576392E-03
  0.1043951063388604E-01
 -0.1133158780217609E-02
  0.2590042290185761E-02
  0.2385888656024948E-01
  0.4558474430726950E-01
  0.5902246672569506E-01
  0.6423304879660696E-01
  0.5902246672569507E-01
  0.4558474430726951E-01
  0.2385888656024948E-01
  0.2590042290185761E-02
 -0.1442515648554500E-02
  0.1351692717343630E-01
  0.9482622367776444E-03
  0.3939308328269329E-01
 -0.9086397978821242E-04
  0.5902246672569506E-01
  0.4448079785209086E-03
  0.6963570288179374E-01
  0.9182717183825462E-04
  0.6963570288179373E-01
  0.4448079785209086E-03
  0.5902246672569506E-01
 -0.9086397978819855E-04
  0.3939308328269328E-01
  0.9482622367776410E-03
  0.1351692717343634E-01
 -0.1442515648554500E-02
  0.3055775628776601E-02
  0.2814911723905740E-01
  0.5378165106646813E-01
  0.6963570288179374E-01
  0.7578323559365964E-01
  0.6963570288179376E-01
  0.5378165106646814E-01
  0.2814911723905740E-01
  0.3055775628776601E-02
 -0.1587075648700300E-02
  0.1471021952956665E-01
  0.8734156981665409E-03
  0.4287075720683964E-01
 -0.4018307659762743E-03
  0.6423304879660691E-01
  0.9182717183836564E-04
  0.7578323559365963E-01
 -0.3269435202211124E-03
  0.7578323559365963E-01
  0.9182717183792155E-04
  0.6423304879660691E-01
 -0.4018307659762743E-03
  0.4287075720683958E-01
  0.8734156981666241E-03
  0.1471021952956669E-01
 -0.1587075648700300E-02
  0.3055775628776599E-02
  0.2814911723905739E-01
  0.5378165106646812E-01
  0.6963570288179373E-01
  0.7578323559365960E-01
  0.6963570288179374E-01
  0.5378165106646814E-01
  0.2814911723905739E-01
  0.3055775628776599E-02
 -0.1442515648554498E-02
  0.1351692717343630E-01
  0.9482622367776444E-03
  0.3939308328269330E-01
 -0.9086397978819161E-04
  0.5902246672569507E-01
  0.4448079785208947E-03
  0.6963570288179376E-01
  0.9182717183829625E-04
  0.6963570288179374E-01
  0.4448079785208947E-03
  0.5902246672569507E-01
 -0.9086397978817773E-04
  0.3939308328269329E-01
  0.9482622367776375E-03
  0.1351692717343634E-01
 -0.1442515648554498E-02
  0.2590042290185761E-02
  0.2385888656024948E-01
  0.4558474430726950E-01
  0.5902246672569506E-01
  0.6423304879660696E-01
  0.5902246672569507E-01
  0.4558474430726951E-01
  0.2385888656024948E-01
  0.2590042290185761E-02
 -0.1133158780217608E-02
  0.1043951063388601E-01
  0.5567701039576392E-03
  0.3042440834033779E-01
 -0.4056779406919203E-03
  0.4558474430726951E-01
 -0.9086397978820548E-04
  0.5378165106646814E-01
 -0.4018307659764547E-03
  0.5378165106646814E-01
 -0.9086397978820548E-04
  0.4558474430726951E-01
 -0.4056779406919758E-03
  0.3042440834033779E-01
  0.5567701039576323E-03
  0.1043951063388604E-01
 -0.1133158780217608E-02
  0.1728659564791923E-02
  0.1592402279064813E-01
  0.3042440834033778E-01
  0.3939308328269328E-01
  0.4287075720683958E-01
  0.3939308328269329E-01
  0.3042440834033779E-01
  0.1592402279064813E-01
  0.1728659564791923E-02
 -0.5493922257063039E-03
  0.5464001251810989E-02
  0.6939557372736323E-03
  0.1592402279064813E-01
  0.5567701039576427E-03
  0.2385888656024948E-01
  0.9482622367776444E-03
  0.2814911723905740E-01
  0.8734156981664784E-03
  0.2814911723905739E-01
  0.9482622367776375E-03
  0.2385888656024948E-01
  0.5567701039576288E-03
  0.1592402279064813E-01
  0.6939557372736306E-03
  0.5464001251811004E-02
 -0.5493922257063039E-03
  0.5931540132889797E-03
  0.5464001251811004E-02
  0.1043951063388604E-01
  0.1351692717343634E-01
  0.1471021952956668E-01
  0.1351692717343634E-01
  0.1043951063388604E-01
  0.5464001251811004E-02
  0.5931540132889797E-03
 -0.1274583907637128E-03
  0.5931540132889778E-03
 -0.5493922257062966E-03
  0.1728659564791922E-02
 -0.1133158780217608E-02
  0.2590042290185758E-02
 -0.1442515648554514E-02
  0.3055775628776597E-02
 -0.1587075648700309E-02
  0.3055775628776597E-02
 -0.1442515648554514E-02
  0.2590042290185758E-02
 -0.1133158780217608E-02
  0.1728659564791922E-02
 -0.5493922257063001E-03
  0.5931540132889795E-03
 -0.1274583907637128E-03
