0.0000000e+000
1.0386689e-001
2.0709711e-001
3.0897053e-001
4.0870462e-001
5.0530333e-001
5.9754019e-001
6.8393843e-001
7.6261447e-001
8.3159617e-001
8.8891806e-001
9.3311407e-001
9.6411035e-001
9.8346941e-001
9.9336041e-001
9.9818210e-001
9.9962288e-001
9.9977385e-001
1.0002178e+000
9.9994343e-001
9.9941573e-001
9.9639758e-001
9.7668088e-001
8.9204532e-001
6.6101304e-001
3.3723824e-001
1.1000170e-001
2.3647693e-002
3.3965973e-003
2.0615300e-004
-4.2707664e-005
-1.3086582e-005
-8.7232964e-008
3.7401977e-007
2.6658755e-007
-4.7198968e-007
5.7719429e-007
-5.5026222e-007
4.1049200e-007
-2.1422929e-007
0.0000000e+000
