0.0000000e+000
5.6379848e-002
1.1269148e-001
1.6886433e-001
2.2482275e-001
2.8048348e-001
3.3575203e-001
3.9051943e-001
4.4465704e-001
4.9801195e-001
5.5039973e-001
6.0159813e-001
6.5133796e-001
6.9929653e-001
7.4508996e-001
7.8827313e-001
8.2834503e-001
8.6477264e-001
8.9703170e-001
9.2467612e-001
9.4742130e-001
9.6523017e-001
9.7834480e-001
9.8717353e-001
9.9170904e-001
9.8928095e-001
9.6637404e-001
8.7684287e-001
6.5249049e-001
3.4576010e-001
1.2422429e-001
3.2674902e-002
7.1128376e-003
1.3665424e-003
2.2903852e-004
2.9581612e-005
2.3454485e-006
-5.8254022e-007
3.6084694e-008
-1.0301785e-007
0.0000000e+000
