  0.4448936583326696E-01
  0.2345261095196185    
  0.5768846293018864    
   1.072448753817818    
   1.722408776444645    
   2.528336706425795    
   3.492213273021994    
   4.616456769749767    
   5.903958504174244    
   7.358126733186241    
   8.982940924212595    
   10.78301863253997    
   12.76369798674273    
   14.93113975552256    
   17.29245433671532    
   19.85586094033605    
   22.63088901319678    
   25.62863602245925    
   28.86210181632347    
   32.34662915396473    
   36.10049480575197    
   40.14571977153944    
   44.50920799575493    
   49.22439498730864    
   54.33372133339691    
   59.89250916213402    
   65.97537728793505    
   72.68762809066271    
   80.18744697791352    
   88.73534041789240    
   98.82954286828398    
   111.7513980979377    
