# set_12.txt, 100 Sobol points in 2D, BFN code.
   1 0.5000 0.5000
   2 0.7500 0.2500
   3 0.2500 0.7500
   4 0.3750 0.3750
   5 0.8750 0.8750
   6 0.6250 0.1250
   7 0.1250 0.6250
   8 0.1875 0.3125
   9 0.6875 0.8125
  10 0.9375 0.0625
  11 0.4375 0.5625
  12 0.3125 0.1875
  13 0.8125 0.6875
  14 0.5625 0.4375
  15 0.0625 0.9375
  16 0.0938 0.4688
  17 0.5938 0.9688
  18 0.8438 0.2188
  19 0.3438 0.7188
  20 0.4688 0.0938
  21 0.9688 0.5938
  22 0.7188 0.3438
  23 0.2188 0.8438
  24 0.1563 0.1563
  25 0.6563 0.6563
  26 0.9063 0.4063
  27 0.4063 0.9063
  28 0.2813 0.2813
  29 0.7813 0.7813
  30 0.5313 0.0313
  31 0.0313 0.5313
  32 0.0469 0.2656
  33 0.5469 0.7656
  34 0.7969 0.0156
  35 0.2969 0.5156
  36 0.4219 0.1406
  37 0.9219 0.6406
  38 0.6719 0.3906
  39 0.1719 0.8906
  40 0.2344 0.0781
  41 0.7344 0.5781
  42 0.9844 0.3281
  43 0.4844 0.8281
  44 0.3594 0.4531
  45 0.8594 0.9531
  46 0.6094 0.2031
  47 0.1094 0.7031
  48 0.0781 0.2344
  49 0.5781 0.7344
  50 0.8281 0.4844
  51 0.3281 0.9844
  52 0.4531 0.3594
  53 0.9531 0.8594
  54 0.7031 0.1094
  55 0.2031 0.6094
  56 0.1406 0.4219
  57 0.6406 0.9219
  58 0.8906 0.1719
  59 0.3906 0.6719
  60 0.2656 0.0469
  61 0.7656 0.5469
  62 0.5156 0.2969
  63 0.0156 0.7969
  64 0.0234 0.3984
  65 0.5234 0.8984
  66 0.7734 0.1484
  67 0.2734 0.6484
  68 0.3984 0.0234
  69 0.8984 0.5234
  70 0.6484 0.2734
  71 0.1484 0.7734
  72 0.2109 0.2109
  73 0.7109 0.7109
  74 0.9609 0.4609
  75 0.4609 0.9609
  76 0.3359 0.3359
  77 0.8359 0.8359
  78 0.5859 0.0859
  79 0.0859 0.5859
  80 0.1172 0.1172
  81 0.6172 0.6172
  82 0.8672 0.3672
  83 0.3672 0.8672
  84 0.4922 0.4922
  85 0.9922 0.9922
  86 0.7422 0.2422
  87 0.2422 0.7422
  88 0.1797 0.3047
  89 0.6797 0.8047
  90 0.9297 0.0547
  91 0.4297 0.5547
  92 0.3047 0.1797
  93 0.8047 0.6797
  94 0.5547 0.4297
  95 0.0547 0.9297
  96 0.0391 0.1328
  97 0.5391 0.6328
  98 0.7891 0.3828
  99 0.2891 0.8828
 100 0.4141 0.2578
