# set_02.txt, 100 CVT points in 2D, MDG code.
   1 0.7888 0.8738
   2 0.7527 0.1529
   3 0.5386 0.3804
   4 0.6495 0.1280
   5 0.8470 0.5228
   6 0.5605 0.5939
   7 0.9491 0.5734
   8 0.9471 0.2096
   9 0.2489 0.2444
  10 0.7514 0.9572
  11 0.6444 0.2217
  12 0.6498 0.5302
  13 0.0412 0.9363
  14 0.4837 0.6650
  15 0.3278 0.8432
  16 0.0463 0.5823
  17 0.3202 0.1418
  18 0.4433 0.4486
  19 0.9530 0.7683
  20 0.7095 0.0471
  21 0.3430 0.4195
  22 0.2975 0.6276
  23 0.3078 0.7359
  24 0.5461 0.4878
  25 0.7442 0.4713
  26 0.6041 0.8241
  27 0.3312 0.3198
  28 0.6410 0.4269
  29 0.4308 0.1382
  30 0.5050 0.7696
  31 0.0459 0.6988
  32 0.8168 0.0471
  33 0.0496 0.2528
  34 0.9468 0.3870
  35 0.6756 0.7431
  36 0.5441 0.1547
  37 0.3753 0.0472
  38 0.1513 0.0574
  39 0.5218 0.8676
  40 0.5826 0.7053
  41 0.9512 0.6702
  42 0.2298 0.8199
  43 0.4264 0.8495
  44 0.1381 0.5214
  45 0.1348 0.6374
  46 0.9366 0.0397
  47 0.9477 0.4791
  48 0.8598 0.1319
  49 0.1455 0.4144
  50 0.1359 0.7548
  51 0.2196 0.1385
  52 0.5934 0.0473
  53 0.9465 0.2968
  54 0.6609 0.6343
  55 0.4872 0.0498
  56 0.9520 0.8675
  57 0.6952 0.8518
  58 0.6439 0.3257
  59 0.7511 0.5732
  60 0.6554 0.9447
  61 0.7416 0.2637
  62 0.7718 0.7768
  63 0.4652 0.2343
  64 0.5510 0.2742
  65 0.3799 0.9478
  66 0.1247 0.9586
  67 0.3886 0.6388
  68 0.0449 0.8158
  69 0.1414 0.1913
  70 0.1499 0.3010
  71 0.8524 0.6221
  72 0.7602 0.6754
  73 0.0518 0.1454
  74 0.8563 0.9481
  75 0.2174 0.6979
  76 0.0476 0.4686
  77 0.8674 0.8282
  78 0.8419 0.3264
  79 0.2920 0.9455
  80 0.5688 0.9503
  81 0.0510 0.3595
  82 0.4717 0.9529
  83 0.8584 0.7232
  84 0.3648 0.2311
  85 0.7422 0.3698
  86 0.4375 0.3374
  87 0.9573 0.1217
  88 0.2633 0.0455
  89 0.2453 0.4723
  90 0.8419 0.2287
  91 0.8440 0.4251
  92 0.0505 0.0477
  93 0.3457 0.5284
  94 0.2395 0.3627
  95 0.4046 0.7465
  96 0.9518 0.9566
  97 0.2102 0.9390
  98 0.4557 0.5548
  99 0.2238 0.5746
 100 0.1337 0.8608
