# set_33.txt, 99 points, 9 by 11 hexagonal grid.
   1 0.0526 0.0455
   2 0.1579 0.0455
   3 0.2632 0.0455
   4 0.3684 0.0455
   5 0.4737 0.0455
   6 0.5789 0.0455
   7 0.6842 0.0455
   8 0.7895 0.0455
   9 0.8947 0.0455
  10 0.1053 0.1364
  11 0.2105 0.1364
  12 0.3158 0.1364
  13 0.4211 0.1364
  14 0.5263 0.1364
  15 0.6316 0.1364
  16 0.7368 0.1364
  17 0.8421 0.1364
  18 0.9474 0.1364
  19 0.0526 0.2273
  20 0.1579 0.2273
  21 0.2632 0.2273
  22 0.3684 0.2273
  23 0.4737 0.2273
  24 0.5789 0.2273
  25 0.6842 0.2273
  26 0.7895 0.2273
  27 0.8947 0.2273
  28 0.1053 0.3182
  29 0.2105 0.3182
  30 0.3158 0.3182
  31 0.4211 0.3182
  32 0.5263 0.3182
  33 0.6316 0.3182
  34 0.7368 0.3182
  35 0.8421 0.3182
  36 0.9474 0.3182
  37 0.0526 0.4091
  38 0.1579 0.4091
  39 0.2632 0.4091
  40 0.3684 0.4091
  41 0.4737 0.4091
  42 0.5789 0.4091
  43 0.6842 0.4091
  44 0.7895 0.4091
  45 0.8947 0.4091
  46 0.1053 0.5000
  47 0.2105 0.5000
  48 0.3158 0.5000
  49 0.4211 0.5000
  50 0.5263 0.5000
  51 0.6316 0.5000
  52 0.7368 0.5000
  53 0.8421 0.5000
  54 0.9474 0.5000
  55 0.0526 0.5909
  56 0.1579 0.5909
  57 0.2632 0.5909
  58 0.3684 0.5909
  59 0.4737 0.5909
  60 0.5789 0.5909
  61 0.6842 0.5909
  62 0.7895 0.5909
  63 0.8947 0.5909
  64 0.1053 0.6818
  65 0.2105 0.6818
  66 0.3158 0.6818
  67 0.4211 0.6818
  68 0.5263 0.6818
  69 0.6316 0.6818
  70 0.7368 0.6818
  71 0.8421 0.6818
  72 0.9474 0.6818
  73 0.0526 0.7727
  74 0.1579 0.7727
  75 0.2632 0.7727
  76 0.3684 0.7727
  77 0.4737 0.7727
  78 0.5789 0.7727
  79 0.6842 0.7727
  80 0.7895 0.7727
  81 0.8947 0.7727
  82 0.1053 0.8636
  83 0.2105 0.8636
  84 0.3158 0.8636
  85 0.4211 0.8636
  86 0.5263 0.8636
  87 0.6316 0.8636
  88 0.7368 0.8636
  89 0.8421 0.8636
  90 0.9474 0.8636
  91 0.0526 0.9545
  92 0.1579 0.9545
  93 0.2632 0.9545
  94 0.3684 0.9545
  95 0.4737 0.9545
  96 0.5789 0.9545
  97 0.6842 0.9545
  98 0.7895 0.9545
  99 0.8947 0.9545
