    0.214286    0.833333    0.595238    0.500000    0.928571    0.357143    0.976190    0.214286    0.500000    0.119048
    0.976190    0.166667    0.404762    0.071429    0.023810    0.547619    0.642857    0.595238    0.880952    0.880952
    0.833333    0.119048    0.309524    0.452381    0.547619    0.452381    0.119048    0.690476    0.071429    0.738095
    0.642857    0.357143    0.738095    0.357143    0.166667    0.023810    0.071429    0.023810    0.214286    0.214286
    0.547619    0.928571    0.119048    0.880952    0.595238    0.880952    0.214286    0.166667    0.023810    0.595238
    0.309524    0.309524    0.452381    0.261905    0.452381    0.833333    0.690476    0.738095    0.547619    0.166667
    0.452381    0.547619    0.880952    0.309524    0.071429    0.928571    0.785714    0.071429    0.690476    0.928571
    0.404762    0.880952    0.214286    0.119048    0.785714    0.404762    0.833333    0.261905    0.595238    0.023810
    0.357143    0.261905    0.071429    0.166667    0.642857    0.071429    0.261905    0.119048    0.309524    0.500000
    0.785714    0.023810    0.833333    0.642857    0.500000    0.500000    0.500000    0.309524    0.119048    0.833333
    0.500000    0.785714    0.500000    0.547619    0.309524    0.214286    0.595238    0.880952    0.738095    0.642857
    0.738095    0.214286    0.357143    0.404762    0.976190    0.690476    0.928571    0.500000    0.404762    0.404762
    0.023810    0.500000    0.547619    0.023810    0.880952    0.309524    0.452381    0.357143    0.833333    0.261905
    0.928571    0.976190    0.166667    0.833333    0.357143    0.119048    0.547619    0.547619    0.357143    0.071429
    0.166667    0.071429    0.976190    0.928571    0.214286    0.976190    0.738095    0.642857    0.166667    0.357143
    0.595238    0.595238    0.928571    0.214286    0.833333    0.595238    0.023810    0.785714    0.976190    0.309524
    0.071429    0.404762    0.642857    0.595238    0.690476    0.785714    0.880952    0.928571    0.452381    0.547619
    0.880952    0.690476    0.023810    0.976190    0.119048    0.261905    0.357143    0.976190    0.785714    0.785714
    0.119048    0.452381    0.690476    0.785714    0.404762    0.166667    0.404762    0.833333    0.928571    0.452381
    0.690476    0.642857    0.261905    0.690476    0.738095    0.642857    0.166667    0.452381    0.642857    0.976190
    0.261905    0.738095    0.785714    0.738095    0.261905    0.738095    0.309524    0.404762    0.261905    0.690476
