       -0.9238795325112867                      0.25
       -0.7071067811865475       -0.5379862043520484
       -0.7071067811865475        0.1528288638647805
       -0.7071067811865475                      0.25
       -0.7071067811865475        0.7601573404872679
       -0.3826834323650897                      0.25
                         0       -0.7695413220014453
                         0       -0.5379862043520484
                         0       -0.3708136309492865
                         0        0.1100274225210447
                         0        0.1528288638647805
                         0                      0.25
                         0        0.5629059317762042
                         0        0.7601573404872679
                         0        0.8840882653201494
        0.3826834323650898                      0.25
        0.7071067811865476       -0.5379862043520484
        0.7071067811865476        0.1528288638647805
        0.7071067811865476                      0.25
        0.7071067811865476        0.7601573404872679
        0.9238795325112867                      0.25
