# romero_12_cvt.txt
# created by CVT_XY.
#
#  Spatial dimension =   2
#  Number of points =  41
#
     1   0.764221E-01   0.394617    
     2   0.903964       0.220519    
     3   0.717155       0.226850    
     4   0.208941       0.104571    
     5   0.935377       0.647935    
     6   0.538912       0.230719    
     7   0.783789       0.366895    
     8   0.801819E-01   0.233477    
     9   0.602878       0.926489    
    10   0.340215       0.655809E-01
    11   0.934443       0.363641    
    12   0.528625       0.785023    
    13   0.784426       0.646643    
    14   0.713923E-01   0.741827E-01
    15   0.926417       0.928150    
    16   0.414316       0.363712    
    17   0.900063       0.788278    
    18   0.235724       0.292481    
    19   0.931221       0.746733E-01
    20   0.487186       0.779122E-01
    21   0.818814E-01   0.562515    
    22   0.226685       0.455054    
    23   0.786297       0.799914E-01
    24   0.370185       0.211200    
    25   0.243419       0.632923    
    26   0.609320       0.366897    
    27   0.258118       0.930595    
    28   0.635392       0.799608E-01
    29   0.431100       0.925976    
    30   0.902228       0.506045    
    31   0.802613E-01   0.915712    
    32   0.364385       0.513468    
    33   0.198729       0.790579    
    34   0.769687       0.924474    
    35   0.711401       0.505913    
    36   0.436984       0.646808    
    37   0.696801E-01   0.729371    
    38   0.612485       0.643220    
    39   0.529954       0.501029    
    40   0.354145       0.779656    
    41   0.707671       0.784329    
