 -0.9632242810623735     -0.9632242810623735      0.1096845245617412E-01
 -0.8555749602798784     -0.9632242810623735      0.1096845245617412E-01
 -0.6719574967508668     -0.9632242810623735      0.1096845245617412E-01
 -0.4286417173540157     -0.9632242810623735      0.1096845245617412E-01
 -0.1472414178725668     -0.9632242810623735      0.1096845245617412E-01
  0.1472414178725668     -0.9632242810623735      0.1096845245617412E-01
  0.4286417173540157     -0.9632242810623735      0.1096845245617412E-01
  0.6719574967508668     -0.9632242810623735      0.1096845245617412E-01
  0.8555749602798784     -0.9632242810623735      0.1096845245617412E-01
  0.9632242810623735     -0.9632242810623735      0.1096845245617412E-01
 -0.9632242810623735     -0.8555749602798784      0.1096845245617412E-01
 -0.8555749602798784     -0.8555749602798784      0.1096845245617412E-01
 -0.6719574967508668     -0.8555749602798784      0.1096845245617412E-01
 -0.4286417173540157     -0.8555749602798784      0.1096845245617412E-01
 -0.1472414178725668     -0.8555749602798784      0.1096845245617412E-01
  0.1472414178725668     -0.8555749602798784      0.1096845245617412E-01
  0.4286417173540157     -0.8555749602798784      0.1096845245617412E-01
  0.6719574967508668     -0.8555749602798784      0.1096845245617412E-01
  0.8555749602798784     -0.8555749602798784      0.1096845245617412E-01
  0.9632242810623735     -0.8555749602798784      0.1096845245617412E-01
 -0.9632242810623735     -0.6719574967508668      0.1096845245617412E-01
 -0.8555749602798784     -0.6719574967508668      0.1096845245617412E-01
 -0.6719574967508668     -0.6719574967508668      0.1096845245617412E-01
 -0.4286417173540157     -0.6719574967508668      0.1096845245617412E-01
 -0.1472414178725668     -0.6719574967508668      0.1096845245617412E-01
  0.1472414178725668     -0.6719574967508668      0.1096845245617412E-01
  0.4286417173540157     -0.6719574967508668      0.1096845245617412E-01
  0.6719574967508668     -0.6719574967508668      0.1096845245617412E-01
  0.8555749602798784     -0.6719574967508668      0.1096845245617412E-01
  0.9632242810623735     -0.6719574967508668      0.1096845245617412E-01
 -0.9632242810623735     -0.4286417173540157      0.1096845245617412E-01
 -0.8555749602798784     -0.4286417173540157      0.1096845245617412E-01
 -0.6719574967508668     -0.4286417173540157      0.1096845245617412E-01
 -0.4286417173540157     -0.4286417173540157      0.1096845245617412E-01
 -0.1472414178725668     -0.4286417173540157      0.1096845245617412E-01
  0.1472414178725668     -0.4286417173540157      0.1096845245617412E-01
  0.4286417173540157     -0.4286417173540157      0.1096845245617412E-01
  0.6719574967508668     -0.4286417173540157      0.1096845245617412E-01
  0.8555749602798784     -0.4286417173540157      0.1096845245617412E-01
  0.9632242810623735     -0.4286417173540157      0.1096845245617412E-01
 -0.9632242810623735     -0.1472414178725668      0.1096845245617412E-01
 -0.8555749602798784     -0.1472414178725668      0.1096845245617412E-01
 -0.6719574967508668     -0.1472414178725668      0.1096845245617412E-01
 -0.4286417173540157     -0.1472414178725668      0.1096845245617412E-01
 -0.1472414178725668     -0.1472414178725668      0.1096845245617412E-01
  0.1472414178725668     -0.1472414178725668      0.1096845245617412E-01
  0.4286417173540157     -0.1472414178725668      0.1096845245617412E-01
  0.6719574967508668     -0.1472414178725668      0.1096845245617412E-01
  0.8555749602798784     -0.1472414178725668      0.1096845245617412E-01
  0.9632242810623735     -0.1472414178725668      0.1096845245617412E-01
 -0.9632242810623735      0.1472414178725668      0.1096845245617412E-01
 -0.8555749602798784      0.1472414178725668      0.1096845245617412E-01
 -0.6719574967508668      0.1472414178725668      0.1096845245617412E-01
 -0.4286417173540157      0.1472414178725668      0.1096845245617412E-01
 -0.1472414178725668      0.1472414178725668      0.1096845245617412E-01
  0.1472414178725668      0.1472414178725668      0.1096845245617412E-01
  0.4286417173540157      0.1472414178725668      0.1096845245617412E-01
  0.6719574967508668      0.1472414178725668      0.1096845245617412E-01
  0.8555749602798784      0.1472414178725668      0.1096845245617412E-01
  0.9632242810623735      0.1472414178725668      0.1096845245617412E-01
 -0.9632242810623735      0.4286417173540157      0.1096845245617412E-01
 -0.8555749602798784      0.4286417173540157      0.1096845245617412E-01
 -0.6719574967508668      0.4286417173540157      0.1096845245617412E-01
 -0.4286417173540157      0.4286417173540157      0.1096845245617412E-01
 -0.1472414178725668      0.4286417173540157      0.1096845245617412E-01
  0.1472414178725668      0.4286417173540157      0.1096845245617412E-01
  0.4286417173540157      0.4286417173540157      0.1096845245617412E-01
  0.6719574967508668      0.4286417173540157      0.1096845245617412E-01
  0.8555749602798784      0.4286417173540157      0.1096845245617412E-01
  0.9632242810623735      0.4286417173540157      0.1096845245617412E-01
 -0.9632242810623735      0.6719574967508668      0.1096845245617412E-01
 -0.8555749602798784      0.6719574967508668      0.1096845245617412E-01
 -0.6719574967508668      0.6719574967508668      0.1096845245617412E-01
 -0.4286417173540157      0.6719574967508668      0.1096845245617412E-01
 -0.1472414178725668      0.6719574967508668      0.1096845245617412E-01
  0.1472414178725668      0.6719574967508668      0.1096845245617412E-01
  0.4286417173540157      0.6719574967508668      0.1096845245617412E-01
  0.6719574967508668      0.6719574967508668      0.1096845245617412E-01
  0.8555749602798784      0.6719574967508668      0.1096845245617412E-01
  0.9632242810623735      0.6719574967508668      0.1096845245617412E-01
 -0.9632242810623735      0.8555749602798784      0.1096845245617412E-01
 -0.8555749602798784      0.8555749602798784      0.1096845245617412E-01
 -0.6719574967508668      0.8555749602798784      0.1096845245617412E-01
 -0.4286417173540157      0.8555749602798784      0.1096845245617412E-01
 -0.1472414178725668      0.8555749602798784      0.1096845245617412E-01
  0.1472414178725668      0.8555749602798784      0.1096845245617412E-01
  0.4286417173540157      0.8555749602798784      0.1096845245617412E-01
  0.6719574967508668      0.8555749602798784      0.1096845245617412E-01
  0.8555749602798784      0.8555749602798784      0.1096845245617412E-01
  0.9632242810623735      0.8555749602798784      0.1096845245617412E-01
 -0.9632242810623735      0.9632242810623735      0.1096845245617412E-01
 -0.8555749602798784      0.9632242810623735      0.1096845245617412E-01
 -0.6719574967508668      0.9632242810623735      0.1096845245617412E-01
 -0.4286417173540157      0.9632242810623735      0.1096845245617412E-01
 -0.1472414178725668      0.9632242810623735      0.1096845245617412E-01
  0.1472414178725668      0.9632242810623735      0.1096845245617412E-01
  0.4286417173540157      0.9632242810623735      0.1096845245617412E-01
  0.6719574967508668      0.9632242810623735      0.1096845245617412E-01
  0.8555749602798784      0.9632242810623735      0.1096845245617412E-01
  0.9632242810623735      0.9632242810623735      0.1096845245617412E-01
 -0.9184930482518895     -0.9184930482518895      0.5689815053365793E-01
 -0.8158428610299618     -0.9184930482518895      0.5689815053365793E-01
 -0.6407524204079390     -0.9184930482518895      0.5689815053365793E-01
 -0.4087359977534873     -0.9184930482518895      0.5689815053365793E-01
 -0.1404036644316556     -0.9184930482518895      0.5689815053365793E-01
  0.1404036644316556     -0.9184930482518895      0.5689815053365793E-01
  0.4087359977534873     -0.9184930482518895      0.5689815053365793E-01
  0.6407524204079390     -0.9184930482518895      0.5689815053365793E-01
  0.8158428610299618     -0.9184930482518895      0.5689815053365793E-01
  0.9184930482518895     -0.9184930482518895      0.5689815053365793E-01
 -0.9184930482518895     -0.8158428610299618      0.5689815053365793E-01
 -0.8158428610299618     -0.8158428610299618      0.5689815053365793E-01
 -0.6407524204079390     -0.8158428610299618      0.5689815053365793E-01
 -0.4087359977534873     -0.8158428610299618      0.5689815053365793E-01
 -0.1404036644316556     -0.8158428610299618      0.5689815053365793E-01
  0.1404036644316556     -0.8158428610299618      0.5689815053365793E-01
  0.4087359977534873     -0.8158428610299618      0.5689815053365793E-01
  0.6407524204079390     -0.8158428610299618      0.5689815053365793E-01
  0.8158428610299618     -0.8158428610299618      0.5689815053365793E-01
  0.9184930482518895     -0.8158428610299618      0.5689815053365793E-01
 -0.9184930482518895     -0.6407524204079390      0.5689815053365793E-01
 -0.8158428610299618     -0.6407524204079390      0.5689815053365793E-01
 -0.6407524204079390     -0.6407524204079390      0.5689815053365793E-01
 -0.4087359977534873     -0.6407524204079390      0.5689815053365793E-01
 -0.1404036644316556     -0.6407524204079390      0.5689815053365793E-01
  0.1404036644316556     -0.6407524204079390      0.5689815053365793E-01
  0.4087359977534873     -0.6407524204079390      0.5689815053365793E-01
  0.6407524204079390     -0.6407524204079390      0.5689815053365793E-01
  0.8158428610299618     -0.6407524204079390      0.5689815053365793E-01
  0.9184930482518895     -0.6407524204079390      0.5689815053365793E-01
 -0.9184930482518895     -0.4087359977534873      0.5689815053365793E-01
 -0.8158428610299618     -0.4087359977534873      0.5689815053365793E-01
 -0.6407524204079390     -0.4087359977534873      0.5689815053365793E-01
 -0.4087359977534873     -0.4087359977534873      0.5689815053365793E-01
 -0.1404036644316556     -0.4087359977534873      0.5689815053365793E-01
  0.1404036644316556     -0.4087359977534873      0.5689815053365793E-01
  0.4087359977534873     -0.4087359977534873      0.5689815053365793E-01
  0.6407524204079390     -0.4087359977534873      0.5689815053365793E-01
  0.8158428610299618     -0.4087359977534873      0.5689815053365793E-01
  0.9184930482518895     -0.4087359977534873      0.5689815053365793E-01
 -0.9184930482518895     -0.1404036644316556      0.5689815053365793E-01
 -0.8158428610299618     -0.1404036644316556      0.5689815053365793E-01
 -0.6407524204079390     -0.1404036644316556      0.5689815053365793E-01
 -0.4087359977534873     -0.1404036644316556      0.5689815053365793E-01
 -0.1404036644316556     -0.1404036644316556      0.5689815053365793E-01
  0.1404036644316556     -0.1404036644316556      0.5689815053365793E-01
  0.4087359977534873     -0.1404036644316556      0.5689815053365793E-01
  0.6407524204079390     -0.1404036644316556      0.5689815053365793E-01
  0.8158428610299618     -0.1404036644316556      0.5689815053365793E-01
  0.9184930482518895     -0.1404036644316556      0.5689815053365793E-01
 -0.9184930482518895      0.1404036644316556      0.5689815053365793E-01
 -0.8158428610299618      0.1404036644316556      0.5689815053365793E-01
 -0.6407524204079390      0.1404036644316556      0.5689815053365793E-01
 -0.4087359977534873      0.1404036644316556      0.5689815053365793E-01
 -0.1404036644316556      0.1404036644316556      0.5689815053365793E-01
  0.1404036644316556      0.1404036644316556      0.5689815053365793E-01
  0.4087359977534873      0.1404036644316556      0.5689815053365793E-01
  0.6407524204079390      0.1404036644316556      0.5689815053365793E-01
  0.8158428610299618      0.1404036644316556      0.5689815053365793E-01
  0.9184930482518895      0.1404036644316556      0.5689815053365793E-01
 -0.9184930482518895      0.4087359977534873      0.5689815053365793E-01
 -0.8158428610299618      0.4087359977534873      0.5689815053365793E-01
 -0.6407524204079390      0.4087359977534873      0.5689815053365793E-01
 -0.4087359977534873      0.4087359977534873      0.5689815053365793E-01
 -0.1404036644316556      0.4087359977534873      0.5689815053365793E-01
  0.1404036644316556      0.4087359977534873      0.5689815053365793E-01
  0.4087359977534873      0.4087359977534873      0.5689815053365793E-01
  0.6407524204079390      0.4087359977534873      0.5689815053365793E-01
  0.8158428610299618      0.4087359977534873      0.5689815053365793E-01
  0.9184930482518895      0.4087359977534873      0.5689815053365793E-01
 -0.9184930482518895      0.6407524204079390      0.5689815053365793E-01
 -0.8158428610299618      0.6407524204079390      0.5689815053365793E-01
 -0.6407524204079390      0.6407524204079390      0.5689815053365793E-01
 -0.4087359977534873      0.6407524204079390      0.5689815053365793E-01
 -0.1404036644316556      0.6407524204079390      0.5689815053365793E-01
  0.1404036644316556      0.6407524204079390      0.5689815053365793E-01
  0.4087359977534873      0.6407524204079390      0.5689815053365793E-01
  0.6407524204079390      0.6407524204079390      0.5689815053365793E-01
  0.8158428610299618      0.6407524204079390      0.5689815053365793E-01
  0.9184930482518895      0.6407524204079390      0.5689815053365793E-01
 -0.9184930482518895      0.8158428610299618      0.5689815053365793E-01
 -0.8158428610299618      0.8158428610299618      0.5689815053365793E-01
 -0.6407524204079390      0.8158428610299618      0.5689815053365793E-01
 -0.4087359977534873      0.8158428610299618      0.5689815053365793E-01
 -0.1404036644316556      0.8158428610299618      0.5689815053365793E-01
  0.1404036644316556      0.8158428610299618      0.5689815053365793E-01
  0.4087359977534873      0.8158428610299618      0.5689815053365793E-01
  0.6407524204079390      0.8158428610299618      0.5689815053365793E-01
  0.8158428610299618      0.8158428610299618      0.5689815053365793E-01
  0.9184930482518895      0.8158428610299618      0.5689815053365793E-01
 -0.9184930482518895      0.9184930482518895      0.5689815053365793E-01
 -0.8158428610299618      0.9184930482518895      0.5689815053365793E-01
 -0.6407524204079390      0.9184930482518895      0.5689815053365793E-01
 -0.4087359977534873      0.9184930482518895      0.5689815053365793E-01
 -0.1404036644316556      0.9184930482518895      0.5689815053365793E-01
  0.1404036644316556      0.9184930482518895      0.5689815053365793E-01
  0.4087359977534873      0.9184930482518895      0.5689815053365793E-01
  0.6407524204079390      0.9184930482518895      0.5689815053365793E-01
  0.8158428610299618      0.9184930482518895      0.5689815053365793E-01
  0.9184930482518895      0.9184930482518895      0.5689815053365793E-01
 -0.8415037080222162     -0.8415037080222162      0.1359502340502290    
 -0.7474577995193380     -0.8415037080222162      0.1359502340502290    
 -0.5870436784728070     -0.8415037080222162      0.1359502340502290    
 -0.3744751888610848     -0.8415037080222162      0.1359502340502290    
 -0.1286348377530053     -0.8415037080222162      0.1359502340502290    
  0.1286348377530053     -0.8415037080222162      0.1359502340502290    
  0.3744751888610848     -0.8415037080222162      0.1359502340502290    
  0.5870436784728070     -0.8415037080222162      0.1359502340502290    
  0.7474577995193380     -0.8415037080222162      0.1359502340502290    
  0.8415037080222162     -0.8415037080222162      0.1359502340502290    
 -0.8415037080222162     -0.7474577995193380      0.1359502340502290    
 -0.7474577995193380     -0.7474577995193380      0.1359502340502290    
 -0.5870436784728070     -0.7474577995193380      0.1359502340502290    
 -0.3744751888610848     -0.7474577995193380      0.1359502340502290    
 -0.1286348377530053     -0.7474577995193380      0.1359502340502290    
  0.1286348377530053     -0.7474577995193380      0.1359502340502290    
  0.3744751888610848     -0.7474577995193380      0.1359502340502290    
  0.5870436784728070     -0.7474577995193380      0.1359502340502290    
  0.7474577995193380     -0.7474577995193380      0.1359502340502290    
  0.8415037080222162     -0.7474577995193380      0.1359502340502290    
 -0.8415037080222162     -0.5870436784728070      0.1359502340502290    
 -0.7474577995193380     -0.5870436784728070      0.1359502340502290    
 -0.5870436784728070     -0.5870436784728070      0.1359502340502290    
 -0.3744751888610848     -0.5870436784728070      0.1359502340502290    
 -0.1286348377530053     -0.5870436784728070      0.1359502340502290    
  0.1286348377530053     -0.5870436784728070      0.1359502340502290    
  0.3744751888610848     -0.5870436784728070      0.1359502340502290    
  0.5870436784728070     -0.5870436784728070      0.1359502340502290    
  0.7474577995193380     -0.5870436784728070      0.1359502340502290    
  0.8415037080222162     -0.5870436784728070      0.1359502340502290    
 -0.8415037080222162     -0.3744751888610848      0.1359502340502290    
 -0.7474577995193380     -0.3744751888610848      0.1359502340502290    
 -0.5870436784728070     -0.3744751888610848      0.1359502340502290    
 -0.3744751888610848     -0.3744751888610848      0.1359502340502290    
 -0.1286348377530053     -0.3744751888610848      0.1359502340502290    
  0.1286348377530053     -0.3744751888610848      0.1359502340502290    
  0.3744751888610848     -0.3744751888610848      0.1359502340502290    
  0.5870436784728070     -0.3744751888610848      0.1359502340502290    
  0.7474577995193380     -0.3744751888610848      0.1359502340502290    
  0.8415037080222162     -0.3744751888610848      0.1359502340502290    
 -0.8415037080222162     -0.1286348377530053      0.1359502340502290    
 -0.7474577995193380     -0.1286348377530053      0.1359502340502290    
 -0.5870436784728070     -0.1286348377530053      0.1359502340502290    
 -0.3744751888610848     -0.1286348377530053      0.1359502340502290    
 -0.1286348377530053     -0.1286348377530053      0.1359502340502290    
  0.1286348377530053     -0.1286348377530053      0.1359502340502290    
  0.3744751888610848     -0.1286348377530053      0.1359502340502290    
  0.5870436784728070     -0.1286348377530053      0.1359502340502290    
  0.7474577995193380     -0.1286348377530053      0.1359502340502290    
  0.8415037080222162     -0.1286348377530053      0.1359502340502290    
 -0.8415037080222162      0.1286348377530053      0.1359502340502290    
 -0.7474577995193380      0.1286348377530053      0.1359502340502290    
 -0.5870436784728070      0.1286348377530053      0.1359502340502290    
 -0.3744751888610848      0.1286348377530053      0.1359502340502290    
 -0.1286348377530053      0.1286348377530053      0.1359502340502290    
  0.1286348377530053      0.1286348377530053      0.1359502340502290    
  0.3744751888610848      0.1286348377530053      0.1359502340502290    
  0.5870436784728070      0.1286348377530053      0.1359502340502290    
  0.7474577995193380      0.1286348377530053      0.1359502340502290    
  0.8415037080222162      0.1286348377530053      0.1359502340502290    
 -0.8415037080222162      0.3744751888610848      0.1359502340502290    
 -0.7474577995193380      0.3744751888610848      0.1359502340502290    
 -0.5870436784728070      0.3744751888610848      0.1359502340502290    
 -0.3744751888610848      0.3744751888610848      0.1359502340502290    
 -0.1286348377530053      0.3744751888610848      0.1359502340502290    
  0.1286348377530053      0.3744751888610848      0.1359502340502290    
  0.3744751888610848      0.3744751888610848      0.1359502340502290    
  0.5870436784728070      0.3744751888610848      0.1359502340502290    
  0.7474577995193380      0.3744751888610848      0.1359502340502290    
  0.8415037080222162      0.3744751888610848      0.1359502340502290    
 -0.8415037080222162      0.5870436784728070      0.1359502340502290    
 -0.7474577995193380      0.5870436784728070      0.1359502340502290    
 -0.5870436784728070      0.5870436784728070      0.1359502340502290    
 -0.3744751888610848      0.5870436784728070      0.1359502340502290    
 -0.1286348377530053      0.5870436784728070      0.1359502340502290    
  0.1286348377530053      0.5870436784728070      0.1359502340502290    
  0.3744751888610848      0.5870436784728070      0.1359502340502290    
  0.5870436784728070      0.5870436784728070      0.1359502340502290    
  0.7474577995193380      0.5870436784728070      0.1359502340502290    
  0.8415037080222162      0.5870436784728070      0.1359502340502290    
 -0.8415037080222162      0.7474577995193380      0.1359502340502290    
 -0.7474577995193380      0.7474577995193380      0.1359502340502290    
 -0.5870436784728070      0.7474577995193380      0.1359502340502290    
 -0.3744751888610848      0.7474577995193380      0.1359502340502290    
 -0.1286348377530053      0.7474577995193380      0.1359502340502290    
  0.1286348377530053      0.7474577995193380      0.1359502340502290    
  0.3744751888610848      0.7474577995193380      0.1359502340502290    
  0.5870436784728070      0.7474577995193380      0.1359502340502290    
  0.7474577995193380      0.7474577995193380      0.1359502340502290    
  0.8415037080222162      0.7474577995193380      0.1359502340502290    
 -0.8415037080222162      0.8415037080222162      0.1359502340502290    
 -0.7474577995193380      0.8415037080222162      0.1359502340502290    
 -0.5870436784728070      0.8415037080222162      0.1359502340502290    
 -0.3744751888610848      0.8415037080222162      0.1359502340502290    
 -0.1286348377530053      0.8415037080222162      0.1359502340502290    
  0.1286348377530053      0.8415037080222162      0.1359502340502290    
  0.3744751888610848      0.8415037080222162      0.1359502340502290    
  0.5870436784728070      0.8415037080222162      0.1359502340502290    
  0.7474577995193380      0.8415037080222162      0.1359502340502290    
  0.8415037080222162      0.8415037080222162      0.1359502340502290    
 -0.7379472898667577     -0.7379472898667577      0.2422811961325236    
 -0.6554747794771496     -0.7379472898667577      0.2422811961325236    
 -0.5148014054276554     -0.7379472898667577      0.2422811961325236    
 -0.3283918396412867     -0.7379472898667577      0.2422811961325236    
 -0.1128048860597228     -0.7379472898667577      0.2422811961325236    
  0.1128048860597228     -0.7379472898667577      0.2422811961325236    
  0.3283918396412867     -0.7379472898667577      0.2422811961325236    
  0.5148014054276554     -0.7379472898667577      0.2422811961325236    
  0.6554747794771496     -0.7379472898667577      0.2422811961325236    
  0.7379472898667577     -0.7379472898667577      0.2422811961325236    
 -0.7379472898667577     -0.6554747794771496      0.2422811961325236    
 -0.6554747794771496     -0.6554747794771496      0.2422811961325236    
 -0.5148014054276554     -0.6554747794771496      0.2422811961325236    
 -0.3283918396412867     -0.6554747794771496      0.2422811961325236    
 -0.1128048860597228     -0.6554747794771496      0.2422811961325236    
  0.1128048860597228     -0.6554747794771496      0.2422811961325236    
  0.3283918396412867     -0.6554747794771496      0.2422811961325236    
  0.5148014054276554     -0.6554747794771496      0.2422811961325236    
  0.6554747794771496     -0.6554747794771496      0.2422811961325236    
  0.7379472898667577     -0.6554747794771496      0.2422811961325236    
 -0.7379472898667577     -0.5148014054276554      0.2422811961325236    
 -0.6554747794771496     -0.5148014054276554      0.2422811961325236    
 -0.5148014054276554     -0.5148014054276554      0.2422811961325236    
 -0.3283918396412867     -0.5148014054276554      0.2422811961325236    
 -0.1128048860597228     -0.5148014054276554      0.2422811961325236    
  0.1128048860597228     -0.5148014054276554      0.2422811961325236    
  0.3283918396412867     -0.5148014054276554      0.2422811961325236    
  0.5148014054276554     -0.5148014054276554      0.2422811961325236    
  0.6554747794771496     -0.5148014054276554      0.2422811961325236    
  0.7379472898667577     -0.5148014054276554      0.2422811961325236    
 -0.7379472898667577     -0.3283918396412867      0.2422811961325236    
 -0.6554747794771496     -0.3283918396412867      0.2422811961325236    
 -0.5148014054276554     -0.3283918396412867      0.2422811961325236    
 -0.3283918396412867     -0.3283918396412867      0.2422811961325236    
 -0.1128048860597228     -0.3283918396412867      0.2422811961325236    
  0.1128048860597228     -0.3283918396412867      0.2422811961325236    
  0.3283918396412867     -0.3283918396412867      0.2422811961325236    
  0.5148014054276554     -0.3283918396412867      0.2422811961325236    
  0.6554747794771496     -0.3283918396412867      0.2422811961325236    
  0.7379472898667577     -0.3283918396412867      0.2422811961325236    
 -0.7379472898667577     -0.1128048860597228      0.2422811961325236    
 -0.6554747794771496     -0.1128048860597228      0.2422811961325236    
 -0.5148014054276554     -0.1128048860597228      0.2422811961325236    
 -0.3283918396412867     -0.1128048860597228      0.2422811961325236    
 -0.1128048860597228     -0.1128048860597228      0.2422811961325236    
  0.1128048860597228     -0.1128048860597228      0.2422811961325236    
  0.3283918396412867     -0.1128048860597228      0.2422811961325236    
  0.5148014054276554     -0.1128048860597228      0.2422811961325236    
  0.6554747794771496     -0.1128048860597228      0.2422811961325236    
  0.7379472898667577     -0.1128048860597228      0.2422811961325236    
 -0.7379472898667577      0.1128048860597228      0.2422811961325236    
 -0.6554747794771496      0.1128048860597228      0.2422811961325236    
 -0.5148014054276554      0.1128048860597228      0.2422811961325236    
 -0.3283918396412867      0.1128048860597228      0.2422811961325236    
 -0.1128048860597228      0.1128048860597228      0.2422811961325236    
  0.1128048860597228      0.1128048860597228      0.2422811961325236    
  0.3283918396412867      0.1128048860597228      0.2422811961325236    
  0.5148014054276554      0.1128048860597228      0.2422811961325236    
  0.6554747794771496      0.1128048860597228      0.2422811961325236    
  0.7379472898667577      0.1128048860597228      0.2422811961325236    
 -0.7379472898667577      0.3283918396412867      0.2422811961325236    
 -0.6554747794771496      0.3283918396412867      0.2422811961325236    
 -0.5148014054276554      0.3283918396412867      0.2422811961325236    
 -0.3283918396412867      0.3283918396412867      0.2422811961325236    
 -0.1128048860597228      0.3283918396412867      0.2422811961325236    
  0.1128048860597228      0.3283918396412867      0.2422811961325236    
  0.3283918396412867      0.3283918396412867      0.2422811961325236    
  0.5148014054276554      0.3283918396412867      0.2422811961325236    
  0.6554747794771496      0.3283918396412867      0.2422811961325236    
  0.7379472898667577      0.3283918396412867      0.2422811961325236    
 -0.7379472898667577      0.5148014054276554      0.2422811961325236    
 -0.6554747794771496      0.5148014054276554      0.2422811961325236    
 -0.5148014054276554      0.5148014054276554      0.2422811961325236    
 -0.3283918396412867      0.5148014054276554      0.2422811961325236    
 -0.1128048860597228      0.5148014054276554      0.2422811961325236    
  0.1128048860597228      0.5148014054276554      0.2422811961325236    
  0.3283918396412867      0.5148014054276554      0.2422811961325236    
  0.5148014054276554      0.5148014054276554      0.2422811961325236    
  0.6554747794771496      0.5148014054276554      0.2422811961325236    
  0.7379472898667577      0.5148014054276554      0.2422811961325236    
 -0.7379472898667577      0.6554747794771496      0.2422811961325236    
 -0.6554747794771496      0.6554747794771496      0.2422811961325236    
 -0.5148014054276554      0.6554747794771496      0.2422811961325236    
 -0.3283918396412867      0.6554747794771496      0.2422811961325236    
 -0.1128048860597228      0.6554747794771496      0.2422811961325236    
  0.1128048860597228      0.6554747794771496      0.2422811961325236    
  0.3283918396412867      0.6554747794771496      0.2422811961325236    
  0.5148014054276554      0.6554747794771496      0.2422811961325236    
  0.6554747794771496      0.6554747794771496      0.2422811961325236    
  0.7379472898667577      0.6554747794771496      0.2422811961325236    
 -0.7379472898667577      0.7379472898667577      0.2422811961325236    
 -0.6554747794771496      0.7379472898667577      0.2422811961325236    
 -0.5148014054276554      0.7379472898667577      0.2422811961325236    
 -0.3283918396412867      0.7379472898667577      0.2422811961325236    
 -0.1128048860597228      0.7379472898667577      0.2422811961325236    
  0.1128048860597228      0.7379472898667577      0.2422811961325236    
  0.3283918396412867      0.7379472898667577      0.2422811961325236    
  0.5148014054276554      0.7379472898667577      0.2422811961325236    
  0.6554747794771496      0.7379472898667577      0.2422811961325236    
  0.7379472898667577      0.7379472898667577      0.2422811961325236    
 -0.6155012804189908     -0.6155012804189908      0.3680078504493377    
 -0.5467132566113041     -0.6155012804189908      0.3680078504493377    
 -0.4293815134945880     -0.6155012804189908      0.3680078504493377    
 -0.2739024867410995     -0.6155012804189908      0.3680078504493377    
 -0.9408741350593507E-01 -0.6155012804189908      0.3680078504493377    
  0.9408741350593507E-01 -0.6155012804189908      0.3680078504493377    
  0.2739024867410995     -0.6155012804189908      0.3680078504493377    
  0.4293815134945880     -0.6155012804189908      0.3680078504493377    
  0.5467132566113041     -0.6155012804189908      0.3680078504493377    
  0.6155012804189908     -0.6155012804189908      0.3680078504493377    
 -0.6155012804189908     -0.5467132566113041      0.3680078504493377    
 -0.5467132566113041     -0.5467132566113041      0.3680078504493377    
 -0.4293815134945880     -0.5467132566113041      0.3680078504493377    
 -0.2739024867410995     -0.5467132566113041      0.3680078504493377    
 -0.9408741350593507E-01 -0.5467132566113041      0.3680078504493377    
  0.9408741350593507E-01 -0.5467132566113041      0.3680078504493377    
  0.2739024867410995     -0.5467132566113041      0.3680078504493377    
  0.4293815134945880     -0.5467132566113041      0.3680078504493377    
  0.5467132566113041     -0.5467132566113041      0.3680078504493377    
  0.6155012804189908     -0.5467132566113041      0.3680078504493377    
 -0.6155012804189908     -0.4293815134945880      0.3680078504493377    
 -0.5467132566113041     -0.4293815134945880      0.3680078504493377    
 -0.4293815134945880     -0.4293815134945880      0.3680078504493377    
 -0.2739024867410995     -0.4293815134945880      0.3680078504493377    
 -0.9408741350593507E-01 -0.4293815134945880      0.3680078504493377    
  0.9408741350593507E-01 -0.4293815134945880      0.3680078504493377    
  0.2739024867410995     -0.4293815134945880      0.3680078504493377    
  0.4293815134945880     -0.4293815134945880      0.3680078504493377    
  0.5467132566113041     -0.4293815134945880      0.3680078504493377    
  0.6155012804189908     -0.4293815134945880      0.3680078504493377    
 -0.6155012804189908     -0.2739024867410995      0.3680078504493377    
 -0.5467132566113041     -0.2739024867410995      0.3680078504493377    
 -0.4293815134945880     -0.2739024867410995      0.3680078504493377    
 -0.2739024867410995     -0.2739024867410995      0.3680078504493377    
 -0.9408741350593507E-01 -0.2739024867410995      0.3680078504493377    
  0.9408741350593507E-01 -0.2739024867410995      0.3680078504493377    
  0.2739024867410995     -0.2739024867410995      0.3680078504493377    
  0.4293815134945880     -0.2739024867410995      0.3680078504493377    
  0.5467132566113041     -0.2739024867410995      0.3680078504493377    
  0.6155012804189908     -0.2739024867410995      0.3680078504493377    
 -0.6155012804189908     -0.9408741350593507E-01  0.3680078504493377    
 -0.5467132566113041     -0.9408741350593507E-01  0.3680078504493377    
 -0.4293815134945880     -0.9408741350593507E-01  0.3680078504493377    
 -0.2739024867410995     -0.9408741350593507E-01  0.3680078504493377    
 -0.9408741350593507E-01 -0.9408741350593507E-01  0.3680078504493377    
  0.9408741350593507E-01 -0.9408741350593507E-01  0.3680078504493377    
  0.2739024867410995     -0.9408741350593507E-01  0.3680078504493377    
  0.4293815134945880     -0.9408741350593507E-01  0.3680078504493377    
  0.5467132566113041     -0.9408741350593507E-01  0.3680078504493377    
  0.6155012804189908     -0.9408741350593507E-01  0.3680078504493377    
 -0.6155012804189908      0.9408741350593507E-01  0.3680078504493377    
 -0.5467132566113041      0.9408741350593507E-01  0.3680078504493377    
 -0.4293815134945880      0.9408741350593507E-01  0.3680078504493377    
 -0.2739024867410995      0.9408741350593507E-01  0.3680078504493377    
 -0.9408741350593507E-01  0.9408741350593507E-01  0.3680078504493377    
  0.9408741350593507E-01  0.9408741350593507E-01  0.3680078504493377    
  0.2739024867410995      0.9408741350593507E-01  0.3680078504493377    
  0.4293815134945880      0.9408741350593507E-01  0.3680078504493377    
  0.5467132566113041      0.9408741350593507E-01  0.3680078504493377    
  0.6155012804189908      0.9408741350593507E-01  0.3680078504493377    
 -0.6155012804189908      0.2739024867410995      0.3680078504493377    
 -0.5467132566113041      0.2739024867410995      0.3680078504493377    
 -0.4293815134945880      0.2739024867410995      0.3680078504493377    
 -0.2739024867410995      0.2739024867410995      0.3680078504493377    
 -0.9408741350593507E-01  0.2739024867410995      0.3680078504493377    
  0.9408741350593507E-01  0.2739024867410995      0.3680078504493377    
  0.2739024867410995      0.2739024867410995      0.3680078504493377    
  0.4293815134945880      0.2739024867410995      0.3680078504493377    
  0.5467132566113041      0.2739024867410995      0.3680078504493377    
  0.6155012804189908      0.2739024867410995      0.3680078504493377    
 -0.6155012804189908      0.4293815134945880      0.3680078504493377    
 -0.5467132566113041      0.4293815134945880      0.3680078504493377    
 -0.4293815134945880      0.4293815134945880      0.3680078504493377    
 -0.2739024867410995      0.4293815134945880      0.3680078504493377    
 -0.9408741350593507E-01  0.4293815134945880      0.3680078504493377    
  0.9408741350593507E-01  0.4293815134945880      0.3680078504493377    
  0.2739024867410995      0.4293815134945880      0.3680078504493377    
  0.4293815134945880      0.4293815134945880      0.3680078504493377    
  0.5467132566113041      0.4293815134945880      0.3680078504493377    
  0.6155012804189908      0.4293815134945880      0.3680078504493377    
 -0.6155012804189908      0.5467132566113041      0.3680078504493377    
 -0.5467132566113041      0.5467132566113041      0.3680078504493377    
 -0.4293815134945880      0.5467132566113041      0.3680078504493377    
 -0.2739024867410995      0.5467132566113041      0.3680078504493377    
 -0.9408741350593507E-01  0.5467132566113041      0.3680078504493377    
  0.9408741350593507E-01  0.5467132566113041      0.3680078504493377    
  0.2739024867410995      0.5467132566113041      0.3680078504493377    
  0.4293815134945880      0.5467132566113041      0.3680078504493377    
  0.5467132566113041      0.5467132566113041      0.3680078504493377    
  0.6155012804189908      0.5467132566113041      0.3680078504493377    
 -0.6155012804189908      0.6155012804189908      0.3680078504493377    
 -0.5467132566113041      0.6155012804189908      0.3680078504493377    
 -0.4293815134945880      0.6155012804189908      0.3680078504493377    
 -0.2739024867410995      0.6155012804189908      0.3680078504493377    
 -0.9408741350593507E-01  0.6155012804189908      0.3680078504493377    
  0.9408741350593507E-01  0.6155012804189908      0.3680078504493377    
  0.2739024867410995      0.6155012804189908      0.3680078504493377    
  0.4293815134945880      0.6155012804189908      0.3680078504493377    
  0.5467132566113041      0.6155012804189908      0.3680078504493377    
  0.6155012804189908      0.6155012804189908      0.3680078504493377    
 -0.4832454789882500     -0.4832454789882500      0.5038071264148739    
 -0.4292382777506309     -0.4832454789882500      0.5038071264148739    
 -0.3371181860355229     -0.4832454789882500      0.5038071264148739    
 -0.2150477060115495     -0.4832454789882500      0.5038071264148739    
 -0.7387038606238175E-01 -0.4832454789882500      0.5038071264148739    
  0.7387038606238175E-01 -0.4832454789882500      0.5038071264148739    
  0.2150477060115495     -0.4832454789882500      0.5038071264148739    
  0.3371181860355229     -0.4832454789882500      0.5038071264148739    
  0.4292382777506309     -0.4832454789882500      0.5038071264148739    
  0.4832454789882500     -0.4832454789882500      0.5038071264148739    
 -0.4832454789882500     -0.4292382777506309      0.5038071264148739    
 -0.4292382777506309     -0.4292382777506309      0.5038071264148739    
 -0.3371181860355229     -0.4292382777506309      0.5038071264148739    
 -0.2150477060115495     -0.4292382777506309      0.5038071264148739    
 -0.7387038606238175E-01 -0.4292382777506309      0.5038071264148739    
  0.7387038606238175E-01 -0.4292382777506309      0.5038071264148739    
  0.2150477060115495     -0.4292382777506309      0.5038071264148739    
  0.3371181860355229     -0.4292382777506309      0.5038071264148739    
  0.4292382777506309     -0.4292382777506309      0.5038071264148739    
  0.4832454789882500     -0.4292382777506309      0.5038071264148739    
 -0.4832454789882500     -0.3371181860355229      0.5038071264148739    
 -0.4292382777506309     -0.3371181860355229      0.5038071264148739    
 -0.3371181860355229     -0.3371181860355229      0.5038071264148739    
 -0.2150477060115495     -0.3371181860355229      0.5038071264148739    
 -0.7387038606238175E-01 -0.3371181860355229      0.5038071264148739    
  0.7387038606238175E-01 -0.3371181860355229      0.5038071264148739    
  0.2150477060115495     -0.3371181860355229      0.5038071264148739    
  0.3371181860355229     -0.3371181860355229      0.5038071264148739    
  0.4292382777506309     -0.3371181860355229      0.5038071264148739    
  0.4832454789882500     -0.3371181860355229      0.5038071264148739    
 -0.4832454789882500     -0.2150477060115495      0.5038071264148739    
 -0.4292382777506309     -0.2150477060115495      0.5038071264148739    
 -0.3371181860355229     -0.2150477060115495      0.5038071264148739    
 -0.2150477060115495     -0.2150477060115495      0.5038071264148739    
 -0.7387038606238175E-01 -0.2150477060115495      0.5038071264148739    
  0.7387038606238175E-01 -0.2150477060115495      0.5038071264148739    
  0.2150477060115495     -0.2150477060115495      0.5038071264148739    
  0.3371181860355229     -0.2150477060115495      0.5038071264148739    
  0.4292382777506309     -0.2150477060115495      0.5038071264148739    
  0.4832454789882500     -0.2150477060115495      0.5038071264148739    
 -0.4832454789882500     -0.7387038606238175E-01  0.5038071264148739    
 -0.4292382777506309     -0.7387038606238175E-01  0.5038071264148739    
 -0.3371181860355229     -0.7387038606238175E-01  0.5038071264148739    
 -0.2150477060115495     -0.7387038606238175E-01  0.5038071264148739    
 -0.7387038606238175E-01 -0.7387038606238175E-01  0.5038071264148739    
  0.7387038606238175E-01 -0.7387038606238175E-01  0.5038071264148739    
  0.2150477060115495     -0.7387038606238175E-01  0.5038071264148739    
  0.3371181860355229     -0.7387038606238175E-01  0.5038071264148739    
  0.4292382777506309     -0.7387038606238175E-01  0.5038071264148739    
  0.4832454789882500     -0.7387038606238175E-01  0.5038071264148739    
 -0.4832454789882500      0.7387038606238175E-01  0.5038071264148739    
 -0.4292382777506309      0.7387038606238175E-01  0.5038071264148739    
 -0.3371181860355229      0.7387038606238175E-01  0.5038071264148739    
 -0.2150477060115495      0.7387038606238175E-01  0.5038071264148739    
 -0.7387038606238175E-01  0.7387038606238175E-01  0.5038071264148739    
  0.7387038606238175E-01  0.7387038606238175E-01  0.5038071264148739    
  0.2150477060115495      0.7387038606238175E-01  0.5038071264148739    
  0.3371181860355229      0.7387038606238175E-01  0.5038071264148739    
  0.4292382777506309      0.7387038606238175E-01  0.5038071264148739    
  0.4832454789882500      0.7387038606238175E-01  0.5038071264148739    
 -0.4832454789882500      0.2150477060115495      0.5038071264148739    
 -0.4292382777506309      0.2150477060115495      0.5038071264148739    
 -0.3371181860355229      0.2150477060115495      0.5038071264148739    
 -0.2150477060115495      0.2150477060115495      0.5038071264148739    
 -0.7387038606238175E-01  0.2150477060115495      0.5038071264148739    
  0.7387038606238175E-01  0.2150477060115495      0.5038071264148739    
  0.2150477060115495      0.2150477060115495      0.5038071264148739    
  0.3371181860355229      0.2150477060115495      0.5038071264148739    
  0.4292382777506309      0.2150477060115495      0.5038071264148739    
  0.4832454789882500      0.2150477060115495      0.5038071264148739    
 -0.4832454789882500      0.3371181860355229      0.5038071264148739    
 -0.4292382777506309      0.3371181860355229      0.5038071264148739    
 -0.3371181860355229      0.3371181860355229      0.5038071264148739    
 -0.2150477060115495      0.3371181860355229      0.5038071264148739    
 -0.7387038606238175E-01  0.3371181860355229      0.5038071264148739    
  0.7387038606238175E-01  0.3371181860355229      0.5038071264148739    
  0.2150477060115495      0.3371181860355229      0.5038071264148739    
  0.3371181860355229      0.3371181860355229      0.5038071264148739    
  0.4292382777506309      0.3371181860355229      0.5038071264148739    
  0.4832454789882500      0.3371181860355229      0.5038071264148739    
 -0.4832454789882500      0.4292382777506309      0.5038071264148739    
 -0.4292382777506309      0.4292382777506309      0.5038071264148739    
 -0.3371181860355229      0.4292382777506309      0.5038071264148739    
 -0.2150477060115495      0.4292382777506309      0.5038071264148739    
 -0.7387038606238175E-01  0.4292382777506309      0.5038071264148739    
  0.7387038606238175E-01  0.4292382777506309      0.5038071264148739    
  0.2150477060115495      0.4292382777506309      0.5038071264148739    
  0.3371181860355229      0.4292382777506309      0.5038071264148739    
  0.4292382777506309      0.4292382777506309      0.5038071264148739    
  0.4832454789882500      0.4292382777506309      0.5038071264148739    
 -0.4832454789882500      0.4832454789882500      0.5038071264148739    
 -0.4292382777506309      0.4832454789882500      0.5038071264148739    
 -0.3371181860355229      0.4832454789882500      0.5038071264148739    
 -0.2150477060115495      0.4832454789882500      0.5038071264148739    
 -0.7387038606238175E-01  0.4832454789882500      0.5038071264148739    
  0.7387038606238175E-01  0.4832454789882500      0.5038071264148739    
  0.2150477060115495      0.4832454789882500      0.5038071264148739    
  0.3371181860355229      0.4832454789882500      0.5038071264148739    
  0.4292382777506309      0.4832454789882500      0.5038071264148739    
  0.4832454789882500      0.4832454789882500      0.5038071264148739    
 -0.3509866718148201     -0.3509866718148201      0.6396094886547097    
 -0.3117606290671215     -0.3509866718148201      0.6396094886547097    
 -0.2448527617321684     -0.3509866718148201      0.6396094886547097    
 -0.1561915877049330     -0.3509866718148201      0.6396094886547097    
 -0.5365289915178216E-01 -0.3509866718148201      0.6396094886547097    
  0.5365289915178216E-01 -0.3509866718148201      0.6396094886547097    
  0.1561915877049330     -0.3509866718148201      0.6396094886547097    
  0.2448527617321684     -0.3509866718148201      0.6396094886547097    
  0.3117606290671215     -0.3509866718148201      0.6396094886547097    
  0.3509866718148201     -0.3509866718148201      0.6396094886547097    
 -0.3509866718148201     -0.3117606290671215      0.6396094886547097    
 -0.3117606290671215     -0.3117606290671215      0.6396094886547097    
 -0.2448527617321684     -0.3117606290671215      0.6396094886547097    
 -0.1561915877049330     -0.3117606290671215      0.6396094886547097    
 -0.5365289915178216E-01 -0.3117606290671215      0.6396094886547097    
  0.5365289915178216E-01 -0.3117606290671215      0.6396094886547097    
  0.1561915877049330     -0.3117606290671215      0.6396094886547097    
  0.2448527617321684     -0.3117606290671215      0.6396094886547097    
  0.3117606290671215     -0.3117606290671215      0.6396094886547097    
  0.3509866718148201     -0.3117606290671215      0.6396094886547097    
 -0.3509866718148201     -0.2448527617321684      0.6396094886547097    
 -0.3117606290671215     -0.2448527617321684      0.6396094886547097    
 -0.2448527617321684     -0.2448527617321684      0.6396094886547097    
 -0.1561915877049330     -0.2448527617321684      0.6396094886547097    
 -0.5365289915178216E-01 -0.2448527617321684      0.6396094886547097    
  0.5365289915178216E-01 -0.2448527617321684      0.6396094886547097    
  0.1561915877049330     -0.2448527617321684      0.6396094886547097    
  0.2448527617321684     -0.2448527617321684      0.6396094886547097    
  0.3117606290671215     -0.2448527617321684      0.6396094886547097    
  0.3509866718148201     -0.2448527617321684      0.6396094886547097    
 -0.3509866718148201     -0.1561915877049330      0.6396094886547097    
 -0.3117606290671215     -0.1561915877049330      0.6396094886547097    
 -0.2448527617321684     -0.1561915877049330      0.6396094886547097    
 -0.1561915877049330     -0.1561915877049330      0.6396094886547097    
 -0.5365289915178216E-01 -0.1561915877049330      0.6396094886547097    
  0.5365289915178216E-01 -0.1561915877049330      0.6396094886547097    
  0.1561915877049330     -0.1561915877049330      0.6396094886547097    
  0.2448527617321684     -0.1561915877049330      0.6396094886547097    
  0.3117606290671215     -0.1561915877049330      0.6396094886547097    
  0.3509866718148201     -0.1561915877049330      0.6396094886547097    
 -0.3509866718148201     -0.5365289915178216E-01  0.6396094886547097    
 -0.3117606290671215     -0.5365289915178216E-01  0.6396094886547097    
 -0.2448527617321684     -0.5365289915178216E-01  0.6396094886547097    
 -0.1561915877049330     -0.5365289915178216E-01  0.6396094886547097    
 -0.5365289915178216E-01 -0.5365289915178216E-01  0.6396094886547097    
  0.5365289915178216E-01 -0.5365289915178216E-01  0.6396094886547097    
  0.1561915877049330     -0.5365289915178216E-01  0.6396094886547097    
  0.2448527617321684     -0.5365289915178216E-01  0.6396094886547097    
  0.3117606290671215     -0.5365289915178216E-01  0.6396094886547097    
  0.3509866718148201     -0.5365289915178216E-01  0.6396094886547097    
 -0.3509866718148201      0.5365289915178216E-01  0.6396094886547097    
 -0.3117606290671215      0.5365289915178216E-01  0.6396094886547097    
 -0.2448527617321684      0.5365289915178216E-01  0.6396094886547097    
 -0.1561915877049330      0.5365289915178216E-01  0.6396094886547097    
 -0.5365289915178216E-01  0.5365289915178216E-01  0.6396094886547097    
  0.5365289915178216E-01  0.5365289915178216E-01  0.6396094886547097    
  0.1561915877049330      0.5365289915178216E-01  0.6396094886547097    
  0.2448527617321684      0.5365289915178216E-01  0.6396094886547097    
  0.3117606290671215      0.5365289915178216E-01  0.6396094886547097    
  0.3509866718148201      0.5365289915178216E-01  0.6396094886547097    
 -0.3509866718148201      0.1561915877049330      0.6396094886547097    
 -0.3117606290671215      0.1561915877049330      0.6396094886547097    
 -0.2448527617321684      0.1561915877049330      0.6396094886547097    
 -0.1561915877049330      0.1561915877049330      0.6396094886547097    
 -0.5365289915178216E-01  0.1561915877049330      0.6396094886547097    
  0.5365289915178216E-01  0.1561915877049330      0.6396094886547097    
  0.1561915877049330      0.1561915877049330      0.6396094886547097    
  0.2448527617321684      0.1561915877049330      0.6396094886547097    
  0.3117606290671215      0.1561915877049330      0.6396094886547097    
  0.3509866718148201      0.1561915877049330      0.6396094886547097    
 -0.3509866718148201      0.2448527617321684      0.6396094886547097    
 -0.3117606290671215      0.2448527617321684      0.6396094886547097    
 -0.2448527617321684      0.2448527617321684      0.6396094886547097    
 -0.1561915877049330      0.2448527617321684      0.6396094886547097    
 -0.5365289915178216E-01  0.2448527617321684      0.6396094886547097    
  0.5365289915178216E-01  0.2448527617321684      0.6396094886547097    
  0.1561915877049330      0.2448527617321684      0.6396094886547097    
  0.2448527617321684      0.2448527617321684      0.6396094886547097    
  0.3117606290671215      0.2448527617321684      0.6396094886547097    
  0.3509866718148201      0.2448527617321684      0.6396094886547097    
 -0.3509866718148201      0.3117606290671215      0.6396094886547097    
 -0.3117606290671215      0.3117606290671215      0.6396094886547097    
 -0.2448527617321684      0.3117606290671215      0.6396094886547097    
 -0.1561915877049330      0.3117606290671215      0.6396094886547097    
 -0.5365289915178216E-01  0.3117606290671215      0.6396094886547097    
  0.5365289915178216E-01  0.3117606290671215      0.6396094886547097    
  0.1561915877049330      0.3117606290671215      0.6396094886547097    
  0.2448527617321684      0.3117606290671215      0.6396094886547097    
  0.3117606290671215      0.3117606290671215      0.6396094886547097    
  0.3509866718148201      0.3117606290671215      0.6396094886547097    
 -0.3509866718148201      0.3509866718148201      0.6396094886547097    
 -0.3117606290671215      0.3509866718148201      0.6396094886547097    
 -0.2448527617321684      0.3509866718148201      0.6396094886547097    
 -0.1561915877049330      0.3509866718148201      0.6396094886547097    
 -0.5365289915178216E-01  0.3509866718148201      0.6396094886547097    
  0.5365289915178216E-01  0.3509866718148201      0.6396094886547097    
  0.1561915877049330      0.3509866718148201      0.6396094886547097    
  0.2448527617321684      0.3509866718148201      0.6396094886547097    
  0.3117606290671215      0.3509866718148201      0.6396094886547097    
  0.3509866718148201      0.3509866718148201      0.6396094886547097    
 -0.2285294268198012     -0.2285294268198012      0.7653476795481079    
 -0.2029891263314962     -0.2285294268198012      0.7653476795481079    
 -0.1594250317385844     -0.2285294268198012      0.7653476795481079    
 -0.1016972349055902     -0.2285294268198012      0.7653476795481079    
 -0.3493370909778134E-01 -0.2285294268198012      0.7653476795481079    
  0.3493370909778134E-01 -0.2285294268198012      0.7653476795481079    
  0.1016972349055902     -0.2285294268198012      0.7653476795481079    
  0.1594250317385844     -0.2285294268198012      0.7653476795481079    
  0.2029891263314962     -0.2285294268198012      0.7653476795481079    
  0.2285294268198012     -0.2285294268198012      0.7653476795481079    
 -0.2285294268198012     -0.2029891263314962      0.7653476795481079    
 -0.2029891263314962     -0.2029891263314962      0.7653476795481079    
 -0.1594250317385844     -0.2029891263314962      0.7653476795481079    
 -0.1016972349055902     -0.2029891263314962      0.7653476795481079    
 -0.3493370909778134E-01 -0.2029891263314962      0.7653476795481079    
  0.3493370909778134E-01 -0.2029891263314962      0.7653476795481079    
  0.1016972349055902     -0.2029891263314962      0.7653476795481079    
  0.1594250317385844     -0.2029891263314962      0.7653476795481079    
  0.2029891263314962     -0.2029891263314962      0.7653476795481079    
  0.2285294268198012     -0.2029891263314962      0.7653476795481079    
 -0.2285294268198012     -0.1594250317385844      0.7653476795481079    
 -0.2029891263314962     -0.1594250317385844      0.7653476795481079    
 -0.1594250317385844     -0.1594250317385844      0.7653476795481079    
 -0.1016972349055902     -0.1594250317385844      0.7653476795481079    
 -0.3493370909778134E-01 -0.1594250317385844      0.7653476795481079    
  0.3493370909778134E-01 -0.1594250317385844      0.7653476795481079    
  0.1016972349055902     -0.1594250317385844      0.7653476795481079    
  0.1594250317385844     -0.1594250317385844      0.7653476795481079    
  0.2029891263314962     -0.1594250317385844      0.7653476795481079    
  0.2285294268198012     -0.1594250317385844      0.7653476795481079    
 -0.2285294268198012     -0.1016972349055902      0.7653476795481079    
 -0.2029891263314962     -0.1016972349055902      0.7653476795481079    
 -0.1594250317385844     -0.1016972349055902      0.7653476795481079    
 -0.1016972349055902     -0.1016972349055902      0.7653476795481079    
 -0.3493370909778134E-01 -0.1016972349055902      0.7653476795481079    
  0.3493370909778134E-01 -0.1016972349055902      0.7653476795481079    
  0.1016972349055902     -0.1016972349055902      0.7653476795481079    
  0.1594250317385844     -0.1016972349055902      0.7653476795481079    
  0.2029891263314962     -0.1016972349055902      0.7653476795481079    
  0.2285294268198012     -0.1016972349055902      0.7653476795481079    
 -0.2285294268198012     -0.3493370909778134E-01  0.7653476795481079    
 -0.2029891263314962     -0.3493370909778134E-01  0.7653476795481079    
 -0.1594250317385844     -0.3493370909778134E-01  0.7653476795481079    
 -0.1016972349055902     -0.3493370909778134E-01  0.7653476795481079    
 -0.3493370909778134E-01 -0.3493370909778134E-01  0.7653476795481079    
  0.3493370909778134E-01 -0.3493370909778134E-01  0.7653476795481079    
  0.1016972349055902     -0.3493370909778134E-01  0.7653476795481079    
  0.1594250317385844     -0.3493370909778134E-01  0.7653476795481079    
  0.2029891263314962     -0.3493370909778134E-01  0.7653476795481079    
  0.2285294268198012     -0.3493370909778134E-01  0.7653476795481079    
 -0.2285294268198012      0.3493370909778134E-01  0.7653476795481079    
 -0.2029891263314962      0.3493370909778134E-01  0.7653476795481079    
 -0.1594250317385844      0.3493370909778134E-01  0.7653476795481079    
 -0.1016972349055902      0.3493370909778134E-01  0.7653476795481079    
 -0.3493370909778134E-01  0.3493370909778134E-01  0.7653476795481079    
  0.3493370909778134E-01  0.3493370909778134E-01  0.7653476795481079    
  0.1016972349055902      0.3493370909778134E-01  0.7653476795481079    
  0.1594250317385844      0.3493370909778134E-01  0.7653476795481079    
  0.2029891263314962      0.3493370909778134E-01  0.7653476795481079    
  0.2285294268198012      0.3493370909778134E-01  0.7653476795481079    
 -0.2285294268198012      0.1016972349055902      0.7653476795481079    
 -0.2029891263314962      0.1016972349055902      0.7653476795481079    
 -0.1594250317385844      0.1016972349055902      0.7653476795481079    
 -0.1016972349055902      0.1016972349055902      0.7653476795481079    
 -0.3493370909778134E-01  0.1016972349055902      0.7653476795481079    
  0.3493370909778134E-01  0.1016972349055902      0.7653476795481079    
  0.1016972349055902      0.1016972349055902      0.7653476795481079    
  0.1594250317385844      0.1016972349055902      0.7653476795481079    
  0.2029891263314962      0.1016972349055902      0.7653476795481079    
  0.2285294268198012      0.1016972349055902      0.7653476795481079    
 -0.2285294268198012      0.1594250317385844      0.7653476795481079    
 -0.2029891263314962      0.1594250317385844      0.7653476795481079    
 -0.1594250317385844      0.1594250317385844      0.7653476795481079    
 -0.1016972349055902      0.1594250317385844      0.7653476795481079    
 -0.3493370909778134E-01  0.1594250317385844      0.7653476795481079    
  0.3493370909778134E-01  0.1594250317385844      0.7653476795481079    
  0.1016972349055902      0.1594250317385844      0.7653476795481079    
  0.1594250317385844      0.1594250317385844      0.7653476795481079    
  0.2029891263314962      0.1594250317385844      0.7653476795481079    
  0.2285294268198012      0.1594250317385844      0.7653476795481079    
 -0.2285294268198012      0.2029891263314962      0.7653476795481079    
 -0.2029891263314962      0.2029891263314962      0.7653476795481079    
 -0.1594250317385844      0.2029891263314962      0.7653476795481079    
 -0.1016972349055902      0.2029891263314962      0.7653476795481079    
 -0.3493370909778134E-01  0.2029891263314962      0.7653476795481079    
  0.3493370909778134E-01  0.2029891263314962      0.7653476795481079    
  0.1016972349055902      0.2029891263314962      0.7653476795481079    
  0.1594250317385844      0.2029891263314962      0.7653476795481079    
  0.2029891263314962      0.2029891263314962      0.7653476795481079    
  0.2285294268198012      0.2029891263314962      0.7653476795481079    
 -0.2285294268198012      0.2285294268198012      0.7653476795481079    
 -0.2029891263314962      0.2285294268198012      0.7653476795481079    
 -0.1594250317385844      0.2285294268198012      0.7653476795481079    
 -0.1016972349055902      0.2285294268198012      0.7653476795481079    
 -0.3493370909778134E-01  0.2285294268198012      0.7653476795481079    
  0.3493370909778134E-01  0.2285294268198012      0.7653476795481079    
  0.1016972349055902      0.2285294268198012      0.7653476795481079    
  0.1594250317385844      0.2285294268198012      0.7653476795481079    
  0.2029891263314962      0.2285294268198012      0.7653476795481079    
  0.2285294268198012      0.2285294268198012      0.7653476795481079    
 -0.1249423959149648     -0.1249423959149648      0.8717100745744084    
 -0.1109789148009410     -0.1249423959149648      0.8717100745744084    
 -0.8716140285051523E-01 -0.1249423959149648      0.8717100745744084    
 -0.5560026279263600E-01 -0.1249423959149648      0.8717100745744084    
 -0.1909907784573771E-01 -0.1249423959149648      0.8717100745744084    
  0.1909907784573771E-01 -0.1249423959149648      0.8717100745744084    
  0.5560026279263600E-01 -0.1249423959149648      0.8717100745744084    
  0.8716140285051523E-01 -0.1249423959149648      0.8717100745744084    
  0.1109789148009410     -0.1249423959149648      0.8717100745744084    
  0.1249423959149648     -0.1249423959149648      0.8717100745744084    
 -0.1249423959149648     -0.1109789148009410      0.8717100745744084    
 -0.1109789148009410     -0.1109789148009410      0.8717100745744084    
 -0.8716140285051523E-01 -0.1109789148009410      0.8717100745744084    
 -0.5560026279263600E-01 -0.1109789148009410      0.8717100745744084    
 -0.1909907784573771E-01 -0.1109789148009410      0.8717100745744084    
  0.1909907784573771E-01 -0.1109789148009410      0.8717100745744084    
  0.5560026279263600E-01 -0.1109789148009410      0.8717100745744084    
  0.8716140285051523E-01 -0.1109789148009410      0.8717100745744084    
  0.1109789148009410     -0.1109789148009410      0.8717100745744084    
  0.1249423959149648     -0.1109789148009410      0.8717100745744084    
 -0.1249423959149648     -0.8716140285051523E-01  0.8717100745744084    
 -0.1109789148009410     -0.8716140285051523E-01  0.8717100745744084    
 -0.8716140285051523E-01 -0.8716140285051523E-01  0.8717100745744084    
 -0.5560026279263600E-01 -0.8716140285051523E-01  0.8717100745744084    
 -0.1909907784573771E-01 -0.8716140285051523E-01  0.8717100745744084    
  0.1909907784573771E-01 -0.8716140285051523E-01  0.8717100745744084    
  0.5560026279263600E-01 -0.8716140285051523E-01  0.8717100745744084    
  0.8716140285051523E-01 -0.8716140285051523E-01  0.8717100745744084    
  0.1109789148009410     -0.8716140285051523E-01  0.8717100745744084    
  0.1249423959149648     -0.8716140285051523E-01  0.8717100745744084    
 -0.1249423959149648     -0.5560026279263600E-01  0.8717100745744084    
 -0.1109789148009410     -0.5560026279263600E-01  0.8717100745744084    
 -0.8716140285051523E-01 -0.5560026279263600E-01  0.8717100745744084    
 -0.5560026279263600E-01 -0.5560026279263600E-01  0.8717100745744084    
 -0.1909907784573771E-01 -0.5560026279263600E-01  0.8717100745744084    
  0.1909907784573771E-01 -0.5560026279263600E-01  0.8717100745744084    
  0.5560026279263600E-01 -0.5560026279263600E-01  0.8717100745744084    
  0.8716140285051523E-01 -0.5560026279263600E-01  0.8717100745744084    
  0.1109789148009410     -0.5560026279263600E-01  0.8717100745744084    
  0.1249423959149648     -0.5560026279263600E-01  0.8717100745744084    
 -0.1249423959149648     -0.1909907784573771E-01  0.8717100745744084    
 -0.1109789148009410     -0.1909907784573771E-01  0.8717100745744084    
 -0.8716140285051523E-01 -0.1909907784573771E-01  0.8717100745744084    
 -0.5560026279263600E-01 -0.1909907784573771E-01  0.8717100745744084    
 -0.1909907784573771E-01 -0.1909907784573771E-01  0.8717100745744084    
  0.1909907784573771E-01 -0.1909907784573771E-01  0.8717100745744084    
  0.5560026279263600E-01 -0.1909907784573771E-01  0.8717100745744084    
  0.8716140285051523E-01 -0.1909907784573771E-01  0.8717100745744084    
  0.1109789148009410     -0.1909907784573771E-01  0.8717100745744084    
  0.1249423959149648     -0.1909907784573771E-01  0.8717100745744084    
 -0.1249423959149648      0.1909907784573771E-01  0.8717100745744084    
 -0.1109789148009410      0.1909907784573771E-01  0.8717100745744084    
 -0.8716140285051523E-01  0.1909907784573771E-01  0.8717100745744084    
 -0.5560026279263600E-01  0.1909907784573771E-01  0.8717100745744084    
 -0.1909907784573771E-01  0.1909907784573771E-01  0.8717100745744084    
  0.1909907784573771E-01  0.1909907784573771E-01  0.8717100745744084    
  0.5560026279263600E-01  0.1909907784573771E-01  0.8717100745744084    
  0.8716140285051523E-01  0.1909907784573771E-01  0.8717100745744084    
  0.1109789148009410      0.1909907784573771E-01  0.8717100745744084    
  0.1249423959149648      0.1909907784573771E-01  0.8717100745744084    
 -0.1249423959149648      0.5560026279263600E-01  0.8717100745744084    
 -0.1109789148009410      0.5560026279263600E-01  0.8717100745744084    
 -0.8716140285051523E-01  0.5560026279263600E-01  0.8717100745744084    
 -0.5560026279263600E-01  0.5560026279263600E-01  0.8717100745744084    
 -0.1909907784573771E-01  0.5560026279263600E-01  0.8717100745744084    
  0.1909907784573771E-01  0.5560026279263600E-01  0.8717100745744084    
  0.5560026279263600E-01  0.5560026279263600E-01  0.8717100745744084    
  0.8716140285051523E-01  0.5560026279263600E-01  0.8717100745744084    
  0.1109789148009410      0.5560026279263600E-01  0.8717100745744084    
  0.1249423959149648      0.5560026279263600E-01  0.8717100745744084    
 -0.1249423959149648      0.8716140285051523E-01  0.8717100745744084    
 -0.1109789148009410      0.8716140285051523E-01  0.8717100745744084    
 -0.8716140285051523E-01  0.8716140285051523E-01  0.8717100745744084    
 -0.5560026279263600E-01  0.8716140285051523E-01  0.8717100745744084    
 -0.1909907784573771E-01  0.8716140285051523E-01  0.8717100745744084    
  0.1909907784573771E-01  0.8716140285051523E-01  0.8717100745744084    
  0.5560026279263600E-01  0.8716140285051523E-01  0.8717100745744084    
  0.8716140285051523E-01  0.8716140285051523E-01  0.8717100745744084    
  0.1109789148009410      0.8716140285051523E-01  0.8717100745744084    
  0.1249423959149648      0.8716140285051523E-01  0.8717100745744084    
 -0.1249423959149648      0.1109789148009410      0.8717100745744084    
 -0.1109789148009410      0.1109789148009410      0.8717100745744084    
 -0.8716140285051523E-01  0.1109789148009410      0.8717100745744084    
 -0.5560026279263600E-01  0.1109789148009410      0.8717100745744084    
 -0.1909907784573771E-01  0.1109789148009410      0.8717100745744084    
  0.1909907784573771E-01  0.1109789148009410      0.8717100745744084    
  0.5560026279263600E-01  0.1109789148009410      0.8717100745744084    
  0.8716140285051523E-01  0.1109789148009410      0.8717100745744084    
  0.1109789148009410      0.1109789148009410      0.8717100745744084    
  0.1249423959149648      0.1109789148009410      0.8717100745744084    
 -0.1249423959149648      0.1249423959149648      0.8717100745744084    
 -0.1109789148009410      0.1249423959149648      0.8717100745744084    
 -0.8716140285051523E-01  0.1249423959149648      0.8717100745744084    
 -0.5560026279263600E-01  0.1249423959149648      0.8717100745744084    
 -0.1909907784573771E-01  0.1249423959149648      0.8717100745744084    
  0.1909907784573771E-01  0.1249423959149648      0.8717100745744084    
  0.5560026279263600E-01  0.1249423959149648      0.8717100745744084    
  0.8716140285051523E-01  0.1249423959149648      0.8717100745744084    
  0.1109789148009410      0.1249423959149648      0.8717100745744084    
  0.1249423959149648      0.1249423959149648      0.8717100745744084    
 -0.4784384711541858E-01 -0.4784384711541858E-01  0.9508742926405231    
 -0.4249684979936687E-01 -0.4784384711541858E-01  0.9508742926405231    
 -0.3337647562948638E-01 -0.4784384711541858E-01  0.9508742926405231    
 -0.2129085530293853E-01 -0.4784384711541858E-01  0.9508742926405231    
 -0.7313557210147173E-02 -0.4784384711541858E-01  0.9508742926405231    
  0.7313557210147173E-02 -0.4784384711541858E-01  0.9508742926405231    
  0.2129085530293853E-01 -0.4784384711541858E-01  0.9508742926405231    
  0.3337647562948638E-01 -0.4784384711541858E-01  0.9508742926405231    
  0.4249684979936687E-01 -0.4784384711541858E-01  0.9508742926405231    
  0.4784384711541858E-01 -0.4784384711541858E-01  0.9508742926405231    
 -0.4784384711541858E-01 -0.4249684979936687E-01  0.9508742926405231    
 -0.4249684979936687E-01 -0.4249684979936687E-01  0.9508742926405231    
 -0.3337647562948638E-01 -0.4249684979936687E-01  0.9508742926405231    
 -0.2129085530293853E-01 -0.4249684979936687E-01  0.9508742926405231    
 -0.7313557210147173E-02 -0.4249684979936687E-01  0.9508742926405231    
  0.7313557210147173E-02 -0.4249684979936687E-01  0.9508742926405231    
  0.2129085530293853E-01 -0.4249684979936687E-01  0.9508742926405231    
  0.3337647562948638E-01 -0.4249684979936687E-01  0.9508742926405231    
  0.4249684979936687E-01 -0.4249684979936687E-01  0.9508742926405231    
  0.4784384711541858E-01 -0.4249684979936687E-01  0.9508742926405231    
 -0.4784384711541858E-01 -0.3337647562948638E-01  0.9508742926405231    
 -0.4249684979936687E-01 -0.3337647562948638E-01  0.9508742926405231    
 -0.3337647562948638E-01 -0.3337647562948638E-01  0.9508742926405231    
 -0.2129085530293853E-01 -0.3337647562948638E-01  0.9508742926405231    
 -0.7313557210147173E-02 -0.3337647562948638E-01  0.9508742926405231    
  0.7313557210147173E-02 -0.3337647562948638E-01  0.9508742926405231    
  0.2129085530293853E-01 -0.3337647562948638E-01  0.9508742926405231    
  0.3337647562948638E-01 -0.3337647562948638E-01  0.9508742926405231    
  0.4249684979936687E-01 -0.3337647562948638E-01  0.9508742926405231    
  0.4784384711541858E-01 -0.3337647562948638E-01  0.9508742926405231    
 -0.4784384711541858E-01 -0.2129085530293853E-01  0.9508742926405231    
 -0.4249684979936687E-01 -0.2129085530293853E-01  0.9508742926405231    
 -0.3337647562948638E-01 -0.2129085530293853E-01  0.9508742926405231    
 -0.2129085530293853E-01 -0.2129085530293853E-01  0.9508742926405231    
 -0.7313557210147173E-02 -0.2129085530293853E-01  0.9508742926405231    
  0.7313557210147173E-02 -0.2129085530293853E-01  0.9508742926405231    
  0.2129085530293853E-01 -0.2129085530293853E-01  0.9508742926405231    
  0.3337647562948638E-01 -0.2129085530293853E-01  0.9508742926405231    
  0.4249684979936687E-01 -0.2129085530293853E-01  0.9508742926405231    
  0.4784384711541858E-01 -0.2129085530293853E-01  0.9508742926405231    
 -0.4784384711541858E-01 -0.7313557210147173E-02  0.9508742926405231    
 -0.4249684979936687E-01 -0.7313557210147173E-02  0.9508742926405231    
 -0.3337647562948638E-01 -0.7313557210147173E-02  0.9508742926405231    
 -0.2129085530293853E-01 -0.7313557210147173E-02  0.9508742926405231    
 -0.7313557210147173E-02 -0.7313557210147173E-02  0.9508742926405231    
  0.7313557210147173E-02 -0.7313557210147173E-02  0.9508742926405231    
  0.2129085530293853E-01 -0.7313557210147173E-02  0.9508742926405231    
  0.3337647562948638E-01 -0.7313557210147173E-02  0.9508742926405231    
  0.4249684979936687E-01 -0.7313557210147173E-02  0.9508742926405231    
  0.4784384711541858E-01 -0.7313557210147173E-02  0.9508742926405231    
 -0.4784384711541858E-01  0.7313557210147173E-02  0.9508742926405231    
 -0.4249684979936687E-01  0.7313557210147173E-02  0.9508742926405231    
 -0.3337647562948638E-01  0.7313557210147173E-02  0.9508742926405231    
 -0.2129085530293853E-01  0.7313557210147173E-02  0.9508742926405231    
 -0.7313557210147173E-02  0.7313557210147173E-02  0.9508742926405231    
  0.7313557210147173E-02  0.7313557210147173E-02  0.9508742926405231    
  0.2129085530293853E-01  0.7313557210147173E-02  0.9508742926405231    
  0.3337647562948638E-01  0.7313557210147173E-02  0.9508742926405231    
  0.4249684979936687E-01  0.7313557210147173E-02  0.9508742926405231    
  0.4784384711541858E-01  0.7313557210147173E-02  0.9508742926405231    
 -0.4784384711541858E-01  0.2129085530293853E-01  0.9508742926405231    
 -0.4249684979936687E-01  0.2129085530293853E-01  0.9508742926405231    
 -0.3337647562948638E-01  0.2129085530293853E-01  0.9508742926405231    
 -0.2129085530293853E-01  0.2129085530293853E-01  0.9508742926405231    
 -0.7313557210147173E-02  0.2129085530293853E-01  0.9508742926405231    
  0.7313557210147173E-02  0.2129085530293853E-01  0.9508742926405231    
  0.2129085530293853E-01  0.2129085530293853E-01  0.9508742926405231    
  0.3337647562948638E-01  0.2129085530293853E-01  0.9508742926405231    
  0.4249684979936687E-01  0.2129085530293853E-01  0.9508742926405231    
  0.4784384711541858E-01  0.2129085530293853E-01  0.9508742926405231    
 -0.4784384711541858E-01  0.3337647562948638E-01  0.9508742926405231    
 -0.4249684979936687E-01  0.3337647562948638E-01  0.9508742926405231    
 -0.3337647562948638E-01  0.3337647562948638E-01  0.9508742926405231    
 -0.2129085530293853E-01  0.3337647562948638E-01  0.9508742926405231    
 -0.7313557210147173E-02  0.3337647562948638E-01  0.9508742926405231    
  0.7313557210147173E-02  0.3337647562948638E-01  0.9508742926405231    
  0.2129085530293853E-01  0.3337647562948638E-01  0.9508742926405231    
  0.3337647562948638E-01  0.3337647562948638E-01  0.9508742926405231    
  0.4249684979936687E-01  0.3337647562948638E-01  0.9508742926405231    
  0.4784384711541858E-01  0.3337647562948638E-01  0.9508742926405231    
 -0.4784384711541858E-01  0.4249684979936687E-01  0.9508742926405231    
 -0.4249684979936687E-01  0.4249684979936687E-01  0.9508742926405231    
 -0.3337647562948638E-01  0.4249684979936687E-01  0.9508742926405231    
 -0.2129085530293853E-01  0.4249684979936687E-01  0.9508742926405231    
 -0.7313557210147173E-02  0.4249684979936687E-01  0.9508742926405231    
  0.7313557210147173E-02  0.4249684979936687E-01  0.9508742926405231    
  0.2129085530293853E-01  0.4249684979936687E-01  0.9508742926405231    
  0.3337647562948638E-01  0.4249684979936687E-01  0.9508742926405231    
  0.4249684979936687E-01  0.4249684979936687E-01  0.9508742926405231    
  0.4784384711541858E-01  0.4249684979936687E-01  0.9508742926405231    
 -0.4784384711541858E-01  0.4784384711541858E-01  0.9508742926405231    
 -0.4249684979936687E-01  0.4784384711541858E-01  0.9508742926405231    
 -0.3337647562948638E-01  0.4784384711541858E-01  0.9508742926405231    
 -0.2129085530293853E-01  0.4784384711541858E-01  0.9508742926405231    
 -0.7313557210147173E-02  0.4784384711541858E-01  0.9508742926405231    
  0.7313557210147173E-02  0.4784384711541858E-01  0.9508742926405231    
  0.2129085530293853E-01  0.4784384711541858E-01  0.9508742926405231    
  0.3337647562948638E-01  0.4784384711541858E-01  0.9508742926405231    
  0.4249684979936687E-01  0.4784384711541858E-01  0.9508742926405231    
  0.4784384711541858E-01  0.4784384711541858E-01  0.9508742926405231    
