    0.000000000000000E+00    0.000000000000000E+00
    0.218750000000000E+00    0.000000000000000E+00
    0.375000000000000E+00    0.000000000000000E+00
    0.468750000000000E+00    0.000000000000000E+00
    0.500000000000000E+00    0.000000000000000E+00
    0.468750000000000E+00    0.000000000000000E+00
    0.375000000000000E+00    0.000000000000000E+00
    0.218750000000000E+00    0.000000000000000E+00
    0.000000000000000E+00    0.000000000000000E+00
    0.000000000000000E+00    0.000000000000000E+00
    0.000000000000000E+00    0.000000000000000E+00
    0.000000000000000E+00    0.000000000000000E+00
    0.000000000000000E+00    0.000000000000000E+00
    0.000000000000000E+00    0.000000000000000E+00
    0.000000000000000E+00    0.000000000000000E+00
    0.000000000000000E+00    0.000000000000000E+00
    0.000000000000000E+00    0.000000000000000E+00
    0.000000000000000E+00    0.000000000000000E+00
    0.000000000000000E+00    0.000000000000000E+00
    0.000000000000000E+00    0.000000000000000E+00
    0.000000000000000E+00    0.000000000000000E+00
    0.000000000000000E+00    0.000000000000000E+00
    0.000000000000000E+00    0.000000000000000E+00
    0.000000000000000E+00    0.000000000000000E+00
    0.000000000000000E+00    0.000000000000000E+00
    0.000000000000000E+00    0.000000000000000E+00
    0.000000000000000E+00    0.000000000000000E+00
    0.000000000000000E+00    0.000000000000000E+00
    0.000000000000000E+00    0.000000000000000E+00
    0.000000000000000E+00    0.000000000000000E+00
    0.000000000000000E+00    0.000000000000000E+00
    0.000000000000000E+00    0.000000000000000E+00
    0.000000000000000E+00    0.000000000000000E+00
    0.000000000000000E+00    0.000000000000000E+00
    0.000000000000000E+00    0.000000000000000E+00
    0.000000000000000E+00    0.000000000000000E+00
    0.000000000000000E+00    0.000000000000000E+00
    0.000000000000000E+00    0.000000000000000E+00
    0.000000000000000E+00    0.000000000000000E+00
    0.000000000000000E+00    0.000000000000000E+00
    0.000000000000000E+00    0.000000000000000E+00
    0.000000000000000E+00    0.000000000000000E+00
    0.215035973375282E+00    0.491973389648753E-02
    0.369395881245925E+00    0.166211970658267E-01
    0.463553700348206E+00    0.274686196893432E-01
    0.495253277775809E+00    0.375242509459406E-01
    0.460274062439400E+00    0.535822036647329E-01
    0.368212629281068E+00    0.542247353011221E-01
    0.217722865575720E+00    0.636811341652269E-01
    0.592243985476245E-01    0.515210241341740E-01
    0.729894453554802E-03   -0.729332339746138E-02
   -0.722418157352533E-02   -0.169418174723729E-01
   -0.693014466238047E-02    0.144937694892169E-03
   -0.370727136759952E-02    0.710898882165331E-02
   -0.229304919795275E-02    0.129073762376502E-01
   -0.190186265982878E-02    0.164321567823828E-01
   -0.120671524278242E-02    0.187893615831431E-01
   -0.584357122217590E-03    0.196977430923524E-01
   -0.169919749455312E-03    0.203910778301322E-01
    0.595803252272257E-04    0.201894595601358E-01
    0.211130629163061E-03    0.198669486714192E-01
    0.299161410679278E-03    0.191680906840767E-01
    0.374154374300569E-03    0.184946271514385E-01
    0.427433566206440E-03    0.175730428082417E-01
    0.468346491929769E-03    0.167068642175182E-01
    0.495902759409425E-03    0.156737261246263E-01
    0.519312533245640E-03    0.146977822505402E-01
    0.536240402383682E-03    0.136021607183523E-01
    0.551575973161963E-03    0.125595140689563E-01
    0.562746346300618E-03    0.114256751658601E-01
    0.573321331528692E-03    0.103369037840767E-01
    0.580700019048955E-03    0.917858923411466E-02
    0.588347588317783E-03    0.805718883485221E-02
    0.593017900637109E-03    0.688374358220919E-02
    0.596698649483020E-03    0.574066970735949E-02
    0.596155093492345E-03    0.455933766986457E-02
    0.592213068878386E-03    0.340614425738683E-02
    0.560232100442078E-03    0.227553698172338E-02
    0.496483152033388E-03    0.122439414143507E-02
    0.317040233575640E-03    0.437120964208765E-03
    0.422492967470615E-04    0.422492967470476E-04
    0.000000000000000E+00    0.000000000000000E+00
    0.000000000000000E+00    0.000000000000000E+00
    0.200923095662404E+00    0.835846938673535E-02
    0.351739566156967E+00    0.283475748266979E-01
    0.445416624111695E+00    0.520813932136609E-01
    0.477883585856629E+00    0.737419934289212E-01
    0.449101613330208E+00    0.954532350919992E-01
    0.359250161479406E+00    0.106188903393779E+00
    0.234432594089200E+00    0.104736280390194E+00
    0.106766350192124E+00    0.906399922819039E-01
    0.212857420447111E-01    0.483024685337118E-01
   -0.668290185097778E-02    0.308295159761613E-01
   -0.108404540305034E-01    0.383624107696528E-01
   -0.874575610150793E-02    0.397416469885499E-01
   -0.544786990795557E-02    0.409398345623990E-01
   -0.368089209266552E-02    0.418615355528515E-01
   -0.184408189506960E-02    0.431997080541237E-01
   -0.546605060584641E-03    0.425747108150379E-01
    0.451916521900558E-03    0.420936835765789E-01
    0.992157555968268E-03    0.404553639923155E-01
    0.138512650460990E-02    0.391520218112843E-01
    0.160005108869292E-02    0.371411221867387E-01
    0.178376157099330E-02    0.355612942082724E-01
    0.189235103447538E-02    0.334136467171752E-01
    0.198971161889251E-02    0.316632235573378E-01
    0.204524416399830E-02    0.294660724524506E-01
    0.210118282925780E-02    0.276228753290624E-01
    0.213431509113015E-02    0.254113480676624E-01
    0.217138442290109E-02    0.235039580655403E-01
    0.219321740294189E-02    0.212901665610294E-01
    0.221930621933308E-02    0.193316245946141E-01
    0.223343832220733E-02    0.171222120469716E-01
    0.225149164318557E-02    0.151227334361283E-01
    0.225951519154497E-02    0.129237941367876E-01
    0.226984300076243E-02    0.108924776724425E-01
    0.226648745407479E-02    0.871245090818139E-02
    0.223710423276785E-02    0.667774881141751E-02
    0.211942921072103E-02    0.460007114312480E-02
    0.181100571167043E-02    0.278583382549335E-02
    0.121874837141647E-02    0.124136964441972E-02
    0.446452892965064E-03    0.329588869115224E-03
    0.000000000000000E+00    0.000000000000000E+00
    0.000000000000000E+00    0.000000000000000E+00
    0.183487181268318E+00    0.112455389644881E-01
    0.326225241399151E+00    0.362989099170352E-01
    0.415679192584496E+00    0.699177956550346E-01
    0.450387861935163E+00    0.985685211736098E-01
    0.424100123070876E+00    0.132882095841804E+00
    0.349311477087530E+00    0.149576096563639E+00
    0.239643390063351E+00    0.153153009262111E+00
    0.130818565883941E+00    0.147558976414073E+00
    0.504516172375182E-01    0.114134253488399E+00
    0.846111091592363E-02    0.902526475702122E-01
   -0.596232726695296E-02    0.842999609584032E-01
   -0.869843977482810E-02    0.779889102512343E-01
   -0.681706007033070E-02    0.716520124932052E-01
   -0.379056569212748E-02    0.674219778379765E-01
   -0.126404535514608E-02    0.655083433641861E-01
    0.908760422375532E-03    0.624073695741519E-01
    0.218987363497303E-02    0.596212389172688E-01
    0.299227034406728E-02    0.566072592140996E-01
    0.349101956667366E-02    0.537843760443962E-01
    0.385102567166326E-02    0.508101846089982E-01
    0.407918724855363E-02    0.480143075661759E-01
    0.424390170726118E-02    0.451097170662141E-01
    0.435356656687555E-02    0.423208665344444E-01
    0.443524240997756E-02    0.394675320088367E-01
    0.449725470735635E-02    0.367026590842676E-01
    0.454695094667257E-02    0.338833250195618E-01
    0.458896109484879E-02    0.311298478142820E-01
    0.462234878699642E-02    0.283296303972129E-01
    0.465259933348961E-02    0.255793271490188E-01
    0.467452530191389E-02    0.227900279273280E-01
    0.469438235624359E-02    0.200410959777424E-01
    0.470514049011383E-02    0.172623462423253E-01
    0.471228570062791E-02    0.145191359368319E-01
    0.469791623560228E-02    0.117631508595169E-01
    0.463414490450025E-02    0.905597562174017E-02
    0.441137071100780E-02    0.641050785745713E-02
    0.385415510567132E-02    0.397486331725985E-02
    0.277937643972025E-02    0.189096950897973E-02
    0.126466407894712E-02    0.530319675978819E-03
    0.000000000000000E+00    0.000000000000000E+00
    0.000000000000000E+00    0.000000000000000E+00
    0.163290766217886E+00    0.114485379820195E-01
    0.294084989936471E+00    0.395269869837380E-01
    0.381450309553859E+00    0.773272217245893E-01
    0.415044750695585E+00    0.115069202333312E+00
    0.398482070843054E+00    0.152107498311991E+00
    0.333581381350394E+00    0.177312562951651E+00
    0.242517401304157E+00    0.187102102657496E+00
    0.149281740327992E+00    0.183776671135825E+00
    0.736434430714591E-01    0.162704890017860E+00
    0.289030975475420E-01    0.139567006620427E+00
    0.881640465778158E-02    0.122931064028747E+00
    0.536726838198396E-03    0.108009762228146E+00
    0.177902870133901E-03    0.960325893979270E-01
    0.152554565414511E-02    0.873199245097229E-01
    0.339591216539727E-02    0.819815893432553E-01
    0.497694697167220E-02    0.763805878632069E-01
    0.603926126081933E-02    0.714433015821711E-01
    0.659623808348550E-02    0.669894957388327E-01
    0.697782132258414E-02    0.630367441139386E-01
    0.719117897703308E-02    0.592038883001729E-01
    0.735566635571932E-02    0.555913716598498E-01
    0.742572618701808E-02    0.520581553149745E-01
    0.749733901732410E-02    0.486445608179264E-01
    0.751856237655554E-02    0.452915638652093E-01
    0.756113920676795E-02    0.420072365124534E-01
    0.757279174435388E-02    0.387568607046408E-01
    0.760762721650499E-02    0.355420357099000E-01
    0.761678085348908E-02    0.323479940459240E-01
    0.764593970576468E-02    0.291732280732892E-01
    0.765010027296023E-02    0.260113955072657E-01
    0.766971814245624E-02    0.228631253880147E-01
    0.766386406397405E-02    0.197250111358189E-01
    0.766551609004157E-02    0.166035353336174E-01
    0.762728039932735E-02    0.134975838748778E-01
    0.751041246253725E-02    0.104363660906893E-01
    0.716046466940434E-02    0.744383563426869E-02
    0.632205189741026E-02    0.467293230255062E-02
    0.467109144401133E-02    0.227754579502847E-02
    0.239925195838705E-02    0.621043082471225E-03
    0.000000000000000E+00    0.000000000000000E+00
    0.000000000000000E+00    0.000000000000000E+00
    0.141143396982750E+00    0.109319812525065E-01
    0.259424309961391E+00    0.380684582411857E-01
    0.338237222777265E+00    0.785751356519971E-01
    0.373900005145277E+00    0.118078774630704E+00
    0.361299048609361E+00    0.161419923370134E+00
    0.313178485123903E+00    0.190861907483449E+00
    0.237453885819043E+00    0.205377397107155E+00
    0.159760478760991E+00    0.207781101384274E+00
    0.950237205512771E-01    0.189456811505464E+00
    0.493790723857058E-01    0.168006992906896E+00
    0.261680837735909E-01    0.147225988204252E+00
    0.147682447410434E-01    0.128459300032180E+00
    0.108786100649671E-01    0.112951805953850E+00
    0.106217022689815E-01    0.100393747307912E+00
    0.106930825933380E-01    0.926070698131110E-01
    0.110664523132761E-01    0.852406531969221E-01
    0.111465944681696E-01    0.787780724253434E-01
    0.112471875956811E-01    0.731971651030126E-01
    0.112127205183480E-01    0.684876197709253E-01
    0.112324114328107E-01    0.639769654431989E-01
    0.111642136834385E-01    0.598403425037714E-01
    0.111125357543859E-01    0.558609472381149E-01
    0.110459168270758E-01    0.520874626304805E-01
    0.110068638229009E-01    0.484025453193675E-01
    0.109690158936259E-01    0.448367534162990E-01
    0.109502310731901E-01    0.413185854161255E-01
    0.109364550276237E-01    0.378639677173654E-01
    0.109320514986280E-01    0.344379309015100E-01
    0.109300929181554E-01    0.310469073472185E-01
    0.109280676304016E-01    0.276742530034525E-01
    0.109234027426861E-01    0.243236369601114E-01
    0.109104011498076E-01    0.209893744603999E-01
    0.108855262553100E-01    0.176756712526667E-01
    0.108221440749734E-01    0.143858541065263E-01
    0.106475664872997E-01    0.111389878186172E-01
    0.101742958513745E-01    0.797053759408464E-02
    0.905506354944971E-02    0.501470456821219E-02
    0.688285481230537E-02    0.245764364644457E-02
    0.364888239747768E-02    0.673642034051459E-03
    0.000000000000000E+00    0.000000000000000E+00
    0.000000000000000E+00    0.000000000000000E+00
    0.122491496081233E+00    0.938658004476134E-02
    0.225758312438947E+00    0.348318904944524E-01
    0.298088251084968E+00    0.719868866495475E-01
    0.330794024418893E+00    0.112916091999520E+00
    0.325244758060378E+00    0.154426845671273E+00
    0.287404508726867E+00    0.185804887783577E+00
    0.228249141285193E+00    0.204329232801786E+00
    0.166327843056232E+00    0.207748666410931E+00
    0.110817206314570E+00    0.196505132846371E+00
    0.712273882377656E-01    0.178162349309610E+00
    0.463870558651753E-01    0.158228256285309E+00
    0.321328408179700E-01    0.138901729983909E+00
    0.248099639947523E-01    0.122770497031294E+00
    0.214804768825862E-01    0.109228635787405E+00
    0.196032372846579E-01    0.994605603563205E-01
    0.183430023103642E-01    0.908404693639240E-01
    0.174208083514568E-01    0.834416832947687E-01
    0.167110215861010E-01    0.772240910311996E-01
    0.161629607791881E-01    0.719371709685962E-01
    0.157515360475249E-01    0.670256304613213E-01
    0.154146560926285E-01    0.624647313686444E-01
    0.151269647064811E-01    0.582194244661689E-01
    0.149096014936640E-01    0.541733711712893E-01
    0.147358272138367E-01    0.503076437797581E-01
    0.146158677719434E-01    0.465319904254657E-01
    0.145206345191168E-01    0.428714961976752E-01
    0.144627155448321E-01    0.392455220032038E-01
    0.144143891694559E-01    0.356969490036231E-01
    0.143878728004949E-01    0.321566331464052E-01
    0.143577166069614E-01    0.286705742524331E-01
    0.143356739698110E-01    0.251839561591976E-01
    0.142998388581560E-01    0.217406185486706E-01
    0.142548152262846E-01    0.183008982232591E-01
    0.141657744732279E-01    0.149033213845965E-01
    0.139283156872819E-01    0.115380305533012E-01
    0.133291466024032E-01    0.826014695487018E-02
    0.119063634411921E-01    0.519687293389993E-02
    0.910183006233942E-02    0.255459934275403E-02
    0.496268887569050E-02    0.698845111738128E-03
    0.000000000000000E+00    0.000000000000000E+00
    0.000000000000000E+00    0.000000000000000E+00
    0.105273458940694E+00    0.771053819580123E-02
    0.195944878451293E+00    0.293141840075435E-01
    0.258645155698582E+00    0.625666239078745E-01
    0.290585385408876E+00    0.993588323107104E-01
    0.288164108961753E+00    0.138322065957085E+00
    0.262451219663450E+00    0.168692792263420E+00
    0.217837660876371E+00    0.187323700540086E+00
    0.169062591205171E+00    0.194725601455321E+00
    0.125312766960918E+00    0.186704218089048E+00
    0.896718799844690E-01    0.173812818956707E+00
    0.659967735308595E-01    0.156983366270039E+00
    0.497525470713622E-01    0.140339087066709E+00
    0.397535531686907E-01    0.125590542573781E+00
    0.334899733939595E-01    0.112646217866024E+00
    0.292249007070598E-01    0.102677550995498E+00
    0.262804343092121E-01    0.939028820799345E-01
    0.241007876682068E-01    0.862651870180190E-01
    0.226487237481977E-01    0.796480180641784E-01
    0.214545294968304E-01    0.741527602831158E-01
    0.205910877459079E-01    0.689746676605346E-01
    0.198711405552017E-01    0.642332861497988E-01
    0.193426287975784E-01    0.597773545209195E-01
    0.189156360335801E-01    0.556234119165107E-01
    0.186151539501690E-01    0.515958655265088E-01
    0.183761971231670E-01    0.477329150736842E-01
    0.182121867088209E-01    0.439412446076367E-01
    0.180872094554688E-01    0.402411059563077E-01
    0.180041017406090E-01    0.365776182696284E-01
    0.179385234955354E-01    0.329661058917994E-01
    0.178887049677275E-01    0.293741846659055E-01
    0.178387977464888E-01    0.258150254132710E-01
    0.177849075511338E-01    0.222716382954060E-01
    0.177105714317452E-01    0.187573106100184E-01
    0.175838593569786E-01    0.152660352913516E-01
    0.172896547335379E-01    0.118248835140957E-01
    0.165573745944854E-01    0.846496513336126E-02
    0.148544093943446E-01    0.532606207613599E-02
    0.115119376729364E-01    0.261480381345261E-02
    0.633243574920758E-02    0.718014365060997E-03
    0.000000000000000E+00    0.000000000000000E+00
    0.000000000000000E+00    0.000000000000000E+00
    0.916315705779148E-01    0.636296033628125E-02
    0.169816978692821E+00    0.245986708554659E-01
    0.225495429497065E+00    0.522138558958048E-01
    0.253537733909885E+00    0.847062724433576E-01
    0.255138638575337E+00    0.118007402953304E+00
    0.236937062983777E+00    0.145607138114690E+00
    0.204112324953365E+00    0.164242147610878E+00
    0.167709916296299E+00    0.172636368790830E+00
    0.131990276539553E+00    0.170277695836436E+00
    0.102928417924751E+00    0.162047209250548E+00
    0.802632098673484E-01    0.149992608681675E+00
    0.640325649151499E-01    0.136967054529899E+00
    0.523901617958209E-01    0.124567537899420E+00
    0.443323963958825E-01    0.113278336939787E+00
    0.385143622719623E-01    0.103729887307916E+00
    0.341992558696858E-01    0.952641686628853E-01
    0.309865815416624E-01    0.878851455915051E-01
    0.286956864235014E-01    0.813514617837506E-01
    0.269110817442176E-01    0.757214445652274E-01
    0.255568663622357E-01    0.704591724304992E-01
    0.244925715593875E-01    0.656116536690458E-01
    0.236810226268745E-01    0.610810940457935E-01
    0.230567612928859E-01    0.568389349851539E-01
    0.225938599865065E-01    0.527408798843751E-01
    0.222471149912966E-01    0.487910801868868E-01
    0.219933820380935E-01    0.449299619496025E-01
    0.218112579530925E-01    0.411510246975046E-01
    0.216791643252226E-01    0.374173647434814E-01
    0.215834252495725E-01    0.337265726232941E-01
    0.215043498896395E-01    0.300602538110868E-01
    0.214345697278532E-01    0.264193875463487E-01
    0.213577701461131E-01    0.227971391961556E-01
    0.212616843457205E-01    0.191987142976979E-01
    0.211109778434435E-01    0.156250667041781E-01
    0.207478889461070E-01    0.121006459951195E-01
    0.198875698635213E-01    0.865810503852761E-02
    0.178517663986104E-01    0.545079855664685E-02
    0.138331804140142E-01    0.267977715919513E-02
    0.771017606467373E-02    0.737567380756440E-03
    0.000000000000000E+00    0.000000000000000E+00
    0.000000000000000E+00    0.000000000000000E+00
    0.803353627523267E-01    0.505656446110271E-02
    0.148978542865748E+00    0.198825469522252E-01
    0.196942588172356E+00    0.426085285833488E-01
    0.222904499925954E+00    0.696710132063956E-01
    0.226299933975977E+00    0.979238715567729E-01
    0.214858922127659E+00    0.122073227448851E+00
    0.191518807468504E+00    0.139581321996821E+00
    0.163890761509273E+00    0.149496263396065E+00
    0.136485296676524E+00    0.150553355446588E+00
    0.111556411547487E+00    0.146868044982360E+00
    0.915880664963863E-01    0.139111675568546E+00
    0.753866216413046E-01    0.129961430978302E+00
    0.632905371455455E-01    0.120359788712976E+00
    0.540020810999838E-01    0.111151074784210E+00
    0.470615247431998E-01    0.102800334324830E+00
    0.417920136884973E-01    0.951579972732003E-01
    0.377631753063817E-01    0.883327048230865E-01
    0.347572974809053E-01    0.820985175501609E-01
    0.323830017404152E-01    0.766090723359145E-01
    0.305633642683974E-01    0.714489657473373E-01
    0.291379582354571E-01    0.666469987318126E-01
    0.280745134718661E-01    0.621159041773439E-01
    0.272421292376724E-01    0.578746582113292E-01
    0.266322165737283E-01    0.537476018774251E-01
    0.261653790619848E-01    0.497697546009725E-01
    0.258345584013123E-01    0.458607289888635E-01
    0.255890730744430E-01    0.420397711758403E-01
    0.254200078545523E-01    0.382445879887675E-01
    0.252909015993109E-01    0.344969285256311E-01
    0.251927792991395E-01    0.307575041927609E-01
    0.251008613005022E-01    0.270472896932062E-01
    0.250063372284774E-01    0.233425059902002E-01
    0.248841280966432E-01    0.196655951967125E-01
    0.246905845513533E-01    0.160055420378445E-01
    0.242716815172481E-01    0.123990222278102E-01
    0.232650560010795E-01    0.887636285622602E-02
    0.209445534656696E-01    0.558831737111860E-02
    0.163715054760361E-01    0.274559012393277E-02
    0.914981989055801E-02    0.756918390307100E-03
    0.000000000000000E+00    0.000000000000000E+00
    0.000000000000000E+00    0.000000000000000E+00
    0.711940964845908E-01    0.417890223377513E-02
    0.131101894905397E+00    0.163719755640187E-01
    0.173716198670986E+00    0.349274007046972E-01
    0.196494940614812E+00    0.574072471748927E-01
    0.201555231957827E+00    0.808648627674198E-01
    0.194347506540861E+00    0.101629094711770E+00
    0.177700497665515E+00    0.117688842732318E+00
    0.157511497309097E+00    0.127927393928671E+00
    0.135788837727398E+00    0.131820876348689E+00
    0.115816227209199E+00    0.131472390191796E+00
    0.981093563444422E-01    0.127412011115328E+00
    0.833857273829492E-01    0.121610727971390E+00
    0.713965219118105E-01    0.114675987248285E+00
    0.618852598288854E-01    0.107578969172647E+00
    0.543700349069793E-01    0.100659208271217E+00
    0.485314116793622E-01    0.940633569681387E-01
    0.439255785426473E-01    0.879701292705525E-01
    0.403993571598861E-01    0.822475295546960E-01
    0.376051783000476E-01    0.770105460979962E-01
    0.354217798269208E-01    0.720586711117248E-01
    0.337121491289576E-01    0.674119962406992E-01
    0.324159379091540E-01    0.629827840792879E-01
    0.314150331542931E-01    0.587832654914196E-01
    0.306684355154278E-01    0.546846719162428E-01
    0.301096267347361E-01    0.507053288029780E-01
    0.297062289301165E-01    0.467870297028032E-01
    0.294168872312050E-01    0.429360176037913E-01
    0.292130781914492E-01    0.391036726306895E-01
    0.290662858878292E-01    0.353016105999990E-01
    0.289510672232086E-01    0.315024721881242E-01
    0.288499482292904E-01    0.277192817493094E-01
    0.287415870681441E-01    0.239373751008087E-01
    0.286045751339833E-01    0.201736189776676E-01
    0.283932201964444E-01    0.164243844186367E-01
    0.279019048449683E-01    0.127254781960208E-01
    0.267642005390081E-01    0.910883888483896E-02
    0.240857235334423E-01    0.574033972781802E-02
    0.187939775549993E-01    0.282500920753126E-02
    0.105997697758894E-01    0.779395100074850E-03
    0.000000000000000E+00    0.000000000000000E+00
    0.000000000000000E+00    0.000000000000000E+00
    0.637811749790921E-01    0.339416395059814E-02
    0.117237196001069E+00    0.134593480133899E-01
    0.154486265737470E+00    0.287003925684598E-01
    0.175329892779815E+00    0.473617051516465E-01
    0.181013136491832E+00    0.670744156632405E-01
    0.176996734286795E+00    0.849305729559267E-01
    0.165340040932237E+00    0.996474131915175E-01
    0.150128972276856E+00    0.109918766723091E+00
    0.133456266332089E+00    0.115444270376313E+00
    0.116909673937957E+00    0.117381145252436E+00
    0.101951814812745E+00    0.116022909350754E+00
    0.886005057270536E-01    0.112824379063673E+00
    0.774774696635594E-01    0.108168048984753E+00
    0.681306258683568E-01    0.102968169061707E+00
    0.605883551110623E-01    0.975044272747974E-01
    0.544566742365667E-01    0.920534349386846E-01
    0.495533885261989E-01    0.867897614699052E-01
    0.456399617679135E-01    0.817117718788028E-01
    0.425278428611984E-01    0.768958003654432E-01
    0.400760099299096E-01    0.722788899508288E-01
    0.381483855571058E-01    0.678756919441780E-01
    0.366735831073928E-01    0.636170723609750E-01
    0.355287884525477E-01    0.595318984297421E-01
    0.346754239953742E-01    0.555138125076043E-01
    0.340376989987297E-01    0.515816420652462E-01
    0.335865541789129E-01    0.476829491325241E-01
    0.332631310085939E-01    0.438323027920500E-01
    0.330444282054704E-01    0.399779794434994E-01
    0.328871429231678E-01    0.361396061005766E-01
    0.327714227402905E-01    0.322860143405279E-01
    0.326659105699205E-01    0.284381932249743E-01
    0.325531438869047E-01    0.245769956153506E-01
    0.324005962811618E-01    0.207279881142000E-01
    0.321491062499062E-01    0.168846945438922E-01
    0.316055636513025E-01    0.130897117516760E-01
    0.303115259502263E-01    0.937843796360359E-02
    0.273444231016915E-01    0.591188993904637E-02
    0.214839612415080E-01    0.290904135794128E-02
    0.121254231967777E-01    0.803898303045670E-03
    0.000000000000000E+00    0.000000000000000E+00
    0.000000000000000E+00    0.000000000000000E+00
    0.574804033651841E-01    0.289045498775345E-02
    0.104969477917179E+00    0.113231668177646E-01
    0.138506782929356E+00    0.240973145847355E-01
    0.157096870604438E+00    0.397056185027744E-01
    0.163305172743115E+00    0.563469581743112E-01
    0.161331964753165E+00    0.717391078585656E-01
    0.153205028077422E+00    0.849207432946483E-01
    0.142024658960647E+00    0.948324159622038E-01
    0.129013668016921E+00    0.101226546552037E+00
    0.115836749101949E+00    0.104674297343090E+00
    0.103135308376524E+00    0.105315689898469E+00
    0.916092419498264E-01    0.104148084071322E+00
    0.814135453905250E-01    0.101435514235478E+00
    0.727244017436935E-01    0.979177055105983E-01
    0.653745467377194E-01    0.938356404261556E-01
    0.593163924879629E-01    0.895121280067239E-01
    0.543187351026683E-01    0.851084730385313E-01
    0.502709005176288E-01    0.807200146700813E-01
    0.469949199722048E-01    0.764201227750514E-01
    0.443932871549322E-01    0.722080527422638E-01
    0.423281439403096E-01    0.681177268470390E-01
    0.407386225709663E-01    0.640951070565336E-01
    0.395101467339887E-01    0.601681165272628E-01
    0.385919488216074E-01    0.562732780563254E-01
    0.379161599051514E-01    0.524231866625137E-01
    0.374408632782935E-01    0.485774351824522E-01
    0.371137937359567E-01    0.447455010549727E-01
    0.368970379402938E-01    0.408898443415449E-01
    0.367539761022068E-01    0.370236718126864E-01
    0.366499227984711E-01    0.331266757303112E-01
    0.365603220460462E-01    0.292144482369226E-01
    0.364549155311286E-01    0.252771123174884E-01
    0.363045902863258E-01    0.213361650233518E-01
    0.360492753129065E-01    0.173934413082318E-01
    0.354359717683906E-01    0.134915214640789E-01
    0.340116672357994E-01    0.966890969190851E-02
    0.306623953592185E-01    0.610277983372904E-02
    0.240387284944936E-01    0.300873870465726E-02
    0.136665221304051E-01    0.832635469704362E-03
    0.000000000000000E+00    0.000000000000000E+00
    0.000000000000000E+00    0.000000000000000E+00
    0.523125084994704E-01    0.244516268668820E-02
    0.953546102557998E-01    0.962397419201932E-02
    0.125105162198575E+00    0.204078659529132E-01
    0.142096567910542E+00    0.336774947787062E-01
    0.148280290264963E+00    0.478993389438660E-01
    0.147762958199246E+00    0.613190359565413E-01
    0.142167223609524E+00    0.732360581961952E-01
    0.133845507822972E+00    0.826566441792708E-01
    0.123871449917693E+00    0.894453339876380E-01
    0.113249518096843E+00    0.937783310702758E-01
    0.102811202584494E+00    0.957699669319392E-01
    0.928653302251391E-01    0.960621711032964E-01
    0.839238162072136E-01    0.948496668930700E-01
    0.759366720166130E-01    0.927191072441665E-01
    0.690970673401344E-01    0.898488332508849E-01
    0.632342574658670E-01    0.865821523451514E-01
    0.583605344957828E-01    0.830275141330230E-01
    0.543094936811726E-01    0.793560438506087E-01
    0.510156218193459E-01    0.756188057712227E-01
    0.483584989310534E-01    0.718667193100429E-01
    0.462452381649481E-01    0.681350215741473E-01
    0.445984906977979E-01    0.644001379783796E-01
    0.433335528095861E-01    0.606854672521009E-01
    0.423948030570770E-01    0.569570671096422E-01
    0.417147572407107E-01    0.532267126817606E-01
    0.412505370232481E-01    0.494612534916314E-01
    0.409430947268341E-01    0.456755056493498E-01
    0.407569542982833E-01    0.418351892701096E-01
    0.406458061838210E-01    0.379582545763737E-01
    0.405780732910199E-01    0.340241173235996E-01
    0.405169045428145E-01    0.300550872452910E-01
    0.404342022649417E-01    0.260393772182249E-01
    0.402898720249939E-01    0.220068329755323E-01
    0.400067014932647E-01    0.179581107305243E-01
    0.393516706778622E-01    0.139435096466210E-01
    0.377660690285446E-01    0.100057068942111E-01
    0.341264141773578E-01    0.631955059205191E-02
    0.269154548200606E-01    0.311616559761726E-02
    0.153008075943189E-01    0.863926151661199E-03
    0.000000000000000E+00    0.000000000000000E+00
    0.000000000000000E+00    0.000000000000000E+00
    0.477048590399926E-01    0.214711239989311E-02
    0.864834696896522E-01    0.832877123162288E-02
    0.113639897879690E+00    0.176272271611743E-01
    0.128994834912904E+00    0.289969468730812E-01
    0.135186506408079E+00    0.412728674425939E-01
    0.135626960082389E+00    0.530328180461718E-01
    0.131864539968523E+00    0.637172089251234E-01
    0.125796586084711E+00    0.725610123194117E-01
    0.118106080100705E+00    0.794005045597586E-01
    0.109741556369924E+00    0.842623927504693E-01
    0.101128441237906E+00    0.871818766995871E-01
    0.928009772504674E-01    0.885712775227173E-01
    0.849875518256134E-01    0.885561400550943E-01
    0.779178448618511E-01    0.875820764921545E-01
    0.716477400615332E-01    0.857835068013907E-01
    0.662134303750511E-01    0.834721897645846E-01
    0.615743609302395E-01    0.807467123838628E-01
    0.576925990815037E-01    0.777777598273176E-01
    0.544781322516041E-01    0.746300613221266E-01
    0.518795423192155E-01    0.713634097863418E-01
    0.497969404338784E-01    0.680218863268120E-01
    0.481768131806664E-01    0.646068152983443E-01
    0.469401767115723E-01    0.611418778008961E-01
    0.460348275423813E-01    0.576121803969577E-01
    0.453984097387466E-01    0.540302680721063E-01
    0.449826043415330E-01    0.503721870764673E-01
    0.447351180339403E-01    0.466505161779955E-01
    0.446082898159345E-01    0.428434506830801E-01
    0.445630383174929E-01    0.389650523271450E-01
    0.445530824419779E-01    0.350034692440533E-01
    0.445494060632209E-01    0.309777141335109E-01
    0.445092623838085E-01    0.268851044261859E-01
    0.443971410173228E-01    0.227527570318072E-01
    0.441343724732898E-01    0.185902649205724E-01
    0.434209750766915E-01    0.144487850422333E-01
    0.417116372495145E-01    0.103758494218596E-01
    0.376662061817137E-01    0.656396585669117E-02
    0.296429474800507E-01    0.324370568063945E-02
    0.169589546820369E-01    0.900925467288310E-03
    0.000000000000000E+00    0.000000000000000E+00
    0.000000000000000E+00    0.000000000000000E+00
    0.438384040203702E-01    0.187394889052209E-02
    0.794026673862348E-01    0.728000472674778E-02
    0.103783384056421E+00    0.153414600560551E-01
    0.117862323137845E+00    0.252429833453386E-01
    0.123817637452851E+00    0.359424784014039E-01
    0.124922030185587E+00    0.463579364158909E-01
    0.122520456171044E+00    0.560378871027541E-01
    0.118108875297203E+00    0.643019705222453E-01
    0.112276916096641E+00    0.710597026875393E-01
    0.105649323483642E+00    0.761796002442901E-01
    0.986918257132566E-01    0.797086439290900E-01
    0.917091517713000E-01    0.818744626599941E-01
    0.850682895033761E-01    0.827650860710417E-01
    0.788586515757403E-01    0.827175240857702E-01
    0.732964182726200E-01    0.818188641085289E-01
    0.683458150972084E-01    0.803502613544530E-01
    0.640923762363932E-01    0.783796120241208E-01
    0.604578837272274E-01    0.760825978014326E-01
    0.574427663621658E-01    0.735092520475373E-01
    0.549693681031779E-01    0.707404714333631E-01
    0.529989569573894E-01    0.678085095457417E-01
    0.514644799880202E-01    0.647414666567680E-01
    0.503148729145839E-01    0.615563641893896E-01
    0.494935269115128E-01    0.582536570011892E-01
    0.489446768417351E-01    0.548470797311708E-01
    0.486196401958456E-01    0.513188556472880E-01
    0.484650568319063E-01    0.476843252021517E-01
    0.484354578601184E-01    0.439250800708628E-01
    0.484830872491601E-01    0.400596924235604E-01
    0.485648407901293E-01    0.360754985352257E-01
    0.486388399038620E-01    0.319987785888286E-01
    0.486644848035682E-01    0.278248645935286E-01
    0.485933325599825E-01    0.235905397040629E-01
    0.483273081800749E-01    0.193037742682797E-01
    0.475921071653342E-01    0.150261982803487E-01
    0.457231721256658E-01    0.108085777165187E-01
    0.413888443259533E-01    0.684572681952402E-02
    0.327536541518898E-01    0.338447805044192E-02
    0.187321986809748E-01    0.941880954432576E-03
    0.000000000000000E+00    0.000000000000000E+00
    0.000000000000000E+00    0.000000000000000E+00
    0.402856224153487E-01    0.167896367220992E-02
    0.726421891409598E-01    0.644790544901798E-02
    0.951378138003347E-01    0.135674817879555E-01
    0.107995862013294E+00    0.222517206537094E-01
    0.113754066401026E+00    0.316941915811350E-01
    0.115297232306299E+00    0.409773113554770E-01
    0.113868096378540E+00    0.497372521761364E-01
    0.110747804328118E+00    0.574455381538072E-01
    0.106348213930401E+00    0.639766725451894E-01
    0.101200462800166E+00    0.692059501047975E-01
    0.955974613005959E-01    0.731153799908048E-01
    0.898815300526296E-01    0.758507184853344E-01
    0.842701091740938E-01    0.774504473267347E-01
    0.789695142065648E-01    0.781590220419329E-01
    0.740885989820944E-01    0.780396349422782E-01
    0.697206932874668E-01    0.773122900382202E-01
    0.658856381600084E-01    0.760405607862545E-01
    0.626044201710270E-01    0.743729292833040E-01
    0.598473453729616E-01    0.723600962338341E-01
    0.575945516311755E-01    0.700830082653512E-01
    0.558003324816310E-01    0.675740095035082E-01
    0.544256007245146E-01    0.648689942314581E-01
    0.534204704575918E-01    0.619865330908663E-01
    0.527383688232443E-01    0.589330347407056E-01
    0.523288230550462E-01    0.557218361434086E-01
    0.521395872321133E-01    0.523442623759887E-01
    0.521258346931414E-01    0.488123420081539E-01
    0.522300715243254E-01    0.451164425254245E-01
    0.524139210358544E-01    0.412715122755545E-01
    0.526169695455117E-01    0.372726675097084E-01
    0.528080558646191E-01    0.331428245607798E-01
    0.529274175441150E-01    0.288867523119422E-01
    0.529343338154133E-01    0.245384299925934E-01
    0.527258584437000E-01    0.201161340882324E-01
    0.519553857208482E-01    0.156821691446518E-01
    0.499770554671444E-01    0.112950686831813E-01
    0.452147024319715E-01    0.716845442793072E-02
    0.357113438381921E-01    0.355308359396438E-02
    0.205444943919555E-01    0.991100374384215E-03
    0.000000000000000E+00    0.000000000000000E+00
    0.000000000000000E+00    0.000000000000000E+00
    0.372433584744708E-01    0.150013458674952E-02
    0.671643198167169E-01    0.576553112145714E-02
    0.875364102359619E-01    0.120859872511813E-01
    0.993663888643616E-01    0.198168646074303E-01
    0.104823244697689E+00    0.282153965805223E-01
    0.106633388661780E+00    0.365715462457226E-01
    0.105942803329920E+00    0.445763407047166E-01
    0.103790222438638E+00    0.517699377252634E-01
    0.100534048326920E+00    0.580707320589006E-01
    0.965572490562921E-01    0.632996104645311E-01
    0.921292381436132E-01    0.674544930902680E-01
    0.874789334739524E-01    0.705864578494098E-01
    0.828542995481662E-01    0.727248239108954E-01
    0.783743584955693E-01    0.740342334628920E-01
    0.742189098461661E-01    0.745571155648485E-01
    0.704199203216428E-01    0.744707277812403E-01
    0.670788068266173E-01    0.738157542270781E-01
    0.641769548028641E-01    0.727307331944207E-01
    0.617533833907737E-01    0.712462110900414E-01
    0.597669695561958E-01    0.694507986487136E-01
    0.582155701922165E-01    0.673639952921620E-01
    0.570512875948078E-01    0.650306611512098E-01
    0.562463766086063E-01    0.624646619191839E-01
    0.557521475404668E-01    0.596776029962764E-01
    0.555271789257829E-01    0.566820166848581E-01
    0.555212522242712E-01    0.534721034574033E-01
    0.556872253926346E-01    0.500618468412089E-01
    0.559719684314038E-01    0.464404866880865E-01
    0.563262413209594E-01    0.426285281177736E-01
    0.566950177897765E-01    0.386171723931887E-01
    0.570307186513983E-01    0.344381166525760E-01
    0.572774652268182E-01    0.300914489116263E-01
    0.573765388941273E-01    0.256237421348244E-01
    0.572050624510534E-01    0.210488844153146E-01
    0.564451341268031E-01    0.164445229399504E-01
    0.543181593095279E-01    0.118693602857159E-01
    0.492733482445545E-01    0.754681179746392E-02
    0.391257770359806E-01    0.374334198618839E-02
    0.225018482404699E-01    0.104662951577065E-02
    0.000000000000000E+00    0.000000000000000E+00
    0.000000000000000E+00    0.000000000000000E+00
    0.343831260180990E-01    0.136870243480222E-02
    0.617760922800790E-01    0.521256795993317E-02
    0.807140266561966E-01    0.109141384969342E-01
    0.915977682945721E-01    0.178432737653486E-01
    0.967878780850375E-01    0.254093278322500E-01
    0.987729124083411E-01    0.329858925561259E-01
    0.985940464638527E-01    0.403204210714308E-01
    0.971936990505249E-01    0.470526002499658E-01
    0.948337293256607E-01    0.530783965632540E-01
    0.918325467310661E-01    0.582550023320820E-01
    0.883703373938915E-01    0.625421330456545E-01
    0.846733079910216E-01    0.659621198143129E-01
    0.808985575673284E-01    0.685155230977457E-01
    0.772126342292571E-01    0.703140097517969E-01
    0.737221255089664E-01    0.713822156833674E-01
    0.705242060415748E-01    0.718531179084393E-01
    0.676736656791709E-01    0.717574694741607E-01
    0.652104021997699E-01    0.712077425332300E-01
    0.631493086902763E-01    0.702297907090871E-01
    0.614918792670106E-01    0.689000707923581E-01
    0.602260818167036E-01    0.672364778709993E-01
    0.593293397589409E-01    0.652798925275110E-01
    0.587738407535569E-01    0.630418480611781E-01
    0.585194304805218E-01    0.605366630340906E-01
    0.585319150549613E-01    0.577719712824819E-01
    0.587561091987517E-01    0.547477361705537E-01
    0.591558574416090E-01    0.514719987234101E-01
    0.596630231966115E-01    0.479399932967596E-01
    0.602415614401033E-01    0.441661329838045E-01
    0.608131358649659E-01    0.401493568610745E-01
    0.613457920743064E-01    0.359156545201383E-01
    0.617562579392743E-01    0.314753384666801E-01
    0.619992390627332E-01    0.268703032003106E-01
    0.619392138606010E-01    0.221273363088743E-01
    0.611831478545057E-01    0.173229490464143E-01
    0.589721732149101E-01    0.125283549970366E-01
    0.534796134280621E-01    0.798614002248194E-02
    0.423983830416931E-01    0.397372186438759E-02
    0.245237768015637E-01    0.111435567536925E-02
    0.000000000000000E+00    0.000000000000000E+00
    0.000000000000000E+00    0.000000000000000E+00
    0.318875577094856E-01    0.124896818800869E-02
    0.573448772637298E-01    0.475837949034520E-02
    0.745860840239782E-01    0.993042011885929E-02
    0.846213313589932E-01    0.162283090191978E-01
    0.895039499107921E-01    0.230916650872812E-01
    0.915597227251574E-01    0.300271368983332E-01
    0.917874340930579E-01    0.368101657148468E-01
    0.909603600849724E-01    0.431309184628865E-01
    0.893168546272610E-01    0.489156471134409E-01
    0.870973184971988E-01    0.540024416370476E-01
    0.844566293325665E-01    0.583688886329858E-01
    0.815560830032210E-01    0.619891198794512E-01
    0.785572233830963E-01    0.648626793112756E-01
    0.755691095139526E-01    0.670555975301325E-01
    0.727300549937738E-01    0.685773150171467E-01
    0.700943582469529E-01    0.695319559013246E-01
    0.677589013939585E-01    0.699304956933994E-01
    0.657361301353607E-01    0.698724679946459E-01
    0.640796554929329E-01    0.693667288847322E-01
    0.627759221786277E-01    0.684860044065920E-01
    0.618419831648343E-01    0.672363716690194E-01
    0.612492486842808E-01    0.656586373825479E-01
    0.609874925809045E-01    0.637569514570410E-01
    0.610174492700052E-01    0.615456442688785E-01
    0.613097086510709E-01    0.590292910905628E-01
    0.618147889338783E-01    0.562046847169375E-01
    0.624895854486021E-01    0.530816363201686E-01
    0.632742092831838E-01    0.496484035785269E-01
    0.641167369682752E-01    0.459256447826588E-01
    0.649481319296531E-01    0.419031794058511E-01
    0.657126970969966E-01    0.376181083179114E-01
    0.663346828886485E-01    0.330705947444440E-01
    0.667416388029463E-01    0.283197576920454E-01
    0.667796699517366E-01    0.233824495191894E-01
    0.660836129061768E-01    0.183581878648232E-01
    0.637483182514021E-01    0.133122862773348E-01
    0.579876808270799E-01    0.850879905199990E-02
    0.462202805708604E-01    0.423804656059300E-02
    0.267332820352813E-01    0.119203335172195E-02
    0.000000000000000E+00    0.000000000000000E+00
    0.000000000000000E+00    0.000000000000000E+00
    0.294940396483765E-01    0.115902073641957E-02
    0.528723342224899E-01    0.438501144058784E-02
    0.689678977665331E-01    0.914330408767315E-02
    0.782404136217751E-01    0.149050934692952E-01
    0.828402069052900E-01    0.212116909116827E-01
    0.849364951918213E-01    0.276098321466423E-01
    0.854221362438791E-01    0.339162020098398E-01
    0.850357811786686E-01    0.398810592497319E-01
    0.839543284940724E-01    0.454212954507356E-01
    0.823765064776694E-01    0.504096286878854E-01
    0.804136591301395E-01    0.548010969492692E-01
    0.782092388483672E-01    0.585677671480737E-01
    0.758768407529516E-01    0.616895095445102E-01
    0.735379653530105E-01    0.642079023102998E-01
    0.712856595806860E-01    0.661194635635392E-01
    0.692060768115457E-01    0.674980181358512E-01
    0.673606902549913E-01    0.683477429078170E-01
    0.657989053538285E-01    0.687428171063939E-01
    0.645516894873449E-01    0.686882886397505E-01
    0.636362841732089E-01    0.682407937071768E-01
    0.630600284392678E-01    0.674021416872399E-01
    0.628128478180590E-01    0.662060594756995E-01
    0.628857841103948E-01    0.646501663142303E-01
    0.632444269287526E-01    0.627476465873996E-01
    0.638683724674038E-01    0.604944664717287E-01
    0.646999033246082E-01    0.578892799674461E-01
    0.657103526506939E-01    0.549317673404542E-01
    0.668187914378226E-01    0.516146327771424E-01
    0.679920839669403E-01    0.479477256415742E-01
    0.691281318743760E-01    0.439282756058866E-01
    0.701942531109729E-01    0.395833007787713E-01
    0.710738544690514E-01    0.349244984240218E-01
    0.717172856650586E-01    0.300022767984012E-01
    0.719436213550098E-01    0.248504814664720E-01
    0.713136739856815E-01    0.195635024786587E-01
    0.689362244256268E-01    0.142265557069030E-01
    0.627132038982716E-01    0.912179406558126E-02
    0.499336777924517E-01    0.456143601487597E-02
    0.290486738946937E-01    0.128780052370539E-02
    0.000000000000000E+00    0.000000000000000E+00
    0.000000000000000E+00    0.000000000000000E+00
    0.273661169573794E-01    0.107826489046374E-02
    0.491344621006772E-01    0.408075172965119E-02
    0.638205140338360E-01    0.848447592912247E-02
    0.723730836800797E-01    0.138254125429934E-01
    0.766787049046085E-01    0.196565482287433E-01
    0.787449063365182E-01    0.256133073084445E-01
    0.794482516840302E-01    0.315266110610935E-01
    0.793970618445839E-01    0.371826344211323E-01
    0.787626004142891E-01    0.425184957802560E-01
    0.777013622198263E-01    0.474038935098213E-01
    0.763049246739380E-01    0.518071973360623E-01
    0.746827956175905E-01    0.556798398647113E-01
    0.729418557566928E-01    0.590023425693551E-01
    0.711692968358781E-01    0.617926702742040E-01
    0.694688090754995E-01    0.640375161776506E-01
    0.678971202500626E-01    0.657925794918360E-01
    0.665377154852510E-01    0.670466361331540E-01
    0.654184649565407E-01    0.678639892624474E-01
    0.645953558835002E-01    0.682329308387620E-01
    0.640731829069660E-01    0.682066296539092E-01
    0.638797488971566E-01    0.677718156055015E-01
    0.640016031373987E-01    0.669609609307708E-01
    0.644405751827714E-01    0.657604541144086E-01
    0.651666887627947E-01    0.641801269751171E-01
    0.661586202962745E-01    0.622098253276351E-01
    0.673687207535082E-01    0.598403436642366E-01
    0.687556820823368E-01    0.570708311091695E-01
    0.702520381224197E-01    0.538814467035753E-01
    0.718005628339101E-01    0.502878697655647E-01
    0.733142370833704E-01    0.462709863858236E-01
    0.747250504307719E-01    0.418716106055416E-01
    0.759298798295384E-01    0.370829472938442E-01
    0.768371896561306E-01    0.319789973876150E-01
    0.772519583812672E-01    0.265745514095114E-01
    0.767563218006559E-01    0.209985034781014E-01
    0.742992691606825E-01    0.153197412081110E-01
    0.678362183631901E-01    0.985970457134604E-02
    0.543171353516338E-01    0.493679297957574E-02
    0.316133097706437E-01    0.139924386876673E-02
    0.000000000000000E+00    0.000000000000000E+00
    0.000000000000000E+00    0.000000000000000E+00
    0.252894541195200E-01    0.101681127245169E-02
    0.452805905455357E-01    0.382802546006881E-02
    0.590055552289059E-01    0.795485191457136E-02
    0.669185176733981E-01    0.129356272620617E-01
    0.709457309387430E-01    0.183944344325314E-01
    0.729808393327392E-01    0.239833174783350E-01
    0.737981269680636E-01    0.295637793417767E-01
    0.739994718059934E-01    0.349594292970950E-01
    0.737136781640312E-01    0.401039094896175E-01
    0.730710288748143E-01    0.448955372029781E-01
    0.721419157866024E-01    0.492900776531197E-01
    0.710188680135095E-01    0.532454083623806E-01
    0.697818963190365E-01    0.567315113097088E-01
    0.685200926085669E-01    0.597543408902205E-01
    0.673075110753509E-01    0.622944584060633E-01
    0.662173148438130E-01    0.643869125027163E-01
    0.653074365419186E-01    0.660173352297481E-01
    0.646282719064774E-01    0.672295955656522E-01
    0.642187089417136E-01    0.680092357877303E-01
    0.641042495314297E-01    0.683937856893879E-01
    0.643055587278206E-01    0.683654005204426E-01
    0.648224328077581E-01    0.679465787286690E-01
    0.656592136761931E-01    0.671158278055079E-01
    0.667878736741652E-01    0.658778545937817E-01
    0.681984211407218E-01    0.642106112796592E-01
    0.698307717613064E-01    0.621036736289748E-01
    0.716629270840650E-01    0.595407809564599E-01
    0.735981804434890E-01    0.565042308607169E-01
    0.756057863150515E-01    0.529926018685720E-01
    0.775514600994043E-01    0.489929735151982E-01
    0.794012496923214E-01    0.445294794197863E-01
    0.809901411795963E-01    0.396084018345373E-01
    0.822645189099265E-01    0.342883824159906E-01
    0.829776029195696E-01    0.286069527855741E-01
    0.826453585795069E-01    0.226809195697970E-01
    0.802136957142540E-01    0.166103551575171E-01
    0.732842455340693E-01    0.107310626799626E-01
    0.586584338851026E-01    0.540022676801440E-02
    0.343490547743913E-01    0.153760891159596E-02
    0.000000000000000E+00    0.000000000000000E+00
    0.000000000000000E+00    0.000000000000000E+00
    0.234087175046963E-01    0.962862572639154E-03
    0.420016878902611E-01    0.362581403509651E-02
    0.545132000206681E-01    0.751548384652821E-02
    0.617964822697916E-01    0.122167919818440E-01
    0.655458127932662E-01    0.173544421296222E-01
    0.674977401035333E-01    0.226427830724988E-01
    0.684211067181286E-01    0.279494662064985E-01
    0.688111565304873E-01    0.331242107506805E-01
    0.687999788393282E-01    0.381143321103083E-01
    0.684937556520001E-01    0.428211961041486E-01
    0.679492149163795E-01    0.472108781625881E-01
    0.672410193411673E-01    0.512339841692677E-01
    0.664415560322149E-01    0.548618359493644E-01
    0.656185827519171E-01    0.580906832787091E-01
    0.648503442708916E-01    0.608930938416641E-01
    0.641894156230330E-01    0.632973420370439E-01
    0.637069591561435E-01    0.652741465837452E-01
    0.634373852965005E-01    0.668654184765854E-01
    0.634361064972717E-01    0.680382936055634E-01
    0.637198249282382E-01    0.688316748763756E-01
    0.643230960498998E-01    0.692089416172112E-01
    0.652453590872946E-01    0.691939865235255E-01
    0.664973161480808E-01    0.687485811498336E-01
    0.680590610556931E-01    0.678751638574144E-01
    0.699156394386740E-01    0.665389813255507E-01
    0.720224282323144E-01    0.647205588580774E-01
    0.743381646696756E-01    0.623973467288807E-01
    0.767868271468821E-01    0.595341164203238E-01
    0.793023565468922E-01    0.561325749383178E-01
    0.817740178009915E-01    0.521544291886891E-01
    0.841156745950134E-01    0.476397320524751E-01
    0.861849982117477E-01    0.425642919749588E-01
    0.878635853379827E-01    0.370187972790753E-01
    0.888989005395905E-01    0.310074030665205E-01
    0.888128534525601E-01    0.246985406573744E-01
    0.863788453764324E-01    0.181588208670768E-01
    0.792619747423376E-01    0.117903601326513E-01
    0.638315605387886E-01    0.594260867529589E-02
    0.374250181003597E-01    0.170083453787916E-02
    0.000000000000000E+00    0.000000000000000E+00
    0.000000000000000E+00    0.000000000000000E+00
    0.215462895291005E-01    0.921414989954244E-03
    0.385666989151416E-01    0.345597158360730E-02
    0.502337593712596E-01    0.716191181586172E-02
    0.569593528892498E-01    0.116219999353209E-01
    0.604406348988236E-01    0.165128144107875E-01
    0.623214607233477E-01    0.215525181751864E-01
    0.632738733064756E-01    0.266322032419247E-01
    0.637987829705215E-01    0.316250705166427E-01
    0.639959412240931E-01    0.364784892438632E-01
    0.639556544948973E-01    0.411153942437294E-01
    0.637244794959167E-01    0.454959821702494E-01
    0.633637317637317E-01    0.495791063973897E-01
    0.629315858998779E-01    0.533317123681222E-01
    0.624938884155870E-01    0.567449792166982E-01
    0.621108333451428E-01    0.597901970769624E-01
    0.618437145091173E-01    0.624819560344453E-01
    0.617463034329008E-01    0.647919306233641E-01
    0.618682503398861E-01    0.667452529397200E-01
    0.622522186764103E-01    0.683099756190700E-01
    0.629311187543611E-01    0.695093670796778E-01
    0.639343431819688E-01    0.703048433669080E-01
    0.652727737980770E-01    0.707080586180906E-01
    0.669614421473855E-01    0.706733382645763E-01
    0.689814229538025E-01    0.701947656003712E-01
    0.713325874991616E-01    0.692230769298337E-01
    0.739547702644951E-01    0.677337300640916E-01
    0.768324769335641E-01    0.656830209726624E-01
    0.798511260532771E-01    0.630337335458053E-01
    0.829820330346742E-01    0.597622055926310E-01
    0.860471888766352E-01    0.558333969679648E-01
    0.890115125066625E-01    0.512611499077155E-01
    0.916379749309535E-01    0.460351576790795E-01
    0.938709357174014E-01    0.402207001277548E-01
    0.953642523574617E-01    0.338523539618627E-01
    0.955939679916148E-01    0.270751700794201E-01
    0.932942648014135E-01    0.200041801490937E-01
    0.857288360820217E-01    0.130469754383612E-01
    0.690794046675985E-01    0.661778059715484E-02
    0.407741487933365E-01    0.190433106785691E-02
    0.000000000000000E+00    0.000000000000000E+00
    0.000000000000000E+00    0.000000000000000E+00
    0.198292021361346E-01    0.886111928096141E-03
    0.355870413898938E-01    0.332404872161782E-02
    0.461763730893856E-01    0.687265274106783E-02
    0.523355240155606E-01    0.111493637030529E-01
    0.555531061963699E-01    0.158246181676390E-01
    0.573220359390722E-01    0.206627149575493E-01
    0.583110130408140E-01    0.255563408648355E-01
    0.589303174005886E-01    0.303979737610733E-01
    0.592866287065044E-01    0.351446423124614E-01
    0.594556410762469E-01    0.397243777176348E-01
    0.594751664249325E-01    0.441052176738262E-01
    0.593976762558570E-01    0.482460680099261E-01
    0.592753180046295E-01    0.521147265780037E-01
    0.591611918883207E-01    0.557019341830008E-01
    0.591174969432522E-01    0.589716166597895E-01
    0.591916570411813E-01    0.619405794522636E-01
    0.594466913996868E-01    0.645657295250755E-01
    0.599206030854902E-01    0.668784383615525E-01
    0.606692442205086E-01    0.688262373665597E-01
    0.617193406092544E-01    0.704417579682280E-01
    0.631125881101696E-01    0.716621579120066E-01
    0.648620694787588E-01    0.725085879612787E-01
    0.669885819070078E-01    0.729096054101828E-01
    0.694856657688409E-01    0.728642168295252E-01
    0.723463048634574E-01    0.722989006348213E-01
    0.755333643383841E-01    0.711837112812122E-01
    0.790056423039627E-01    0.694571320959128E-01
    0.826800856540199E-01    0.670615089217545E-01
    0.864785291753511E-01    0.639684966010618E-01
    0.902595789981935E-01    0.601066426182391E-01
    0.939114343000218E-01    0.555060504154128E-01
    0.972343316163264E-01    0.501080728663930E-01
    0.100072125548063E+00    0.440216901043903E-01
    0.102087989425584E+00    0.372252111847545E-01
    0.102734009464121E+00    0.299415913652702E-01
    0.100562369365649E+00    0.222242826239471E-01
    0.929067274255183E-01    0.145885518686528E-01
    0.753796641367968E-01    0.741328431180899E-02
    0.445998731228467E-01    0.214784369254331E-02
    0.000000000000000E+00    0.000000000000000E+00
    0.000000000000000E+00    0.000000000000000E+00
    0.181099516954008E-01    0.858573884289655E-03
    0.324347823055774E-01    0.321107385144349E-02
    0.422512745070506E-01    0.663945572736075E-02
    0.479066902388543E-01    0.107554114014779E-01
    0.508668226923508E-01    0.152691969619252E-01
    0.525406331189352E-01    0.199414566985054E-01
    0.535064036190009E-01    0.246836956815938E-01
    0.541831711760819E-01    0.294033200744438E-01
    0.546517459655623E-01    0.340592316103096E-01
    0.549778722451926E-01    0.385957359018206E-01
    0.551950612994559E-01    0.429790087209409E-01
    0.553458518825079E-01    0.471759282787778E-01
    0.554754135553244E-01    0.511543246775804E-01
    0.556345756725635E-01    0.549029537047449E-01
    0.558745490762485E-01    0.583891010529979E-01
    0.562488100603413E-01    0.616195796860582E-01
    0.568084630431146E-01    0.645572703337001E-01
    0.576039327166095E-01    0.672190983658710E-01
    0.586819053397367E-01    0.695587865257723E-01
    0.600842108617691E-01    0.715935051189936E-01
    0.618497818561233E-01    0.732634305975993E-01
    0.640045954887842E-01    0.745756096393479E-01
    0.665764617495807E-01    0.754541837508213E-01
    0.695625327019487E-01    0.758863530449798E-01
    0.729753739015160E-01    0.757831051347358E-01
    0.767628640713661E-01    0.751045386228919E-01
    0.809186177126295E-01    0.737612861326187E-01
    0.853120388526202E-01    0.716872471870486E-01
    0.899186626948997E-01    0.688167781251570E-01
    0.945017417588374E-01    0.650750808734400E-01
    0.990278684839722E-01    0.604518884195177E-01
    0.103149830623416E+00    0.549008145939705E-01
    0.106816899718525E+00    0.484902951437857E-01
    0.109526303755279E+00    0.412393996777015E-01
    0.110728910117248E+00    0.333297362705718E-01
    0.108867544906595E+00    0.248903445295626E-01
    0.100824459811778E+00    0.164227265421810E-01
    0.819512835060791E-01    0.841102389032583E-02
    0.488587623591805E-01    0.245191144703999E-02
    0.000000000000000E+00    0.000000000000000E+00
    0.000000000000000E+00    0.000000000000000E+00
    0.164987539239958E-01    0.836068768790962E-03
    0.296454775973610E-01    0.312695402085494E-02
    0.384798792706621E-01    0.645169918159636E-02
    0.436133949500249E-01    0.104487296231422E-01
    0.463205399853620E-01    0.148180293762552E-01
    0.478661783779153E-01    0.193562696433126E-01
    0.488223707308550E-01    0.239739694585588E-01
    0.495296829168903E-01    0.285932687318520E-01
    0.500763417407164E-01    0.331801900946672E-01
    0.505187330378982E-01    0.376846752384206E-01
    0.508847814701426E-01    0.420790346412079E-01
    0.512131463499836E-01    0.463340580402770E-01
    0.515447359101463E-01    0.504180985442376E-01
    0.519227794710358E-01    0.543252999671770E-01
    0.524003810859533E-01    0.580160229747674E-01
    0.530213542481619E-01    0.615065176794647E-01
    0.538452986027316E-01    0.647445568504325E-01
    0.549137226196531E-01    0.677621359956229E-01
    0.562865771923168E-01    0.704896368042729E-01
    0.580013248350234E-01    0.729647201604657E-01
    0.601110120908553E-01    0.750962784164920E-01
    0.626461781490853E-01    0.769150408736946E-01
    0.656437597274003E-01    0.783061091415847E-01
    0.691187925595205E-01    0.792771888871488E-01
    0.730786809395680E-01    0.796961783269278E-01
    0.775059779549485E-01    0.795310053745439E-01
    0.823640736480386E-01    0.786517144893380E-01
    0.875720842457105E-01    0.769747504003011E-01
    0.930380447852834E-01    0.744112840988078E-01
    0.985841833215014E-01    0.708359883813763E-01
    0.104063364310193E+00    0.662514960301363E-01
    0.109189748318269E+00    0.605336565933706E-01
    0.113754574303435E+00    0.538129897008488E-01
    0.117291213863717E+00    0.460131731890295E-01
    0.119171124774168E+00    0.374373609827607E-01
    0.117655185934242E+00    0.281058837970206E-01
    0.109698798615574E+00    0.186931029602699E-01
    0.898784565444185E-01    0.959370159737437E-02
    0.538018054822695E-01    0.282159502683401E-02
    0.000000000000000E+00    0.000000000000000E+00
    0.000000000000000E+00    0.000000000000000E+00
    0.148741174212181E-01    0.817865175258142E-03
    0.266842039379017E-01    0.305186021408526E-02
    0.347879227208539E-01    0.629842045838147E-02
    0.394530134799310E-01    0.101875167589201E-01
    0.419119926253983E-01    0.144514540645289E-01
    0.433468429478496E-01    0.188787789443506E-01
    0.442461289068815E-01    0.233959159444219E-01
    0.449572571605358E-01    0.279345751290211E-01
    0.455471546449220E-01    0.324637751869569E-01
    0.460655810208551E-01    0.369456997304252E-01
    0.465389836676762E-01    0.413535923537733E-01
    0.469987875709086E-01    0.456649024456089E-01
    0.474827216731261E-01    0.498515494181566E-01
    0.480322775345100E-01    0.539067078845526E-01
    0.486937930586411E-01    0.577984361484567E-01
    0.495161500124439E-01    0.615349097359461E-01
    0.505506126645248E-01    0.650755309052126E-01
    0.518503124906610E-01    0.684390067313675E-01
    0.534685032327425E-01    0.715694837558978E-01
    0.554592332595758E-01    0.744886444954418E-01
    0.578748791675405E-01    0.771171521144083E-01
    0.607633017069873E-01    0.794697402793382E-01
    0.641714413974791E-01    0.814343967329995E-01
    0.681259009804859E-01    0.830036280065552E-01
    0.726598942880059E-01    0.840326866046581E-01
    0.777496249544502E-01    0.844746379216196E-01
    0.834064275602464E-01    0.841630984421030E-01
    0.894976031141192E-01    0.829969750326043E-01
    0.960096240571336E-01    0.808310287212724E-01
    0.102631214535556E+00    0.775227609468963E-01
    0.109339796314146E+00    0.730110218182391E-01
    0.115611404622304E+00    0.671762387344010E-01
    0.121420437919748E+00    0.600852186890934E-01
    0.126002779549473E+00    0.517173539347523E-01
    0.128823929451720E+00    0.423052899215175E-01
    0.127901309973758E+00    0.319917788630103E-01
    0.119699125785202E+00    0.213970857789777E-01
    0.984030197615561E-01    0.110860837829902E-01
    0.594300964740411E-01    0.328223350882532E-02
    0.000000000000000E+00    0.000000000000000E+00
    0.000000000000000E+00    0.000000000000000E+00
    0.133300698593739E-01    0.803764108712956E-03
    0.240130141516785E-01    0.299876330365728E-02
    0.312043366050801E-01    0.617609966906252E-02
    0.353799981109321E-01    0.998723541426453E-02
    0.375939657679973E-01    0.141518269337295E-01
    0.388913133100722E-01    0.184881047106811E-01
    0.397486017465200E-01    0.229200457337336E-01
    0.404448957548934E-01    0.273911163042997E-01
    0.410531479115317E-01    0.318757689912901E-01
    0.416167412979588E-01    0.363418025518198E-01
    0.421583143921554E-01    0.407673304813349E-01
    0.427078994599292E-01    0.451358345183267E-01
    0.433002400766419E-01    0.494194598528579E-01
    0.439719988803281E-01    0.536206943965183E-01
    0.447716798338034E-01    0.577009899675263E-01
    0.457407116314921E-01    0.616838958507560E-01
    0.469390179207308E-01    0.655135311439403E-01
    0.484118900093715E-01    0.692326151682209E-01
    0.502274348651882E-01    0.727594598161996E-01
    0.524353666330609E-01    0.761507140322312E-01
    0.551072441612966E-01    0.792870791777525E-01
    0.582958306507385E-01    0.822285412051317E-01
    0.620653498973745E-01    0.848068391393482E-01
    0.664662774700343E-01    0.870637277284498E-01
    0.715353382116502E-01    0.887817860910530E-01
    0.772991345174489E-01    0.899564103097591E-01
    0.837408881330962E-01    0.903343979266592E-01
    0.908105548899201E-01    0.898176225007152E-01
    0.984054349217075E-01    0.881956267043906E-01
    0.106314338500421E+00    0.852579139988702E-01
    0.114344720711868E+00    0.809431972508948E-01
    0.122073618135549E+00    0.749979711178565E-01
    0.129219693530531E+00    0.675879122226032E-01
    0.135102410205931E+00    0.585224474451993E-01
    0.139003835069095E+00    0.482386082157135E-01
    0.138783404923900E+00    0.366876251326224E-01
    0.130981596445735E+00    0.247726547793974E-01
    0.108695770068915E+00    0.128642909435963E-01
    0.660621131314308E-01    0.385187812216258E-02
    0.000000000000000E+00    0.000000000000000E+00
    0.000000000000000E+00    0.000000000000000E+00
    0.117684749541626E-01    0.791415538818270E-03
    0.211838845241192E-01    0.294709865322038E-02
    0.276684079457417E-01    0.607196449870864E-02
    0.313993347450565E-01    0.980710657431406E-02
    0.333734854024024E-01    0.139000161958028E-01
    0.345494337474709E-01    0.181580815331242E-01
    0.353273980553373E-01    0.225194589449590E-01
    0.359887678231309E-01    0.269336043726490E-01
    0.365886187797612E-01    0.313787532365032E-01
    0.371655613669225E-01    0.358317710823290E-01
    0.377417405320733E-01    0.402736841094513E-01
    0.383418433140917E-01    0.446929720810723E-01
    0.389989059131391E-01    0.490681692460581E-01
    0.397483286624778E-01    0.534006592203044E-01
    0.406335718209726E-01    0.576637436966347E-01
    0.417006861764448E-01    0.618733112022279E-01
    0.430024342542797E-01    0.659917811203841E-01
    0.445958482285992E-01    0.700483299261487E-01
    0.465428103333860E-01    0.739853976492771E-01
    0.489116712991506E-01    0.778422941770121E-01
    0.517730989066106E-01    0.815256304176597E-01
    0.552039672466798E-01    0.850757582115341E-01
    0.592796296819227E-01    0.883458167292312E-01
    0.640793517309350E-01    0.913577324884251E-01
    0.696752709018949E-01    0.938938810794130E-01
    0.761038696632205E-01    0.959320062027709E-01
    0.834181219403586E-01    0.971744266187937E-01
    0.915306472999910E-01    0.974976538107520E-01
    0.100459972830163E+00    0.965985213165599E-01
    0.109806444850887E+00    0.942223856758317E-01
    0.119590714284148E+00    0.901987681938232E-01
    0.128973722574751E+00    0.842556785858088E-01
    0.138017547902779E+00    0.764540389058810E-01
    0.145479592819441E+00    0.666888524872179E-01
    0.150940265021095E+00    0.552789823041793E-01
    0.151757520477532E+00    0.423884099171240E-01
    0.143989403671245E+00    0.287818219444865E-01
    0.120124964871798E+00    0.151134391658760E-01
    0.737761602465197E-01    0.455583495978026E-02
    0.000000000000000E+00    0.000000000000000E+00
    0.000000000000000E+00    0.000000000000000E+00
    0.102672471909020E-01    0.782681728041136E-03
    0.185863780463449E-01    0.291221919474879E-02
    0.242128328818230E-01    0.598739671904374E-02
    0.274800612325018E-01    0.966758441822889E-02
    0.292160880559401E-01    0.136860362464177E-01
    0.302499244242643E-01    0.178762873770902E-01
    0.309624710753072E-01    0.221727060330905E-01
    0.315757924856460E-01    0.265352490136659E-01
    0.321487865141753E-01    0.309452938068557E-01
    0.327152295248826E-01    0.353861596428979E-01
    0.332944359144433E-01    0.398413077388461E-01
    0.339103991529585E-01    0.443077594979685E-01
    0.345938528786004E-01    0.487623471706030E-01
    0.353761288499764E-01    0.532200159126978E-01
    0.363028073012839E-01    0.576458825722701E-01
    0.374125430120279E-01    0.620779500352389E-01
    0.387668213525761E-01    0.664613029426126E-01
    0.404132385433844E-01    0.708607194526474E-01
    0.424308673388090E-01    0.751875687889909E-01
    0.448796648960567E-01    0.795361071146045E-01
    0.478564156553873E-01    0.837613592617152E-01
    0.514390678317177E-01    0.879814913637942E-01
    0.557327132132293E-01    0.919703138757472E-01
    0.608423014540319E-01    0.958617820356813E-01
    0.668676495892983E-01    0.993032906490038E-01
    0.739132606853146E-01    0.102395849265402E+00
    0.820073861765621E-01    0.104666656668335E+00
    0.912206233667789E-01    0.106086619461930E+00
    0.101460944705765E+00    0.106165538189600E+00
    0.112521623856539E+00    0.104570727482901E+00
    0.124150069698940E+00    0.101095906234971E+00
    0.135691647671407E+00    0.951924246348302E-01
    0.146762490087080E+00    0.871320897849302E-01
    0.156278472064704E+00    0.764710236895338E-01
    0.163443606171518E+00    0.639134413230718E-01
    0.165538137684551E+00    0.492758203490872E-01
    0.158699492489636E+00    0.338168294162662E-01
    0.133859757049561E+00    0.178026236252813E-01
    0.829857302800236E-01    0.544184193575141E-02
    0.000000000000000E+00    0.000000000000000E+00
    0.000000000000000E+00    0.000000000000000E+00
    0.874980151349515E-02    0.773478371904378E-03
    0.158549474193236E-01    0.287329951668773E-02
    0.207893720169232E-01    0.590868567564822E-02
    0.236294620741102E-01    0.952922627098617E-02
    0.251346101139918E-01    0.134912587563540E-01
    0.260403342826153E-01    0.176190006253278E-01
    0.266590864152369E-01    0.218560798337574E-01
    0.272093541500508E-01    0.261706297814492E-01
    0.277352264011089E-01    0.305426175904533E-01
    0.282663919775564E-01    0.349680689905944E-01
    0.288218165479324E-01    0.394273985813729E-01
    0.294209828629991E-01    0.439287917661101E-01
    0.300929878807073E-01    0.484486388969095E-01
    0.308676708828750E-01    0.530095911961303E-01
    0.317853789540021E-01    0.575816460141850E-01
    0.328884818542337E-01    0.622058495029202E-01
    0.342300545656500E-01    0.668401855297876E-01
    0.358686438522321E-01    0.715474823377253E-01
    0.378735212142938E-01    0.762620498099199E-01
    0.403246587518031E-01    0.810711340978200E-01
    0.433122328280219E-01    0.858636740296514E-01
    0.469485765867261E-01    0.907470533800824E-01
    0.513511957273904E-01    0.955338001429670E-01
    0.566679593699218E-01    0.100356648009141E+00
    0.630420537775883E-01    0.104866865741840E+00
    0.706170922360419E-01    0.109168170439423E+00
    0.795151618580905E-01    0.112745317760170E+00
    0.898614068807670E-01    0.115585546951765E+00
    0.101752513762353E+00    0.116992185100744E+00
    0.114733675264147E+00    0.116559002515182E+00
    0.128924515031263E+00    0.113844430939220E+00
    0.142911998785889E+00    0.108217191482409E+00
    0.156972329197967E+00    0.997988607825735E-01
    0.168865644342984E+00    0.882782970948740E-01
    0.178597256346800E+00    0.741398487223235E-01
    0.182408731807785E+00    0.576420093999094E-01
    0.176070840533135E+00    0.397322717964729E-01
    0.149624245444298E+00    0.211825222019507E-01
    0.938900911281612E-01    0.651507606193640E-02
    0.000000000000000E+00    0.000000000000000E+00
    0.000000000000000E+00    0.000000000000000E+00
    0.727942650623359E-02    0.765502350893282E-03
    0.133072728391788E-01    0.284603387427695E-02
    0.174315125977868E-01    0.583919064733750E-02
    0.198322749235703E-01    0.941196779994758E-02
    0.211068761640306E-01    0.133070390804473E-01
    0.218698972775044E-01    0.173731676603206E-01
    0.224069405388025E-01    0.215480430588511E-01
    0.228852835453112E-01    0.258115762435567E-01
    0.233512518170836E-01    0.301413221587458E-01
    0.238294382837009E-01    0.345439185056654E-01
    0.243371727477176E-01    0.389953206269034E-01
    0.248918886774825E-01    0.435190069529348E-01
    0.255212558086022E-01    0.480815923798791E-01
    0.262494059141180E-01    0.527291467076619E-01
    0.271189655300597E-01    0.574136970402792E-01
    0.281619801427730E-01    0.622129045725935E-01
    0.294404566115928E-01    0.670544978698338E-01
    0.309975468000096E-01    0.720591721257129E-01
    0.329217905525730E-01    0.771116748279109E-01
    0.352744208759881E-01    0.823893233274943E-01
    0.381781293099299E-01    0.877031146198634E-01
    0.417305967941290E-01    0.933074728742426E-01
    0.461038500548122E-01    0.988751298628325E-01
    0.514462151675916E-01    0.104773625591467E+00
    0.579720926924260E-01    0.110411543620970E+00
    0.659077024312983E-01    0.116182620334246E+00
    0.753793293962833E-01    0.121207725294250E+00
    0.867481948198701E-01    0.126000775467757E+00
    0.100034759394830E+00    0.129173401226027E+00
    0.115243952657450E+00    0.130329471845178E+00
    0.132110405785150E+00    0.128919322939845E+00
    0.149356601177989E+00    0.123733768333175E+00
    0.166619439973750E+00    0.115289114372212E+00
    0.181899022993853E+00    0.102502784275097E+00
    0.194323438051363E+00    0.867765105863759E-01
    0.200274376742253E+00    0.677050342382712E-01
    0.195668534753951E+00    0.471667614075457E-01
    0.168323082422322E+00    0.252106365372551E-01
    0.107023622404614E+00    0.787720532132512E-02
    0.000000000000000E+00    0.000000000000000E+00
    0.000000000000000E+00    0.000000000000000E+00
    0.579644750114331E-02    0.754191576861983E-03
    0.106585820336575E-01    0.280574934185375E-02
    0.141084258252739E-01    0.575453503343239E-02
    0.160971118116290E-01    0.926786463255110E-02
    0.171515516308702E-01    0.130959152628916E-01
    0.177818115609725E-01    0.171012294205955E-01
    0.182183309635999E-01    0.212000928871099E-01
    0.186138115052995E-01    0.254138593597715E-01
    0.190073748697394E-01    0.296762756355712E-01
    0.194142409198505E-01    0.340523567645368E-01
    0.198560158142775E-01    0.384605580169194E-01
    0.203406685058172E-01    0.429950822556241E-01
    0.208982616269198E-01    0.475549489922747E-01
    0.215457624209940E-01    0.522673952829184E-01
    0.223235131230939E-01    0.570098742240922E-01
    0.232610435354598E-01    0.619501658360958E-01
    0.244120777765746E-01    0.669384984101623E-01
    0.258247294319225E-01    0.721934060926782E-01
    0.275726339329819E-01    0.775246454816329E-01
    0.297345624977049E-01    0.832141780580212E-01
    0.324173572060989E-01    0.890073841317595E-01
    0.357528683159181E-01    0.952775727631397E-01
    0.399033943349853E-01    0.101637869777410E+00
    0.450665315136366E-01    0.108591561630205E+00
    0.514622732164843E-01    0.115482307732219E+00
    0.594743722627516E-01    0.122870365969871E+00
    0.694144350750771E-01    0.129754522842154E+00
    0.817276778589912E-01    0.137048200975868E+00
    0.966768143215124E-01    0.142570145878057E+00
    0.114386467543123E+00    0.146214107179987E+00
    0.135383979776867E+00    0.146659845685046E+00
    0.156263344701958E+00    0.142578662774424E+00
    0.178785787701923E+00    0.133763417772662E+00
    0.197800266884372E+00    0.119762451370089E+00
    0.214233018777115E+00    0.101585664896509E+00
    0.222770253268718E+00    0.798585584117582E-01
    0.219303612926668E+00    0.556716911763362E-01
    0.190550442521561E+00    0.300967170945890E-01
    0.122657837428714E+00    0.944812257104126E-02
    0.000000000000000E+00    0.000000000000000E+00
    0.000000000000000E+00    0.000000000000000E+00
    0.435490721832056E-02    0.741757331997867E-03
    0.817212137813925E-02    0.274576514760962E-02
    0.108615268587343E-01    0.562614482206527E-02
    0.124403601407391E-01    0.904842475769883E-02
    0.132711095222758E-01    0.127809974011404E-01
    0.137604184999539E-01    0.166838649817562E-01
    0.141053171446887E-01    0.206916020631237E-01
    0.144151915885806E-01    0.248035361830249E-01
    0.147284222613402E-01    0.289861820654622E-01
    0.150553326794292E-01    0.332706990019559E-01
    0.154149380690375E-01    0.376194060832173E-01
    0.158126353699231E-01    0.420856712935641E-01
    0.162760715775977E-01    0.466195399542897E-01
    0.168152165743839E-01    0.513035725758737E-01
    0.174711497901268E-01    0.560710349024572E-01
    0.182595697485177E-01    0.610461569915691E-01
    0.192414500835739E-01    0.661361065451311E-01
    0.204412399265931E-01    0.715255024481467E-01
    0.219510473775749E-01    0.770767675626176E-01
    0.238130422587538E-01    0.830657040702985E-01
    0.261732116335601E-01    0.892705184193463E-01
    0.291085138552825E-01    0.961276125533205E-01
    0.328626286307917E-01    0.103219194104675E+00
    0.375748996310693E-01    0.111206617862839E+00
    0.435631043761913E-01    0.119320133497652E+00
    0.512445298030045E-01    0.128686073542810E+00
    0.612079512445593E-01    0.137564721223407E+00
    0.740161950437708E-01    0.148073547864097E+00
    0.895047365052308E-01    0.156207217952536E+00
    0.109670192502935E+00    0.164075131924171E+00
    0.134326177426594E+00    0.168148797269389E+00
    0.161175559575028E+00    0.165214407857523E+00
    0.189394814336063E+00    0.156996398663894E+00
    0.214328965899525E+00    0.140710694958003E+00
    0.234854121682167E+00    0.119969119645791E+00
    0.246681655519036E+00    0.942421904141656E-01
    0.246086155909482E+00    0.662166071674225E-01
    0.216167135165747E+00    0.358081781066355E-01
    0.141552948614767E+00    0.113129855100425E-01
    0.000000000000000E+00    0.000000000000000E+00
    0.000000000000000E+00    0.000000000000000E+00
    0.295955880483155E-02    0.699627097411031E-03
    0.568202654010044E-02    0.259194627723967E-02
    0.771913160265156E-02    0.533348316085521E-02
    0.889525267352417E-02    0.859279079183294E-02
    0.951524414815789E-02    0.121571546017892E-01
    0.986779715649917E-02    0.158966855035167E-01
    0.101169020872254E-01    0.197245541180097E-01
    0.103335791744567E-01    0.236753955132117E-01
    0.105669711833722E-01    0.276701998210094E-01
    0.108008835617100E-01    0.318005128600169E-01
    0.110740409862876E-01    0.359629577701708E-01
    0.113661976807683E-01    0.402912101417169E-01
    0.117218105810399E-01    0.446523007014002E-01
    0.121270569779724E-01    0.492265873167400E-01
    0.126334437846617E-01    0.538501319502062E-01
    0.132370670311729E-01    0.587610958820027E-01
    0.139993624980658E-01    0.637594420237335E-01
    0.149329906761626E-01    0.691585745186385E-01
    0.161163728781315E-01    0.747107431885295E-01
    0.175928106231966E-01    0.808359783948469E-01
    0.194739349395079E-01    0.872127618275251E-01
    0.218553583728966E-01    0.944376911209494E-01
    0.249097578591276E-01    0.102022387098371E+00
    0.288535512882832E-01    0.110798357551130E+00
    0.340310779642596E-01    0.120010331386363E+00
    0.410119933417654E-01    0.131169773121761E+00
    0.505192586777585E-01    0.142342723821199E+00
    0.629681760463909E-01    0.156347536396216E+00
    0.788837837717480E-01    0.168392341764474E+00
    0.102537448692497E+00    0.183783228904493E+00
    0.134586577819473E+00    0.192213459716198E+00
    0.168548843290349E+00    0.192348055268058E+00
    0.205372139567904E+00    0.183949771201704E+00
    0.235484736563534E+00    0.166385312886970E+00
    0.261848493626856E+00    0.140903389448817E+00
    0.277968175421949E+00    0.111014444095444E+00
    0.278326959598357E+00    0.778436068596217E-01
    0.246806862802052E+00    0.423528278162954E-01
    0.163732902944490E+00    0.133815470094725E-01
    0.000000000000000E+00    0.000000000000000E+00
    0.000000000000000E+00    0.000000000000000E+00
    0.165925718715020E-02    0.623002997369578E-03
    0.348243799841835E-02    0.223874673900217E-02
    0.482160359550235E-02    0.468882780817125E-02
    0.561349901298698E-02    0.761754922161616E-02
    0.601389060371556E-02    0.108510978048991E-01
    0.623569069314734E-02    0.142304314811363E-01
    0.639099016117152E-02    0.177259808502612E-01
    0.653054706423384E-02    0.212843323801863E-01
    0.667628868295832E-02    0.249445743936711E-01
    0.683021429709398E-02    0.286593072587445E-01
    0.700427346509402E-02    0.324905312949452E-01
    0.719917259589232E-02    0.363862284392705E-01
    0.743126308233576E-02    0.404269632698902E-01
    0.770435764607472E-02    0.445578798107161E-01
    0.804205072198869E-02    0.488817793727468E-01
    0.845197894864574E-02    0.533474814819912E-01
    0.896999849198203E-02    0.580826081250695E-01
    0.960952726889036E-02    0.630511571925946E-01
    0.104292436827513E-01    0.684066487216881E-01
    0.114530616787115E-01    0.741553075887169E-01
    0.127878280428670E-01    0.804650663597705E-01
    0.144732356289090E-01    0.874405753997329E-01
    0.167020960102126E-01    0.952315997784799E-01
    0.195861934771741E-01    0.104146205367679E+00
    0.235899248935961E-01    0.114196343754348E+00
    0.289260923610465E-01    0.126734302341357E+00
    0.370518326491106E-01    0.140628315104239E+00
    0.482660366142725E-01    0.157213518442324E+00
    0.625982352260209E-01    0.172453236616151E+00
    0.850094819617704E-01    0.199837094167407E+00
    0.120489066579776E+00    0.218575802027034E+00
    0.168165429647679E+00    0.221787181725005E+00
    0.216260910701923E+00    0.217596286870620E+00
    0.259009763797281E+00    0.195832350629960E+00
    0.292227471215784E+00    0.165389558358120E+00
    0.311485531499795E+00    0.129610092148081E+00
    0.314097128143504E+00    0.903197542870168E-01
    0.280608430629298E+00    0.499709599759705E-01
    0.190555176786207E+00    0.161930360515938E-01
    0.000000000000000E+00    0.000000000000000E+00
    0.000000000000000E+00    0.000000000000000E+00
    0.652447572810209E-03    0.417628724952012E-03
    0.159484594777784E-02    0.156859311894908E-02
    0.232846829482652E-02    0.347321857205018E-02
    0.276297202762146E-02    0.575646105253507E-02
    0.297539548079635E-02    0.838512861071770E-02
    0.308881242699358E-02    0.110543789629259E-01
    0.316458322273512E-02    0.139151188032805E-01
    0.323300537665863E-02    0.167146861270752E-01
    0.330503863876432E-02    0.197155245306843E-01
    0.338161606913697E-02    0.226275386678548E-01
    0.346869880284142E-02    0.257823346735785E-01
    0.356765691785973E-02    0.288319286846387E-01
    0.368430868476751E-02    0.321791729536167E-01
    0.382560347602675E-02    0.354167910452665E-01
    0.399604374833863E-02    0.390271074669720E-01
    0.421152435589778E-02    0.425443715344926E-01
    0.447438342762237E-02    0.465408878901797E-01
    0.481551508647253E-02    0.504940048188276E-01
    0.523496896206294E-02    0.550824673582437E-01
    0.578900799530399E-02    0.597358822645085E-01
    0.647566923398983E-02    0.652592607851163E-01
    0.739823842915044E-02    0.710491453552894E-01
    0.856765469304057E-02    0.780823320824239E-01
    0.102312170388160E-01    0.857628503745325E-01
    0.124271646230549E-01    0.953977589109740E-01
    0.154438155256622E-01    0.107040186988562E+00
    0.194166111656889E-01    0.121234951186850E+00
    0.258458639802568E-01    0.135916887811660E+00
    0.357641927287589E-01    0.156935592108028E+00
    0.562472730338804E-01    0.197763664590821E+00
    0.987865893287396E-01    0.227067329223762E+00
    0.160327176998152E+00    0.251735414219136E+00
    0.232635661813544E+00    0.250257832149089E+00
    0.292103327207186E+00    0.225836119576714E+00
    0.327713842483665E+00    0.190186011901255E+00
    0.352690603278480E+00    0.149627087222391E+00
    0.356768929463264E+00    0.102878707726682E+00
    0.325140741783430E+00    0.586720728212244E-01
    0.225173196816835E+00    0.194587018742364E-01
    0.000000000000000E+00    0.000000000000000E+00
    0.000000000000000E+00    0.000000000000000E+00
    0.950785797007006E-04    0.950785797007077E-04
    0.432433619208508E-03    0.663287153285352E-03
    0.661186344107563E-03    0.170537116145085E-02
    0.766281056328874E-03    0.309742747164695E-02
    0.827422437181934E-03    0.462087003186302E-02
    0.856711524497041E-03    0.622441616442379E-02
    0.879427901125448E-03    0.788955020718405E-02
    0.899849121889427E-03    0.956841095307135E-02
    0.919881674635785E-03    0.113091464608118E-01
    0.941282932768096E-03    0.130622314584887E-01
    0.965626658853989E-03    0.148884387931847E-01
    0.994144976559114E-03    0.167319349511587E-01
    0.102733726023094E-02    0.186686879755594E-01
    0.106865991183428E-02    0.206369347884612E-01
    0.111796965620576E-02    0.227306235631296E-01
    0.118171334150366E-02    0.248856107008582E-01
    0.125902019840553E-02    0.272184079366900E-01
    0.136104635768470E-02    0.296672090948736E-01
    0.148708726584935E-02    0.323793931499213E-01
    0.165496514585048E-02    0.353053932036885E-01
    0.186465642094958E-02    0.386378519816693E-01
    0.214705158326618E-02    0.423493737385915E-01
    0.251018025669524E-02    0.467384805249335E-01
    0.303653963395448E-02    0.518841772362652E-01
    0.382566434229106E-02    0.581802555871958E-01
    0.483384701740685E-02    0.659659263534928E-01
    0.589967964907574E-02    0.759187091192038E-01
    0.775556758353241E-02    0.876544486916766E-01
    0.120692155570367E-01    0.107126828319887E+00
    0.213591775000975E-01    0.152309861007085E+00
    0.637739553972291E-01    0.196797134687698E+00
    0.110618711087348E+00    0.210080859418448E+00
    0.233809195967663E+00    0.271795178669638E+00
    0.326324948767446E+00    0.250156016799635E+00
    0.375349802301055E+00    0.207640091061551E+00
    0.398020417148712E+00    0.167919148046361E+00
    0.403356453004867E+00    0.115073220370871E+00
    0.367351206570184E+00    0.711033329795916E-01
    0.263216236987720E+00    0.290199542978177E-01
    0.000000000000000E+00    0.000000000000000E+00
    0.000000000000000E+00    0.000000000000000E+00
    0.000000000000000E+00    0.000000000000000E+00
    0.000000000000000E+00    0.000000000000000E+00
    0.000000000000000E+00    0.000000000000000E+00
    0.000000000000000E+00    0.000000000000000E+00
    0.000000000000000E+00    0.000000000000000E+00
    0.000000000000000E+00    0.000000000000000E+00
    0.000000000000000E+00    0.000000000000000E+00
    0.000000000000000E+00    0.000000000000000E+00
    0.000000000000000E+00    0.000000000000000E+00
    0.000000000000000E+00    0.000000000000000E+00
    0.000000000000000E+00    0.000000000000000E+00
    0.000000000000000E+00    0.000000000000000E+00
    0.000000000000000E+00    0.000000000000000E+00
    0.000000000000000E+00    0.000000000000000E+00
    0.000000000000000E+00    0.000000000000000E+00
    0.000000000000000E+00    0.000000000000000E+00
    0.000000000000000E+00    0.000000000000000E+00
    0.000000000000000E+00    0.000000000000000E+00
    0.000000000000000E+00    0.000000000000000E+00
    0.000000000000000E+00    0.000000000000000E+00
    0.000000000000000E+00    0.000000000000000E+00
    0.000000000000000E+00    0.000000000000000E+00
    0.000000000000000E+00    0.000000000000000E+00
    0.000000000000000E+00    0.000000000000000E+00
    0.000000000000000E+00    0.000000000000000E+00
    0.000000000000000E+00    0.000000000000000E+00
    0.000000000000000E+00    0.000000000000000E+00
    0.000000000000000E+00    0.000000000000000E+00
    0.000000000000000E+00    0.000000000000000E+00
    0.000000000000000E+00    0.000000000000000E+00
    0.000000000000000E+00    0.000000000000000E+00
    0.000000000000000E+00    0.000000000000000E+00
    0.240271133726781E+00    0.244566986748244E+00
    0.328994424121346E+00    0.267947596670694E+00
    0.409846490411261E+00    0.214713868484785E+00
    0.448455398627417E+00    0.171328156127442E+00
    0.450741510021567E+00    0.124633251916826E+00
    0.418420686436644E+00    0.776020213325434E-01
    0.289087751172350E+00    0.381342215640937E-01
    0.000000000000000E+00    0.000000000000000E+00
