    0.000000000000000E+00    0.000000000000000E+00
    0.218750000000000E+00    0.000000000000000E+00
    0.375000000000000E+00    0.000000000000000E+00
    0.468750000000000E+00    0.000000000000000E+00
    0.500000000000000E+00    0.000000000000000E+00
    0.468750000000000E+00    0.000000000000000E+00
    0.375000000000000E+00    0.000000000000000E+00
    0.218750000000000E+00    0.000000000000000E+00
    0.000000000000000E+00    0.000000000000000E+00
    0.000000000000000E+00    0.000000000000000E+00
    0.000000000000000E+00    0.000000000000000E+00
    0.000000000000000E+00    0.000000000000000E+00
    0.000000000000000E+00    0.000000000000000E+00
    0.000000000000000E+00    0.000000000000000E+00
    0.000000000000000E+00    0.000000000000000E+00
    0.000000000000000E+00    0.000000000000000E+00
    0.000000000000000E+00    0.000000000000000E+00
    0.000000000000000E+00    0.000000000000000E+00
    0.000000000000000E+00    0.000000000000000E+00
    0.000000000000000E+00    0.000000000000000E+00
    0.000000000000000E+00    0.000000000000000E+00
    0.000000000000000E+00    0.000000000000000E+00
    0.000000000000000E+00    0.000000000000000E+00
    0.000000000000000E+00    0.000000000000000E+00
    0.000000000000000E+00    0.000000000000000E+00
    0.000000000000000E+00    0.000000000000000E+00
    0.000000000000000E+00    0.000000000000000E+00
    0.000000000000000E+00    0.000000000000000E+00
    0.000000000000000E+00    0.000000000000000E+00
    0.000000000000000E+00    0.000000000000000E+00
    0.000000000000000E+00    0.000000000000000E+00
    0.000000000000000E+00    0.000000000000000E+00
    0.000000000000000E+00    0.000000000000000E+00
    0.000000000000000E+00    0.000000000000000E+00
    0.000000000000000E+00    0.000000000000000E+00
    0.000000000000000E+00    0.000000000000000E+00
    0.000000000000000E+00    0.000000000000000E+00
    0.000000000000000E+00    0.000000000000000E+00
    0.000000000000000E+00    0.000000000000000E+00
    0.000000000000000E+00    0.000000000000000E+00
    0.000000000000000E+00    0.000000000000000E+00
    0.000000000000000E+00    0.000000000000000E+00
    0.216729498719713E+00    0.292494699882659E-02
    0.371871393019230E+00    0.966720345009246E-02
    0.465606973722075E+00    0.156405082729061E-01
    0.497193480847194E+00    0.207590039836382E-01
    0.462534026693561E+00    0.308840462168277E-01
    0.368656430392256E+00    0.312572026162037E-01
    0.215038791761775E+00    0.414648066975245E-01
    0.546932755081854E-01    0.274241580690741E-01
    0.270698042881996E-02   -0.252806079941941E-01
   -0.311330604311741E-02   -0.382422661144124E-01
   -0.288374073337979E-02   -0.284157174981125E-01
   -0.103760229032242E-02   -0.265627303665153E-01
   -0.829138027155458E-03   -0.242784842993569E-01
   -0.928534092890174E-03   -0.225841700033358E-01
   -0.698672656953068E-03   -0.213289823577524E-01
   -0.412587358476102E-03   -0.205097881869582E-01
   -0.213692317348882E-03   -0.199230644462790E-01
   -0.102811252139696E-03   -0.196620168954456E-01
   -0.416881241469308E-04   -0.195502135617024E-01
   -0.368366003908812E-04   -0.194832580563873E-01
   -0.569003444460067E-04   -0.194014229295058E-01
   -0.112023013686716E-03   -0.192343672422145E-01
   -0.184853620380101E-03   -0.189460585622570E-01
   -0.277559065510186E-03   -0.184910486586508E-01
   -0.378984613481417E-03   -0.178546768430909E-01
   -0.485741814200685E-03   -0.170141996717647E-01
   -0.593062661779570E-03   -0.159737975443478E-01
   -0.691784203189645E-03   -0.147343413972299E-01
   -0.782428213695722E-03   -0.133169657716028E-01
   -0.850489986152352E-03   -0.117492342382406E-01
   -0.901506118894829E-03   -0.100651448845274E-01
   -0.916188748918091E-03   -0.832540001723044E-02
   -0.904033501955499E-03   -0.656941338181398E-02
   -0.845031752315039E-03   -0.489372914857206E-02
   -0.754883112877834E-03   -0.333273888419104E-02
   -0.615543572472788E-03   -0.202527021784359E-02
   -0.444503617465237E-03   -0.973055292883302E-03
   -0.245052618342113E-03   -0.302560837397172E-03
   -0.223649496542098E-04   -0.223649496542150E-04
    0.000000000000000E+00    0.000000000000000E+00
    0.000000000000000E+00    0.000000000000000E+00
    0.208178350831368E+00    0.526572378734544E-02
    0.361969767519219E+00    0.170387977884768E-01
    0.456363379712129E+00    0.303752596719371E-01
    0.488516053234102E+00    0.408753085170394E-01
    0.457980301313494E+00    0.522534950925854E-01
    0.363817314555322E+00    0.562042040477428E-01
    0.234616604826586E+00    0.510283664780669E-01
    0.104938260377352E+00    0.283794114978160E-01
    0.240295156682386E-01   -0.146663748815128E-01
    0.185249836265836E-02   -0.359255883587707E-01
   -0.214105385318409E-02   -0.355187948780565E-01
   -0.256162644253967E-02   -0.378251860890586E-01
   -0.232771022075502E-02   -0.388449428539338E-01
   -0.222394720964714E-02   -0.379072377601615E-01
   -0.163900488809343E-02   -0.367295337622711E-01
   -0.104100825984989E-02   -0.359956395588165E-01
   -0.516149511731868E-03   -0.355904793590361E-01
   -0.242804162253177E-03   -0.354054480947158E-01
   -0.906067778597499E-04   -0.353728645284087E-01
   -0.114277390095483E-03   -0.353022520645352E-01
   -0.225419776994959E-03   -0.351543759938342E-01
   -0.450275458055356E-03   -0.348116447662523E-01
   -0.732882958612919E-03   -0.342345817085416E-01
   -0.107770471510289E-02   -0.333529804927313E-01
   -0.144927434117018E-02   -0.321469997191409E-01
   -0.183542706075174E-02   -0.305943634736838E-01
   -0.221720666961549E-02   -0.286965925435111E-01
   -0.256909374320499E-02   -0.264733612471011E-01
   -0.288287964987972E-02   -0.239521241250978E-01
   -0.312443840353182E-02   -0.211893355627506E-01
   -0.329074080319023E-02   -0.182437611747876E-01
   -0.334693975562209E-02   -0.152026107481520E-01
   -0.328948525268536E-02   -0.121598651205289E-01
   -0.309501000601347E-02   -0.922287705466339E-02
   -0.275615330888809E-02   -0.652142901079623E-02
   -0.227935127649612E-02   -0.416604462757981E-02
   -0.165191909646550E-02   -0.229657632663962E-02
   -0.966043578965324E-03   -0.947014412600430E-03
   -0.296277376822597E-03   -0.236102496560297E-03
    0.000000000000000E+00    0.000000000000000E+00
    0.000000000000000E+00    0.000000000000000E+00
    0.197656206921690E+00    0.730342655190312E-02
    0.347459465248814E+00    0.224658586860637E-01
    0.440606241237294E+00    0.405480727227953E-01
    0.475311084237881E+00    0.536224205463984E-01
    0.446250065661966E+00    0.690987671181757E-01
    0.363767708086914E+00    0.714415240225260E-01
    0.247033360808780E+00    0.597581877826236E-01
    0.133997194858743E+00    0.379488357492355E-01
    0.575304363233105E-01    0.241150193500225E-03
    0.229281274194403E-01   -0.238545656637026E-01
    0.639599361583880E-02   -0.333082911524855E-01
   -0.887298375957734E-03   -0.403737589219327E-01
   -0.293232281282858E-02   -0.447560574172468E-01
   -0.293133498740799E-02   -0.461996813037268E-01
   -0.218737548282828E-02   -0.462481375969400E-01
   -0.127368244421857E-02   -0.466409214709344E-01
   -0.621615591792247E-03   -0.468471433545447E-01
   -0.226392803239541E-03   -0.471626436450420E-01
   -0.905767715482305E-04   -0.473541639175231E-01
   -0.188241922645764E-03   -0.474589624748615E-01
   -0.504002490635996E-03   -0.472988636406097E-01
   -0.986621934151169E-03   -0.468729958475179E-01
   -0.160716797003377E-02   -0.460580570052224E-01
   -0.231779885433048E-02   -0.448494968804121E-01
   -0.308762227650735E-02   -0.431860406033347E-01
   -0.387364123942305E-02   -0.410807647981962E-01
   -0.464321363721973E-02   -0.385278023244706E-01
   -0.535675418922967E-02   -0.355610389069832E-01
   -0.597783442781591E-02   -0.322265994898857E-01
   -0.647017800595900E-02   -0.285833994564009E-01
   -0.679394680157464E-02   -0.247234542318385E-01
   -0.691803841587079E-02   -0.207373140651011E-01
   -0.680384943525479E-02   -0.167521113551961E-01
   -0.643183573473182E-02   -0.128939517775765E-01
   -0.577599255868265E-02   -0.930853652062026E-02
   -0.484565229531728E-02   -0.614413110416387E-02
   -0.364871863790244E-02   -0.353945754472043E-02
   -0.229823556976071E-02   -0.157837439157638E-02
   -0.938903534936652E-03   -0.415685181933029E-03
    0.000000000000000E+00    0.000000000000000E+00
    0.000000000000000E+00    0.000000000000000E+00
    0.184025962817909E+00    0.798328796027978E-02
    0.328337091781434E+00    0.257553004029956E-01
    0.422829864179812E+00    0.469959252597969E-01
    0.459413263559026E+00    0.642940131375453E-01
    0.438954801146090E+00    0.778056519167307E-01
    0.365822090201678E+00    0.802171842497585E-01
    0.263657705832985E+00    0.685900407298104E-01
    0.164417426000811E+00    0.461083879966915E-01
    0.860254281591113E-01    0.167986092355565E-01
    0.422065184787979E-01   -0.857517125424482E-02
    0.182183815944610E-01   -0.260639171294554E-01
    0.553630719659344E-02   -0.374658488941176E-01
    0.445401891811156E-03   -0.446724843166064E-01
   -0.101633553843875E-02   -0.487256329232557E-01
   -0.939365407963147E-03   -0.507883053675501E-01
   -0.406846319977411E-03   -0.526225305561228E-01
    0.103991045556225E-03   -0.539767646790463E-01
    0.325094217094046E-03   -0.549887489517873E-01
    0.277005313370577E-03   -0.556567369392200E-01
   -0.100012010103355E-03   -0.560337265785744E-01
   -0.741805005694954E-03   -0.560198048929517E-01
   -0.163250313192033E-02   -0.555903134161362E-01
   -0.269699819934578E-02   -0.546697205131142E-01
   -0.389190177846076E-02   -0.532467337142686E-01
   -0.515557255787156E-02   -0.512809493639989E-01
   -0.643153307031280E-02   -0.487955235064120E-01
   -0.766985164650042E-02   -0.457866886932920E-01
   -0.880550846491080E-02   -0.423123538896389E-01
   -0.979464498789763E-02   -0.384085873875207E-01
   -0.105678594395082E-01   -0.341660772298457E-01
   -0.110835228129293E-01   -0.296636631115329E-01
   -0.112750874056474E-01   -0.250218199153522E-01
   -0.111048514960185E-01   -0.203633383919814E-01
   -0.105236130902091E-01   -0.158327201982013E-01
   -0.951074780600011E-02   -0.115901991746038E-01
   -0.806380418964655E-02   -0.778719963955014E-02
   -0.622290745448334E-02   -0.459374638737738E-02
   -0.409406442147970E-02   -0.212423862990748E-02
   -0.191373290999811E-02   -0.558208848414859E-03
    0.000000000000000E+00    0.000000000000000E+00
    0.000000000000000E+00    0.000000000000000E+00
    0.168964400592312E+00    0.829056615137509E-02
    0.307159303817886E+00    0.269355269727091E-01
    0.400847841140579E+00    0.504331128456944E-01
    0.442674726716526E+00    0.692310331724931E-01
    0.430168736787447E+00    0.842079889530337E-01
    0.371264913364933E+00    0.874798876645387E-01
    0.282272775598125E+00    0.763875520353683E-01
    0.191797705294805E+00    0.564761059805756E-01
    0.115734280126617E+00    0.300298665757911E-01
    0.643018056335495E-01    0.490460935632056E-02
    0.330834447259667E-01   -0.160028569800449E-01
    0.156844769979726E-01   -0.303326554582251E-01
    0.717020603330783E-02   -0.403357838885823E-01
    0.363874735034339E-02   -0.470790209045551E-01
    0.221509328616297E-02   -0.513948269644434E-01
    0.179566431115725E-02   -0.548475361342789E-01
    0.169351120212895E-02   -0.573750497716005E-01
    0.150116319094271E-02   -0.592817197712716E-01
    0.103116995175168E-02   -0.605312353275225E-01
    0.240592092170025E-03   -0.613530164298699E-01
   -0.885931051379335E-03   -0.615728184128544E-01
   -0.228016380299411E-02   -0.612876169204185E-01
   -0.389636087557393E-02   -0.603733551726036E-01
   -0.565101365866760E-02   -0.588910108284768E-01
   -0.748337906112179E-02   -0.567793399578275E-01
   -0.931337630813100E-02   -0.540909129296693E-01
   -0.110705001367518E-01   -0.508295667335051E-01
   -0.126831223391911E-01   -0.470495899817502E-01
   -0.140712919234780E-01   -0.428149636840743E-01
   -0.151714495758792E-01   -0.381917456220350E-01
   -0.158958090510149E-01   -0.332957272642046E-01
   -0.161903990710176E-01   -0.282159750401632E-01
   -0.159690865602044E-01   -0.231107035802033E-01
   -0.151979158763825E-01   -0.181000685142846E-01
   -0.138173845989002E-01   -0.133745019212297E-01
   -0.118449154256445E-01   -0.907857504277064E-02
   -0.930017990272147E-02   -0.542007729824638E-02
   -0.632112916973378E-02   -0.254036641584230E-02
   -0.310771941111947E-02   -0.675794139019184E-03
    0.000000000000000E+00    0.000000000000000E+00
    0.000000000000000E+00    0.000000000000000E+00
    0.154221673550740E+00    0.794830452201160E-02
    0.284470251802239E+00    0.271259797534275E-01
    0.377858949131125E+00    0.511220800578451E-01
    0.423447507195701E+00    0.722441727613386E-01
    0.420250320523384E+00    0.877900128286426E-01
    0.373067427188379E+00    0.920556011553408E-01
    0.297307626364409E+00    0.840309654069468E-01
    0.215936155515019E+00    0.659322863270843E-01
    0.142461818622693E+00    0.415840890389462E-01
    0.876105179206124E-01    0.173240475020106E-01
    0.509317016212655E-01   -0.454746704046043E-02
    0.287796055762134E-01   -0.210550863089088E-01
    0.164158219922022E-01   -0.331384921442625E-01
    0.101443081814221E-01   -0.422547552802823E-01
    0.701956315779996E-02   -0.488303690047391E-01
    0.536083543905391E-02   -0.538337224999056E-01
    0.437963348371638E-02   -0.575719383179195E-01
    0.347159887371919E-02   -0.603847674874590E-01
    0.238104872245062E-02   -0.623482217218847E-01
    0.972032334969205E-03   -0.636680495722612E-01
   -0.763565252863708E-03   -0.642709969929895E-01
   -0.279012893908037E-02   -0.642246866432804E-01
   -0.504541912127411E-02   -0.634703879785219E-01
   -0.744097082200394E-02   -0.620650883575060E-01
   -0.990724879911762E-02   -0.599725169326187E-01
   -0.123385328598309E-01   -0.572575299860911E-01
   -0.146676278829719E-01   -0.539195634433650E-01
   -0.167829048193156E-01   -0.500404112191584E-01
   -0.186180984623826E-01   -0.456576677231950E-01
   -0.200598339824638E-01   -0.408731461840679E-01
   -0.210395348523146E-01   -0.357648097296132E-01
   -0.214477860302359E-01   -0.304579152746894E-01
   -0.212192567185212E-01   -0.250740967396873E-01
   -0.202641449687222E-01   -0.197656924458034E-01
   -0.185475028015417E-01   -0.147002176603253E-01
   -0.160342128618410E-01   -0.100572077053732E-01
   -0.127813718653574E-01   -0.604228517876424E-02
   -0.886539958953153E-02   -0.285770656180350E-02
   -0.452193393940141E-02   -0.758331306512575E-03
    0.000000000000000E+00    0.000000000000000E+00
    0.000000000000000E+00    0.000000000000000E+00
    0.139447353343112E+00    0.750985079385117E-02
    0.262089528839967E+00    0.261167254925265E-01
    0.354078216411508E+00    0.504811086133057E-01
    0.404522026798104E+00    0.723501038170216E-01
    0.409614865952411E+00    0.897389315792440E-01
    0.374707903368792E+00    0.959844730462685E-01
    0.309742135049142E+00    0.903873186432874E-01
    0.236048727479970E+00    0.753557079764440E-01
    0.165997858795030E+00    0.527588294650333E-01
    0.110108856601758E+00    0.295237081601214E-01
    0.702993371882178E-01    0.753730970052043E-02
    0.443711966409551E-01   -0.103781303900164E-01
    0.282751282549414E-01   -0.243140508656999E-01
    0.189200116106384E-01   -0.352374330334156E-01
    0.135161360398520E-01   -0.436432136422367E-01
    0.103023313441319E-01   -0.500706868540732E-01
    0.813252491252306E-02   -0.549655612334226E-01
    0.629346081640101E-02   -0.587346740406882E-01
    0.436020175912230E-02   -0.614401304906795E-01
    0.218630567390545E-02   -0.633581739197297E-01
   -0.292329305653321E-03   -0.644080121479099E-01
   -0.303915086456089E-02   -0.647285247908709E-01
   -0.600830677411359E-02   -0.642470543661071E-01
   -0.910402627738247E-02   -0.630632956129932E-01
   -0.122445155910752E-01   -0.611405103498160E-01
   -0.153241901462382E-01   -0.585526408312813E-01
   -0.182458721618212E-01   -0.553179236887020E-01
   -0.209090515873816E-01   -0.514976672554384E-01
   -0.232049361298722E-01   -0.471628599034897E-01
   -0.250391784602278E-01   -0.423739303361564E-01
   -0.262907285231272E-01   -0.372494470604472E-01
   -0.268724077185803E-01   -0.318636299990021E-01
   -0.266586830205916E-01   -0.263806473436700E-01
   -0.255820804946670E-01   -0.209047968764461E-01
   -0.235432928033132E-01   -0.156498547474529E-01
   -0.205309628298051E-01   -0.107656234730501E-01
   -0.165356214663883E-01   -0.651166728826859E-02
   -0.116599664193179E-01   -0.309511957052991E-02
   -0.606087056606279E-02   -0.828529016460014E-03
    0.000000000000000E+00    0.000000000000000E+00
    0.000000000000000E+00    0.000000000000000E+00
    0.125924969318163E+00    0.697828558666682E-02
    0.239890200754868E+00    0.249793179749061E-01
    0.329459199449759E+00    0.486795232146722E-01
    0.382903063778502E+00    0.715672523216337E-01
    0.396551690929126E+00    0.898287660272638E-01
    0.372108175313121E+00    0.980804985833149E-01
    0.319280693638215E+00    0.954995220417761E-01
    0.254134273757469E+00    0.831120010325975E-01
    0.188292624475628E+00    0.635071364679329E-01
    0.132968235299686E+00    0.416691592716545E-01
    0.903924287441566E-01    0.202160665522605E-01
    0.609663887963994E-01    0.147061224743811E-02
    0.414711531358547E-01   -0.140223253207523E-01
    0.291207727900338E-01   -0.264697552524293E-01
    0.214322284018350E-01   -0.363213650951369E-01
    0.164496831834145E-01   -0.440153979213114E-01
    0.128855258289632E-01   -0.499664482546454E-01
    0.990407637828927E-02   -0.546384845335936E-01
    0.699377065275258E-02   -0.581263655220237E-01
    0.393167899849132E-02   -0.606618606814458E-01
    0.614993436000219E-03   -0.622486313223720E-01
   -0.293020727885150E-02   -0.630104156659334E-01
   -0.667960833647596E-02   -0.629232367993442E-01
   -0.105186179843553E-01   -0.620788347767295E-01
   -0.143832824077939E-01   -0.604615208480304E-01
   -0.181319695162348E-01   -0.581511536315670E-01
   -0.216911537490827E-01   -0.551602003097467E-01
   -0.249128679487113E-01   -0.515699889252945E-01
   -0.277179656402507E-01   -0.474238562277908E-01
   -0.299564873245833E-01   -0.428104557114890E-01
   -0.315385698775712E-01   -0.378069126417990E-01
   -0.323138947220706E-01   -0.325184041923657E-01
   -0.321845645365690E-01   -0.270640929756073E-01
   -0.310116719575052E-01   -0.215805666350675E-01
   -0.287190960208592E-01   -0.162460594149281E-01
   -0.252151085994069E-01   -0.112497143080055E-01
   -0.205116467127386E-01   -0.683848713159066E-02
   -0.146245332175390E-01   -0.327048480967231E-02
   -0.772585968374656E-02   -0.877289044695795E-03
    0.000000000000000E+00    0.000000000000000E+00
    0.000000000000000E+00    0.000000000000000E+00
    0.112939151669775E+00    0.638999109836480E-02
    0.218666405805660E+00    0.232769990889969E-01
    0.305346444451154E+00    0.463944434337979E-01
    0.361740748871590E+00    0.694009444839312E-01
    0.382418440134634E+00    0.891045523621961E-01
    0.368518085096652E+00    0.995604378453528E-01
    0.325926570188372E+00    0.997570693685138E-01
    0.269342098939887E+00    0.906314681796697E-01
    0.208620626619923E+00    0.735909032448582E-01
    0.154516998998105E+00    0.535296021801765E-01
    0.110794970495823E+00    0.327945090796672E-01
    0.785006691069407E-01    0.138171446299541E-01
    0.559208468450339E-01   -0.261742309956182E-02
    0.407797163518292E-01   -0.161524263380947E-01
    0.307101280389722E-01   -0.271641675543956E-01
    0.238438472321548E-01   -0.359536214154676E-01
    0.186957859878118E-01   -0.428957061480369E-01
    0.144009008574242E-01   -0.484224819676916E-01
    0.103610675469765E-01   -0.526619894466477E-01
    0.629863602223718E-02   -0.558496157902099E-01
    0.206623955560304E-02   -0.580094832139861E-01
   -0.234497441255260E-02   -0.592946274342034E-01
   -0.691196869989353E-02   -0.596839874888433E-01
   -0.115401037605958E-01   -0.592845974545538E-01
   -0.161426813230920E-01   -0.580899490109412E-01
   -0.205985132592597E-01   -0.561743156359095E-01
   -0.247989386680868E-01   -0.535710160459345E-01
   -0.286206485229613E-01   -0.503335455045430E-01
   -0.319409256717124E-01   -0.465372569705431E-01
   -0.346374604827948E-01   -0.422244977607457E-01
   -0.365683599649309E-01   -0.375108205940386E-01
   -0.376093854579163E-01   -0.324434854003471E-01
   -0.375980820228213E-01   -0.271828247314953E-01
   -0.364158361027702E-01   -0.218064004954634E-01
   -0.339050004089860E-01   -0.165378865219186E-01
   -0.299883566061510E-01   -0.115229144253122E-01
   -0.245814717738501E-01   -0.705922829156642E-02
   -0.177124792121423E-01   -0.339417676814574E-02
   -0.945419819287734E-02   -0.919026694778253E-03
    0.000000000000000E+00    0.000000000000000E+00
    0.000000000000000E+00    0.000000000000000E+00
    0.101299758836954E+00    0.585964479907720E-02
    0.198504689015038E+00    0.217610857575159E-01
    0.281223267086281E+00    0.437289900959325E-01
    0.338812015588600E+00    0.669263329923911E-01
    0.365782905036214E+00    0.872906857939821E-01
    0.360830623649340E+00    0.997919583332934E-01
    0.329023134792356E+00    0.103104469139847E+00
    0.281232726917347E+00    0.969493820900668E-01
    0.226435668836777E+00    0.831566455657529E-01
    0.174913631207879E+00    0.651694814000644E-01
    0.130771448093625E+00    0.454956397351451E-01
    0.964765112889078E-01    0.267393572062088E-01
    0.712216151929561E-01    0.983328358557171E-02
    0.534027843589801E-01   -0.449759516629089E-02
    0.409522616875007E-01   -0.163893823646756E-01
    0.320738484199929E-01   -0.261217491356267E-01
    0.252787426111988E-01   -0.339569872328452E-01
    0.195927550270617E-01   -0.402760386468553E-01
    0.143606794620740E-01   -0.452380231718922E-01
    0.924877372328639E-02   -0.490718682682032E-01
    0.404659470822441E-02   -0.518396969841118E-01
   -0.125540543919444E-02   -0.536897112945053E-01
   -0.667834852634203E-02   -0.546304740296953E-01
   -0.121015196996463E-01   -0.547579278839262E-01
   -0.174746359617114E-01   -0.540814969546231E-01
   -0.226349052617862E-01   -0.526745132329532E-01
   -0.275108272918479E-01   -0.505658150551806E-01
   -0.319295009540326E-01   -0.478191895243267E-01
   -0.358077221990302E-01   -0.444868010086612E-01
   -0.389682532951245E-01   -0.406297800263715E-01
   -0.413070033421369E-01   -0.363250744476039E-01
   -0.426370283853763E-01   -0.316426961373869E-01
   -0.428243637423485E-01   -0.266951739118997E-01
   -0.416730968392074E-01   -0.215847884827947E-01
   -0.390392874985617E-01   -0.164904451250526E-01
   -0.347485274484515E-01   -0.115875069333466E-01
   -0.287176093443683E-01   -0.715123214195903E-02
   -0.208649013123705E-01   -0.346705147397174E-02
   -0.112617980294927E-01   -0.943403653043109E-03
    0.000000000000000E+00    0.000000000000000E+00
    0.000000000000000E+00    0.000000000000000E+00
    0.902969550207663E-01    0.531104297576089E-02
    0.179427377850466E+00    0.200300121962716E-01
    0.258165326846056E+00    0.410017373378538E-01
    0.316636279012908E+00    0.638408306710631E-01
    0.348676975172538E+00    0.851170015813053E-01
    0.352147168114752E+00    0.995251757434733E-01
    0.329516352346827E+00    0.105691375552367E+00
    0.290227628923747E+00    0.102867035891110E+00
    0.241455134161760E+00    0.920024065127105E-01
    0.193018788239892E+00    0.764696521244520E-01
    0.149598976062073E+00    0.582102622190074E-01
    0.114185269274079E+00    0.400652168015352E-01
    0.869617466731654E-01    0.231367774309119E-01
    0.668616848977274E-01    0.832037664480633E-02
    0.521604389700973E-01   -0.423886930919543E-02
    0.412727768073454E-01   -0.147286850688356E-01
    0.327387426931229E-01   -0.233328134970696E-01
    0.255878723621670E-01   -0.303684364837078E-01
    0.190954923222576E-01   -0.360070582094106E-01
    0.128739410114884E-01   -0.404830025198619E-01
    0.667470623648111E-02   -0.438654065226849E-01
    0.443022287443208E-03   -0.463167896970630E-01
   -0.583703564737348E-02   -0.478508982905407E-01
   -0.120804488957404E-01   -0.485688269699158E-01
   -0.182115042716429E-01   -0.484877322351796E-01
   -0.240991165019028E-01   -0.476714885284188E-01
   -0.296357584708561E-01   -0.461652741793053E-01
   -0.346809474547427E-01   -0.440053411132153E-01
   -0.391101805994700E-01   -0.412708310871380E-01
   -0.427794600850235E-01   -0.379779245304833E-01
   -0.455378065681793E-01   -0.342369066518888E-01
   -0.472265957297835E-01   -0.300586380016691E-01
   -0.476510469382144E-01   -0.255899049192038E-01
   -0.466303665481716E-01   -0.208672337755540E-01
   -0.439334554248816E-01   -0.161035994983692E-01
   -0.393836158651485E-01   -0.114183649765669E-01
   -0.327814745378402E-01   -0.712463385392707E-02
   -0.240322213304684E-01   -0.348428583958326E-02
   -0.130792624783615E-01   -0.960991862219912E-03
    0.000000000000000E+00    0.000000000000000E+00
    0.000000000000000E+00    0.000000000000000E+00
    0.804916196174098E-01    0.485074667227542E-02
    0.161708753793523E+00    0.185439046636235E-01
    0.235628192876961E+00    0.383068166159567E-01
    0.293550236521887E+00    0.608095118584972E-01
    0.329393304648956E+00    0.823560106227633E-01
    0.339764770548752E+00    0.984633604253258E-01
    0.326329626274539E+00    0.107317334826849E+00
    0.295442874348215E+00    0.107572449258764E+00
    0.253575013758468E+00    0.100117094441453E+00
    0.209330568673105E+00    0.872144830534026E-01
    0.167403163583336E+00    0.709245747787254E-01
    0.131715066840256E+00    0.538303540531058E-01
    0.102895917088253E+00    0.372432103779455E-01
    0.807565677133500E-01    0.222706952877678E-01
    0.639330075564728E-01    0.922045572637743E-02
    0.510591097434307E-01   -0.186468296531887E-02
    0.408092215488152E-01   -0.111238960917274E-01
    0.321730223251408E-01   -0.187991497248604E-01
    0.244021646671849E-01   -0.250635705140855E-01
    0.170650915503081E-01   -0.301513240230602E-01
    0.985629516901283E-02   -0.341487187925541E-01
    0.271299475263651E-02   -0.372096052281687E-01
   -0.443074388122962E-02   -0.393705478342326E-01
   -0.114669834964746E-01   -0.407233877238503E-01
   -0.183638427100802E-01   -0.412965700786998E-01
   -0.249505187475417E-01   -0.411500348612710E-01
   -0.311618085549377E-01   -0.403244392437964E-01
   -0.368105439203105E-01   -0.388614542498606E-01
   -0.418157930368713E-01   -0.368188483485047E-01
   -0.459845282304474E-01   -0.342274893003177E-01
   -0.492066942543741E-01   -0.311593836595120E-01
   -0.512698076078232E-01   -0.276441606959055E-01
   -0.520063134685578E-01   -0.237759195181400E-01
   -0.511650257055936E-01   -0.196087817325417E-01
   -0.485156623786673E-01   -0.152982661912596E-01
   -0.437800411245195E-01   -0.109801892106341E-01
   -0.367320566169010E-01   -0.692892475705826E-02
   -0.271445552514461E-01   -0.342978418024594E-02
   -0.149238081748131E-01   -0.954012947073235E-03
    0.000000000000000E+00    0.000000000000000E+00
    0.000000000000000E+00    0.000000000000000E+00
    0.712962329241039E-01    0.439557814434748E-02
    0.145003587769534E+00    0.170050199978430E-01
    0.214267735270169E+00    0.356726684871889E-01
    0.271275123023698E+00    0.574928859230794E-01
    0.309960121565247E+00    0.794272395299325E-01
    0.326445509017513E+00    0.969449435930667E-01
    0.320751201629517E+00    0.108305410113992E+00
    0.297890387947343E+00    0.111743809998087E+00
    0.262664542149802E+00    0.107444595320746E+00
    0.223006771065219E+00    0.975118685312422E-01
    0.183490676418100E+00    0.833879017917532E-01
    0.148210088919425E+00    0.677285379810717E-01
    0.118590168686019E+00    0.518645203841392E-01
    0.948418382259420E-01    0.370448973050930E-01
    0.761748390880762E-01    0.238038625721199E-01
    0.614700465377290E-01    0.123039814376041E-01
    0.495400613800907E-01    0.254568751287383E-02
    0.394369816592094E-01   -0.568858235133125E-02
    0.303797488938116E-01   -0.125143383718357E-01
    0.219132815377330E-01   -0.181845362924629E-01
    0.137031918589912E-01   -0.227698504337610E-01
    0.564356343889687E-02   -0.264432356771826E-01
   -0.233327373704257E-02   -0.292369166819080E-01
   -0.101590611939625E-01   -0.312540056285695E-01
   -0.177817899515410E-01   -0.325225396507344E-01
   -0.250657499595896E-01   -0.330976492672261E-01
   -0.319130487874235E-01   -0.330294962724108E-01
   -0.381722011567830E-01   -0.323361119780374E-01
   -0.437253362221612E-01   -0.310970125385118E-01
   -0.484165546012318E-01   -0.293007585452088E-01
   -0.520972173498213E-01   -0.270490301279715E-01
   -0.545864158069291E-01   -0.243121610525358E-01
   -0.556680173351482E-01   -0.212128283256029E-01
   -0.551021202464440E-01   -0.177336920314885E-01
   -0.525797269115376E-01   -0.140504222773557E-01
   -0.477996229520241E-01   -0.102296499329371E-01
   -0.404103129572677E-01   -0.656232053089534E-02
   -0.301306878458942E-01   -0.329591366358801E-02
   -0.167053533759121E-01   -0.934797446921311E-03
    0.000000000000000E+00    0.000000000000000E+00
    0.000000000000000E+00    0.000000000000000E+00
    0.630792072515713E-01    0.401456780630772E-02
    0.129643141398287E+00    0.156729283498909E-01
    0.193784423217113E+00    0.331691415408818E-01
    0.248843220056561E+00    0.543384349481421E-01
    0.289094036575286E+00    0.761290010542092E-01
    0.310261451118577E+00    0.948396145901451E-01
    0.311746144740153E+00    0.108355200834949E+00
    0.296448069298603E+00    0.114684483956035E+00
    0.268339092881261E+00    0.113848799088778E+00
    0.233976550114044E+00    0.106946678150723E+00
    0.197601336131902E+00    0.954817005139808E-01
    0.163633305701937E+00    0.816573755724611E-01
    0.133742110935134E+00    0.668839589408840E-01
    0.108874017570704E+00    0.525993408421778E-01
    0.886231467533950E-01    0.393998154363321E-01
    0.722274544218007E-01    0.277138231702184E-01
    0.587006658000358E-01    0.175788651925239E-01
    0.471517367270102E-01    0.890390057015060E-02
    0.368372166747328E-01    0.157043120355177E-02
    0.272668401369232E-01   -0.462280097790384E-02
    0.180808090703594E-01   -0.977481561026870E-02
    0.914990841021590E-02   -0.140374822246903E-01
    0.366999050181595E-03   -0.174690779124391E-01
   -0.819354107181194E-02   -0.201615813861014E-01
   -0.165175166752721E-01   -0.221557213839134E-01
   -0.244434132569732E-01   -0.235008149306495E-01
   -0.319103977294201E-01   -0.242429992289214E-01
   -0.387319258375878E-01   -0.244047980499731E-01
   -0.448294678951235E-01   -0.240432541850965E-01
   -0.500110643213680E-01   -0.231623937588868E-01
   -0.541667182789630E-01   -0.218228749879915E-01
   -0.570798034232817E-01   -0.200155134063166E-01
   -0.585584885911115E-01   -0.178038370740341E-01
   -0.583145965286971E-01   -0.151859268859347E-01
   -0.560264278198331E-01   -0.122653127375198E-01
   -0.513052293512418E-01   -0.911248005754547E-02
   -0.437369129846023E-01   -0.595679380600227E-02
   -0.328954904180600E-01   -0.304789798165504E-02
   -0.184284800506734E-01   -0.876048826494465E-03
    0.000000000000000E+00    0.000000000000000E+00
    0.000000000000000E+00    0.000000000000000E+00
    0.554155194887477E-01    0.363946352510257E-02
    0.115203142670311E+00    0.143386535298458E-01
    0.174423420795550E+00    0.307423238474827E-01
    0.227263153271159E+00    0.510172603440838E-01
    0.268374110965606E+00    0.727276955181671E-01
    0.293414227383819E+00    0.922730162426050E-01
    0.300873792377231E+00    0.107780453806625E+00
    0.292525010353449E+00    0.116911138258276E+00
    0.271022135603647E+00    0.119253648836905E+00
    0.242020640108264E+00    0.115632041953124E+00
    0.209326518500611E+00    0.106907583146311E+00
    0.177211251442775E+00    0.952997662910834E-01
    0.147821989553420E+00    0.820018835371502E-01
    0.122369878332897E+00    0.685773965746220E-01
    0.100994608440459E+00    0.557799495395622E-01
    0.832002769803730E-01    0.441082032581217E-01
    0.682416511361868E-01    0.338104299237652E-01
    0.553519428200077E-01    0.247961855175208E-01
    0.438263870219323E-01    0.170702252372665E-01
    0.331932194448796E-01    0.104009133401724E-01
    0.230692308126045E-01    0.474453413585494E-02
    0.133020685028908E-01   -0.903545528824635E-04
    0.376791038857970E-02   -0.413388074665114E-02
   -0.548924290085079E-02   -0.750675156028332E-02
   -0.144495530397442E-01   -0.102357849559039E-01
   -0.229820202107682E-01   -0.123778673235259E-01
   -0.310042442406806E-01   -0.139790525273123E-01
   -0.383628148799220E-01   -0.150459782861838E-01
   -0.449510103775272E-01   -0.156510221576392E-01
   -0.506140866543333E-01   -0.157597808224897E-01
   -0.552149397578357E-01   -0.154601335082192E-01
   -0.585715278056508E-01   -0.146844751163638E-01
   -0.604633426530704E-01   -0.135233319764332E-01
   -0.606134270091964E-01   -0.118997834293667E-01
   -0.586462506195532E-01   -0.992647023919760E-02
   -0.541313193066581E-01   -0.759300696724404E-02
   -0.465385997873246E-01   -0.511694096893102E-02
   -0.353355679845344E-01   -0.269425917852124E-02
   -0.199824204027344E-01   -0.798930139183971E-03
    0.000000000000000E+00    0.000000000000000E+00
    0.000000000000000E+00    0.000000000000000E+00
    0.485570898750167E-01    0.331406192947988E-02
    0.102011773004600E+00    0.131520516890567E-01
    0.156150028744923E+00    0.284336112879668E-01
    0.206093474631542E+00    0.478498812727786E-01
    0.246988787250633E+00    0.690705993461476E-01
    0.274606197540245E+00    0.892469924880752E-01
    0.287097887813487E+00    0.106262694831296E+00
    0.284944836524756E+00    0.117863243248314E+00
    0.270053798557318E+00    0.123404810376793E+00
    0.246740815704414E+00    0.122981159957925E+00
    0.218317256884731E+00    0.117404431390559E+00
    0.188893846768696E+00    0.108310974992540E+00
    0.160604214819558E+00    0.969278053006653E-01
    0.135202358303927E+00    0.847902888911425E-01
    0.113072995284009E+00    0.726898408709774E-01
    0.941622271833814E-01    0.613590248086967E-01
    0.779512353800944E-01    0.510508036930791E-01
    0.638190702079495E-01    0.418889189398000E-01
    0.511725567331353E-01    0.338450901062067E-01
    0.395292885802146E-01    0.268064879764162E-01
    0.285321227919490E-01    0.206819157991275E-01
    0.179885655089756E-01    0.153338392773665E-01
    0.776735406872611E-02    0.106904457558808E-01
   -0.211230567464710E-02    0.665843557158636E-02
   -0.116456173946683E-01    0.318617322328333E-02
   -0.207057935595831E-01    0.229244650791609E-03
   -0.292286902359948E-01   -0.226039595362488E-02
   -0.370513950952861E-01   -0.429113517388245E-02
   -0.440905206098444E-01   -0.591392053171304E-02
   -0.501782803708669E-01   -0.711014829989705E-02
   -0.552048713442520E-01   -0.792495305443188E-02
   -0.589794923933488E-01   -0.831475070717429E-02
   -0.612995611848816E-01   -0.830704153869776E-02
   -0.618766378418649E-01   -0.784260326201555E-02
   -0.603113520875190E-01   -0.695103690677893E-02
   -0.561242519662969E-01   -0.561527900604355E-02
   -0.486854030631321E-01   -0.396760598058868E-02
   -0.373309258434057E-01   -0.217502188077219E-02
   -0.213435288694192E-01   -0.664446824271063E-03
    0.000000000000000E+00    0.000000000000000E+00
    0.000000000000000E+00    0.000000000000000E+00
    0.422032727420242E-01    0.299504666629446E-02
    0.896822249587242E-01    0.119776790987719E-01
    0.138948061571200E+00    0.261915593052420E-01
    0.185845051454162E+00    0.445632551989455E-01
    0.226005208980257E+00    0.653123254746502E-01
    0.255464250394907E+00    0.857342749215321E-01
    0.271956472291641E+00    0.104095690869727E+00
    0.275237237606307E+00    0.117900106429267E+00
    0.266264002191616E+00    0.126335588522106E+00
    0.248432811230109E+00    0.129186198643044E+00
    0.224482391422953E+00    0.126705258959056E+00
    0.198104563839504E+00    0.120448469387270E+00
    0.171599589718903E+00    0.111276812585382E+00
    0.146763118278112E+00    0.100778909359091E+00
    0.124450879326559E+00    0.897731067809728E-01
    0.104803398745785E+00    0.790397637522352E-01
    0.876311442080693E-01    0.690308670746393E-01
    0.724648410311128E-01    0.598661066926842E-01
    0.588184175256819E-01    0.516968145558534E-01
    0.462783544496276E-01    0.443598168270674E-01
    0.344782756953817E-01    0.378794012776691E-01
    0.232419745149007E-01    0.320523339530458E-01
    0.124059524486193E-01    0.268736851879508E-01
    0.198410876549488E-02    0.221961583073416E-01
   -0.803872087092972E-02    0.180059318988759E-01
   -0.175497292466631E-01    0.142290474979164E-01
   -0.264867202453916E-01    0.108345569070758E-01
   -0.347079820369278E-01    0.781425346191362E-02
   -0.421197961448498E-01    0.511404293911258E-02
   -0.485839848484229E-01    0.278154456042234E-02
   -0.539798353318125E-01    0.750535487518002E-03
   -0.581498673089770E-01   -0.882058627185656E-03
   -0.608879573925155E-01   -0.217052478032764E-02
   -0.619203017667973E-01   -0.298222729428065E-02
   -0.608346587840515E-01   -0.335029343115531E-02
   -0.571009773510788E-01   -0.317046785593348E-02
   -0.500118126220740E-01   -0.253210836961242E-02
   -0.387446764734816E-01   -0.153410613228000E-02
   -0.223962179692918E-01   -0.506763419055694E-03
    0.000000000000000E+00    0.000000000000000E+00
    0.000000000000000E+00    0.000000000000000E+00
    0.365290234726121E-01    0.271012323075025E-02
    0.784920529108671E-01    0.109085934929081E-01
    0.122938886207404E+00    0.240409378760832E-01
    0.166405196703599E+00    0.414028503099578E-01
    0.205073906073236E+00    0.613536433828582E-01
    0.235286478613572E+00    0.818456923981843E-01
    0.254747411126811E+00    0.100998659316328E+00
    0.262522616481917E+00    0.116643444200728E+00
    0.259031516472785E+00    0.127730941159984E+00
    0.246593005261235E+00    0.133615113567402E+00
    0.227374448241719E+00    0.134451256391151E+00
    0.204646507011642E+00    0.131161365146300E+00
    0.180457430038287E+00    0.124607230656270E+00
    0.156882435688393E+00    0.116143001084298E+00
    0.134853624442261E+00    0.106583214424225E+00
    0.114916016426797E+00    0.968531175921319E-01
    0.970820634146538E-01    0.873702426172026E-01
    0.810902088713939E-01    0.784963034051005E-01
    0.666186591404794E-01    0.703235318378575E-01
    0.532790748619508E-01    0.628731313340393E-01
    0.407976453826477E-01    0.560971763143233E-01
    0.289444020903754E-01    0.499038511689775E-01
    0.176036559777762E-01    0.442204662834962E-01
    0.672484737298489E-02    0.389613735037971E-01
   -0.367983959440970E-02    0.340657634685974E-01
   -0.135475916104784E-01    0.294904084996420E-01
   -0.227998368926421E-01    0.251866899138220E-01
   -0.313272901392819E-01    0.211551585472354E-01
   -0.390302793986086E-01    0.173543553870257E-01
   -0.457925375669966E-01    0.138216198458588E-01
   -0.514982513285266E-01    0.105295499404071E-01
   -0.560146802188454E-01    0.755116010760488E-02
   -0.591419201339576E-01    0.489312066396556E-02
   -0.606405732028624E-01    0.266683906684332E-02
   -0.600690605501935E-01    0.924795444711108E-03
   -0.569123906014801E-01   -0.215017569324496E-03
   -0.503372560773225E-01   -0.739045515350735E-03
   -0.394458530570402E-01   -0.678232905679090E-03
   -0.230723394256298E-01   -0.275057816733891E-03
    0.000000000000000E+00    0.000000000000000E+00
    0.000000000000000E+00    0.000000000000000E+00
    0.313249695498727E-01    0.243195190889364E-02
    0.681311691870885E-01    0.985833493460448E-02
    0.107982616120979E+00    0.219498649754214E-01
    0.147988805746560E+00    0.381610646012923E-01
    0.184792610270365E+00    0.573082430918877E-01
    0.215178260858972E+00    0.774890749859871E-01
    0.236726751070510E+00    0.972698893046841E-01
    0.248209355102290E+00    0.114348966420030E+00
    0.249411773312741E+00    0.127751418924462E+00
    0.241910031800609E+00    0.136526548425326E+00
    0.227308844599000E+00    0.140467484487075E+00
    0.208308942227517E+00    0.140316804278094E+00
    0.186906618410871E+00    0.136519520047665E+00
    0.164995550827917E+00    0.130409758132761E+00
    0.143832345575153E+00    0.122669542189793E+00
    0.124034191143521E+00    0.114240654916422E+00
    0.105943550960782E+00    0.105668084244141E+00
    0.894379810255176E-01    0.972870109835139E-01
    0.743555775910890E-01    0.893979816233301E-01
    0.604182036703015E-01    0.819491743498388E-01
    0.473701230033902E-01    0.750685356128153E-01
    0.350486209453729E-01    0.685719963239669E-01
    0.232928424337966E-01    0.625077413443818E-01
    0.120901911980943E-01    0.567038202569724E-01
    0.139862285093506E-02    0.511777931517305E-01
   -0.869972323011055E-02    0.458241419362364E-01
   -0.181657466665925E-01    0.406414424950189E-01
   -0.268861407107709E-01    0.356022616325208E-01
   -0.347822433330852E-01    0.306853283788306E-01
   -0.417488092253721E-01    0.259362538613119E-01
   -0.476827116976621E-01    0.213222551196270E-01
   -0.524750672712164E-01    0.169562987935385E-01
   -0.559492359161929E-01    0.128227549989196E-01
   -0.578851822914446E-01    0.909802305718524E-02
   -0.578789198117010E-01    0.583094262931056E-02
   -0.553740984062543E-01    0.322633620797570E-02
   -0.495321202478128E-01    0.136589343786862E-02
   -0.392670526850803E-01    0.297633312334455E-03
   -0.232763892410967E-01   -0.179966432120496E-04
    0.000000000000000E+00    0.000000000000000E+00
    0.000000000000000E+00    0.000000000000000E+00
    0.267017466934712E-01    0.218006141803112E-02
    0.588036106647118E-01    0.889027664692546E-02
    0.942563490338511E-01    0.199396175799588E-01
    0.130652231326282E+00    0.350372333533499E-01
    0.165157442401778E+00    0.531311663167213E-01
    0.194883559727076E+00    0.728610146498448E-01
    0.217610636675659E+00    0.927229252147408E-01
    0.231806363050199E+00    0.110869313679800E+00
    0.236990303795003E+00    0.126124026897523E+00
    0.233969228648087E+00    0.137412446364238E+00
    0.223865350359636E+00    0.144394664476899E+00
    0.208854165530080E+00    0.147289571451291E+00
    0.190567237721211E+00    0.146504693990630E+00
    0.170924784343216E+00    0.142995665648231E+00
    0.151087428554249E+00    0.137421429807692E+00
    0.131966042120157E+00    0.130699762436656E+00
    0.114008407265418E+00    0.123323657421113E+00
    0.973175104936236E-01    0.115816759797854E+00
    0.819010546905050E-01    0.108397313364755E+00
    0.675386526868396E-01    0.101234578757379E+00
    0.541258753877960E-01    0.943579572801587E-01
    0.414422744543746E-01    0.877533333563953E-01
    0.294416925937696E-01    0.813734223862255E-01
    0.180097921067472E-01    0.751556559798577E-01
    0.719042100226326E-02    0.690424877820029E-01
   -0.303718020368422E-02    0.629918925687588E-01
   -0.125690801554662E-01    0.569592839018988E-01
   -0.213779502116502E-01    0.509474458426827E-01
   -0.293392428398833E-01    0.449281960012682E-01
   -0.364145976707597E-01    0.389512064914168E-01
   -0.424746646584790E-01    0.330096207045221E-01
   -0.474716583813586E-01    0.272000135861137E-01
   -0.512186874702798E-01    0.215585232330975E-01
   -0.535752718730419E-01    0.162392394079383E-01
   -0.541113140252459E-01    0.113706465954771E-01
   -0.523662040954405E-01    0.717335680238074E-02
   -0.473772473435917E-01    0.384026805120810E-02
   -0.380917455166852E-01    0.152652971012271E-02
   -0.228834137687276E-01    0.325134766696029E-03
    0.000000000000000E+00    0.000000000000000E+00
    0.000000000000000E+00    0.000000000000000E+00
    0.225185259139838E-01    0.193562173936220E-02
    0.502769254431232E-01    0.794960019333491E-02
    0.815794144660526E-01    0.179957099652164E-01
    0.114445651806167E+00    0.318865267187995E-01
    0.146421266018408E+00    0.489202763996135E-01
    0.175095330054808E+00    0.678637914742107E-01
    0.198275898573365E+00    0.876492228093445E-01
    0.214474450364234E+00    0.106385194053397E+00
    0.222813551020917E+00    0.123135988502759E+00
    0.223668507626084E+00    0.136584002937527E+00
    0.217664899313749E+00    0.146252480523353E+00
    0.206457136140041E+00    0.152133894226417E+00
    0.191465691170051E+00    0.154283429181257E+00
    0.174303532172374E+00    0.153561023798457E+00
    0.156267726776636E+00    0.150386318236355E+00
    0.138207599560512E+00    0.145646876382201E+00
    0.120832278710161E+00    0.139844425715994E+00
    0.104324204019589E+00    0.133455618802188E+00
    0.888702153663138E-01    0.126868392714285E+00
    0.743716669451651E-01    0.120163802377429E+00
    0.607657780343344E-01    0.113576452699702E+00
    0.479469949616617E-01    0.106975699190987E+00
    0.358158980397715E-01    0.100489744035408E+00
    0.243515462174565E-01    0.939352596545216E-01
    0.135081761458746E-01    0.873862984488925E-01
    0.333420898690371E-02    0.806975190047391E-01
   -0.615323867260487E-02    0.739168889714002E-01
   -0.148826480173027E-01    0.669767202142691E-01
   -0.227953670932032E-01    0.599070903949993E-01
   -0.298337268271006E-01    0.527291952093734E-01
   -0.359140788937769E-01    0.454600179771333E-01
   -0.409940707862631E-01    0.382104450382342E-01
   -0.449352260395324E-01    0.310083822236146E-01
   -0.476210010125124E-01    0.240576829005318E-01
   -0.487056609313374E-01    0.174794883250905E-01
   -0.477221062111991E-01    0.115771081886924E-01
   -0.438006485213583E-01    0.662126847711101E-02
   -0.357233166067662E-01    0.285487287617684E-02
   -0.218426958944661E-01    0.692712801018586E-03
    0.000000000000000E+00    0.000000000000000E+00
    0.000000000000000E+00    0.000000000000000E+00
    0.188308936517071E-01    0.171454097007255E-02
    0.426771492164464E-01    0.708130989434845E-02
    0.701093835154313E-01    0.161416517146533E-01
    0.994738529426551E-01    0.288725590201566E-01
    0.128754796916513E+00    0.446791459891102E-01
    0.155818890249896E+00    0.627434167371628E-01
    0.178791635322102E+00    0.819798292066053E-01
    0.196087222289274E+00    0.100975780970342E+00
    0.206816763514310E+00    0.118644261842417E+00
    0.210852496706768E+00    0.133793615879748E+00
    0.208530472927394E+00    0.145805576544433E+00
    0.201004159429719E+00    0.154355893313888E+00
    0.189344391633551E+00    0.159440332162672E+00
    0.175014941645772E+00    0.161507300167138E+00
    0.159102014951986E+00    0.160949667787494E+00
    0.142599689389284E+00    0.158467781831627E+00
    0.126202933404111E+00    0.154511209495205E+00
    0.110281558402240E+00    0.149622640112894E+00
    0.951431834198981E-01    0.144100865516393E+00
    0.807645107230545E-01    0.138214819911878E+00
    0.672522984962800E-01    0.132087313158061E+00
    0.544525952179426E-01    0.125782214542389E+00
    0.424321942020561E-01    0.119311869554153E+00
    0.310479571416857E-01    0.112645489131642E+00
    0.203982451510190E-01    0.105754683392424E+00
    0.103852185739490E-01    0.985975093522162E-01
    0.114337853052321E-02    0.911475654782455E-01
   -0.739397634016105E-02    0.833982392802198E-01
   -0.150788753954035E-01    0.753428586599160E-01
   -0.219684559942110E-01    0.670295059342414E-01
   -0.279193208446042E-01    0.584779235742902E-01
   -0.329855104060041E-01    0.497977820372411E-01
   -0.370008617682288E-01    0.410529542225441E-01
   -0.399630410417749E-01    0.324284207945641E-01
   -0.415148680122457E-01    0.241144846819687E-01
   -0.413652068086758E-01    0.164264029961036E-01
   -0.385657605757833E-01    0.974791911311619E-02
   -0.320911182639550E-01    0.445815560748281E-02
   -0.199697716341561E-01    0.115205213182474E-02
    0.000000000000000E+00    0.000000000000000E+00
    0.000000000000000E+00    0.000000000000000E+00
    0.155486399662493E-01    0.150212057130863E-02
    0.358354563153868E-01    0.625146534733589E-02
    0.596708802468069E-01    0.143706113617142E-01
    0.857001747232656E-01    0.259001428775863E-01
    0.112196869657283E+00    0.404896519508470E-01
    0.137446866515334E+00    0.574232937575948E-01
    0.159669009295408E+00    0.759837702662566E-01
    0.177508772373537E+00    0.947774424995047E-01
    0.189849825619682E+00    0.113024909179634E+00
    0.196439959861974E+00    0.129387535254191E+00
    0.197210725058043E+00    0.143295376903873E+00
    0.192981716405691E+00    0.154216682655622E+00
    0.184525029365506E+00    0.161931996327490E+00
    0.173005716665077E+00    0.166754767940046E+00
    0.159468105087508E+00    0.168810106586142E+00
    0.144766786498182E+00    0.168740583156177E+00
    0.129729856454783E+00    0.166875628441777E+00
    0.114739630473025E+00    0.163710272743225E+00
    0.100241955494849E+00    0.159605535880316E+00
    0.863183431428849E-01    0.154747894399674E+00
    0.731185816412127E-01    0.149428040197726E+00
    0.606307645073765E-01    0.143589211078516E+00
    0.488640485559987E-01    0.137435808494799E+00
    0.378197758649703E-01    0.130795192926574E+00
    0.274782440513635E-01    0.123813168970836E+00
    0.178679665246429E-01    0.116304767763711E+00
    0.898936968208155E-02    0.108387432215494E+00
    0.871255642467424E-03    0.999307813205009E-01
   -0.645635110437439E-02    0.910374503681833E-01
   -0.129919781770539E-01    0.816722445445004E-01
   -0.186794439094347E-01    0.719225422695746E-01
   -0.235543546220747E-01    0.618705190828698E-01
   -0.275210083899634E-01    0.515987100567694E-01
   -0.306070308340759E-01    0.413196307525710E-01
   -0.325671684148114E-01    0.312130911965507E-01
   -0.331707503766333E-01    0.216743547208859E-01
   -0.316640086367345E-01    0.131531709200515E-01
   -0.269651746951743E-01    0.612872362236047E-02
   -0.172716786387341E-01    0.163296944945878E-02
    0.000000000000000E+00    0.000000000000000E+00
    0.000000000000000E+00    0.000000000000000E+00
    0.126824900012897E-01    0.131229852845624E-02
    0.298073814978718E-01    0.549047850232250E-02
    0.503605167506425E-01    0.127072454404268E-01
    0.732055217410183E-01    0.230972009738561E-01
    0.969469742031896E-01    0.363874576195044E-01
    0.120083197277267E+00    0.521538862237862E-01
    0.141166648867942E+00    0.696919104953269E-01
    0.158842068818577E+00    0.880311924668840E-01
    0.172149470316164E+00    0.106296847543738E+00
    0.180532244870757E+00    0.123417995108823E+00
    0.183841462958827E+00    0.138701752510785E+00
    0.182483351387463E+00    0.151524735091747E+00
    0.176999888703430E+00    0.161599395100827E+00
    0.168314688780455E+00    0.168916223955279E+00
    0.157248160196348E+00    0.173577685246211E+00
    0.144658522819586E+00    0.175950262588102E+00
    0.131269762154050E+00    0.176333775646887E+00
    0.117579393833640E+00    0.175140823331952E+00
    0.104068935945534E+00    0.172666912430573E+00
    0.908950330332457E-01    0.169182229451026E+00
    0.783393137957870E-01    0.164878072072208E+00
    0.663631237350714E-01    0.159856155018288E+00
    0.551492267924575E-01    0.154202536178508E+00
    0.445839541431336E-01    0.147906772656527E+00
    0.348243879592548E-01    0.140994223996823E+00
    0.257357732871237E-01    0.133412409349262E+00
    0.174764722002967E-01    0.125172813478979E+00
    0.990134675498647E-02    0.116238370199949E+00
    0.316776388239216E-02    0.106636864750569E+00
   -0.288004862918439E-02    0.963875889325461E-01
   -0.809573540809604E-02    0.855469401528321E-01
   -0.126451517952903E-01    0.742160429099418E-01
   -0.163894453731367E-01    0.624914862702832E-01
   -0.194925649192390E-01    0.505745362544096E-01
   -0.217238542279832E-01    0.387042901174315E-01
   -0.230910955981689E-01    0.272786976609820E-01
   -0.228625735865176E-01    0.168632701696793E-01
   -0.203457225546940E-01    0.808347097789302E-02
   -0.135137493213595E-01    0.220662892688813E-02
    0.000000000000000E+00    0.000000000000000E+00
    0.000000000000000E+00    0.000000000000000E+00
    0.101786909808565E-01    0.113214918105295E-02
    0.244716279839044E-01    0.477804066603958E-02
    0.420284926175234E-01    0.111449746968223E-01
    0.619100114444414E-01    0.204028336330822E-01
    0.829312878461459E-01    0.324318764373873E-01
    0.103910929780090E+00    0.468835346081124E-01
    0.123513009343540E+00    0.633272972780752E-01
    0.140663585668590E+00    0.808447964399348E-01
    0.154294600321373E+00    0.988539066922718E-01
    0.163929563140268E+00    0.116230363498541E+00
    0.169123878700406E+00    0.132433121070469E+00
    0.170163824894886E+00    0.146703065313909E+00
    0.167278992938348E+00    0.158676996981158E+00
    0.161204539286331E+00    0.168228319976110E+00
    0.152589616332007E+00    0.175234121884514E+00
    0.142159563806281E+00    0.180010749477106E+00
    0.130627452554689E+00    0.182649743361721E+00
    0.118463851578903E+00    0.183547556944428E+00
    0.106205135359025E+00    0.182917709167135E+00
    0.940792507742619E-01    0.180997135753485E+00
    0.823867223735915E-01    0.178025712654123E+00
    0.712275257854787E-01    0.174028307586627E+00
    0.607224046144776E-01    0.169221272012594E+00
    0.509299405833094E-01    0.163470903638894E+00
    0.418735510582134E-01    0.156968489874928E+00
    0.335929832434360E-01    0.149501194073758E+00
    0.260764568041155E-01    0.141254556960845E+00
    0.193275660624161E-01    0.132015006093264E+00
    0.133359167898162E-01    0.121972164335312E+00
    0.804762564694539E-02    0.110989835024690E+00
    0.347472800203705E-02    0.992486905159678E-01
   -0.505871601963241E-03    0.867586094528162E-01
   -0.384787531507824E-02    0.736773413640326E-01
   -0.675578779507660E-02    0.602001378464374E-01
   -0.911023091102404E-02    0.465596255120475E-01
   -0.110820787950305E-01    0.332347409032007E-01
   -0.122060043167825E-01    0.208254569538660E-01
   -0.119618561124452E-01    0.100781851955336E-01
   -0.875237099799201E-02    0.280037902794322E-02
    0.000000000000000E+00    0.000000000000000E+00
    0.000000000000000E+00    0.000000000000000E+00
    0.801553151136875E-02    0.974034716766133E-03
    0.198291152729684E-01    0.413194703295917E-02
    0.347014452342066E-01    0.970547198624315E-02
    0.518400158761407E-01    0.179073828498597E-01
    0.702883917729126E-01    0.286686837708985E-01
    0.890208293295239E-01    0.418263410588167E-01
    0.106985069195185E+00    0.569752106432682E-01
    0.123146418644716E+00    0.735220160084571E-01
    0.136658717205483E+00    0.908381573180301E-01
    0.146876969747041E+00    0.108100510484767E+00
    0.153429334649746E+00    0.124680996370496E+00
    0.156296262120848E+00    0.139896648845617E+00
    0.155627381900378E+00    0.153324653445647E+00
    0.151900138186450E+00    0.164663687742443E+00
    0.145607212828427E+00    0.173780135427698E+00
    0.137381044781033E+00    0.180723193929435E+00
    0.127803008131435E+00    0.185590470569097E+00
    0.117380880347285E+00    0.188589058924997E+00
    0.106609473812325E+00    0.189916595866616E+00
    0.957759499431644E-01    0.189761506949328E+00
    0.852388048335857E-01    0.188308944426796E+00
    0.750982563092203E-01    0.185647430794041E+00
    0.656060235466314E-01    0.181900995156104E+00
    0.567390209184768E-01    0.177056101585682E+00
    0.486891366089233E-01    0.171182851055083E+00
    0.413474407929659E-01    0.164200432853245E+00
    0.348770056740600E-01    0.156159923912298E+00
    0.290943217726776E-01    0.146963182611841E+00
    0.241461237979470E-01    0.136677470406012E+00
    0.197835483614859E-01    0.125248551655679E+00
    0.161399713217471E-01    0.112778108038697E+00
    0.129183174768284E-01    0.993177976917077E-01
    0.102289843616225E-01    0.850080551846694E-01
    0.770559454500444E-02    0.700445835284898E-01
    0.542618501169706E-02    0.547109075521360E-01
    0.293961351597378E-02    0.394778414845992E-01
    0.532088111812713E-03    0.250701898761468E-01
   -0.188253034353051E-02    0.123687266546648E-01
   -0.271850726062126E-02    0.348932751573861E-02
    0.000000000000000E+00    0.000000000000000E+00
    0.000000000000000E+00    0.000000000000000E+00
    0.616409557827842E-02    0.825975979842131E-03
    0.157923762697518E-01    0.354021092351726E-02
    0.282599138604894E-01    0.837871188706896E-02
    0.428976604014982E-01    0.155700486012107E-01
    0.588982992763887E-01    0.251298980998173E-01
    0.754563777938758E-01    0.369458596612335E-01
    0.916260011610524E-01    0.507944664404701E-01
    0.106619622746341E+00    0.661423086646640E-01
    0.119562452103399E+00    0.825920557560598E-01
    0.129973336978750E+00    0.993328602824957E-01
    0.137295884915467E+00    0.115912818320529E+00
    0.141540442010573E+00    0.131597390216562E+00
    0.142596436851321E+00    0.145985362865049E+00
    0.140878085303059E+00    0.158713862314682E+00
    0.136661547184587E+00    0.169502865411145E+00
    0.130500619590907E+00    0.178388572567247E+00
    0.122868050123843E+00    0.185238997072998E+00
    0.114236677494021E+00    0.190300813982965E+00
    0.105075766099674E+00    0.193568588406254E+00
    0.957072549029497E-01    0.195283880108145E+00
    0.864759194185594E-01    0.195519035066402E+00
    0.775883919359416E-01    0.194384634554206E+00
    0.692346685862308E-01    0.191991910881262E+00
    0.615573232748237E-01    0.188286226226069E+00
    0.546161604682981E-01    0.183411047979139E+00
    0.485034080259803E-01    0.177160356154653E+00
    0.431922144409205E-01    0.169730956168295E+00
    0.386970152141754E-01    0.160817065909273E+00
    0.349521615255777E-01    0.150679337667410E+00
    0.318589034997792E-01    0.139019466345373E+00
    0.293596159537411E-01    0.126131187315496E+00
    0.272262515784487E-01    0.111875937498734E+00
    0.254408880616650E-01    0.965212696177004E-01
    0.235832778752916E-01    0.801973455012379E-01
    0.216403420256787E-01    0.632051808256718E-01
    0.188648741847091E-01    0.460934030339939E-01
    0.152656011485797E-01    0.295833392929862E-01
    0.102033034727696E-01    0.147011120171000E-01
    0.451433822465713E-02    0.420473202843324E-02
    0.000000000000000E+00    0.000000000000000E+00
    0.000000000000000E+00    0.000000000000000E+00
    0.458372139600244E-02    0.698374577457545E-03
    0.123271433472946E-01    0.300980742257195E-02
    0.226737670063615E-01    0.717881771208936E-02
    0.350543785550349E-01    0.134440687017902E-01
    0.488086171523364E-01    0.218511986823400E-01
    0.632434904158407E-01    0.323937769461464E-01
    0.776225594455949E-01    0.448739097777083E-01
    0.912110876306576E-01    0.589796561516352E-01
    0.103345473594235E+00    0.743006555929990E-01
    0.113465245296171E+00    0.902867240981469E-01
    0.121156930046103E+00    0.106438125512165E+00
    0.126228329051210E+00    0.122175701920095E+00
    0.128603917331054E+00    0.137059077075601E+00
    0.128475223353030E+00    0.150687565016899E+00
    0.126057696504148E+00    0.162784348013977E+00
    0.121769538702487E+00    0.173198375755826E+00
    0.115982221169798E+00    0.181836252805463E+00
    0.109145091341471E+00    0.188727518141745E+00
    0.101649666368691E+00    0.193908169616167E+00
    0.938535682847758E-01    0.197469422058166E+00
    0.860889504011857E-01    0.199496028485827E+00
    0.785858140991953E-01    0.200048593813147E+00
    0.715980390542354E-01    0.199200378445238E+00
    0.652317937877033E-01    0.196936048972600E+00
    0.596759083508608E-01    0.193297956743229E+00
    0.549117287157271E-01    0.188180412997444E+00
    0.510859192334246E-01    0.181619145646016E+00
    0.480266458128292E-01    0.173432319232427E+00
    0.458573953314857E-01    0.163691761114580E+00
    0.442353261075300E-01    0.152208330154846E+00
    0.432769718341585E-01    0.139120469866778E+00
    0.424935418062794E-01    0.124360090305067E+00
    0.419865700696646E-01    0.108122416514726E+00
    0.410981372005140E-01    0.905606065653298E-01
    0.397808016054599E-01    0.720096532359927E-01
    0.369569432577594E-01    0.530108598025822E-01
    0.322610979135650E-01    0.344191240562472E-01
    0.242165860071543E-01    0.173692260996065E-01
    0.132412748186665E-01    0.502885052400069E-02
    0.000000000000000E+00    0.000000000000000E+00
    0.000000000000000E+00    0.000000000000000E+00
    0.326146626592286E-02    0.580075152346648E-03
    0.937075321044574E-02    0.253233396098995E-02
    0.178520526283712E-01    0.609019682226177E-02
    0.282109919066631E-01    0.114957022440515E-01
    0.398911632826811E-01    0.188358655715767E-01
    0.523402719638076E-01    0.281340550026057E-01
    0.649130904227592E-01    0.393009741723904E-01
    0.770573189359421E-01    0.520763028371775E-01
    0.881269843844486E-01    0.662081955929199E-01
    0.977250178214714E-01    0.811893958478195E-01
    0.105346884817870E+00    0.966711885300806E-01
    0.110894078566049E+00    0.112084588419965E+00
    0.114116240937064E+00    0.127055865345865E+00
    0.115223602683983E+00    0.141180513217287E+00
    0.114244303559040E+00    0.154114086388014E+00
    0.111571270489624E+00    0.165734265130851E+00
    0.107442092188036E+00    0.175757944472326E+00
    0.102276510647051E+00    0.184303874130716E+00
    0.964027782453203E-01    0.191157896201184E+00
    0.901775993697646E-01    0.196549270610915E+00
    0.839074084838378E-01    0.200320201205874E+00
    0.778756214149505E-01    0.202678625075894E+00
    0.722933031857820E-01    0.203510530108729E+00
    0.673931874571827E-01    0.202901492353693E+00
    0.632545394082300E-01    0.200795515125998E+00
    0.600656572747226E-01    0.197081418156023E+00
    0.577787394947815E-01    0.191818199432701E+00
    0.564759555328335E-01    0.184640870898377E+00
    0.560175412434145E-01    0.175796074340511E+00
    0.562841042631102E-01    0.164748086398413E+00
    0.571163927311932E-01    0.151906541131875E+00
    0.581363656878711E-01    0.136848388259639E+00
    0.592365765473701E-01    0.120007346021173E+00
    0.597035262667408E-01    0.101349864498701E+00
    0.593999529647268E-01    0.813030364449261E-01
    0.568130430009334E-01    0.604531573767611E-01
    0.513681131230679E-01    0.396380594668534E-01
    0.404710921919720E-01    0.201390651047552E-01
    0.234219117954158E-01    0.590381055651164E-02
    0.000000000000000E+00    0.000000000000000E+00
    0.000000000000000E+00    0.000000000000000E+00
    0.215121646026425E-02    0.478459218190629E-03
    0.687325753470969E-02    0.210524389060323E-02
    0.137319907318289E-01    0.511508655929669E-02
    0.223009535677399E-01    0.974327731870580E-02
    0.321148222568656E-01    0.160939082862972E-01
    0.427031249171525E-01    0.242447032295514E-01
    0.535614344315105E-01    0.341262887077862E-01
    0.641916929638332E-01    0.456143166178218E-01
    0.741131250410944E-01    0.584600300930211E-01
    0.829037037792755E-01    0.723475912076542E-01
    0.902068402585163E-01    0.869081387037075E-01
    0.958047924305523E-01    0.101737363895368E+00
    0.995386656170343E-01    0.116439544807973E+00
    0.101452521112459E+00    0.130662656865031E+00
    0.101591076374743E+00    0.144069336674238E+00
    0.100211407112527E+00    0.156454967912157E+00
    0.975055186764286E-01    0.167584585245468E+00
    0.938352192860415E-01    0.177409367701320E+00
    0.894587182349933E-01    0.185789682980048E+00
    0.847442093692322E-01    0.192778711682003E+00
    0.799486777059455E-01    0.198288199359997E+00
    0.753906236532101E-01    0.202402638662093E+00
    0.712877845033919E-01    0.205032659222282E+00
    0.678797433625644E-01    0.206226519005444E+00
    0.653343547537366E-01    0.205865066644951E+00
    0.637769465577268E-01    0.203901749772088E+00
    0.633311920278359E-01    0.200200301264073E+00
    0.639040148977957E-01    0.194535617719730E+00
    0.656032837644008E-01    0.186855844009506E+00
    0.679818504431866E-01    0.176778211849248E+00
    0.711707060374970E-01    0.164415254630031E+00
    0.743303542203474E-01    0.149461030486821E+00
    0.776241481954277E-01    0.132164765093683E+00
    0.798829772534088E-01    0.112574306582538E+00
    0.810486437349468E-01    0.910990968620524E-01
    0.791416110019107E-01    0.683633590314582E-01
    0.730339323833158E-01    0.453180014071448E-01
    0.590336285878159E-01    0.233423071558865E-01
    0.353913613943005E-01    0.692110021222443E-02
    0.000000000000000E+00    0.000000000000000E+00
    0.000000000000000E+00    0.000000000000000E+00
    0.125064518847560E-02    0.383499461377712E-03
    0.479446384652938E-02    0.171921897070958E-02
    0.102503563600510E-01    0.423007485867892E-02
    0.172385730906777E-01    0.814851870137750E-02
    0.253656521307510E-01    0.135990325531741E-01
    0.342492568429969E-01    0.206746463554016E-01
    0.434593804546093E-01    0.293657546142397E-01
    0.526198318359975E-01    0.395846118278935E-01
    0.612886551633640E-01    0.511799264276509E-01
    0.691710512109389E-01    0.638804758639137E-01
    0.758822591116705E-01    0.774283392814690E-01
    0.813030355035215E-01    0.914529231638328E-01
    0.851792369180263E-01    0.105637067255618E+00
    0.876059416267111E-01    0.119652871446709E+00
    0.885011417986253E-01    0.133160213074457E+00
    0.881276999260421E-01    0.145998198222868E+00
    0.865691590759923E-01    0.157821956676540E+00
    0.841633910902509E-01    0.168682060035049E+00
    0.811111558811565E-01    0.178230088389856E+00
    0.777496179081460E-01    0.186692831583308E+00
    0.743264620362080E-01    0.193704317716949E+00
    0.711539575710407E-01    0.199588674475271E+00
    0.684487309720304E-01    0.203945059031897E+00
    0.665185676398034E-01    0.207090084972412E+00
    0.654730032119325E-01    0.208594784481707E+00
    0.656323383446221E-01    0.208644758294865E+00
    0.669232274248618E-01    0.206866547834564E+00
    0.696260076249737E-01    0.203021458974223E+00
    0.734995882871507E-01    0.197098087139161E+00
    0.784723121154313E-01    0.188284399431657E+00
    0.842460201131849E-01    0.177039117994399E+00
    0.902050074697987E-01    0.162375800858562E+00
    0.960945374117224E-01    0.145035813780692E+00
    0.100720218237850E+00    0.124612867445118E+00
    0.103856851059220E+00    0.101793076610795E+00
    0.102992954965571E+00    0.771364397957370E-01
    0.969320959019964E-01    0.516526736303886E-01
    0.800891684211018E-01    0.267956251800491E-01
    0.492044892373452E-01    0.804758793184761E-02
    0.000000000000000E+00    0.000000000000000E+00
    0.000000000000000E+00    0.000000000000000E+00
    0.522325516896333E-03    0.298459731429584E-03
    0.308650966472439E-02    0.136438340823051E-02
    0.733800630008096E-02    0.342420665109067E-02
    0.129433081243630E-01    0.669951951767751E-02
    0.195668777487224E-01    0.113282556483461E-01
    0.268895060274775E-01    0.174277837710716E-01
    0.345715709527800E-01    0.250046814431933E-01
    0.422886090850939E-01    0.340451838608106E-01
    0.497142755692984E-01    0.444070151114966E-01
    0.565579612862218E-01    0.559426629306600E-01
    0.625569136370939E-01    0.683862234664805E-01
    0.675284166709161E-01    0.815064636447138E-01
    0.713211134014294E-01    0.949662536906816E-01
    0.739154689642571E-01    0.108537285380035E+00
    0.752896138157578E-01    0.121867645411408E+00
    0.755880974160433E-01    0.134815525825638E+00
    0.749016622508575E-01    0.147052621250217E+00
    0.734932153391568E-01    0.158567199413384E+00
    0.715275558587087E-01    0.169062219311980E+00
    0.693285292205923E-01    0.178653969531451E+00
    0.670933511108307E-01    0.187051153555651E+00
    0.651669141118014E-01    0.194467144088066E+00
    0.637461486433400E-01    0.200562602836496E+00
    0.631792930670386E-01    0.205598547301239E+00
    0.636428914367216E-01    0.209128510538338E+00
    0.654353239348565E-01    0.211402630451976E+00
    0.686548883718823E-01    0.211802032312384E+00
    0.735121342128893E-01    0.210334207094201E+00
    0.800884789088328E-01    0.206477291627928E+00
    0.878697241778520E-01    0.199670817326054E+00
    0.970677916596180E-01    0.189755934743683E+00
    0.106222289415334E+00    0.175971860788952E+00
    0.115671652131215E+00    0.158662862927859E+00
    0.123220316276176E+00    0.137629700524159E+00
    0.129116157327844E+00    0.113395203707826E+00
    0.129981415217152E+00    0.867389998482756E-01
    0.123990478057054E+00    0.586830230086830E-01
    0.104180477499908E+00    0.308548966149903E-01
    0.652786686962108E-01    0.937137331265679E-02
    0.000000000000000E+00    0.000000000000000E+00
    0.000000000000000E+00    0.000000000000000E+00
   -0.292545519395366E-04    0.215341735928576E-03
    0.173427954388610E-02    0.102770226715444E-02
    0.496198363662041E-02    0.266671001766201E-02
    0.935757369397990E-02    0.535035171314758E-02
    0.146368286830227E-01    0.923009668247259E-02
    0.205404673463978E-01    0.144327587933018E-01
    0.267901001401096E-01    0.209942507287101E-01
    0.331405879045582E-01    0.289252642778635E-01
    0.393103098926511E-01    0.381381317270014E-01
    0.450974874016859E-01    0.485163287231195E-01
    0.502436651515748E-01    0.598724001972177E-01
    0.546468262176037E-01    0.719968909175080E-01
    0.581116666727586E-01    0.846372060161835E-01
    0.606746422563337E-01    0.975708936401230E-01
    0.622373160628133E-01    0.110505568317974E+00
    0.629660898363663E-01    0.123304160878759E+00
    0.628755421545762E-01    0.135640337945514E+00
    0.622141884746221E-01    0.147539569650758E+00
    0.611054255797704E-01    0.158625842424160E+00
    0.598276264405744E-01    0.169125447290558E+00
    0.585899495951200E-01    0.178571788697745E+00
    0.576803462322458E-01    0.187401890606155E+00
    0.573503667912722E-01    0.194981463386671E+00
    0.579300672821259E-01    0.201956924698534E+00
    0.596457951065848E-01    0.207433937820566E+00
    0.629338691528100E-01    0.212135262863278E+00
    0.677299602399228E-01    0.214834220737043E+00
    0.747491616814261E-01    0.216232082340103E+00
    0.836473762292275E-01    0.215198435478248E+00
    0.947404689444303E-01    0.210702792340540E+00
    0.107542435947711E+00    0.203126357409649E+00
    0.120837771441324E+00    0.190464563939217E+00
    0.134344166935190E+00    0.173895541435550E+00
    0.145863275106194E+00    0.152186807400584E+00
    0.155078045065091E+00    0.126658326301485E+00
    0.158144203051575E+00    0.977423498869018E-01
    0.153409489469688E+00    0.668319582196941E-01
    0.131015217914939E+00    0.354160962983247E-01
    0.838190551109621E-01    0.109159134383167E-01
    0.000000000000000E+00    0.000000000000000E+00
    0.000000000000000E+00    0.000000000000000E+00
   -0.421237670008263E-03    0.134003435063947E-03
    0.701619193807524E-03    0.700986174489911E-03
    0.306423237752180E-02    0.194450378795408E-02
    0.640745658154328E-02    0.407565214570936E-02
    0.104879079803861E-01    0.726368522340297E-02
    0.151035771072472E-01    0.116385571000717E-01
    0.200328373807662E-01    0.172580672457155E-01
    0.250825957518768E-01    0.241593209925074E-01
    0.300465024300637E-01    0.322737612948860E-01
    0.347426463061213E-01    0.415489787789423E-01
    0.390023056937929E-01    0.517992430468864E-01
    0.426923323065772E-01    0.629142890113845E-01
    0.457095785359997E-01    0.746175534062280E-01
    0.480105816304141E-01    0.867985858598890E-01
    0.495736536696036E-01    0.991219196515119E-01
    0.504630029076375E-01    0.111544740439771E+00
    0.507365871910216E-01    0.123697644271732E+00
    0.505567607051904E-01    0.135660624972991E+00
    0.500465929708720E-01    0.147038375753722E+00
    0.494459158057509E-01    0.158065917405119E+00
    0.489254802128562E-01    0.168302313910885E+00
    0.487937989473707E-01    0.178156401342714E+00
    0.492593829879867E-01    0.187075594755306E+00
    0.507172017942696E-01    0.195673631022763E+00
    0.533733363489595E-01    0.203123598566571E+00
    0.577636881682071E-01    0.210176186444225E+00
    0.640931827461034E-01    0.215579241131846E+00
    0.731194727832875E-01    0.220511910390386E+00
    0.847702703380614E-01    0.222667015151401E+00
    0.993232423076224E-01    0.221747584930180E+00
    0.117151128006325E+00    0.216954297543117E+00
    0.135041023149436E+00    0.206612772072826E+00
    0.154569612139230E+00    0.190617575334916E+00
    0.170754734012397E+00    0.168589392415881E+00
    0.184534377797186E+00    0.141365794148053E+00
    0.190655786224361E+00    0.110112111246676E+00
    0.187115694417026E+00    0.759162217612825E-01
    0.162313358553368E+00    0.407244048148084E-01
    0.105279405379473E+00    0.126851740269730E-01
    0.000000000000000E+00    0.000000000000000E+00
    0.000000000000000E+00    0.000000000000000E+00
   -0.645482879636929E-03    0.482208339637443E-04
   -0.672668705162244E-06    0.371345752407820E-03
    0.164453671668504E-02    0.123346269310806E-02
    0.407547155467621E-02    0.284495286980800E-02
    0.709199178530775E-02    0.538147239162815E-02
    0.105390790323242E-01    0.898503501168945E-02
    0.142489102604118E-01    0.137176470628842E-01
    0.180818671504147E-01    0.196405656653940E-01
    0.218755997053342E-01    0.267063966312438E-01
    0.255099019793976E-01    0.348855541815453E-01
    0.288316431856013E-01    0.440450121831054E-01
    0.317717998623306E-01    0.540746325299323E-01
    0.342047742720706E-01    0.647874634312305E-01
    0.361433430813268E-01    0.760344665886323E-01
    0.375110393216504E-01    0.875988416984431E-01
    0.384086848440503E-01    0.993614288590833E-01
    0.388283120991389E-01    0.111081359609606E+00
    0.389371199932125E-01    0.122747466957063E+00
    0.388121844892395E-01    0.134076628819994E+00
    0.386538254374712E-01    0.145243528137202E+00
    0.386414827226653E-01    0.155867290075166E+00
    0.389885444862771E-01    0.166402156663562E+00
    0.400038640591737E-01    0.176240983477422E+00
    0.419379137628014E-01    0.186241176250484E+00
    0.451653423628891E-01    0.195308926519102E+00
    0.501962095393342E-01    0.204909699082809E+00
    0.574840576203067E-01    0.212803650225134E+00
    0.680025204396561E-01    0.221939350174138E+00
    0.809421822730303E-01    0.227592120518892E+00
    0.990195080532440E-01    0.231661299973257E+00
    0.121230124658000E+00    0.232177640726913E+00
    0.146062479863552E+00    0.224148876193911E+00
    0.172226976211589E+00    0.210317255001954E+00
    0.195223723529350E+00    0.187489139743964E+00
    0.214074682054028E+00    0.158605068920816E+00
    0.223971725039874E+00    0.124493345446448E+00
    0.223474039409364E+00    0.868082485780009E-01
    0.196302039618352E+00    0.468453254596495E-01
    0.130220601704178E+00    0.146999254858907E-01
    0.000000000000000E+00    0.000000000000000E+00
    0.000000000000000E+00    0.000000000000000E+00
   -0.707924534738853E-03   -0.327927662593205E-04
   -0.406990241178168E-03    0.583513225019490E-04
    0.652455006029158E-03    0.556564215575987E-03
    0.230275902231644E-02    0.166708583649929E-02
    0.437567917709979E-02    0.358636565126106E-02
    0.677868331163203E-02    0.643274298628984E-02
    0.937358005868502E-02    0.103059695759348E-01
    0.120811979422264E-01    0.152460622855232E-01
    0.147770649116745E-01    0.212515091690976E-01
    0.173801450016292E-01    0.282955307038895E-01
    0.197879915111733E-01    0.362775304944893E-01
    0.219324089525378E-01    0.451277831820600E-01
    0.237488795176451E-01    0.546586835332572E-01
    0.252070864296044E-01    0.647999879961242E-01
    0.262915179742597E-01    0.752954678391805E-01
    0.270285875208728E-01    0.861289927085658E-01
    0.274528220026513E-01    0.969956465376190E-01
    0.276546920040755E-01    0.107986869598929E+00
    0.277125695343420E-01    0.118765210661892E+00
    0.277840217049398E-01    0.129576655660890E+00
    0.279867630606416E-01    0.140051440058564E+00
    0.285593965971913E-01    0.150644315115119E+00
    0.296604342999105E-01    0.160905143379359E+00
    0.316595998136339E-01    0.171574469722246E+00
    0.348313824959455E-01    0.181945110388675E+00
    0.399501346179248E-01    0.193288797382194E+00
    0.475501314149954E-01    0.204095246845058E+00
    0.584278027328237E-01    0.217269852036718E+00
    0.726293526731756E-01    0.227682627500838E+00
    0.948163735662055E-01    0.240175101081830E+00
    0.124882470461435E+00    0.246326835287906E+00
    0.157691422273136E+00    0.243079149035712E+00
    0.193128971928107E+00    0.231130229415099E+00
    0.222790020489093E+00    0.209209973675835E+00
    0.248762589102599E+00    0.177544411619253E+00
    0.264145058747392E+00    0.140672712931664E+00
    0.265596053741102E+00    0.988624214991326E-01
    0.236252862954472E+00    0.537914045455509E-01
    0.158772491470119E+00    0.169958302408425E-01
    0.000000000000000E+00    0.000000000000000E+00
    0.000000000000000E+00    0.000000000000000E+00
   -0.612082982087460E-03   -0.106075264513849E-03
   -0.509384275628571E-03   -0.227845950407320E-03
    0.914287000710149E-04   -0.589160004907978E-04
    0.108824841038802E-02    0.595153694770991E-03
    0.235701443985015E-02    0.191650377059496E-02
    0.384313646114817E-02    0.403323269054008E-02
    0.545674232624320E-02    0.701917923246100E-02
    0.715207494040203E-02    0.109482170918572E-01
    0.884853000072357E-02    0.158021925131326E-01
    0.105024315643049E-01    0.215923378735970E-01
    0.120367295791059E-01    0.282325750053101E-01
    0.134252341660565E-01    0.356656752939391E-01
    0.146002622652989E-01    0.437679374222286E-01
    0.155724062409885E-01    0.524295075481226E-01
    0.162935444532680E-01    0.615172842853037E-01
    0.168198189301778E-01    0.709098620638891E-01
    0.171345803438517E-01    0.804838954271516E-01
    0.173326802390394E-01    0.901650611962246E-01
    0.174450960047631E-01    0.998457107265718E-01
    0.175872076223328E-01    0.109570094711792E+00
    0.178672255965641E-01    0.119230713075023E+00
    0.184004725844481E-01    0.129081041935290E+00
    0.194201536217857E-01    0.138962951634530E+00
    0.210516702505538E-01    0.149506446468487E+00
    0.238399413187128E-01    0.160261025051615E+00
    0.279200975289835E-01    0.173014724052959E+00
    0.348875949239342E-01    0.186398972114223E+00
    0.450910611762395E-01    0.202839203241247E+00
    0.585021579639680E-01    0.216025439879627E+00
    0.799006828861617E-01    0.241028685486899E+00
    0.113150128428853E+00    0.258811455161654E+00
    0.160064736463675E+00    0.260199895118564E+00
    0.206961345463414E+00    0.255767634938192E+00
    0.250065598207640E+00    0.232674723763322E+00
    0.284122366002665E+00    0.198684854141864E+00
    0.304351062405838E+00    0.158423257115680E+00
    0.309016556267683E+00    0.111403961920889E+00
    0.277927294450816E+00    0.621484977011578E-01
    0.192600470837972E+00    0.203360437972153E-01
    0.000000000000000E+00    0.000000000000000E+00
    0.000000000000000E+00    0.000000000000000E+00
   -0.390038518812310E-03   -0.136573131055109E-03
   -0.382601214157703E-03   -0.399202875744199E-03
   -0.129187280753437E-03   -0.487960062785465E-03
    0.355158672976068E-03   -0.239630766828243E-03
    0.955269745095479E-03    0.539164538945630E-03
    0.169416510565322E-02    0.189779066012933E-02
    0.247171475828105E-02    0.397051512840177E-02
    0.332254887284951E-02    0.674470390016985E-02
    0.415265082175920E-02    0.102952101114539E-01
    0.499156664576571E-02    0.145585341817161E-01
    0.575498653953830E-02    0.195486540398834E-01
    0.646714906056531E-02    0.251628815103530E-01
    0.706272036092966E-02    0.313585573288380E-01
    0.756797199779336E-02    0.380172843327653E-01
    0.794161523184379E-02    0.450552875869508E-01
    0.822354341276877E-02    0.523701106614739E-01
    0.839226829673560E-02    0.598652679431740E-01
    0.851509309706374E-02    0.674848328815917E-01
    0.857875009892089E-02    0.751592346576818E-01
    0.869319775286342E-02    0.829041242279462E-01
    0.884023693742192E-02    0.907225389830509E-01
    0.919467809286835E-02    0.987198200398186E-01
    0.973589115636222E-02    0.107032526349786E+00
    0.107836724638450E-01    0.115891125760987E+00
    0.123186820412892E-01    0.125706952538633E+00
    0.147385777872685E-01    0.137373044688484E+00
    0.181402273272429E-01    0.150783622473715E+00
    0.240726490549692E-01    0.165011677750097E+00
    0.332229768288456E-01    0.184243755932199E+00
    0.524891061880214E-01    0.222599994011036E+00
    0.922279485037283E-01    0.251129236271045E+00
    0.151610150384704E+00    0.274275708802888E+00
    0.221073756078695E+00    0.275619956770744E+00
    0.282652070168737E+00    0.252493079673277E+00
    0.322615232323429E+00    0.218314388155214E+00
    0.351286346521024E+00    0.176107698074020E+00
    0.360731213412874E+00    0.123967048277850E+00
    0.332898744367132E+00    0.725143273100456E-01
    0.235825177909325E+00    0.243276678140686E-01
    0.000000000000000E+00    0.000000000000000E+00
    0.000000000000000E+00    0.000000000000000E+00
   -0.116175315104077E-03   -0.116175315104074E-03
   -0.132151459329758E-03   -0.390549344067477E-03
   -0.796536078541012E-04   -0.575796331466521E-03
    0.547258726515694E-04   -0.573832066196002E-03
    0.218372968986328E-03   -0.273529783656061E-03
    0.426472066799632E-03    0.384913652407240E-03
    0.644343756116836E-03    0.143865510153863E-02
    0.882938521517630E-03    0.294576615063770E-02
    0.112041671265410E-02    0.488015487339543E-02
    0.135709174545555E-02    0.729017954881602E-02
    0.157960781634434E-02    0.101026003168858E-01
    0.178149301419386E-02    0.133416582925326E-01
    0.195794816239403E-02    0.169066501198337E-01
    0.210161888535510E-02    0.207917455763712E-01
    0.221440135877667E-02    0.248948704888058E-01
    0.229484093348056E-02    0.291876918711374E-01
    0.234832641968430E-02    0.335929490713056E-01
    0.238443894892394E-02    0.380802109697810E-01
    0.240980721524836E-02    0.426197098021782E-01
    0.244684682363049E-02    0.472058314768881E-01
    0.250330236839662E-02    0.518796426248982E-01
    0.261650030384796E-02    0.566832441273410E-01
    0.280555474992410E-02    0.617843246378841E-01
    0.314298786677455E-02    0.673442855386916E-01
    0.372948495086863E-02    0.736801898172378E-01
    0.453834049847554E-02    0.811617352234646E-01
    0.549504562469350E-02    0.904826337462676E-01
    0.717755350960685E-02    0.101479174287189E+00
    0.112628483852541E-01    0.119418423038948E+00
    0.197405035967971E-01    0.161263926251669E+00
    0.596292073045615E-01    0.203229710786724E+00
    0.104672159765490E+00    0.215421093928316E+00
    0.220780474118502E+00    0.277042487334179E+00
    0.311583642439445E+00    0.264518576986010E+00
    0.366183281735400E+00    0.230465353667635E+00
    0.397555118382565E+00    0.193193944366825E+00
    0.410864549574014E+00    0.139714927488885E+00
    0.381906461330683E+00    0.891510410648203E-01
    0.284426254161079E+00    0.377385926358008E-01
    0.000000000000000E+00    0.000000000000000E+00
    0.000000000000000E+00    0.000000000000000E+00
    0.000000000000000E+00    0.000000000000000E+00
    0.000000000000000E+00    0.000000000000000E+00
    0.000000000000000E+00    0.000000000000000E+00
    0.000000000000000E+00    0.000000000000000E+00
    0.000000000000000E+00    0.000000000000000E+00
    0.000000000000000E+00    0.000000000000000E+00
    0.000000000000000E+00    0.000000000000000E+00
    0.000000000000000E+00    0.000000000000000E+00
    0.000000000000000E+00    0.000000000000000E+00
    0.000000000000000E+00    0.000000000000000E+00
    0.000000000000000E+00    0.000000000000000E+00
    0.000000000000000E+00    0.000000000000000E+00
    0.000000000000000E+00    0.000000000000000E+00
    0.000000000000000E+00    0.000000000000000E+00
    0.000000000000000E+00    0.000000000000000E+00
    0.000000000000000E+00    0.000000000000000E+00
    0.000000000000000E+00    0.000000000000000E+00
    0.000000000000000E+00    0.000000000000000E+00
    0.000000000000000E+00    0.000000000000000E+00
    0.000000000000000E+00    0.000000000000000E+00
    0.000000000000000E+00    0.000000000000000E+00
    0.000000000000000E+00    0.000000000000000E+00
    0.000000000000000E+00    0.000000000000000E+00
    0.000000000000000E+00    0.000000000000000E+00
    0.000000000000000E+00    0.000000000000000E+00
    0.000000000000000E+00    0.000000000000000E+00
    0.000000000000000E+00    0.000000000000000E+00
    0.000000000000000E+00    0.000000000000000E+00
    0.000000000000000E+00    0.000000000000000E+00
    0.000000000000000E+00    0.000000000000000E+00
    0.000000000000000E+00    0.000000000000000E+00
    0.000000000000000E+00    0.000000000000000E+00
    0.216196133889224E+00    0.237815871344447E+00
    0.303841556777164E+00    0.275000246069100E+00
    0.392875170989771E+00    0.233549766442236E+00
    0.445878474563282E+00    0.196622054859051E+00
    0.461581917303620E+00    0.151308917228417E+00
    0.443236446533713E+00    0.983059890914680E-01
    0.316806722232042E+00    0.507196452861320E-01
    0.000000000000000E+00    0.000000000000000E+00
