    0.000000000000000E+00    0.000000000000000E+00
    0.218750000000000E+00    0.000000000000000E+00
    0.375000000000000E+00    0.000000000000000E+00
    0.468750000000000E+00    0.000000000000000E+00
    0.500000000000000E+00    0.000000000000000E+00
    0.468750000000000E+00    0.000000000000000E+00
    0.375000000000000E+00    0.000000000000000E+00
    0.218750000000000E+00    0.000000000000000E+00
    0.000000000000000E+00    0.000000000000000E+00
    0.000000000000000E+00    0.000000000000000E+00
    0.000000000000000E+00    0.000000000000000E+00
    0.000000000000000E+00    0.000000000000000E+00
    0.000000000000000E+00    0.000000000000000E+00
    0.000000000000000E+00    0.000000000000000E+00
    0.000000000000000E+00    0.000000000000000E+00
    0.000000000000000E+00    0.000000000000000E+00
    0.000000000000000E+00    0.000000000000000E+00
    0.000000000000000E+00    0.000000000000000E+00
    0.000000000000000E+00    0.000000000000000E+00
    0.000000000000000E+00    0.000000000000000E+00
    0.000000000000000E+00    0.000000000000000E+00
    0.000000000000000E+00    0.000000000000000E+00
    0.000000000000000E+00    0.000000000000000E+00
    0.000000000000000E+00    0.000000000000000E+00
    0.000000000000000E+00    0.000000000000000E+00
    0.000000000000000E+00    0.000000000000000E+00
    0.000000000000000E+00    0.000000000000000E+00
    0.000000000000000E+00    0.000000000000000E+00
    0.000000000000000E+00    0.000000000000000E+00
    0.000000000000000E+00    0.000000000000000E+00
    0.000000000000000E+00    0.000000000000000E+00
    0.000000000000000E+00    0.000000000000000E+00
    0.000000000000000E+00    0.000000000000000E+00
    0.000000000000000E+00    0.000000000000000E+00
    0.000000000000000E+00    0.000000000000000E+00
    0.000000000000000E+00    0.000000000000000E+00
    0.000000000000000E+00    0.000000000000000E+00
    0.000000000000000E+00    0.000000000000000E+00
    0.000000000000000E+00    0.000000000000000E+00
    0.000000000000000E+00    0.000000000000000E+00
    0.000000000000000E+00    0.000000000000000E+00
    0.000000000000000E+00    0.000000000000000E+00
    0.216726120144660E+00    0.293115293176693E-02
    0.371866100134493E+00    0.968903234757165E-02
    0.465602829556536E+00    0.156719264321236E-01
    0.497195135582758E+00    0.207938526064549E-01
    0.462542145637530E+00    0.309127365495660E-01
    0.368677993560970E+00    0.312643041426838E-01
    0.215063979241110E+00    0.414316528024996E-01
    0.547386564009323E-01    0.273133164732720E-01
    0.279089157367899E-02   -0.254951259907982E-01
   -0.304250363809529E-02   -0.385755641265888E-01
   -0.285074165845401E-02   -0.288391856483147E-01
   -0.107355329760621E-02   -0.269615189961268E-01
   -0.946916485648006E-03   -0.245212067596789E-01
   -0.111663292664119E-02   -0.225235534488380E-01
   -0.942202565506363E-03   -0.208502081733586E-01
   -0.681969953677922E-03   -0.195427611122345E-01
   -0.491493825082776E-03   -0.184280912982307E-01
   -0.364900820865369E-03   -0.176567802162804E-01
   -0.277121384212813E-03   -0.170689014345113E-01
   -0.233212704569029E-03   -0.165954454991949E-01
   -0.209783715990934E-03   -0.161841787695449E-01
   -0.218613565997962E-03   -0.157753895315140E-01
   -0.245165389306974E-03   -0.153349571208459E-01
   -0.294704944081871E-03   -0.148119426451118E-01
   -0.355267313035823E-03   -0.141894528887130E-01
   -0.426809846355290E-03   -0.134330863527967E-01
   -0.502058493884355E-03   -0.125412208366094E-01
   -0.574390747724537E-03   -0.115042993058833E-01
   -0.641688626394227E-03   -0.103352065958266E-01
   -0.691054702275843E-03   -0.905552986094762E-02
   -0.726311937294805E-03   -0.768958586245016E-02
   -0.730075921234714E-03   -0.629420016307145E-02
   -0.711416009918451E-03   -0.489773302159910E-02
   -0.653699939826523E-03   -0.358768963878042E-02
   -0.571293941346076E-03   -0.238649178200510E-02
   -0.453069612222852E-03   -0.140529329962062E-02
   -0.313724653829348E-03   -0.639482010711111E-03
   -0.162523425111484E-03   -0.174072895043160E-03
   -0.268095615053782E-05   -0.268095615053147E-05
    0.000000000000000E+00    0.000000000000000E+00
    0.000000000000000E+00    0.000000000000000E+00
    0.208153694576002E+00    0.527788127250002E-02
    0.361942117055212E+00    0.170796408612511E-01
    0.456343256270582E+00    0.304413226408578E-01
    0.488515307976359E+00    0.409542164823642E-01
    0.458003491986747E+00    0.523289149331342E-01
    0.363880044926246E+00    0.562459143400235E-01
    0.234719959415900E+00    0.510019932775525E-01
    0.105101735197954E+00    0.282401814513474E-01
    0.242334757765056E-01   -0.149360229570602E-01
    0.201436276107709E-02   -0.363067048920971E-01
   -0.212512811198017E-02   -0.359184416832942E-01
   -0.277304629398693E-02   -0.380788502786623E-01
   -0.281117969661015E-02   -0.387390101097148E-01
   -0.293358307676430E-02   -0.372437343072327E-01
   -0.252940601848689E-02   -0.353277698553891E-01
   -0.201521327499361E-02   -0.337628988546529E-01
   -0.151046147313717E-02   -0.324736522741139E-01
   -0.117683372235292E-02   -0.314423273326238E-01
   -0.922107729778525E-03   -0.306307227174461E-01
   -0.800446371681861E-03   -0.299054758131782E-01
   -0.751448123305563E-03   -0.292372444968561E-01
   -0.804696189366692E-03   -0.285313545190618E-01
   -0.920492297807385E-03   -0.277410620613333E-01
   -0.110683692307905E-02   -0.267963372746170E-01
   -0.133451793394148E-02   -0.256593055427080E-01
   -0.159422570238093E-02   -0.242976339141767E-01
   -0.186607359938635E-02   -0.226908372785911E-01
   -0.212634955828614E-02   -0.208473634961665E-01
   -0.236225506999065E-02   -0.187741553898818E-01
   -0.254147999994512E-02   -0.165197766176424E-01
   -0.265684046301210E-02   -0.141254657160616E-01
   -0.267777135377583E-02   -0.116727621178326E-01
   -0.260048357545951E-02   -0.923703791192284E-02
   -0.241000218526231E-02   -0.691596674652450E-02
   -0.210352774783624E-02   -0.481144901341315E-02
   -0.169731994115493E-02   -0.301242951980722E-02
   -0.118707235625032E-02   -0.161913890126673E-02
   -0.658188303919609E-03   -0.644664509006060E-03
   -0.169421489400898E-03   -0.156165467754949E-03
    0.000000000000000E+00    0.000000000000000E+00
    0.000000000000000E+00    0.000000000000000E+00
    0.197606221151659E+00    0.732193996447696E-02
    0.347398287043363E+00    0.225259165058935E-01
    0.440563261521658E+00    0.406440813694770E-01
    0.475302410115079E+00    0.537468016811241E-01
    0.446295351908206E+00    0.692238596853275E-01
    0.363883539278099E+00    0.715448313227373E-01
    0.247233055819539E+00    0.597855447650334E-01
    0.134277534236515E+00    0.378810843229002E-01
    0.578437215091313E-01    0.842496644416840E-04
    0.231399008773247E-01   -0.240550830101660E-01
    0.631102552972912E-02   -0.334018832824570E-01
   -0.141141671541307E-02   -0.401677003263497E-01
   -0.395873925676478E-02   -0.440111553316236E-01
   -0.440089022953809E-02   -0.446813377627989E-01
   -0.398159050903583E-02   -0.437778388585343E-01
   -0.323778377181930E-02   -0.430956442778132E-01
   -0.260025312270067E-02   -0.422058735868060E-01
   -0.208681498260323E-02   -0.414600008506606E-01
   -0.172675855151898E-02   -0.407097961724087E-01
   -0.153023218030400E-02   -0.400213103068488E-01
   -0.151058873055808E-02   -0.392629711814280E-01
   -0.164484022081027E-02   -0.384303683138436E-01
   -0.192313525234744E-02   -0.374148906299725E-01
   -0.231384820924831E-02   -0.361880516337091E-01
   -0.279518645344733E-02   -0.346795778155041E-01
   -0.332957175825237E-02   -0.328747807379288E-01
   -0.388552517716526E-02   -0.307450088906622E-01
   -0.442100082564622E-02   -0.283037436033171E-01
   -0.489676572348208E-02   -0.255704259947485E-01
   -0.527123775060342E-02   -0.225945820846232E-01
   -0.550413788235919E-02   -0.194434267873207E-01
   -0.556253489044802E-02   -0.162046537089410E-01
   -0.541572574578930E-02   -0.129814354643222E-01
   -0.505041815942120E-02   -0.989220235237762E-02
   -0.445733080560006E-02   -0.705345753558241E-02
   -0.365798409300484E-02   -0.458912468547160E-02
   -0.267686783727584E-02   -0.259892009328171E-02
   -0.162097137349826E-02   -0.113552021363047E-02
   -0.615315009666761E-03   -0.292970756213545E-03
    0.000000000000000E+00    0.000000000000000E+00
    0.000000000000000E+00    0.000000000000000E+00
    0.183938821621866E+00    0.800375719030098E-02
    0.328224639458863E+00    0.258267042499146E-01
    0.422734939739842E+00    0.471212923280283E-01
    0.459371318122897E+00    0.644674144566395E-01
    0.438983425497380E+00    0.780041786492973E-01
    0.365962354677595E+00    0.804148046904382E-01
    0.263899630587921E+00    0.687536078407675E-01
    0.164763273256641E+00    0.462200976025643E-01
    0.863551155411539E-01    0.168933920022302E-01
    0.423219375781279E-01   -0.842131957595768E-02
    0.178585179299657E-01   -0.256837316254132E-01
    0.451066455709780E-02   -0.366500419186637E-01
   -0.132824684672360E-02   -0.431776446160962E-01
   -0.344117899496081E-02   -0.463201238868559E-01
   -0.384895560177228E-02   -0.472850276526409E-01
   -0.354550876944111E-02   -0.479184621825102E-01
   -0.304003365038335E-02   -0.480496421789996E-01
   -0.259947571063273E-02   -0.479083215746863E-01
   -0.227521929945965E-02   -0.475545318515187E-01
   -0.216111657991854E-02   -0.470995004715581E-01
   -0.225564006740183E-02   -0.464713193780211E-01
   -0.257793926452344E-02   -0.456581902976490E-01
   -0.308985570628500E-02   -0.445831707073697E-01
   -0.377328857162749E-02   -0.432164118028050E-01
   -0.457889796838347E-02   -0.414972816774077E-01
   -0.546399764180985E-02   -0.394167319071930E-01
   -0.637227695006420E-02   -0.369444066798989E-01
   -0.724298056922733E-02   -0.341063698248748E-01
   -0.801632701411450E-02   -0.309163856350723E-01
   -0.862367103211664E-02   -0.274414871803473E-01
   -0.901001336327664E-02   -0.237465358223067E-01
   -0.911500097009980E-02   -0.199365412218283E-01
   -0.890107031965213E-02   -0.161233651288717E-01
   -0.833740017210317E-02   -0.124367230700414E-01
   -0.741924628961271E-02   -0.901667757066234E-02
   -0.617058545422004E-02   -0.599023810586957E-02
   -0.464670384803814E-02   -0.348912721541934E-02
   -0.296437498884962E-02   -0.159118628289983E-02
   -0.132511387627454E-02   -0.412666558318825E-03
    0.000000000000000E+00    0.000000000000000E+00
    0.000000000000000E+00    0.000000000000000E+00
    0.168834811821696E+00    0.831465943308702E-02
    0.306986365613662E+00    0.270186927020633E-01
    0.400696770193179E+00    0.505859568350029E-01
    0.442588202207747E+00    0.694548001630228E-01
    0.430186694682668E+00    0.844837256219543E-01
    0.371413083174774E+00    0.877976693992959E-01
    0.282556017176061E+00    0.767185203018180E-01
    0.192157220660966E+00    0.568279117887379E-01
    0.116031339013475E+00    0.304568594300135E-01
    0.642510641114553E-01    0.548526590474942E-02
    0.323684483892355E-01   -0.150838339968871E-01
    0.140604163294771E-01   -0.288849984232804E-01
    0.455964255706671E-02   -0.381243123055004E-01
    0.158018033118919E-03   -0.438820207704134E-01
   -0.188167737339966E-02   -0.470467989197199E-01
   -0.259795121792818E-02   -0.492338524968370E-01
   -0.266498995919184E-02   -0.505107830233473E-01
   -0.253313912834308E-02   -0.512282482224123E-01
   -0.245148875566174E-02   -0.514584217938362E-01
   -0.253940578957173E-02   -0.514501259303891E-01
   -0.287948305243707E-02   -0.510950554256390E-01
   -0.346585756561774E-02   -0.504709117255151E-01
   -0.430075762749488E-02   -0.494731716409375E-01
   -0.533533634301797E-02   -0.481258761904548E-01
   -0.653391458473493E-02   -0.463492493008838E-01
   -0.782462516989780E-02   -0.441596292284470E-01
   -0.914127809366532E-02   -0.415212757306766E-01
   -0.104018346527021E-01   -0.384644258263603E-01
   -0.115179612797942E-01   -0.350107350063022E-01
   -0.124095272870155E-01   -0.312178664862307E-01
   -0.129820392112078E-01   -0.271688662892600E-01
   -0.131733934652567E-01   -0.229555553266775E-01
   -0.129079680392177E-01   -0.187133674096848E-01
   -0.121625536544716E-01   -0.145650858795138E-01
   -0.109102678574181E-01   -0.106760703899584E-01
   -0.919387843389459E-02   -0.717931411495036E-02
   -0.706874437593231E-02   -0.423998212141732E-02
   -0.468389687567591E-02   -0.196435141466269E-02
   -0.222995872741948E-02   -0.516512018144714E-03
    0.000000000000000E+00    0.000000000000000E+00
    0.000000000000000E+00    0.000000000000000E+00
    0.154047424471600E+00    0.797168942261679E-02
    0.284224547390471E+00    0.272111285882773E-01
    0.377621023162598E+00    0.512891524700134E-01
    0.423277790652601E+00    0.725035923834977E-01
    0.420188232239957E+00    0.881377900135212E-01
    0.373155821715765E+00    0.924900661639048E-01
    0.297522694979391E+00    0.845472201817810E-01
    0.216212697572857E+00    0.665491460219423E-01
    0.142595273192668E+00    0.423600385279549E-01
    0.872668423272490E-01    0.183518572052897E-01
    0.497570166233885E-01   -0.311571837944181E-02
    0.264813958148767E-01   -0.190355031991178E-01
    0.129158523506749E-01   -0.303303824044150E-01
    0.558227664896946E-02   -0.384503981571198E-01
    0.170140545065163E-02   -0.438799556459852E-01
   -0.296923753728376E-03   -0.476437759188461E-01
   -0.120537534881924E-02   -0.501495286179368E-01
   -0.166366064385794E-02   -0.518095435314371E-01
   -0.201595680814589E-02   -0.527841640264071E-01
   -0.249072904108039E-02   -0.533231565229011E-01
   -0.318507780802272E-02   -0.533993808425939E-01
   -0.415040172526500E-02   -0.530775301337856E-01
   -0.537935158107257E-02   -0.523066088688828E-01
   -0.684351621880427E-02   -0.511093197226462E-01
   -0.848978464251972E-02   -0.494291306378222E-01
   -0.102430208414412E-01   -0.472831948665573E-01
   -0.120200758324772E-01   -0.446391226184566E-01
   -0.137159727071634E-01   -0.415338264963903E-01
   -0.152302697211958E-01   -0.379776865334599E-01
   -0.164449077353601E-01   -0.340409462844189E-01
   -0.172603056894161E-01   -0.297889120612447E-01
   -0.175691939553406E-01   -0.253309729170272E-01
   -0.173002660597828E-01   -0.207884041460374E-01
   -0.163887630178180E-01   -0.163059008109832E-01
   -0.148260823960846E-01   -0.120465106819184E-01
   -0.126251301054568E-01   -0.817377820283215E-02
   -0.987814982252917E-02   -0.486427618047408E-02
   -0.670547026960819E-02   -0.227752359845199E-02
   -0.333340776476769E-02   -0.598674382451950E-03
    0.000000000000000E+00    0.000000000000000E+00
    0.000000000000000E+00    0.000000000000000E+00
    0.139226409063332E+00    0.753306679631253E-02
    0.261768212611874E+00    0.261990905681342E-01
    0.353745931385635E+00    0.506565291186163E-01
    0.404251078403387E+00    0.726306091022013E-01
    0.409455845226676E+00    0.901434049234050E-01
    0.374688847147564E+00    0.965198485332990E-01
    0.309849165477698E+00    0.910679956921077E-01
    0.236161482442911E+00    0.762125106157450E-01
    0.165902101307255E+00    0.538606051495348E-01
    0.109416758688698E+00    0.309449940801560E-01
    0.686166628166551E-01    0.941825450380353E-02
    0.413774801290047E-01   -0.789987671959870E-02
    0.238890602219054E-01   -0.210650458960631E-01
    0.132906659559079E-01   -0.310381648559411E-01
    0.701905947942911E-02   -0.383666033380680E-01
    0.341882163970520E-02   -0.436253343806541E-01
    0.137101104237373E-02   -0.473663617743973E-01
    0.103739349459913E-03   -0.500458262090486E-01
   -0.900579186345598E-03   -0.518335281614678E-01
   -0.190755970265900E-02   -0.530247888407056E-01
   -0.309052914878431E-02   -0.536116489415783E-01
   -0.451527280648000E-02   -0.537123895609459E-01
   -0.621794402779787E-02   -0.532748986169699E-01
   -0.816194464466775E-02   -0.523603020920064E-01
   -0.103083342600817E-01   -0.509055953093591E-01
   -0.125668005134808E-01   -0.489458763019918E-01
   -0.148455398083240E-01   -0.464450579766690E-01
   -0.170261945173055E-01   -0.434385582069719E-01
   -0.189793731904244E-01   -0.399393373381377E-01
   -0.205790735295048E-01   -0.360006275144778E-01
   -0.216806092684087E-01   -0.317001117847481E-01
   -0.221764099041523E-01   -0.271220783174888E-01
   -0.219430363077572E-01   -0.224127196150292E-01
   -0.209253478058281E-01   -0.176938826916748E-01
   -0.190679104968644E-01   -0.131678721222270E-01
   -0.164057599850302E-01   -0.898964847546947E-02
   -0.129954432191495E-01   -0.538695461005935E-02
   -0.898814963892978E-02   -0.253521891437739E-02
   -0.457145105981597E-02   -0.671574023178509E-03
    0.000000000000000E+00    0.000000000000000E+00
    0.000000000000000E+00    0.000000000000000E+00
    0.125665631587198E+00    0.699757162835392E-02
    0.239495104641821E+00    0.250506609585716E-01
    0.329028070827202E+00    0.488374155055189E-01
    0.382508968994416E+00    0.718376891842412E-01
    0.396250818118639E+00    0.902396305271442E-01
    0.371928726674515E+00    0.986617754488537E-01
    0.319190284341786E+00    0.962803479683452E-01
    0.254008376929808E+00    0.841389512218106E-01
    0.187880463510067E+00    0.648411452826673E-01
    0.131862311571990E+00    0.433837108233328E-01
    0.881885676673593E-01    0.224067287346624E-01
    0.573065284183493E-01    0.425071755296417E-02
    0.362672531887369E-01   -0.105303585246438E-01
    0.225331543075842E-01   -0.221179138167604E-01
    0.138692383012182E-01   -0.310067754737041E-01
    0.845757990351127E-02   -0.376509696684314E-01
    0.504919206777400E-02   -0.425581854611993E-01
    0.274812848833729E-02   -0.462412919095394E-01
    0.946151695534197E-03   -0.488894749269640E-01
   -0.728072991583396E-03   -0.507693861487877E-01
   -0.249322947362716E-02   -0.519446589347802E-01
   -0.446523381718371E-02   -0.525361358431254E-01
   -0.669833059262230E-02   -0.525348172660004E-01
   -0.917676308113466E-02   -0.519986976817609E-01
   -0.118631095236431E-01   -0.508893646611627E-01
   -0.146654079684340E-01   -0.492368186219531E-01
   -0.174882490798260E-01   -0.470104551098904E-01
   -0.201909172627289E-01   -0.442427438084600E-01
   -0.226403451117671E-01   -0.409351832684884E-01
   -0.246689743895784E-01   -0.371427283748597E-01
   -0.261310402815060E-01   -0.329210553311336E-01
   -0.268625012870659E-01   -0.283647360842368E-01
   -0.267447161951870E-01   -0.235972286758317E-01
   -0.256601192179600E-01   -0.187632496748776E-01
   -0.235692225493910E-01   -0.140528057836374E-01
   -0.204491025430305E-01   -0.965999686195831E-02
   -0.163848852403757E-01   -0.581785114397761E-02
   -0.114792680780015E-01   -0.275483590070744E-02
   -0.594550098901827E-02   -0.730922052082604E-03
    0.000000000000000E+00    0.000000000000000E+00
    0.000000000000000E+00    0.000000000000000E+00
    0.112644814357709E+00    0.640411393476524E-02
    0.218207094954309E+00    0.233268246345192E-01
    0.304812696029015E+00    0.465245235523660E-01
    0.361216009099834E+00    0.696299258420247E-01
    0.381952064865782E+00    0.894893227550723E-01
    0.368134106149472E+00    0.100128466439165E+00
    0.325595066253621E+00    0.100566728765114E+00
    0.268911873736690E+00    0.917277493104569E-01
    0.207846530173646E+00    0.750474908241353E-01
    0.152976638389781E+00    0.553959350986709E-01
    0.108065826414679E+00    0.351451055492529E-01
    0.742155809060542E-01    0.167196570782449E-01
    0.499697933430234E-01    0.916859454324351E-03
    0.333237471150062E-01   -0.118804077670085E-01
    0.221882719651068E-01   -0.220738656122154E-01
    0.148489699324733E-01   -0.299641486396663E-01
    0.988239287882406E-02   -0.360053429247300E-01
    0.636386072134080E-02   -0.406596465568418E-01
    0.358969215709628E-02   -0.441584295778774E-01
    0.112648750148558E-02   -0.467581479138384E-01
   -0.132059243221939E-02   -0.485598123788897E-01
   -0.390663332351992E-02   -0.497092732489108E-01
   -0.672553994118395E-02   -0.502106871585977E-01
   -0.977548236918713E-02   -0.501425120184923E-01
   -0.130332668233217E-01   -0.494696106325074E-01
   -0.164090710323210E-01   -0.482314652999345E-01
   -0.198026576347487E-01   -0.463942684929356E-01
   -0.230694788488477E-01   -0.439851518688466E-01
   -0.260513811255221E-01   -0.410021035110457E-01
   -0.285751723250142E-01   -0.374796449656656E-01
   -0.304487582056994E-01   -0.334774630169321E-01
   -0.315042005195791E-01   -0.290585192002574E-01
   -0.315590639889791E-01   -0.243662243934735E-01
   -0.304984568857251E-01   -0.195122191900680E-01
   -0.282124582902535E-01   -0.147275296417369E-01
   -0.246929228520626E-01   -0.101868373749103E-01
   -0.199614813984790E-01   -0.617910049678087E-02
   -0.141470478955336E-01   -0.293858922621097E-02
   -0.741335089703223E-02   -0.785356019745760E-03
    0.000000000000000E+00    0.000000000000000E+00
    0.000000000000000E+00    0.000000000000000E+00
    0.100988077670514E+00    0.586693480037960E-02
    0.198001267835586E+00    0.217868600707286E-01
    0.280621177619105E+00    0.438054280127634E-01
    0.338174655894316E+00    0.670820249057384E-01
    0.365164760596710E+00    0.875776885669437E-01
    0.360238335295672E+00    0.100265161915611E+00
    0.328423106080728E+00    0.103825382488106E+00
    0.280472157148752E+00    0.979849657530023E-01
    0.225265947902048E+00    0.845697209868803E-01
    0.172920226484335E+00    0.670091569245673E-01
    0.127547389056016E+00    0.478016089441314E-01
    0.916403248499838E-01    0.295456978316341E-01
    0.646602605299402E-01    0.131726290355705E-01
    0.452593815816272E-01   -0.557210411478478E-03
    0.316688749538291E-01   -0.117980308070236E-01
    0.222695698803576E-01   -0.208031581545728E-01
    0.156571914752662E-01   -0.279004330731988E-01
    0.108083872083120E-01   -0.334871303530856E-01
    0.697151351242540E-02   -0.378125199307364E-01
    0.363211035186972E-02   -0.411350644041339E-01
    0.436319117881024E-03   -0.435864276209779E-01
   -0.281582118080986E-02   -0.453253119607097E-01
   -0.625451808875511E-02   -0.463842994449608E-01
   -0.990015354245093E-02   -0.468413377817918E-01
   -0.137489458173023E-01   -0.466826773705000E-01
   -0.177133237905740E-01   -0.459421856717029E-01
   -0.217027705672661E-01   -0.445925321766967E-01
   -0.255557080130580E-01   -0.426510946220662E-01
   -0.291177317412377E-01   -0.401066800599689E-01
   -0.321765060310639E-01   -0.369848776436301E-01
   -0.345397888076437E-01   -0.333225226548385E-01
   -0.359771645940278E-01   -0.291817421212402E-01
   -0.363053570646908E-01   -0.246769955393545E-01
   -0.353291762810979E-01   -0.199349155091379E-01
   -0.329439442494806E-01   -0.151648588595185E-01
   -0.290574145896572E-01   -0.105767449900631E-01
   -0.237085716816337E-01   -0.645853709929457E-02
   -0.169565453067692E-01   -0.309477407769466E-02
   -0.898903307642754E-02   -0.830158311773720E-03
    0.000000000000000E+00    0.000000000000000E+00
    0.000000000000000E+00    0.000000000000000E+00
    0.899782659845961E-01    0.530955087669756E-02
    0.178904581514739E+00    0.200207962000209E-01
    0.257507038534624E+00    0.410155470575193E-01
    0.315905487041150E+00    0.638900384369580E-01
    0.347901442140193E+00    0.852728563089218E-01
    0.351336754331702E+00    0.998291725091305E-01
    0.328628069401910E+00    0.106234696591340E+00
    0.289111398486585E+00    0.103705345824212E+00
    0.239878013107559E+00    0.932196500074284E-01
    0.190587663326913E+00    0.780941263994529E-01
    0.145909075910035E+00    0.602723051975156E-01
    0.108874394926896E+00    0.425609704443860E-01
    0.798870100571543E-01    0.260591039110099E-01
    0.581578315770496E-01    0.116973843280610E-01
    0.422582500570302E-01   -0.388627250087105E-03
    0.308029237725709E-01   -0.103367215267360E-01
    0.224390764445962E-01   -0.183837557380858E-01
    0.161655225275706E-01   -0.248385887866657E-01
    0.111598778464806E-01   -0.299623673059641E-01
    0.686213634352445E-02   -0.340052934798890E-01
    0.285158503099800E-02   -0.371187669160964E-01
   -0.111463048543159E-02   -0.394736310850164E-01
   -0.520243069327756E-02   -0.411209568572513E-01
   -0.946276595491164E-02   -0.421515802832123E-01
   -0.139095204838139E-01   -0.425599689425158E-01
   -0.184724051131585E-01   -0.423872221907291E-01
   -0.230626147276783E-01   -0.416037242170757E-01
   -0.275248504915667E-01   -0.402221381748003E-01
   -0.316874812808393E-01   -0.382235108859397E-01
   -0.353357825054143E-01   -0.356132299372558E-01
   -0.382351802413210E-01   -0.324229723318609E-01
   -0.401465459849180E-01   -0.286791708110659E-01
   -0.408161025594070E-01   -0.245050112721555E-01
   -0.400390808182934E-01   -0.199839956909786E-01
   -0.376201752340152E-01   -0.153574379719714E-01
   -0.334659756210083E-01   -0.108027590337437E-01
   -0.275255234039444E-01   -0.666098280865556E-02
   -0.198720864497050E-01   -0.321266977367023E-02
   -0.106250412965240E-01   -0.870960617397050E-03
    0.000000000000000E+00    0.000000000000000E+00
    0.000000000000000E+00    0.000000000000000E+00
    0.801862954313837E-01    0.484182781389320E-02
    0.161198752471499E+00    0.185049278776784E-01
    0.234976505187787E+00    0.382465687779126E-01
    0.292785294569719E+00    0.607383133953153E-01
    0.328540113300014E+00    0.823252191763452E-01
    0.338799345368799E+00    0.985321309184508E-01
    0.325212138768489E+00    0.107566234700487E+00
    0.294016480329352E+00    0.108079935340604E+00
    0.251627134661923E+00    0.100956150189157E+00
    0.206493043316278E+00    0.884213082137646E-01
    0.163316046697645E+00    0.725101749037277E-01
    0.126020466991512E+00    0.557684239636676E-01
    0.954626162254205E-01    0.394970033009480E-01
    0.716872286858404E-01    0.248281982358376E-01
    0.536344504953598E-01    0.120747530833800E-01
    0.401516532788196E-01    0.133587210136942E-02
    0.300400039502156E-01   -0.755556772426321E-02
    0.222818977260969E-01   -0.148196746844979E-01
    0.160513957838170E-01   -0.206996908470433E-01
    0.107360086429181E-01   -0.254469544695776E-01
    0.586973321806214E-02   -0.292205004667968E-01
    0.116528005818076E-02   -0.321982440418972E-01
   -0.358547616546658E-02   -0.344528896255045E-01
   -0.845909835870248E-02   -0.360820277729875E-01
   -0.135014746497839E-01   -0.370975675225867E-01
   -0.186516151093640E-01   -0.375401090651966E-01
   -0.238420633456148E-01   -0.373873595686550E-01
   -0.289100833546063E-01   -0.366430665326634E-01
   -0.336957139352266E-01   -0.352812886822965E-01
   -0.379539821478004E-01   -0.332942136291890E-01
   -0.414517195142578E-01   -0.306894974700221E-01
   -0.438894107797653E-01   -0.274833981301795E-01
   -0.450050118014537E-01   -0.237619944581634E-01
   -0.445025422979467E-01   -0.196115542238437E-01
   -0.421753780796675E-01   -0.152375986996346E-01
   -0.378218584099601E-01   -0.108413431403218E-01
   -0.313889843983768E-01   -0.675055911614848E-02
   -0.228517300643058E-01   -0.329094782069244E-02
   -0.123409792875749E-01   -0.898015003231143E-03
    0.000000000000000E+00    0.000000000000000E+00
    0.000000000000000E+00    0.000000000000000E+00
    0.710186870771057E-01    0.437769459819285E-02
    0.144539702511232E+00    0.169305260850568E-01
    0.213652397557239E+00    0.355368691443805E-01
    0.270523487497692E+00    0.572844942660849E-01
    0.309057327373450E+00    0.791953038604804E-01
    0.325366028918332E+00    0.967266403379002E-01
    0.319429383297409E+00    0.108196039237611E+00
    0.296189250986858E+00    0.111801754341758E+00
    0.260382554756037E+00    0.107767436772740E+00
    0.219825267108464E+00    0.981173935791192E-01
    0.179069073334288E+00    0.842961833191255E-01
    0.142235204755901E+00    0.688933129593161E-01
    0.110909270342188E+00    0.532237285089189E-01
    0.855492603689627E-01    0.385619061932634E-01
    0.656378233205149E-01    0.254361693235509E-01
    0.502878117220668E-01    0.140902393903438E-01
    0.384548687018606E-01    0.449969551989790E-02
    0.292093728493699E-01   -0.349937834124656E-02
    0.217055029473406E-01   -0.100906358217087E-01
    0.153262914422751E-01   -0.155206942827126E-01
    0.956268771227963E-02   -0.199433593255203E-01
    0.409168992480149E-02   -0.235465329596137E-01
   -0.133093785118881E-02   -0.264144951776551E-01
   -0.681899120465700E-02   -0.286608335325972E-01
   -0.124414631279955E-01   -0.303054778946566E-01
   -0.181657313890953E-01   -0.314004466162964E-01
   -0.239343045138752E-01   -0.319237612449961E-01
   -0.296020515759866E-01   -0.318793864155081E-01
   -0.350028189397779E-01   -0.312340461633059E-01
   -0.398965939588167E-01   -0.299628958939275E-01
   -0.440180299941267E-01   -0.280632675342444E-01
   -0.470579405378908E-01   -0.255131928566179E-01
   -0.486855102468326E-01   -0.223954899489489E-01
   -0.485822663879030E-01   -0.187421626445069E-01
   -0.464372707000603E-01   -0.147746936351923E-01
   -0.420237085945403E-01   -0.106443800620283E-01
   -0.351711397260630E-01   -0.672008747444149E-02
   -0.258422842437503E-01   -0.330987573161608E-02
   -0.140697650281874E-01   -0.917009545281038E-03
    0.000000000000000E+00    0.000000000000000E+00
    0.000000000000000E+00    0.000000000000000E+00
    0.628444471511402E-01    0.399162691990173E-02
    0.129256746517283E+00    0.155745675093486E-01
    0.193272848282707E+00    0.329671525209398E-01
    0.248186083535333E+00    0.540064381835500E-01
    0.288263107489254E+00    0.756865725868832E-01
    0.309187886653816E+00    0.943200852225102E-01
    0.310362182979307E+00    0.107828532608933E+00
    0.294597381829362E+00    0.114220311249987E+00
    0.265848546948634E+00    0.113526135115571E+00
    0.230550753579244E+00    0.106798165491811E+00
    0.192960962180885E+00    0.955191558562206E-01
    0.157486849673205E+00    0.818295545882620E-01
    0.125966643239887E+00    0.671242029948517E-01
    0.995383885851182E-01    0.528387231389985E-01
    0.780624473683816E-01    0.395855428165060E-01
    0.610022241227256E-01    0.278549822776971E-01
    0.475252544822707E-01    0.176924851114746E-01
    0.367863586006742E-01    0.906140613839260E-02
    0.279998376635852E-01    0.180637497761568E-02
    0.205268352995574E-01   -0.426827954030766E-02
    0.138480986906024E-01   -0.932416173170579E-02
    0.760081616628672E-02   -0.135409938416859E-01
    0.150661567933192E-02   -0.170218664838937E-01
   -0.457916300121954E-02   -0.198874596908680E-01
   -0.107607033931636E-01   -0.221751142093089E-01
   -0.170248111743626E-01   -0.239417948333569E-01
   -0.233430451071163E-01   -0.251754717792601E-01
   -0.295764118680771E-01   -0.258784756566285E-01
   -0.355786362659555E-01   -0.260131553016727E-01
   -0.410954537158138E-01   -0.255457420772675E-01
   -0.458674378842636E-01   -0.244486211683612E-01
   -0.495382529571223E-01   -0.226871348470515E-01
   -0.517638685556825E-01   -0.202978386989027E-01
   -0.521359953030925E-01   -0.173046985073709E-01
   -0.503129678837786E-01   -0.138743821697331E-01
   -0.459421989029447E-01   -0.101658229277593E-01
   -0.388202543116477E-01   -0.651311638448206E-02
   -0.287781730292246E-01   -0.325698743233923E-02
   -0.158279842669025E-01   -0.910800683696064E-03
    0.000000000000000E+00    0.000000000000000E+00
    0.000000000000000E+00    0.000000000000000E+00
    0.552360688511772E-01    0.361100634826093E-02
    0.114923475556005E+00    0.142182686392251E-01
    0.174051750560107E+00    0.304829127596279E-01
    0.226760758147286E+00    0.505714078053709E-01
    0.267673378099107E+00    0.720911195813218E-01
    0.292431656065136E+00    0.914518019065496E-01
    0.299503041395914E+00    0.106831635740079E+00
    0.290626568125365E+00    0.115876946948565E+00
    0.268417660707018E+00    0.118223025529056E+00
    0.238473714188961E+00    0.114618553698232E+00
    0.204578454632621E+00    0.105941617541489E+00
    0.171034091092354E+00    0.943241435915843E-01
    0.140084691226434E+00    0.809468940914625E-01
    0.113146906975381E+00    0.673688967060067E-01
    0.905734590943917E-01    0.543374978655454E-01
    0.721027628979538E-01    0.424361670651860E-01
    0.571455742962228E-01    0.319056399551796E-01
    0.450017013035573E-01    0.227475401541912E-01
    0.349474222693564E-01    0.149241645362117E-01
    0.263844336742006E-01    0.824468244900107E-02
    0.187764159866011E-01    0.259374841042511E-02
    0.117483605301282E-01   -0.222661920059150E-02
    0.498733713202271E-02   -0.630727469092228E-02
   -0.168133006973527E-02   -0.979400337845936E-02
   -0.839060919709170E-02   -0.127244823793985E-01
   -0.151596184109279E-01   -0.151763742761787E-01
   -0.219798070960535E-01   -0.171389594451824E-01
   -0.287396613660994E-01   -0.186237849851148E-01
   -0.353004950170898E-01   -0.195901136758888E-01
   -0.414243138297169E-01   -0.199935472842139E-01
   -0.468362691508806E-01   -0.197980750788056E-01
   -0.511766330919898E-01   -0.189308760595318E-01
   -0.540458390586609E-01   -0.174189466419573E-01
   -0.550055089358033E-01   -0.152214497673862E-01
   -0.536078218376050E-01   -0.125034673846816E-01
   -0.494473378375702E-01   -0.935301984363873E-02
   -0.421790567687997E-01   -0.612241804789178E-02
   -0.315785317683207E-01   -0.311481283321056E-02
   -0.175218612741958E-01   -0.890614581046538E-03
    0.000000000000000E+00    0.000000000000000E+00
    0.000000000000000E+00    0.000000000000000E+00
    0.484368419515863E-01    0.328518519321382E-02
    0.101856099790116E+00    0.130241204870820E-01
    0.155964618285634E+00    0.281432383171375E-01
    0.205817875502944E+00    0.473282843873420E-01
    0.246536975414730E+00    0.682836115239857E-01
    0.273854451228828E+00    0.881742867389535E-01
    0.285925762978481E+00    0.104925624650793E+00
    0.283182493645892E+00    0.116291555004538E+00
    0.267540391320404E+00    0.121656043187191E+00
    0.243247643938004E+00    0.121075793042827E+00
    0.213643559313039E+00    0.115362852742445E+00
    0.182835799841773E+00    0.106083293954270E+00
    0.153075564389514E+00    0.944557751103595E-01
    0.126264066307248E+00    0.819847820727329E-01
    0.102990482657805E+00    0.694812689766089E-01
    0.834100159453746E-01    0.577219488229154E-01
    0.671557547272322E-01    0.469922492252025E-01
    0.536974048386565E-01    0.374841858945369E-01
    0.424338077718499E-01    0.291712010742743E-01
    0.327894388780933E-01    0.219707023053566E-01
    0.242645553899460E-01    0.157555598636457E-01
    0.164563129474970E-01    0.103691878700857E-01
    0.904369705123218E-02    0.569849060646400E-02
    0.181541342850969E-02    0.160706232141010E-02
   -0.538588909491028E-02   -0.196610532298820E-02
   -0.126114691302047E-01   -0.510204511119958E-02
   -0.198808943201354E-01   -0.780601432070370E-02
   -0.271062865989205E-01   -0.100948826033927E-01
   -0.341737479725861E-01   -0.119288060876159E-01
   -0.408538361922374E-01   -0.132641495326217E-01
   -0.468842078166998E-01   -0.140419929528975E-01
   -0.518836249951676E-01   -0.141826582542173E-01
   -0.554397973994131E-01   -0.136606880560524E-01
   -0.570435092575535E-01   -0.124224390350103E-01
   -0.561993948496069E-01   -0.105586574862265E-01
   -0.523746609325365E-01   -0.814668962638551E-02
   -0.451511145021446E-01   -0.547478956335509E-02
   -0.341442130445349E-01   -0.285380259549650E-02
   -0.191530359769460E-01   -0.828639612905986E-03
    0.000000000000000E+00    0.000000000000000E+00
    0.000000000000000E+00    0.000000000000000E+00
    0.421470352199138E-01    0.296626478638279E-02
    0.896633678105118E-01    0.118499284200674E-01
    0.138973362834184E+00    0.258868851308517E-01
    0.185843433275698E+00    0.439992257510179E-01
    0.225866887171793E+00    0.644203997761119E-01
    0.255041755183654E+00    0.844676539664885E-01
    0.271091762085603E+00    0.102435416570781E+00
    0.273758434274462E+00    0.115844328710593E+00
    0.263988165313706E+00    0.123921238045289E+00
    0.245175539277561E+00    0.126410216699115E+00
    0.220048690801291E+00    0.123594595114473E+00
    0.192355871088776E+00    0.116951555306718E+00
    0.164447245003661E+00    0.107343854916180E+00
    0.138290528633782E+00    0.963334839457686E-01
    0.114882119855695E+00    0.847320795601240E-01
    0.945755655140378E-01    0.733888005002976E-01
    0.773183833272274E-01    0.627537453602691E-01
    0.627401301284800E-01    0.530555529320886E-01
    0.503720677885845E-01    0.444261100735884E-01
    0.397217066158669E-01    0.367772463043994E-01
    0.303072328674699E-01    0.300836200513890E-01
    0.217504213915646E-01    0.241580160840628E-01
    0.137052143225974E-01    0.189386718654281E-01
    0.595217529888495E-02    0.142512757362555E-01
   -0.170027022154018E-02    0.100557931855586E-01
   -0.932727196236344E-02    0.623621890382744E-02
   -0.169800424448474E-01    0.279375821947879E-02
   -0.246006162320893E-01   -0.311321310319713E-03
   -0.320991450092496E-01   -0.303831564139132E-02
   -0.392731128386320E-01   -0.534395172060206E-02
   -0.458675143155035E-01   -0.716770350718221E-02
   -0.515105353670580E-01   -0.839660366680648E-02
   -0.557604154417389E-01   -0.899835347691471E-02
   -0.580807527207103E-01   -0.884806723154171E-02
   -0.578866168989524E-01   -0.802216622559248E-02
   -0.545698055992363E-01   -0.650613579438103E-02
   -0.475606216403398E-01   -0.457408902617809E-02
   -0.363635538737530E-01   -0.247367178736887E-02
   -0.206057457083694E-01   -0.746229504148272E-03
    0.000000000000000E+00    0.000000000000000E+00
    0.000000000000000E+00    0.000000000000000E+00
    0.365283056417111E-01    0.268611678019897E-02
    0.786053949133340E-01    0.107941845369004E-01
    0.123183661359501E+00    0.237548744456594E-01
    0.166711999903789E+00    0.408456755323585E-01
    0.205320698545948E+00    0.604363940726425E-01
    0.235302928019416E+00    0.804834027094362E-01
    0.254352839001268E+00    0.991369958354366E-01
    0.261515226047949E+00    0.114242722902349E+00
    0.257224772359837E+00    0.124786458024700E+00
    0.243792042076902E+00    0.130108134343394E+00
    0.223418810439313E+00    0.130384955550986E+00
    0.199408185514998E+00    0.126487649849369E+00
    0.173888717698706E+00    0.119286445988698E+00
    0.149060930566681E+00    0.110096348165998E+00
    0.125993217833367E+00    0.997542730139591E-01
    0.105414376574995E+00    0.892066069492288E-01
    0.874548532353966E-01    0.789143246960696E-01
    0.719709042364515E-01    0.693018855419191E-01
    0.586471358730004E-01    0.604948343184857E-01
    0.470641941846306E-01    0.525612368766879E-01
    0.368268534930217E-01    0.454526182441430E-01
    0.275467136086306E-01    0.390747641882151E-01
    0.189125763566437E-01    0.333321924625425E-01
    0.106639707836901E-01    0.280941996401487E-01
    0.261352186736898E-02    0.232862222450214E-01
   -0.536138124612128E-02    0.188050563855621E-01
   -0.133242640031139E-01    0.146251512494741E-01
   -0.212625231860720E-01    0.107035547261456E-01
   -0.291062509420145E-01    0.707031611743389E-02
   -0.366901302137814E-01    0.375988514502083E-02
   -0.437754656908817E-01    0.848619336960844E-03
   -0.500055963517187E-01   -0.155502047586099E-02
   -0.549316972898922E-01   -0.336651959589925E-02
   -0.579854233007024E-01   -0.445213535673032E-02
   -0.585266923691926E-01   -0.479969357234713E-02
   -0.558447587587654E-01   -0.436807067551330E-02
   -0.492571483928028E-01   -0.333544076299263E-02
   -0.381015539884730E-01   -0.191834698267898E-02
   -0.218505239574405E-01   -0.602237995503389E-03
    0.000000000000000E+00    0.000000000000000E+00
    0.000000000000000E+00    0.000000000000000E+00
    0.313739828986044E-01    0.241357880709830E-02
    0.683668027410442E-01    0.976655272955191E-02
    0.108444553047928E+00    0.217007081118759E-01
    0.148614794654548E+00    0.376539388244728E-01
    0.185462073429920E+00    0.564252361619546E-01
    0.215702079807794E+00    0.761273624325027E-01
    0.236903899906296E+00    0.953233434346547E-01
    0.247817417065346E+00    0.111748211542240E+00
    0.248238779722532E+00    0.124441204239789E+00
    0.239772403194173E+00    0.132460638410926E+00
    0.224034601497764E+00    0.135624725006012E+00
    0.203811420527751E+00    0.134642787770866E+00
    0.181129893628566E+00    0.129972250399938E+00
    0.158041001553054E+00    0.122929095689561E+00
    0.135881235472806E+00    0.114192892992521E+00
    0.115454697803297E+00    0.104759148698898E+00
    0.971994113846188E-01    0.951706496199746E-01
    0.811042410588748E-01    0.858706880888128E-01
    0.670370524627845E-01    0.771529943227024E-01
    0.546851648191717E-01    0.690642376876798E-01
    0.437151982883399E-01    0.617060777588865E-01
    0.338017184758086E-01    0.549379721791551E-01
    0.246245160080952E-01    0.487668890262086E-01
    0.159498542852550E-01    0.430049824931424E-01
    0.755208363633328E-02    0.376384299154643E-01
   -0.690724474478960E-03    0.325081348469019E-01
   -0.888737861179811E-02    0.276192980759306E-01
   -0.170435507643216E-01    0.228857003155145E-01
   -0.251328877641957E-01    0.183474233756088E-01
   -0.330192674384718E-01    0.140206522285897E-01
   -0.404986670371050E-01    0.997961778763195E-02
   -0.472376514905696E-01    0.635406011728866E-02
   -0.527950655517287E-01    0.322582933950263E-02
   -0.565902679905049E-01    0.799105688022621E-03
   -0.579325608321812E-01   -0.897513122117425E-03
   -0.560300602553001E-01   -0.171421760915439E-02
   -0.500670311006390E-01   -0.178064215687097E-02
   -0.392175736400660E-01   -0.122145336774024E-02
   -0.227645386305500E-01   -0.431903620151145E-03
    0.000000000000000E+00    0.000000000000000E+00
    0.000000000000000E+00    0.000000000000000E+00
    0.267827280795896E-01    0.217040010311258E-02
    0.591357115571615E-01    0.882987903966295E-02
    0.949046104207205E-01    0.197550222816023E-01
    0.131580154061611E+00    0.346237543531860E-01
    0.166248753354224E+00    0.523668038021618E-01
    0.195952676741099E+00    0.716101075413835E-01
    0.218437537624786E+00    0.908565600660171E-01
    0.232153674486052E+00    0.108268209566326E+00
    0.236625270254804E+00    0.122693284654148E+00
    0.232690540659750E+00    0.133065296827637E+00
    0.221502266224915E+00    0.139073575577696E+00
    0.205312280352854E+00    0.140923403812985E+00
    0.185806395775756E+00    0.139045238029146E+00
    0.165036067678217E+00    0.134377977688647E+00
    0.144240851508182E+00    0.127606699242111E+00
    0.124498967895955E+00    0.119666721715318E+00
    0.106327328070552E+00    0.111093730562609E+00
    0.899586147473019E-01    0.102466943918341E+00
    0.753977720809170E-01    0.940518724846238E-01
    0.624460562655085E-01    0.860735516630849E-01
    0.508920697611050E-01    0.785893174687571E-01
    0.404212376487686E-01    0.716014012341085E-01
    0.307976253669017E-01    0.650645086686973E-01
    0.217441160373029E-01    0.588814131708726E-01
    0.130844952655504E-01    0.529861719559841E-01
    0.463164219568907E-02    0.472665230990569E-01
   -0.370098747156184E-02    0.416838952562567E-01
   -0.119906514744664E-01    0.361666698474718E-01
   -0.202097261463292E-01    0.307287830118674E-01
   -0.282928693445878E-01    0.253795373916141E-01
   -0.360459485089295E-01    0.201960704636899E-01
   -0.431950646233300E-01    0.152933789424319E-01
   -0.492980816780434E-01    0.107977994276333E-01
   -0.537986975047412E-01    0.691045562008503E-02
   -0.559568778707994E-01    0.375385430504570E-02
   -0.549360831392352E-01    0.151206911645116E-02
   -0.497851376295057E-01    0.179648039448403E-03
   -0.395475797912677E-01   -0.289178591265232E-03
   -0.232681691201580E-01   -0.179002069011086E-03
    0.000000000000000E+00    0.000000000000000E+00
    0.000000000000000E+00    0.000000000000000E+00
    0.226162233431948E-01    0.193522990557768E-02
    0.506747881354149E-01    0.792711736395104E-02
    0.823804111262857E-01    0.178887151397939E-01
    0.115640293121684E+00    0.316027598002544E-01
    0.147920066304249E+00    0.483266408485735E-01
    0.176712885661427E+00    0.668219278127265E-01
    0.199798437965106E+00    0.859893922931849E-01
    0.215641403679947E+00    0.103969063279897E+00
    0.223380789851058E+00    0.119808626249854E+00
    0.223414375641417E+00    0.132233071850850E+00
    0.216402274685185E+00    0.140767703975111E+00
    0.204090789990824E+00    0.145430103744207E+00
    0.187939006441552E+00    0.146283331720649E+00
    0.169706946159186E+00    0.144209930879667E+00
    0.150742942371085E+00    0.139630075788924E+00
    0.132059329579582E+00    0.133492034315227E+00
    0.114423168526317E+00    0.126294662566010E+00
    0.981256190897389E-01    0.118619440087505E+00
    0.833770714608332E-01    0.110852251910284E+00
    0.700751864695952E-01    0.103182573697795E+00
    0.581064014304676E-01    0.958364026142796E-01
    0.472460495527620E-01    0.887482590960863E-01
    0.372673850546763E-01    0.820255125852229E-01
    0.279605735051873E-01    0.754863515365204E-01
    0.191088326734201E-01    0.691797425911960E-01
    0.105652144484280E-01    0.629069195768065E-01
    0.218190406838661E-02    0.567050516673159E-01
   -0.610694765783521E-02    0.504278491308892E-01
   -0.143405655662197E-01    0.441291038275533E-01
   -0.224692136302088E-01    0.377710108132443E-01
   -0.303639820291496E-01    0.314392366463317E-01
   -0.377805129532272E-01    0.252480566835710E-01
   -0.443278035554387E-01    0.193134093994526E-01
   -0.494604158096001E-01    0.138969440404634E-01
   -0.524460928093071E-01    0.912723050682036E-02
   -0.523891696655825E-01    0.530761005678149E-02
   -0.482626818088739E-01    0.250521447193953E-02
   -0.389239785937470E-01    0.795152062575294E-03
   -0.232532498375697E-01    0.105004756176362E-03
    0.000000000000000E+00    0.000000000000000E+00
    0.000000000000000E+00    0.000000000000000E+00
    0.189237613521469E-01    0.172445381377396E-02
    0.431016298461950E-01    0.709988254682450E-02
    0.710040646093238E-01    0.161268419719130E-01
    0.100871569263320E+00    0.287433844823234E-01
    0.130590385498676E+00    0.443157137891439E-01
    0.157936148332652E+00    0.619939593280778E-01
    0.180974409855883E+00    0.806725360847267E-01
    0.198083977218097E+00    0.989318361019274E-01
    0.208360648595994E+00    0.115686269881969E+00
    0.211712776428429E+00    0.129758972320134E+00
    0.208495501018890E+00    0.140549639385410E+00
    0.199961331989777E+00    0.147755050366185E+00
    0.187218960525834E+00    0.151394878375782E+00
    0.171875789030610E+00    0.151941649403875E+00
    0.155061744066556E+00    0.149814067042155E+00
    0.137932154094479E+00    0.145754262135337E+00
    0.121211101976038E+00    0.140246046947515E+00
    0.105400535834786E+00    0.133897438953782E+00
    0.907878741530494E-01    0.127049720763067E+00
    0.774040507563611E-01    0.120039803369263E+00
    0.652588090065611E-01    0.113027318470064E+00
    0.541581149296451E-01    0.106113685819303E+00
    0.439975441861472E-01    0.993290698300438E-01
    0.345239506157876E-01    0.926289765935864E-01
    0.256217139076833E-01    0.859840665433282E-01
    0.170602014067622E-01    0.792890699512033E-01
    0.876442382219820E-02    0.725115980097012E-01
    0.566719868379435E-03    0.655552574716276E-01
   -0.753049389111886E-02    0.584240426471654E-01
   -0.155863444491183E-01    0.510916834352663E-01
   -0.234584880449209E-01    0.436268723286725E-01
   -0.310108398420721E-01    0.361284269237056E-01
   -0.378499604173957E-01    0.287421894295153E-01
   -0.435216322756370E-01    0.217120337014826E-01
   -0.472622278512470E-01    0.152569284908852E-01
   -0.482209479591587E-01    0.970954341775996E-02
   -0.452482117297592E-01    0.528174803843682E-02
   -0.371708413109811E-01    0.217379962249541E-02
   -0.225718488437152E-01    0.491854035617447E-03
    0.000000000000000E+00    0.000000000000000E+00
    0.000000000000000E+00    0.000000000000000E+00
    0.156161759300217E-01    0.152228478274839E-02
    0.362435982735929E-01    0.631249364145173E-02
    0.606021365936842E-01    0.144513836202201E-01
    0.872280884236352E-01    0.259419093050667E-01
    0.114299943915164E+00    0.403826581351183E-01
    0.139992746878706E+00    0.570297791873826E-01
    0.162472390719416E+00    0.751183048915028E-01
    0.180311148162080E+00    0.932603288869646E-01
    0.192395858177616E+00    0.110636775021378E+00
    0.198468193297191E+00    0.125952073852770E+00
    0.198503648922711E+00    0.138611239762591E+00
    0.193389756550045E+00    0.148144703626023E+00
    0.183956796928591E+00    0.154323065861046E+00
    0.171491009761843E+00    0.157529185543556E+00
    0.157093480897350E+00    0.157885046739248E+00
    0.141752088592823E+00    0.156119185131301E+00
    0.126342443198711E+00    0.152560575327304E+00
    0.111339397420535E+00    0.147811937349646E+00
    0.972095672432234E-01    0.142238391163923E+00
    0.840426990328350E-01    0.136134532143707E+00
    0.719584261486984E-01    0.129797421300877E+00
    0.608593900758791E-01    0.123243371820776E+00
    0.506629265177732E-01    0.116677900167423E+00
    0.412188716682170E-01    0.109941849372971E+00
    0.323669454892668E-01    0.103172461110627E+00
    0.239651723330334E-01    0.961369277349091E-01
    0.158571871272250E-01    0.889391178277571E-01
    0.793394116713558E-02    0.813605655649230E-01
    0.102043269255220E-03    0.734998944419366E-01
   -0.767969704130255E-02    0.652370339028468E-01
   -0.153683048732623E-01    0.566853273220481E-01
   -0.228483787058627E-01    0.479053106339007E-01
   -0.298220533202414E-01    0.390397968509262E-01
   -0.358699910641507E-01    0.303721169125820E-01
   -0.403029086027625E-01    0.221099173925517E-01
   -0.422675242866458E-01    0.147099981095184E-01
   -0.406345966003345E-01    0.845796121502261E-02
   -0.340904124849937E-01    0.370332613581216E-02
   -0.211520013466583E-01    0.913703877368009E-03
    0.000000000000000E+00    0.000000000000000E+00
    0.000000000000000E+00    0.000000000000000E+00
    0.127048928079941E-01    0.134185442439540E-02
    0.301580105070936E-01    0.559177308047841E-02
    0.512598395906529E-01    0.128827611714538E-01
    0.747745632129720E-01    0.233106894495442E-01
    0.992032814510968E-01    0.365544717635445E-01
    0.122939708364427E+00    0.521469874333499E-01
    0.144457464407431E+00    0.693443926820585E-01
    0.162340115311318E+00    0.871496180965606E-01
    0.175591214205755E+00    0.104665396215919E+00
    0.183665707205199E+00    0.120824368746631E+00
    0.186419124984514E+00    0.134930147566722E+00
    0.184343202653162E+00    0.146392670594464E+00
    0.178009182253221E+00    0.154935663739226E+00
    0.168475619923884E+00    0.160605164327974E+00
    0.156595794095434E+00    0.163522461158663E+00
    0.143375914964902E+00    0.164128378047771E+00
    0.129555947362755E+00    0.162746435291633E+00
    0.115754720941868E+00    0.159878303722611E+00
    0.102432019752849E+00    0.155848124390198E+00
    0.898049585418991E-01    0.151014263431211E+00
    0.780788117650244E-01    0.145596216064281E+00
    0.672005531087385E-01    0.139757665839284E+00
    0.572193032051957E-01    0.133602230733770E+00
    0.479449733057704E-01    0.127133461067038E+00
    0.393595893053171E-01    0.120376716608762E+00
    0.312213684843650E-01    0.113238450880269E+00
    0.235026589398742E-01    0.105715086096327E+00
    0.159598498577919E-01    0.976857085172422E-01
    0.859730932951392E-02    0.891621761067003E-01
    0.122155227750384E-02    0.800724157575742E-01
   -0.606770294461976E-02    0.704819095565851E-01
   -0.133162410326757E-01    0.604514971389908E-01
   -0.202062453999100E-01    0.501319610598988E-01
   -0.264803079559660E-01    0.397798851144423E-01
   -0.314403213700972E-01    0.296837337745849E-01
   -0.343886018971843E-01    0.203127153289387E-01
   -0.341370828475748E-01    0.121101852198226E-01
   -0.295191831266558E-01    0.558236079332732E-02
   -0.187652014713445E-01    0.145704199861388E-02
    0.000000000000000E+00    0.000000000000000E+00
    0.000000000000000E+00    0.000000000000000E+00
    0.101356543660207E-01    0.117041597485757E-02
    0.247211193409317E-01    0.491548894474523E-02
    0.428315789701508E-01    0.114077649399876E-01
    0.634316049216700E-01    0.207797038357132E-01
    0.852369785831022E-01    0.328643179836443E-01
    0.106954472481815E+00    0.472701577630355E-01
    0.127173241767787E+00    0.635176488406028E-01
    0.144730639086050E+00    0.806643220014441E-01
    0.158535959308410E+00    0.980800359772228E-01
    0.168076756986785E+00    0.114657476983614E+00
    0.172940367376302E+00    0.129813417102348E+00
    0.173442079218599E+00    0.142849388858246E+00
    0.169878199110522E+00    0.153373602705967E+00
    0.163062618599570E+00    0.161349312835251E+00
    0.153719643931864E+00    0.166641734446040E+00
    0.142666682183590E+00    0.169672157725433E+00
    0.130680151738690E+00    0.170535439451220E+00
    0.118293733695930E+00    0.169737625348035E+00
    0.106080206600546E+00    0.167509135591159E+00
    0.942693671909367E-01    0.164184574500918E+00
    0.831574723996703E-01    0.160031081688544E+00
    0.727760977390939E-01    0.155135867492626E+00
    0.631929140730847E-01    0.149744491637782E+00
    0.543447488342206E-01    0.143731692195308E+00
    0.461570343767163E-01    0.137308492855029E+00
    0.385269922689873E-01    0.130212895754183E+00
    0.313175236278580E-01    0.122633528063862E+00
    0.244049658311541E-01    0.114263505403123E+00
    0.176586402610702E-01    0.105283354654427E+00
    0.109568857930089E-01    0.954531963030049E-01
    0.425780362283195E-02    0.849517449867798E-01
   -0.247683594821181E-02    0.737369753807210E-01
   -0.906917033430211E-02    0.619944755679779E-01
   -0.153137338142886E-01    0.499819137272077E-01
   -0.206459516336699E-01    0.379656460035811E-01
   -0.244583497791606E-01    0.265391013423192E-01
   -0.256980317776104E-01    0.161916584810445E-01
   -0.232188751442075E-01    0.760731129845707E-02
   -0.153871740266975E-01    0.204036068192335E-02
    0.000000000000000E+00    0.000000000000000E+00
    0.000000000000000E+00    0.000000000000000E+00
    0.789351582085323E-02    0.101849139926106E-02
    0.199454809083972E-01    0.429854376607467E-02
    0.353497753585245E-01    0.100403160736136E-01
    0.532272108577133E-01    0.184249659124313E-01
    0.725228780956196E-01    0.293394237264270E-01
    0.921045336461322E-01    0.425770895097026E-01
    0.110832377961388E+00    0.576879319065920E-01
    0.127591086921728E+00    0.740391497049078E-01
    0.141481656611132E+00    0.909648772030089E-01
    0.151836577041688E+00    0.107626692505369E+00
    0.158273607002799E+00    0.123373172612245E+00
    0.160819481068715E+00    0.137542984586501E+00
    0.159647194517625E+00    0.149706861229454E+00
    0.155332073104992E+00    0.159621823124991E+00
    0.148403755211284E+00    0.167161771267859E+00
    0.139608574399359E+00    0.172462690468945E+00
    0.129556189508327E+00    0.175637668677603E+00
    0.118846332284275E+00    0.176996764413950E+00
    0.107975562373124E+00    0.176756389613126E+00
    0.972727636568357E-01    0.175206854290730E+00
    0.870605968724530E-01    0.172551206124589E+00
    0.774197270585951E-01    0.168957344056862E+00
    0.685262687795055E-01    0.164560051150006E+00
    0.602845001736582E-01    0.159383329525650E+00
    0.527787844899964E-01    0.153493952182745E+00
    0.457962050061392E-01    0.146796854678008E+00
    0.393765993702798E-01    0.139322579994358E+00
    0.332276621469634E-01    0.130910706367916E+00
    0.273819794359659E-01    0.121596768737467E+00
    0.215112888403661E-01    0.111239385294158E+00
    0.156950851503405E-01    0.999179148958312E-01
    0.966783591822580E-02    0.876259330608113E-01
    0.367037430820943E-02    0.745222269664607E-01
   -0.233099591670415E-02    0.608440343543738E-01
   -0.777522114273293E-02    0.469243150526621E-01
   -0.123294513259249E-01    0.333477005121866E-01
   -0.150039104789952E-01    0.207695046884686E-01
   -0.150566470644424E-01    0.100366141394610E-01
   -0.107049723264303E-01    0.276363868605572E-02
    0.000000000000000E+00    0.000000000000000E+00
    0.000000000000000E+00    0.000000000000000E+00
    0.594850255007667E-02    0.875242701127732E-03
    0.157432733480698E-01    0.372649615032610E-02
    0.287014467674745E-01    0.876724915070662E-02
    0.440734372928257E-01    0.161956519261060E-01
    0.609575005796205E-01    0.259949562009564E-01
    0.784454540774885E-01    0.380071867096305E-01
    0.955047488603190E-01    0.519710604732070E-01
    0.111256880639006E+00    0.673097721327341E-01
    0.124779108017662E+00    0.835831523714944E-01
    0.135536337962930E+00    0.999655949578354E-01
    0.142977224717120E+00    0.115959982586624E+00
    0.147107992427950E+00    0.130863123633252E+00
    0.147870538196204E+00    0.144235303991704E+00
    0.145715964620913E+00    0.155787890068809E+00
    0.140999322862321E+00    0.165220007829438E+00
    0.134324469260118E+00    0.172665985658338E+00
    0.126244064441472E+00    0.177997346659433E+00
    0.117261476891844E+00    0.181559287943071E+00
    0.107905783571356E+00    0.183375498111511E+00
    0.984864139344775E-01    0.183764127540068E+00
    0.893737767649967E-01    0.182848429903899E+00
    0.807125062206962E-01    0.180774702214643E+00
    0.726775135464795E-01    0.177716970197949E+00
    0.653109304816261E-01    0.173604372802760E+00
    0.586186295704671E-01    0.168639776155555E+00
    0.525752297937023E-01    0.162549906304218E+00
    0.470706978667998E-01    0.155572294413648E+00
    0.420074199243628E-01    0.147294795328011E+00
    0.372249690190362E-01    0.137994417651121E+00
    0.325431988195475E-01    0.127251332577981E+00
    0.278367932532468E-01    0.115361421042937E+00
    0.228980836769403E-01    0.102101988548781E+00
    0.177735101561323E-01    0.877517281093256E-01
    0.123733374654944E-01    0.724767999350878E-01
    0.708230598208801E-02    0.566052643401766E-01
    0.201928362074500E-02    0.408375828291804E-01
   -0.205352735672869E-02    0.258255745699141E-01
   -0.474530135004793E-02    0.126205532229392E-01
   -0.473465619410665E-02    0.353779762501341E-02
    0.000000000000000E+00    0.000000000000000E+00
    0.000000000000000E+00    0.000000000000000E+00
    0.427153001196354E-02    0.748246058508919E-03
    0.120997432079451E-01    0.320390608597792E-02
    0.228764788660699E-01    0.759318843822673E-02
    0.359596746144958E-01    0.141344685729426E-01
    0.506006627175696E-01    0.228447885125991E-01
    0.660083205677849E-01    0.336826232556199E-01
    0.813592981965027E-01    0.464136156133398E-01
    0.958319481304277E-01    0.606844164045898E-01
    0.108701247458228E+00    0.760458076584050E-01
    0.119358234558685E+00    0.919176739243413E-01
    0.127366510778749E+00    0.107766896242240E+00
    0.132537867043481E+00    0.123013184069945E+00
    0.134812127100835E+00    0.137196129267659E+00
    0.134429579145694E+00    0.149950624722180E+00
    0.131646357666902E+00    0.160996509937591E+00
    0.126947171506801E+00    0.170251082102877E+00
    0.120750076776603E+00    0.177631235032055E+00
    0.113555803467538E+00    0.183254864877653E+00
    0.105790747479471E+00    0.187175348019917E+00
    0.978235797171780E-01    0.189574567724016E+00
    0.899990446888038E-01    0.190555066496050E+00
    0.825073368046207E-01    0.190251329589452E+00
    0.755901589962032E-01    0.188748608120767E+00
    0.692680228869836E-01    0.186072659213568E+00
    0.636972935092569E-01    0.182266200571381E+00
    0.587424328132019E-01    0.177222594032081E+00
    0.545052580306581E-01    0.170962169764864E+00
    0.506845687791964E-01    0.163260172947440E+00
    0.473561536090715E-01    0.154158609304034E+00
    0.440560803683732E-01    0.143395171340939E+00
    0.408744376908495E-01    0.131076297673982E+00
    0.372687458394177E-01    0.117070309649920E+00
    0.334358245892278E-01    0.101565264961845E+00
    0.289329016308363E-01    0.847390917857475E-01
    0.241684744039538E-01    0.669615735204736E-01
    0.188568696688507E-01    0.489162456815090E-01
    0.135261004695059E-01    0.314227804713422E-01
    0.783616202717025E-02    0.156746006046368E-01
    0.292083547884764E-02    0.447459244397280E-02
    0.000000000000000E+00    0.000000000000000E+00
    0.000000000000000E+00    0.000000000000000E+00
    0.284936249188788E-02    0.628155444540820E-03
    0.895543284285756E-02    0.271932936432160E-02
    0.177945114504753E-01    0.650124363263629E-02
    0.288053112794077E-01    0.121970962515641E-01
    0.413467947565731E-01    0.198834314927719E-01
    0.547784182505481E-01    0.295466509734589E-01
    0.683685125778063E-01    0.410780892327335E-01
    0.814814189394435E-01    0.541709688364853E-01
    0.934087385095835E-01    0.685433148599828E-01
    0.103694581661780E+00    0.836533148758549E-01
    0.111812852239397E+00    0.991135550728436E-01
    0.117642369581631E+00    0.114353208945038E+00
    0.120956405729442E+00    0.128959553226165E+00
    0.121974613481478E+00    0.142566541200974E+00
    0.120784289936571E+00    0.154802823293834E+00
    0.117800123391462E+00    0.165614006991219E+00
    0.113334619131755E+00    0.174713852334040E+00
    0.107817079615053E+00    0.182294501421909E+00
    0.101644116593215E+00    0.188169334188395E+00
    0.951528070666919E-01    0.192619456722379E+00
    0.886935366908136E-01    0.195545579547746E+00
    0.824970333080906E-01    0.197164247584229E+00
    0.767844282407362E-01    0.197443883907311E+00
    0.717104819074267E-01    0.196426127450335E+00
    0.673309312568669E-01    0.194147424641440E+00
    0.637436330845330E-01    0.190400569965122E+00
    0.608508166321055E-01    0.185332541411553E+00
    0.586425024517822E-01    0.178444184567545E+00
    0.569137873764263E-01    0.170051521677175E+00
    0.554624161828712E-01    0.159466039532889E+00
    0.540674801615858E-01    0.147146319632399E+00
    0.523214532624216E-01    0.132543397666299E+00
    0.501340415289796E-01    0.116121010922638E+00
    0.470219475688824E-01    0.978418598585809E-01
    0.431745982469100E-01    0.781516807344846E-01
    0.379538570112843E-01    0.578160053010718E-01
    0.316449646205655E-01    0.376070173633664E-01
    0.229967000175130E-01    0.189325561395962E-01
    0.122345880586799E-01    0.548751632216626E-02
    0.000000000000000E+00    0.000000000000000E+00
    0.000000000000000E+00    0.000000000000000E+00
    0.165145044314436E-02    0.519014481487677E-03
    0.628478625761076E-02    0.226915467478075E-02
    0.134209786258933E-01    0.548571152904404E-02
    0.225721906160965E-01    0.103977823846435E-01
    0.331960468201017E-01    0.171040927008468E-01
    0.447393297639597E-01    0.256615136814389E-01
    0.566182584737498E-01    0.359824223785585E-01
    0.682543613193926E-01    0.479082132239100E-01
    0.791052233346882E-01    0.611611518148333E-01
    0.886895045269362E-01    0.753900748653422E-01
    0.966202100298080E-01    0.901942186265540E-01
    0.102654300261800E+00    0.105147940280398E+00
    0.106638327421413E+00    0.119830874969322E+00
    0.108624190076898E+00    0.133894695936158E+00
    0.108692325284007E+00    0.146992311702634E+00
    0.107124093286134E+00    0.158949785173504E+00
    0.104164236214420E+00    0.169538883296282E+00
    0.100190797933170E+00    0.178760696895132E+00
    0.955166501852728E-01    0.186494334750197E+00
    0.904971921426537E-01    0.192848133667635E+00
    0.854347358075012E-01    0.197756971644873E+00
    0.805956015369708E-01    0.201349971594888E+00
    0.762295999412611E-01    0.203558063884104E+00
    0.724849151427596E-01    0.204452072070978E+00
    0.695494393644352E-01    0.203922790517787E+00
    0.674276672418564E-01    0.201914571198357E+00
    0.662588004589778E-01    0.198292648692414E+00
    0.658043353846069E-01    0.192788488747599E+00
    0.661876662005875E-01    0.185341128542097E+00
    0.668072573299087E-01    0.175497192372764E+00
    0.678112500550501E-01    0.163357168272292E+00
    0.682374288873089E-01    0.148543883417092E+00
    0.683264635011351E-01    0.131300778885287E+00
    0.670088969486254E-01    0.111682301989176E+00
    0.646272002897383E-01    0.901179726641364E-01
    0.599488136636621E-01    0.673954274075933E-01
    0.528470794066505E-01    0.444337022071999E-01
    0.409591715328275E-01    0.227538620347905E-01
    0.236923253518216E-01    0.669586256072113E-02
    0.000000000000000E+00    0.000000000000000E+00
    0.000000000000000E+00    0.000000000000000E+00
    0.676392756341101E-03    0.412996625597129E-03
    0.405508601641630E-02    0.184100701756114E-02
    0.970791886462443E-02    0.452401937661612E-02
    0.171990740324945E-01    0.869104479333051E-02
    0.260623016260290E-01    0.144810800138378E-01
    0.358443113681413E-01    0.219670690691952E-01
    0.460387563463475E-01    0.311395112186729E-01
    0.561996072919748E-01    0.418753480959226E-01
    0.658218183090942E-01    0.540065784112493E-01
    0.745558884176177E-01    0.672255099243453E-01
    0.819805225277333E-01    0.812439164658266E-01
    0.879473512543108E-01    0.956702486220689E-01
    0.921992255483940E-01    0.110151325383870E+00
    0.948276882845108E-01    0.124365561593838E+00
    0.957795943277236E-01    0.137941339368246E+00
    0.953272296776435E-01    0.150751108347179E+00
    0.936043542724608E-01    0.162433356947941E+00
    0.909531214775294E-01    0.173084840703906E+00
    0.876292304225839E-01    0.182363546507501E+00
    0.839559577201503E-01    0.190532413953043E+00
    0.802226584150329E-01    0.197258928563590E+00
    0.767075924272958E-01    0.202871131938924E+00
    0.736433127686315E-01    0.207028004425401E+00
    0.712885838916357E-01    0.210001536542432E+00
    0.697347833724375E-01    0.211443254047815E+00
    0.692520490557405E-01    0.211443319953842E+00
    0.697235083819415E-01    0.209730470530766E+00
    0.713709575045168E-01    0.205901692478501E+00
    0.738980900513916E-01    0.200076364663145E+00
    0.771620490604504E-01    0.191237023871275E+00
    0.808136137870087E-01    0.179976315500045E+00
    0.841758637140830E-01    0.165107387136290E+00
    0.869836859580928E-01    0.147474323137706E+00
    0.881709320934783E-01    0.126607821314702E+00
    0.877718846508918E-01    0.103215736228042E+00
    0.840819795903958E-01    0.780687575574577E-01
    0.768354313483483E-01    0.520664490662376E-01
    0.619164689604135E-01    0.269045065501284E-01
    0.373092800665730E-01    0.803438429766224E-02
    0.000000000000000E+00    0.000000000000000E+00
    0.000000000000000E+00    0.000000000000000E+00
   -0.957678719833146E-04    0.311180596684579E-03
    0.224242279787714E-02    0.142870500166694E-02
    0.661444199467449E-02    0.360509017631627E-02
    0.126355650023619E-01    0.707325555425729E-02
    0.199053052664295E-01    0.119915314904910E-01
    0.280413099793721E-01    0.184741574467972E-01
    0.366377554491915E-01    0.265301297312663E-01
    0.453049139053895E-01    0.361250008649087E-01
    0.536623314005016E-01    0.471015154722631E-01
    0.613626633124658E-01    0.592820551535953E-01
    0.681120739258540E-01    0.723751951567915E-01
    0.736898683597440E-01    0.861209664157102E-01
    0.779422479198522E-01    0.100156515800821E+00
    0.808335642692207E-01    0.114236456457096E+00
    0.823668146193111E-01    0.127991920860966E+00
    0.826843793196561E-01    0.141281344333043E+00
    0.819216285389225E-01    0.153772299087421E+00
    0.803376858747246E-01    0.165469094228800E+00
    0.781509160508569E-01    0.176081510436636E+00
    0.756643182193110E-01    0.185749868056319E+00
    0.731277217500501E-01    0.194194245381744E+00
    0.708391834029104E-01    0.201650465741797E+00
    0.690400241668448E-01    0.207786173701088E+00
    0.680021470401005E-01    0.212872006720085E+00
    0.679391509060675E-01    0.216460176641075E+00
    0.690519976118978E-01    0.218799307285718E+00
    0.714684141542111E-01    0.219254340973186E+00
    0.752681884972161E-01    0.217784815632475E+00
    0.805794391494320E-01    0.213886488973436E+00
    0.867085933966511E-01    0.206911588895414E+00
    0.939309889251150E-01    0.196721186984692E+00
    0.100606075365099E+00    0.182458522823705E+00
    0.107147339713363E+00    0.164493778649715E+00
    0.111360266247617E+00    0.142607704410281E+00
    0.113825792600625E+00    0.117336635096055E+00
    0.111829763078023E+00    0.896482123228692E-01
    0.104596952242512E+00    0.605059328302776E-01
    0.865152608608363E-01    0.317501374008658E-01
    0.536818506075372E-01    0.961417035123119E-02
    0.000000000000000E+00    0.000000000000000E+00
    0.000000000000000E+00    0.000000000000000E+00
   -0.660146026779961E-03    0.207939076238483E-03
    0.840359066128640E-03    0.101751087352207E-02
    0.412266670535861E-02    0.270433729359017E-02
    0.884653837154335E-02    0.550236747579715E-02
    0.146694957419248E-01    0.960037046167432E-02
    0.212807282578772E-01    0.151263850469025E-01
    0.283425385392896E-01    0.221322469236294E-01
    0.355569436338378E-01    0.306129205062375E-01
    0.425898751186048E-01    0.404740785184530E-01
    0.491942893295499E-01    0.515750411730432E-01
    0.550742373962987E-01    0.637034231494382E-01
    0.600992120508391E-01    0.766278875722688E-01
    0.640568185222744E-01    0.900607775273214E-01
    0.669752235994280E-01    0.103770948111745E+00
    0.687605578099901E-01    0.117428635465904E+00
    0.695849146931336E-01    0.130907840808286E+00
    0.694852948128417E-01    0.143848445757402E+00
    0.687174371845331E-01    0.156304522977040E+00
    0.674359904672184E-01    0.167873888224817E+00
    0.659175611410876E-01    0.178817918675538E+00
    0.643989905073146E-01    0.188652940421168E+00
    0.631546503650509E-01    0.197843170953927E+00
    0.624436400556281E-01    0.205745313883596E+00
    0.625803250018294E-01    0.213007333918887E+00
    0.637666538107588E-01    0.218732764594200E+00
    0.664299671599193E-01    0.223635027007327E+00
    0.704291612822066E-01    0.226478169277698E+00
    0.765061221563970E-01    0.227860653051963E+00
    0.842122700395944E-01    0.226795751924521E+00
    0.938356487432521E-01    0.221963059662394E+00
    0.104826432980270E+00    0.214004655178558E+00
    0.115896430076082E+00    0.200585104664935E+00
    0.126741995658238E+00    0.183109112568495E+00
    0.135187690302360E+00    0.160188415778646E+00
    0.141121791145046E+00    0.133172182226388E+00
    0.141378341381201E+00    0.102749585425398E+00
    0.135317056381090E+00    0.701196039255105E-01
    0.114424049321835E+00    0.371541554607001E-01
    0.729163292037681E-01    0.114293428426578E-01
    0.000000000000000E+00    0.000000000000000E+00
    0.000000000000000E+00    0.000000000000000E+00
   -0.102003685758901E-02    0.104285016281088E-03
   -0.172948013551995E-03    0.612284407294668E-03
    0.219180140529399E-02    0.182324510449416E-02
    0.577873523887662E-02    0.398042425954469E-02
    0.102949394823908E-01    0.729442496028189E-02
    0.154968729423800E-01    0.119108018892479E-01
    0.211146230310134E-01    0.179063857794229E-01
    0.269092496261180E-01    0.253152190195501E-01
    0.326342527759548E-01    0.340651595697157E-01
    0.380620857524317E-01    0.440883429166676E-01
    0.429993420758319E-01    0.551770064270331E-01
    0.472745924430168E-01    0.672013397281903E-01
    0.507801507671168E-01    0.798521746638667E-01
    0.534466887054513E-01    0.930053012994267E-01
    0.552683793233329E-01    0.106289182631966E+00
    0.562944548500947E-01    0.119661208559495E+00
    0.566150519037944E-01    0.132716167864252E+00
    0.563806870385288E-01    0.145551652789919E+00
    0.557560089467003E-01    0.157736334096625E+00
    0.549627465965661E-01    0.169538243473786E+00
    0.542144272354928E-01    0.180475768445370E+00
    0.537876872056584E-01    0.191001452629878E+00
    0.539280760557403E-01    0.200508070646007E+00
    0.549904752267277E-01    0.209654957474428E+00
    0.572042428298371E-01    0.217547173537678E+00
    0.610363509818032E-01    0.225008377322188E+00
    0.666969837789176E-01    0.230643824858713E+00
    0.749165434984826E-01    0.235695529389912E+00
    0.855911113471782E-01    0.237800705837431E+00
    0.988478615609674E-01    0.236551440393277E+00
    0.115129390920439E+00    0.231249346905108E+00
    0.131023296801802E+00    0.220064379135279E+00
    0.148194016489524E+00    0.202929795762488E+00
    0.161559088476147E+00    0.179425113297345E+00
    0.172311384310261E+00    0.150350598200785E+00
    0.175750765550545E+00    0.117111826543581E+00
    0.170971868539296E+00    0.806928472020350E-01
    0.147505219588309E+00    0.433113376013005E-01
    0.956524001564470E-01    0.134947844207038E-01
    0.000000000000000E+00    0.000000000000000E+00
    0.000000000000000E+00    0.000000000000000E+00
   -0.117086254466112E-02   -0.497382684379609E-05
   -0.785782330660544E-03    0.201595965976208E-03
    0.825621652833884E-03    0.953703511154127E-03
    0.342264560851301E-02    0.249948473710881E-02
    0.676586050045586E-02    0.506517366757043E-02
    0.106689826568033E-01    0.881436704882828E-02
    0.149251657653640E-01    0.138354417827242E-01
    0.193612697042654E-01    0.201951902376832E-01
    0.237795256656299E-01    0.278466230774564E-01
    0.280280851750577E-01    0.367540331231843E-01
    0.319251169851068E-01    0.467636014682303E-01
    0.353791307955522E-01    0.577518871698953E-01
    0.382452010707493E-01    0.694991051779164E-01
    0.405284695153469E-01    0.818429986264566E-01
    0.421437962239531E-01    0.945293477330012E-01
    0.431982782934606E-01    0.107433945175223E+00
    0.436852738198757E-01    0.120277469074993E+00
    0.437849658890911E-01    0.133057234984089E+00
    0.435828900312499E-01    0.145450281143263E+00
    0.432902284550940E-01    0.157654288645899E+00
    0.430961933452612E-01    0.169242792522322E+00
    0.432180373942808E-01    0.180705206847662E+00
    0.439660440382744E-01    0.191370864672920E+00
    0.455928234266033E-01    0.202159512300662E+00
    0.484576731629860E-01    0.211879740492975E+00
    0.530807433222835E-01    0.222071879665008E+00
    0.598042328779334E-01    0.230270083485687E+00
    0.697285403236481E-01    0.239708755243608E+00
    0.817975372889351E-01    0.245422650432061E+00
    0.989253343401253E-01    0.249080368675765E+00
    0.119796664567739E+00    0.249237382406189E+00
    0.143043767754907E+00    0.240258817631729E+00
    0.167202224205812E+00    0.225315018355075E+00
    0.187829917052161E+00    0.200873080211952E+00
    0.203995787976327E+00    0.169826043745506E+00
    0.211382834108335E+00    0.133470744740819E+00
    0.209729416673559E+00    0.930460884774822E-01
    0.183696307893027E+00    0.503317682844927E-01
    0.122316363523247E+00    0.157975167236221E-01
    0.000000000000000E+00    0.000000000000000E+00
    0.000000000000000E+00    0.000000000000000E+00
   -0.112245158764093E-02   -0.102293637872045E-03
   -0.104041674143553E-02   -0.169994307653886E-03
   -0.322806215468854E-04    0.150930199880073E-03
    0.171938667325323E-02    0.111665614539215E-02
    0.401644394175557E-02    0.297224351548153E-02
    0.674532355941097E-02    0.586682794487477E-02
    0.973858105724299E-02    0.992880260197927E-02
    0.128934884666669E-01    0.152118504668117E-01
    0.160605164652008E-01    0.217198719770321E-01
    0.191323430147956E-01    0.294262322705584E-01
    0.219893074236197E-01    0.382137255777059E-01
    0.245375906235405E-01    0.480051359621664E-01
    0.267066305734050E-01    0.585787653664280E-01
    0.284460167931406E-01    0.698585957982387E-01
    0.297462401636836E-01    0.815411173274387E-01
    0.306212835901171E-01    0.936157447825770E-01
    0.311214579746520E-01    0.105720019912097E+00
    0.313307239127367E-01    0.117968659946922E+00
    0.313483267706527E-01    0.129957563793051E+00
    0.313272514912166E-01    0.141975344292181E+00
    0.314051511364973E-01    0.153574440671569E+00
    0.318161125081529E-01    0.165267769323313E+00
    0.327303819455567E-01    0.176514645865381E+00
    0.345099813077375E-01    0.188147035247645E+00
    0.374267081132136E-01    0.199309672545114E+00
    0.422525202450796E-01    0.211341298258590E+00
    0.494706295971425E-01    0.222608517661514E+00
    0.599401074027904E-01    0.236364769939978E+00
    0.735762155154742E-01    0.246871066916564E+00
    0.951031689754427E-01    0.259085142182858E+00
    0.124181075762220E+00    0.264905521902028E+00
    0.155761833939976E+00    0.260884633719372E+00
    0.189491180365161E+00    0.247895635696465E+00
    0.217248642303487E+00    0.224482290158204E+00
    0.241029353088143E+00    0.190623972342719E+00
    0.254274455607352E+00    0.151328520531664E+00
    0.254916776627621E+00    0.106484486979482E+00
    0.226649842171329E+00    0.580962063116730E-01
    0.153182728753897E+00    0.184096976652362E-01
    0.000000000000000E+00    0.000000000000000E+00
    0.000000000000000E+00    0.000000000000000E+00
   -0.887129648181872E-03   -0.184661339519082E-03
   -0.947322014470877E-03   -0.484481509530712E-03
   -0.399184004280223E-03   -0.529431936583918E-03
    0.648261839139615E-03   -0.740529018288238E-04
    0.205024065000961E-02    0.111474162163453E-02
    0.374028963592079E-02    0.319549989064701E-02
    0.560705859145008E-02    0.627354338037553E-02
    0.759269395911199E-02    0.104426856207430E-01
    0.959775449972861E-02    0.156904718857695E-01
    0.115654298067826E-01    0.220372890871591E-01
    0.134011678276341E-01    0.293828272825373E-01
    0.150692472385798E-01    0.376653732862763E-01
    0.164859578736240E-01    0.467373043819579E-01
    0.176614668637603E-01    0.564715506542085E-01
    0.185335019228835E-01    0.667105887644479E-01
    0.191688482937169E-01    0.773080034464728E-01
    0.195389271519814E-01    0.881209370545514E-01
    0.197572213412780E-01    0.990492041203832E-01
    0.198455710785819E-01    0.109970954666076E+00
    0.199392695124746E-01    0.120909968849260E+00
    0.201407547653629E-01    0.131745213886864E+00
    0.205797423218195E-01    0.142721731982237E+00
    0.214898252692365E-01    0.153655358458073E+00
    0.229932263378049E-01    0.165203397773956E+00
    0.256463901825301E-01    0.176820321749439E+00
    0.295522962618737E-01    0.190346639695990E+00
    0.363100137478528E-01    0.204343249980608E+00
    0.463165174547057E-01    0.221612312805189E+00
    0.594543198001294E-01    0.234713966226749E+00
    0.804714194220070E-01    0.259548009810288E+00
    0.112737665843828E+00    0.277563541864535E+00
    0.159050316316672E+00    0.278020735301993E+00
    0.204477410916925E+00    0.273169425241732E+00
    0.246212451868900E+00    0.248964645077060E+00
    0.278561393151132E+00    0.213046648577508E+00
    0.297155592804286E+00    0.170563537952142E+00
    0.301272455936105E+00    0.120204907554760E+00
    0.271306413311358E+00    0.674035889083778E-01
    0.189868278506409E+00    0.221335632420236E-01
    0.000000000000000E+00    0.000000000000000E+00
    0.000000000000000E+00    0.000000000000000E+00
   -0.527480532482629E-03   -0.202305273233224E-03
   -0.612783979749875E-03   -0.626004787026389E-03
   -0.398092753354867E-03   -0.924865460090867E-03
    0.104000935552115E-03   -0.882709438904867E-03
    0.764007105457387E-03   -0.266748309184431E-03
    0.160355837165770E-02    0.100240838779537E-02
    0.250393357529755E-02    0.308832559387750E-02
    0.350346694295698E-02    0.599571691302745E-02
    0.448791306359063E-02    0.981267176460556E-02
    0.549207446245767E-02    0.144795624679802E-01
    0.641010672079032E-02    0.200099781103175E-01
    0.727322439119534E-02    0.262912062582369E-01
    0.799553289296630E-02    0.332706279578755E-01
    0.861346402797758E-02    0.408083962750917E-01
    0.906750805034009E-02    0.488067839194188E-01
    0.941270026467925E-02    0.571349417493434E-01
    0.961067607866536E-02    0.656848981810901E-01
    0.974997882998547E-02    0.743694300107415E-01
    0.979910343653687E-02    0.831155947931070E-01
    0.989530258682758E-02    0.919062435889296E-01
    0.999816757868040E-02    0.100752666805645E+00
    0.103149810901684E-01    0.109727037417934E+00
    0.107966944354985E-01    0.118981439533580E+00
    0.117936756198969E-01    0.128720465912378E+00
    0.132496583045673E-01    0.139351030411171E+00
    0.156048265447626E-01    0.151731076657618E+00
    0.189215586148937E-01    0.165794113408459E+00
    0.248140900113964E-01    0.180703401396411E+00
    0.338430977677109E-01    0.200130903999799E+00
    0.528283495502663E-01    0.238797318971660E+00
    0.919284611361716E-01    0.267596461243494E+00
    0.150548245435405E+00    0.290075426020064E+00
    0.218424104766663E+00    0.291736186628932E+00
    0.279672523832137E+00    0.268003583865962E+00
    0.319068250219088E+00    0.233033225013455E+00
    0.346995509199961E+00    0.188938398667224E+00
    0.357007597552635E+00    0.133755277069168E+00
    0.330831125092009E+00    0.787238334773143E-01
    0.236934715642993E+00    0.265709586312833E-01
    0.000000000000000E+00    0.000000000000000E+00
    0.000000000000000E+00    0.000000000000000E+00
   -0.147900119906865E-03   -0.147900119906858E-03
   -0.199560590412555E-03   -0.529538054865288E-03
   -0.164002638159315E-03   -0.856866536415599E-03
   -0.246331182950844E-04   -0.100919670907141E-02
    0.153615695161401E-03   -0.834953815152480E-03
    0.390642657777661E-03   -0.264893157205768E-03
    0.642212372411624E-03    0.761863121567519E-03
    0.923140556066361E-03    0.231692309050195E-02
    0.120536823475158E-02    0.437784216845330E-02
    0.149003238344628E-02    0.700703730231299E-02
    0.175918992970795E-02    0.101202639515850E-01
    0.200556859974167E-02    0.137509130965498E-01
    0.222155422347360E-02    0.177783762308035E-01
    0.239886963912221E-02    0.221974122452258E-01
    0.253774230532390E-02    0.268844457821357E-01
    0.263724998333434E-02    0.318035324681497E-01
    0.270155504320193E-02    0.368596309247465E-01
    0.274261732453886E-02    0.420110542589421E-01
    0.276604103684770E-02    0.472156159417468E-01
    0.279742008563139E-02    0.524584532489893E-01
    0.284459027736664E-02    0.577727918737139E-01
    0.294661161322637E-02    0.631988936384935E-01
    0.312650580197578E-02    0.688948383686854E-01
    0.344889501748908E-02    0.750268173492257E-01
    0.401846010260392E-02    0.819063650330097E-01
    0.480603792204720E-02    0.898927378490790E-01
    0.577951575637979E-02    0.997001545408018E-01
    0.745441707133276E-02    0.111296165368100E+00
    0.116491634411175E-01    0.129555798976838E+00
    0.198584464304691E-01    0.171582574261232E+00
    0.597897549995777E-01    0.214268299153050E+00
    0.104307530917304E+00    0.224794279025021E+00
    0.218766422327368E+00    0.287682668194468E+00
    0.308227061372472E+00    0.277623163230100E+00
    0.362940055463466E+00    0.244397014260955E+00
    0.395151691850152E+00    0.206537024586934E+00
    0.409569509553357E+00    0.151124887120775E+00
    0.383038180002977E+00    0.969765878896262E-01
    0.290128260709561E+00    0.413328996792793E-01
    0.000000000000000E+00    0.000000000000000E+00
    0.000000000000000E+00    0.000000000000000E+00
    0.000000000000000E+00    0.000000000000000E+00
    0.000000000000000E+00    0.000000000000000E+00
    0.000000000000000E+00    0.000000000000000E+00
    0.000000000000000E+00    0.000000000000000E+00
    0.000000000000000E+00    0.000000000000000E+00
    0.000000000000000E+00    0.000000000000000E+00
    0.000000000000000E+00    0.000000000000000E+00
    0.000000000000000E+00    0.000000000000000E+00
    0.000000000000000E+00    0.000000000000000E+00
    0.000000000000000E+00    0.000000000000000E+00
    0.000000000000000E+00    0.000000000000000E+00
    0.000000000000000E+00    0.000000000000000E+00
    0.000000000000000E+00    0.000000000000000E+00
    0.000000000000000E+00    0.000000000000000E+00
    0.000000000000000E+00    0.000000000000000E+00
    0.000000000000000E+00    0.000000000000000E+00
    0.000000000000000E+00    0.000000000000000E+00
    0.000000000000000E+00    0.000000000000000E+00
    0.000000000000000E+00    0.000000000000000E+00
    0.000000000000000E+00    0.000000000000000E+00
    0.000000000000000E+00    0.000000000000000E+00
    0.000000000000000E+00    0.000000000000000E+00
    0.000000000000000E+00    0.000000000000000E+00
    0.000000000000000E+00    0.000000000000000E+00
    0.000000000000000E+00    0.000000000000000E+00
    0.000000000000000E+00    0.000000000000000E+00
    0.000000000000000E+00    0.000000000000000E+00
    0.000000000000000E+00    0.000000000000000E+00
    0.000000000000000E+00    0.000000000000000E+00
    0.000000000000000E+00    0.000000000000000E+00
    0.000000000000000E+00    0.000000000000000E+00
    0.000000000000000E+00    0.000000000000000E+00
    0.210219876738982E+00    0.242253749753538E+00
    0.296864789983994E+00    0.285889758561157E+00
    0.388395015784452E+00    0.246730875554010E+00
    0.444808314773610E+00    0.210239536605177E+00
    0.462932094274103E+00    0.163631584883343E+00
    0.449528773564447E+00    0.107105043287155E+00
    0.325191831077731E+00    0.556521700888219E-01
    0.000000000000000E+00    0.000000000000000E+00
