    0.000000000000000E+00    0.000000000000000E+00
    0.218750000000000E+00    0.000000000000000E+00
    0.375000000000000E+00    0.000000000000000E+00
    0.468750000000000E+00    0.000000000000000E+00
    0.500000000000000E+00    0.000000000000000E+00
    0.468750000000000E+00    0.000000000000000E+00
    0.375000000000000E+00    0.000000000000000E+00
    0.218750000000000E+00    0.000000000000000E+00
    0.000000000000000E+00    0.000000000000000E+00
    0.000000000000000E+00    0.000000000000000E+00
    0.000000000000000E+00    0.000000000000000E+00
    0.000000000000000E+00    0.000000000000000E+00
    0.000000000000000E+00    0.000000000000000E+00
    0.000000000000000E+00    0.000000000000000E+00
    0.000000000000000E+00    0.000000000000000E+00
    0.000000000000000E+00    0.000000000000000E+00
    0.000000000000000E+00    0.000000000000000E+00
    0.000000000000000E+00    0.000000000000000E+00
    0.000000000000000E+00    0.000000000000000E+00
    0.000000000000000E+00    0.000000000000000E+00
    0.000000000000000E+00    0.000000000000000E+00
    0.000000000000000E+00    0.000000000000000E+00
    0.000000000000000E+00    0.000000000000000E+00
    0.000000000000000E+00    0.000000000000000E+00
    0.000000000000000E+00    0.000000000000000E+00
    0.000000000000000E+00    0.000000000000000E+00
    0.000000000000000E+00    0.000000000000000E+00
    0.000000000000000E+00    0.000000000000000E+00
    0.000000000000000E+00    0.000000000000000E+00
    0.000000000000000E+00    0.000000000000000E+00
    0.000000000000000E+00    0.000000000000000E+00
    0.000000000000000E+00    0.000000000000000E+00
    0.000000000000000E+00    0.000000000000000E+00
    0.000000000000000E+00    0.000000000000000E+00
    0.000000000000000E+00    0.000000000000000E+00
    0.000000000000000E+00    0.000000000000000E+00
    0.000000000000000E+00    0.000000000000000E+00
    0.000000000000000E+00    0.000000000000000E+00
    0.000000000000000E+00    0.000000000000000E+00
    0.000000000000000E+00    0.000000000000000E+00
    0.000000000000000E+00    0.000000000000000E+00
    0.000000000000000E+00    0.000000000000000E+00
    0.216726279331776E+00    0.293099833780498E-02
    0.371866255496700E+00    0.968869222885021E-02
    0.465602878804017E+00    0.156711062278904E-01
    0.497195343810864E+00    0.207923283362279E-01
    0.462542188670845E+00    0.309104347105747E-01
    0.368677971823213E+00    0.312611065239840E-01
    0.215063090736180E+00    0.414283533670992E-01
    0.547385256301929E-01    0.273092292194369E-01
    0.279389854328708E-02   -0.255017186966419E-01
   -0.303566165482083E-02   -0.385922042787825E-01
   -0.283980780942787E-02   -0.288724268939597E-01
   -0.106115658408432E-02   -0.270167361090255E-01
   -0.935194748012662E-03   -0.245987128678497E-01
   -0.110849977132423E-02   -0.226186827020462E-01
   -0.939381151076820E-03   -0.209551295380048E-01
   -0.685597880554935E-03   -0.196454439566982E-01
   -0.501560049245941E-03   -0.185170206031404E-01
   -0.380412158516157E-03   -0.177205306877737E-01
   -0.297168995852749E-03   -0.170977426780564E-01
   -0.255822474170374E-03   -0.165831873214717E-01
   -0.233722068382840E-03   -0.161265329884016E-01
   -0.241727756934638E-03   -0.156726852619415E-01
   -0.266270366276005E-03   -0.151893071858236E-01
   -0.312008237313523E-03   -0.146296408184476E-01
   -0.367892953135666E-03   -0.139781515700574E-01
   -0.433740710055916E-03   -0.132032133803459E-01
   -0.502968221974359E-03   -0.123037308623455E-01
   -0.569356413404971E-03   -0.112708427649361E-01
   -0.631107867957325E-03   -0.101168321167386E-01
   -0.676181747686097E-03   -0.886149454278116E-02
   -0.708234370737276E-03   -0.752759116062842E-02
   -0.710895289127934E-03   -0.616778783902075E-02
   -0.692584407009158E-03   -0.480871598345025E-02
   -0.637368914960167E-03   -0.353238618269012E-02
   -0.558700553949044E-03   -0.236035063448296E-02
   -0.445271730845491E-03   -0.139904587453160E-02
   -0.310945948306144E-03   -0.644678695202427E-03
   -0.163418517141588E-03   -0.181396088830565E-03
   -0.564438317094664E-05   -0.564438317095435E-05
    0.000000000000000E+00    0.000000000000000E+00
    0.000000000000000E+00    0.000000000000000E+00
    0.208154030101568E+00    0.527780584281439E-02
    0.361942810054458E+00    0.170794295293261E-01
    0.456344586873341E+00    0.304405252182831E-01
    0.488517140805012E+00    0.409518897619811E-01
    0.458006138232967E+00    0.523248797345344E-01
    0.363882059839806E+00    0.562393538604046E-01
    0.234722735594572E+00    0.509926392675678E-01
    0.105106967083078E+00    0.282261256012163E-01
    0.242474650221080E-01   -0.149596813816635E-01
    0.204041385560127E-02   -0.363482253125149E-01
   -0.208752739665677E-02   -0.359866465305735E-01
   -0.273245896446739E-02   -0.381782332933949E-01
   -0.277445170748007E-02   -0.388683622984978E-01
   -0.291036360729869E-02   -0.373941269727529E-01
   -0.252524663345495E-02   -0.354855101867562E-01
   -0.203325791057347E-02   -0.339095768061288E-01
   -0.155088524235617E-02   -0.325897837380212E-01
   -0.123640763540443E-02   -0.315102196683081E-01
   -0.997067929255281E-03   -0.306348682142155E-01
   -0.884450514344738E-03   -0.298360762204431E-01
   -0.839175736608529E-03   -0.290884854264345E-01
   -0.889276578901854E-03   -0.283040570367877E-01
   -0.996822297543666E-03   -0.274404263050994E-01
   -0.116926277450616E-02   -0.264331340193368E-01
   -0.137940325982903E-02   -0.252479116689625E-01
   -0.161844051688399E-02   -0.238556450290742E-01
   -0.186844872789995E-02   -0.222376912552042E-01
   -0.210717453904333E-02   -0.204026224610536E-01
   -0.232345805102014E-02   -0.183567351902926E-01
   -0.248685557833269E-02   -0.161455321854218E-01
   -0.259124192580384E-02   -0.138070054279295E-01
   -0.260733634668711E-02   -0.114172831413002E-01
   -0.253166747750651E-02   -0.904672144681913E-02
   -0.234885032375513E-02   -0.678710319735786E-02
   -0.205568286624731E-02   -0.473531410098190E-02
   -0.166556310744729E-02   -0.297655265250798E-02
   -0.117313176103526E-02   -0.160844947077880E-02
   -0.658149689735094E-03   -0.645485677011099E-03
   -0.177003035101764E-03   -0.157431071939659E-03
    0.000000000000000E+00    0.000000000000000E+00
    0.000000000000000E+00    0.000000000000000E+00
    0.197606731524268E+00    0.732192108982135E-02
    0.347399232834436E+00    0.225262339039956E-01
    0.440565434230873E+00    0.406432815550598E-01
    0.475305872357288E+00    0.537443818428088E-01
    0.446299824057561E+00    0.692187280835145E-01
    0.363888929412904E+00    0.715351304066745E-01
    0.247239633515937E+00    0.597697614875396E-01
    0.134290734444663E+00    0.378556355880484E-01
    0.578719909840747E-01    0.426739441014157E-04
    0.231903322871272E-01   -0.241190506301706E-01
    0.637831543371388E-02   -0.334951282965618E-01
   -0.133841152448260E-02   -0.402953882313736E-01
   -0.389597935627874E-02   -0.441667376907764E-01
   -0.436440758405598E-02   -0.448543017068787E-01
   -0.398309982579442E-02   -0.439499500442661E-01
   -0.328290801578156E-02   -0.432448330688024E-01
   -0.268891452633232E-02   -0.423082110566660E-01
   -0.221374006679331E-02   -0.414938184288247E-01
   -0.188298830764587E-02   -0.406571443232876E-01
   -0.170467397272152E-02   -0.398699900330085E-01
   -0.169076860618611E-02   -0.390075487987429E-01
   -0.181854196022154E-02   -0.380719726241567E-01
   -0.207852962230556E-02   -0.369620396119205E-01
   -0.244089960679864E-02   -0.356544538111310E-01
   -0.288560767565383E-02   -0.340850534867344E-01
   -0.337786727398899E-02   -0.322417069981218E-01
   -0.388908385604245E-02   -0.300990005216414E-01
   -0.438044957603497E-02   -0.276698541244121E-01
   -0.481625582722225E-02   -0.249730422736308E-01
   -0.515779273817623E-02   -0.220544672060662E-01
   -0.536791857116062E-02   -0.189769048118740E-01
   -0.541518702525831E-02   -0.158219587592370E-01
   -0.527030144658576E-02   -0.126862243564529E-01
   -0.491908811198838E-02   -0.968100860014987E-02
   -0.435090853555508E-02   -0.691684531150033E-02
   -0.358336720338910E-02   -0.451213841545102E-02
   -0.263665353705921E-02   -0.256401026788053E-02
   -0.161029225437158E-02   -0.112504849039973E-02
   -0.622073089683632E-03   -0.291529125733663E-03
    0.000000000000000E+00    0.000000000000000E+00
    0.000000000000000E+00    0.000000000000000E+00
    0.183938812891828E+00    0.800402885122828E-02
    0.328225559765677E+00    0.258279846618807E-01
    0.422737847203029E+00    0.471225129628831E-01
    0.459377205543432E+00    0.644669999939148E-01
    0.438992434738318E+00    0.780005692494631E-01
    0.365974274288857E+00    0.804047620429931E-01
    0.263916749520003E+00    0.687341055145390E-01
    0.164791764073802E+00    0.461866550110755E-01
    0.864040410064589E-01    0.168404623844555E-01
    0.423989586452051E-01   -0.849951984240117E-02
    0.179570158486336E-01   -0.257906122278109E-01
    0.461326847449695E-02   -0.367873808718741E-01
   -0.124498085520075E-02   -0.433377316212658E-01
   -0.340034262264347E-02   -0.464900938041567E-01
   -0.386807326242189E-02   -0.474443983929471E-01
   -0.363268491900206E-02   -0.480430154865053E-01
   -0.319549939190443E-02   -0.481130724280403E-01
   -0.281382153791854E-02   -0.478877152290707E-01
   -0.253527045227969E-02   -0.474299737226368E-01
   -0.244787006457174E-02   -0.468589326301067E-01
   -0.255047052556998E-02   -0.461086198481066E-01
   -0.286003876956028E-02   -0.451763837892951E-01
   -0.334158646515492E-02   -0.439917313917847E-01
   -0.397766321608728E-02   -0.425324201166580E-01
   -0.472378651449666E-02   -0.407429284358928E-01
   -0.554011637094227E-02   -0.386185963812556E-01
   -0.637615679575136E-02   -0.361313986941567E-01
   -0.717546050969947E-02   -0.333078465922397E-01
   -0.788408606172378E-02   -0.301603499095314E-01
   -0.843792002501446E-02   -0.267525176408608E-01
   -0.878642434569227E-02   -0.231441592072060E-01
   -0.887222480845303E-02   -0.194338608136425E-01
   -0.865922129710939E-02   -0.157259921006992E-01
   -0.811612614362141E-02   -0.121426471604608E-01
   -0.723548290012559E-02   -0.881651585346109E-02
   -0.603605694321524E-02   -0.586857074250680E-02
   -0.456600885585806E-02   -0.342649424371824E-02
   -0.293202288632843E-02   -0.156691971115245E-02
   -0.132423803229819E-02   -0.407634453519553E-03
    0.000000000000000E+00    0.000000000000000E+00
    0.000000000000000E+00    0.000000000000000E+00
    0.168834033607912E+00    0.831537912045564E-02
    0.306986256088312E+00    0.270218180120598E-01
    0.400700228158206E+00    0.505893411615611E-01
    0.442596370980959E+00    0.694579170885341E-01
    0.430200653239100E+00    0.844833878901769E-01
    0.371433804087591E+00    0.877904606162091E-01
    0.282585589438054E+00    0.766995577528438E-01
    0.192203437729870E+00    0.567928981790799E-01
    0.116103156849787E+00    0.304005076253001E-01
    0.643558075265908E-01    0.540312224964192E-02
    0.324965460391276E-01   -0.151915710708252E-01
    0.141895500076607E-01   -0.290178102940381E-01
    0.465818352160160E-02   -0.382726398355244E-01
    0.195971598333964E-03   -0.440323221149890E-01
   -0.192724165146479E-02   -0.471776023696979E-01
   -0.273791225526347E-02   -0.493205007834485E-01
   -0.289830759846724E-02   -0.505263999038002E-01
   -0.284809574242854E-02   -0.511487857888218E-01
   -0.282789361458126E-02   -0.512643337380459E-01
   -0.295258297285159E-02   -0.511278864739701E-01
   -0.330132402699517E-02   -0.506399839395279E-01
   -0.386913596723153E-02   -0.498849388991082E-01
   -0.465891764409430E-02   -0.487681877082972E-01
   -0.562618343902272E-02   -0.473186913762236E-01
   -0.673915473747499E-02   -0.454650623261190E-01
   -0.793225615344795E-02   -0.432258179478786E-01
   -0.914575751174168E-02   -0.405699665238609E-01
   -0.103044747210745E-01   -0.375269540903101E-01
   -0.113279176151230E-01   -0.341182844134246E-01
   -0.121418196657659E-01   -0.303979944582769E-01
   -0.126587671957732E-01   -0.264440490988629E-01
   -0.128197120218614E-01   -0.223421997211312E-01
   -0.125525365514346E-01   -0.182194161146090E-01
   -0.118324754336234E-01   -0.141910250366878E-01
   -0.106301989646427E-01   -0.104135056135040E-01
   -0.898108824559950E-02   -0.701332059825832E-02
   -0.693144990134974E-02   -0.414976632955016E-02
   -0.461715837313124E-02   -0.192674588283792E-02
   -0.221456135315040E-02   -0.507876737490649E-03
    0.000000000000000E+00    0.000000000000000E+00
    0.000000000000000E+00    0.000000000000000E+00
    0.154044334883391E+00    0.797292968454736E-02
    0.284221863284409E+00    0.272161294548573E-01
    0.377622298183915E+00    0.512970742995321E-01
    0.423286659737649E+00    0.725128881809231E-01
    0.420206256755693E+00    0.881454617720231E-01
    0.373185350111948E+00    0.924909097662292E-01
    0.297566456638037E+00    0.845363771854100E-01
    0.216278481901218E+00    0.665211787297769E-01
    0.142690193402001E+00    0.423109136928031E-01
    0.873958365288803E-01    0.182788763865910E-01
    0.499077418374494E-01   -0.321051131456802E-02
    0.266273151543921E-01   -0.191497520955121E-01
    0.130199257199055E-01   -0.304538302081093E-01
    0.560793111013919E-02   -0.385693663633088E-01
    0.162027704329931E-02   -0.439733853671243E-01
   -0.497930602321589E-03   -0.476876470155346E-01
   -0.152590640218191E-02   -0.501173845034083E-01
   -0.208760153962922E-02   -0.516778509395264E-01
   -0.251889083716017E-02   -0.525324980463938E-01
   -0.303924009699873E-02   -0.529385135108006E-01
   -0.374441831734184E-02   -0.528754687212285E-01
   -0.468366457842740E-02   -0.524170357975312E-01
   -0.585350748200947E-02   -0.515197962056905E-01
   -0.722844759384311E-02   -0.502140644703454E-01
   -0.876262925934574E-02   -0.484496510869855E-01
   -0.103873062567659E-01   -0.462483399911611E-01
   -0.120285939860466E-01   -0.435812691667909E-01
   -0.135899315669407E-01   -0.404863316835954E-01
   -0.149805426936339E-01   -0.369735689673252E-01
   -0.160909100487660E-01   -0.331104318426894E-01
   -0.168291679037569E-01   -0.289576706667674E-01
   -0.170940985429261E-01   -0.246184614467631E-01
   -0.168172359385143E-01   -0.202061137228883E-01
   -0.159344251725144E-01   -0.158568656849554E-01
   -0.144325255413669E-01   -0.117247109076543E-01
   -0.123173933639128E-01   -0.796490800935284E-02
   -0.966874239135977E-02   -0.474733225197564E-02
   -0.659230879374085E-02   -0.222659932855471E-02
   -0.329627019469164E-02   -0.586499404838514E-03
    0.000000000000000E+00    0.000000000000000E+00
    0.000000000000000E+00    0.000000000000000E+00
    0.139220321009661E+00    0.753506885392566E-02
    0.261760947802803E+00    0.262069987282418E-01
    0.353744137017603E+00    0.506690942032290E-01
    0.404259076955267E+00    0.726478753352665E-01
    0.409477649775635E+00    0.901610702475662E-01
    0.374727385606752E+00    0.965334206397604E-01
    0.309907207484763E+00    0.910711443582324E-01
    0.236245983202126E+00    0.762002803192877E-01
    0.166019320939956E+00    0.538286075050611E-01
    0.109567811628694E+00    0.308916729938897E-01
    0.687874484052945E-01    0.934748546452138E-02
    0.415372406299820E-01   -0.798533335469482E-02
    0.239952152368938E-01   -0.211543209898608E-01
    0.133011400222633E-01   -0.311192407948628E-01
    0.690063664181345E-02   -0.384195749252413E-01
    0.315496945149999E-02   -0.436281265980553E-01
    0.962987958759187E-03   -0.472938863518644E-01
   -0.430741906701872E-03   -0.498747612260492E-01
   -0.153052419735684E-02   -0.515439697831668E-01
   -0.259411368134143E-02   -0.526019969422879E-01
   -0.378956073894378E-02   -0.530493283801305E-01
   -0.518317506666377E-02   -0.530103519502027E-01
   -0.681253358654679E-02   -0.524432835606637E-01
   -0.864728949754661E-02   -0.514139887449509E-01
   -0.106548148860962E-01   -0.498689717550908E-01
   -0.127543220145523E-01   -0.478457288083263E-01
   -0.148638718705835E-01   -0.453146337335141E-01
   -0.168758740170733E-01   -0.423110086102197E-01
   -0.186726977354777E-01   -0.388496013350127E-01
   -0.201381759145242E-01   -0.349810331385343E-01
   -0.211385183562130E-01   -0.307792583263349E-01
   -0.215723366243588E-01   -0.263233947733672E-01
   -0.213223116619094E-01   -0.217508907370286E-01
   -0.203327667024863E-01   -0.171762591691764E-01
   -0.185457361734133E-01   -0.127904558065290E-01
   -0.159866709241412E-01   -0.874054033855118E-02
   -0.126993688394763E-01   -0.524444818027031E-02
   -0.881674215887924E-02   -0.247199732733408E-02
   -0.450618453114841E-02   -0.656033910385694E-03
    0.000000000000000E+00    0.000000000000000E+00
    0.000000000000000E+00    0.000000000000000E+00
    0.125654741409923E+00    0.700012490172435E-02
    0.239480768917448E+00    0.250608565964340E-01
    0.329018225262760E+00    0.488560891622856E-01
    0.382511675711756E+00    0.718646165953462E-01
    0.396271046331358E+00    0.902716979840542E-01
    0.371971995081185E+00    0.986931347051681E-01
    0.319259378991792E+00    0.963052287712589E-01
    0.254109550358885E+00    0.841512915851049E-01
    0.188016296931033E+00    0.648372527498141E-01
    0.132031423531564E+00    0.433623670561120E-01
    0.883733478107943E-01    0.223713686852053E-01
    0.574730148137745E-01    0.420495530909703E-02
    0.363702373950003E-01   -0.105772149148414E-01
    0.225250422841030E-01   -0.221552246654317E-01
    0.137128480234916E-01   -0.310175704635443E-01
    0.813323392577027E-02   -0.376155920323888E-01
    0.455672655781173E-02   -0.424538615545926E-01
    0.210767115889337E-02   -0.460456312289692E-01
    0.191908600344228E-03   -0.485823573076672E-01
   -0.155000588815925E-02   -0.503354192387493E-01
   -0.333246337957929E-02   -0.513749439037879E-01
   -0.526924593145534E-02   -0.518288317641033E-01
   -0.741812569885864E-02   -0.516962388695950E-01
   -0.976843353430786E-02   -0.510419401059059E-01
   -0.122914549190398E-01   -0.498351465519885E-01
   -0.149050350406569E-01   -0.481107956107941E-01
   -0.175256363022012E-01   -0.458436851466439E-01
   -0.200250860527893E-01   -0.430686047093470E-01
   -0.222833666692672E-01   -0.397888714827763E-01
   -0.241459539906419E-01   -0.360585760401214E-01
   -0.254784404150914E-01   -0.319305543421505E-01
   -0.261270674091199E-01   -0.274948198341705E-01
   -0.259787617071948E-01   -0.228671285654950E-01
   -0.249192943433386E-01   -0.181840305095847E-01
   -0.229046606201321E-01   -0.136245781196603E-01
   -0.199045971334492E-01   -0.937268451750610E-02
   -0.159878299173537E-01   -0.565102966758715E-02
   -0.112385306971121E-01   -0.267927980478201E-02
   -0.584536857054208E-02   -0.712082510099680E-03
    0.000000000000000E+00    0.000000000000000E+00
    0.000000000000000E+00    0.000000000000000E+00
    0.112628090274182E+00    0.640745733365770E-02
    0.218183009925237E+00    0.233400142790593E-01
    0.304792727743046E+00    0.465489876732951E-01
    0.361209933107272E+00    0.696673155677759E-01
    0.381968457427138E+00    0.895365469374338E-01
    0.368179051914808E+00    0.100180981131417E+00
    0.325672329659877E+00    0.100617805094067E+00
    0.269025564260596E+00    0.917719301198851E-01
    0.207997812240742E+00    0.750799935418274E-01
    0.153159770999810E+00    0.554151957104624E-01
    0.108261883022742E+00    0.351547683322285E-01
    0.743879188462130E-01    0.167214912053488E-01
    0.500697019367788E-01    0.919494378847209E-03
    0.333002087844418E-01   -0.118698223338203E-01
    0.219994666390526E-01   -0.220411397363454E-01
    0.144716206540258E-01   -0.298935718753008E-01
    0.931515035183044E-02   -0.358766647509896E-01
    0.562684068328239E-02   -0.404520706171290E-01
    0.272102716119905E-02   -0.438521544916075E-01
    0.176442550530247E-03   -0.463361804376957E-01
   -0.229423511195355E-02   -0.480114675372548E-01
   -0.484496104831285E-02   -0.490286284407827E-01
   -0.757126899810222E-02   -0.494012487040690E-01
   -0.104782629855916E-01   -0.492123190153385E-01
   -0.135507682558539E-01   -0.484367257903073E-01
   -0.167108207462592E-01   -0.471171336295035E-01
   -0.198705886389331E-01   -0.452280608158928E-01
   -0.228998632330568E-01   -0.427981251072435E-01
   -0.256555019732479E-01   -0.398298813054974E-01
   -0.279786449805887E-01   -0.363573329648147E-01
   -0.296920295305614E-01   -0.324390435531657E-01
   -0.306385853621289E-01   -0.281348386653281E-01
   -0.306458578742008E-01   -0.235802611446158E-01
   -0.296017555451724E-01   -0.188806127401387E-01
   -0.273957101802328E-01   -0.142535902036787E-01
   -0.240100080445235E-01   -0.986480958917427E-02
   -0.194514562449943E-01   -0.598910528647631E-02
   -0.138263943396612E-01   -0.285165175423719E-02
   -0.727255773068985E-02   -0.763275317472798E-03
    0.000000000000000E+00    0.000000000000000E+00
    0.000000000000000E+00    0.000000000000000E+00
    0.100964181875312E+00    0.587063264683101E-02
    0.197964931597355E+00    0.218018830778327E-01
    0.280585550274375E+00    0.438354828663932E-01
    0.338153594349271E+00    0.671296335708492E-01
    0.365168713448875E+00    0.876416380307906E-01
    0.360276934222025E+00    0.100340879697265E+00
    0.328500438838731E+00    0.103907293023550E+00
    0.280592388721600E+00    0.980665883286681E-01
    0.225426774162638E+00    0.846463188311660E-01
    0.173113425401019E+00    0.670784326033489E-01
    0.127750826831164E+00    0.478648335206286E-01
    0.918150199926114E-01    0.296043924797388E-01
    0.647569211674712E-01    0.132318685851373E-01
    0.452230496418606E-01   -0.492694956494320E-03
    0.314553382565431E-01   -0.117186882615582E-01
    0.218510687974018E-01   -0.206969146673704E-01
    0.150296639506414E-01   -0.277510818342198E-01
    0.999125533423761E-02   -0.332757658634570E-01
    0.600370583538492E-02   -0.375203410018657E-01
    0.256798188729451E-02   -0.407439069968896E-01
   -0.661723712194648E-03   -0.430830286151476E-01
   -0.388184559529946E-02   -0.447002763460475E-01
   -0.722472702732631E-02   -0.456361168482179E-01
   -0.107166014265045E-01   -0.459737996113769E-01
   -0.143627688904217E-01   -0.457081846220763E-01
   -0.180876895964675E-01   -0.448783444099068E-01
   -0.218143373065516E-01   -0.434643862082810E-01
   -0.253970076546789E-01   -0.414878015408588E-01
   -0.286971764921928E-01   -0.389419435490913E-01
   -0.315200005195004E-01   -0.358543988454402E-01
   -0.336886477086435E-01   -0.322618113726680E-01
   -0.349883406487513E-01   -0.282247593788473E-01
   -0.352458001752046E-01   -0.238512844961384E-01
   -0.342741564648037E-01   -0.192615782262331E-01
   -0.319667824652295E-01   -0.146526959086377E-01
   -0.282262940188516E-01   -0.102233983260997E-01
   -0.230734252986561E-01   -0.624731422245133E-02
   -0.165460656532052E-01   -0.299640353358745E-02
   -0.880084939724242E-02   -0.804885732236317E-03
    0.000000000000000E+00    0.000000000000000E+00
    0.000000000000000E+00    0.000000000000000E+00
    0.899462490430904E-01    0.531375659274554E-02
    0.178853519764625E+00    0.200377504161894E-01
    0.257452930500063E+00    0.410502626959207E-01
    0.315864721115896E+00    0.639468173894052E-01
    0.347888563855248E+00    0.853521204117596E-01
    0.351362850899342E+00    0.999280489503177E-01
    0.328699559340409E+00    0.106348023947609E+00
    0.289230673960592E+00    0.103827420433332E+00
    0.240042078012979E+00    0.933444382002516E-01
    0.190784590158813E+00    0.782183524985974E-01
    0.146115889199100E+00    0.603958414334170E-01
    0.109050812849335E+00    0.426824048406532E-01
    0.799819493839768E-01    0.261817131622774E-01
    0.581152522121063E-01    0.118212240862301E-01
    0.420295685992923E-01   -0.257647569195685E-03
    0.303570472345970E-01   -0.101919168650999E-01
    0.217680215734309E-01   -0.182126712102674E-01
    0.152864547757492E-01   -0.246257973529467E-01
    0.101116391214583E-01   -0.296902269007179E-01
    0.570068818608861E-02   -0.336552723867493E-01
    0.164341044690292E-02   -0.366755061653257E-01
   -0.229859317309149E-02   -0.389236951957228E-01
   -0.629181043707206E-02   -0.404585730561303E-01
   -0.103930654876661E-01   -0.413744314231841E-01
   -0.146247172947950E-01   -0.416756437905383E-01
   -0.189291818781203E-01   -0.414070262816481E-01
   -0.232314510365847E-01   -0.405488198446409E-01
   -0.273931039514941E-01   -0.391169730970944E-01
   -0.312599508788012E-01   -0.370999794852637E-01
   -0.346358991777957E-01   -0.345054729467004E-01
   -0.373051602561337E-01   -0.313673947993940E-01
   -0.390453023906332E-01   -0.277122084322236E-01
   -0.396177850161243E-01   -0.236575190266529E-01
   -0.388265722865942E-01   -0.192828577171948E-01
   -0.364801886638599E-01   -0.148155765921251E-01
   -0.324788021204891E-01   -0.104239349696122E-01
   -0.267569399443933E-01   -0.643081519776356E-02
   -0.193627971515068E-01   -0.310440763594485E-02
   -0.103843952447121E-01   -0.842619804539695E-03
    0.000000000000000E+00    0.000000000000000E+00
    0.000000000000000E+00    0.000000000000000E+00
    0.801457934701476E-01    0.484601089360010E-02
    0.161131504923214E+00    0.185224337326152E-01
    0.234899910470072E+00    0.382841563101401E-01
    0.292718998063284E+00    0.608020331968241E-01
    0.328501243076484E+00    0.824175505922545E-01
    0.338803031590672E+00    0.986519315724376E-01
    0.325266328918844E+00    0.107710074750886E+00
    0.294125230249088E+00    0.108242185801997E+00
    0.251785464093568E+00    0.101131009053846E+00
    0.206687911551700E+00    0.886042631387106E-01
    0.163521913997829E+00    0.726983333910916E-01
    0.126196189008749E+00    0.559589898942529E-01
    0.955576178723400E-01    0.396887505716400E-01
    0.716431549057978E-01    0.250184146349496E-01
    0.534017812518618E-01    0.122637993375693E-01
    0.396943159125427E-01    0.152599351606839E-02
    0.293463132049735E-01   -0.735742759243797E-02
    0.213648751257842E-01   -0.146015199699322E-01
    0.149475946177526E-01   -0.204468838084652E-01
    0.950126494093113E-02   -0.251409443549054E-01
    0.457223042889172E-02   -0.288448364386825E-01
   -0.120007229442285E-03   -0.317360218745453E-01
   -0.478309781073225E-02   -0.338936686669118E-01
   -0.949811171990135E-02   -0.354180514368851E-01
   -0.143191032785116E-01   -0.363299030440775E-01
   -0.191975160059647E-01   -0.366743932841256E-01
   -0.240798139531460E-01   -0.364383179185937E-01
   -0.288210559082733E-01   -0.356307453918414E-01
   -0.332790966085689E-01   -0.342330819364820E-01
   -0.372301649087983E-01   -0.322423202279897E-01
   -0.404604933081331E-01   -0.296693505084710E-01
   -0.426920303680011E-01   -0.265326624134221E-01
   -0.436786579060139E-01   -0.229147364136373E-01
   -0.431398353002235E-01   -0.188986765191103E-01
   -0.408726441120634E-01   -0.146780544065822E-01
   -0.366757242379190E-01   -0.104435725689803E-01
   -0.304790932871702E-01   -0.650541715302610E-02
   -0.222362521938356E-01   -0.317351684554853E-02
   -0.120415749923665E-01   -0.866940666167185E-03
    0.000000000000000E+00    0.000000000000000E+00
    0.000000000000000E+00    0.000000000000000E+00
    0.709693051374958E-01    0.438189859256048E-02
    0.144454984721358E+00    0.169481099240309E-01
    0.213550957729151E+00    0.355759134117042E-01
    0.270427358767679E+00    0.573523128464061E-01
    0.308987122271275E+00    0.792971721574916E-01
    0.325339587985492E+00    0.968632827390137E-01
    0.319458254674441E+00    0.108366290307276E+00
    0.296277364275930E+00    0.112001254545843E+00
    0.260526143141947E+00    0.107990080708516E+00
    0.220009009249428E+00    0.983580458440770E-01
    0.179267761666001E+00    0.845500749594977E-01
    0.142407395295259E+00    0.691546543713440E-01
    0.111004272818271E+00    0.534888971575557E-01
    0.855093857512555E-01    0.388234430485925E-01
    0.654101988531749E-01    0.256904880906034E-01
    0.498338814474512E-01    0.143335751826359E-01
    0.377571835477854E-01    0.473418754585548E-02
    0.282767264536904E-01   -0.326705720288408E-02
    0.205702501943112E-01   -0.984886825095437E-02
    0.140424509071980E-01   -0.152528788182538E-01
    0.819833362792412E-02   -0.196325145368610E-01
    0.272406367369405E-02   -0.231734353345118E-01
   -0.262257274761599E-02   -0.259648880406064E-01
   -0.795823937374530E-02   -0.281213175952180E-01
   -0.133592756419511E-01   -0.296714879610742E-01
   -0.188047295930290E-01   -0.306704226392870E-01
   -0.242509561124723E-01   -0.311066327562601E-01
   -0.295705724489131E-01   -0.309883802735848E-01
   -0.346162101525016E-01   -0.302920706377577E-01
   -0.391696125061493E-01   -0.289976807722111E-01
   -0.429876608883908E-01   -0.271083334816540E-01
   -0.457837500735298E-01   -0.246058959799340E-01
   -0.472484503441448E-01   -0.215712675989738E-01
   -0.470800409620878E-01   -0.180363694784495E-01
   -0.449787020630962E-01   -0.142102722008403E-01
   -0.407181535223792E-01   -0.102368500113992E-01
   -0.341172795564858E-01   -0.646429800996489E-02
   -0.251146870865553E-01   -0.318590432714440E-02
   -0.137081006998435E-01   -0.883522277436640E-03
    0.000000000000000E+00    0.000000000000000E+00
    0.000000000000000E+00    0.000000000000000E+00
    0.627869504792053E-01    0.399536711815284E-02
    0.129154844965604E+00    0.155909891098021E-01
    0.193145520544313E+00    0.330050358283709E-01
    0.248056826097949E+00    0.540749513150315E-01
    0.288155080040425E+00    0.757926247933654E-01
    0.309122501898181E+00    0.944675505645518E-01
    0.310353797998237E+00    0.108018374789251E+00
    0.294653230142704E+00    0.114450022471849E+00
    0.265965196878730E+00    0.113790844491627E+00
    0.230714126719300E+00    0.107092197186321E+00
    0.193144861538631E+00    0.958358937857028E-01
    0.157650605503966E+00    0.821616237144801E-01
    0.126060800605312E+00    0.674637064089948E-01
    0.995047349175208E-01    0.531756041029044E-01
    0.778485846674637E-01    0.399107262450989E-01
    0.605652027760413E-01    0.281602180602003E-01
    0.468439609383938E-01    0.179736381774902E-01
    0.358630185115356E-01    0.932029251454404E-02
    0.268618549828622E-01    0.204950570200225E-02
    0.192238274849212E-01   -0.402670470837246E-02
    0.124461443114408E-01   -0.906872495691565E-02
    0.617719160262508E-02   -0.132510079109335E-01
    0.142883404821717E-03   -0.166804397558512E-01
   -0.580255850190077E-02   -0.194764509048972E-01
   -0.117690833845100E-01   -0.216841281533083E-01
   -0.177542655150132E-01   -0.233628188862869E-01
   -0.237426176211119E-01   -0.245101638555288E-01
   -0.296129883797625E-01   -0.251335531479497E-01
   -0.352375457455786E-01   -0.252048045790767E-01
   -0.403853407012257E-01   -0.246966952688793E-01
   -0.448194562697584E-01   -0.235883722917820E-01
   -0.482101094394540E-01   -0.218510602500514E-01
   -0.502357118415028E-01   -0.195218811564123E-01
   -0.505117263936376E-01   -0.166261406254965E-01
   -0.487088423318608E-01   -0.133212984292035E-01
   -0.444836998004724E-01   -0.975856364395694E-02
   -0.376215543494144E-01   -0.625321898673762E-02
   -0.279357938532394E-01   -0.312850087998109E-02
   -0.153994378268133E-01   -0.875720890652678E-03
    0.000000000000000E+00    0.000000000000000E+00
    0.000000000000000E+00    0.000000000000000E+00
    0.551709086441944E-01    0.361425283104412E-02
    0.114804912849601E+00    0.142327681695004E-01
    0.173897916575325E+00    0.305180965608628E-01
    0.226596294112611E+00    0.506368305292908E-01
    0.267523236110441E+00    0.721966292322289E-01
    0.292320538272120E+00    0.916029032095000E-01
    0.299449130417881E+00    0.107033094970031E+00
    0.290639195363310E+00    0.116128008652423E+00
    0.268496719384838E+00    0.118520612702461E+00
    0.238605087317990E+00    0.114957346272759E+00
    0.204738221373795E+00    0.106314140825906E+00
    0.171182403306981E+00    0.947210947099373E-01
    0.140173714071141E+00    0.813582121716002E-01
    0.113120378811863E+00    0.677806928950438E-01
    0.903774341338041E-01    0.547371716970028E-01
    0.716931460140373E-01    0.428099017362488E-01
    0.564953841221385E-01    0.322441786330828E-01
    0.441080706590349E-01    0.230463797172742E-01
    0.338306705806178E-01    0.151849331094208E-01
    0.250891040593575E-01    0.847700167968975E-02
    0.173642443516648E-01    0.281086820513446E-02
    0.102951206574473E-01   -0.200473998011710E-02
    0.357469346866366E-02   -0.606217953870018E-02
   -0.297013640670904E-02   -0.950409576167624E-02
   -0.947682822309832E-02   -0.123746679302724E-01
   -0.159732926130056E-01   -0.147521361019239E-01
   -0.224633062635359E-01   -0.166354870021789E-01
   -0.288520039665790E-01   -0.180400120410688E-01
   -0.350193655876677E-01   -0.189355365132239E-01
   -0.407502777318122E-01   -0.192839433612348E-01
   -0.457942517503053E-01   -0.190577362699182E-01
   -0.498186554275551E-01   -0.181914949172683E-01
   -0.524512020531999E-01   -0.167145340161913E-01
   -0.532789681294394E-01   -0.145909061185311E-01
   -0.518747692209137E-01   -0.119771204996754E-01
   -0.478443257009862E-01   -0.895771876124754E-02
   -0.408403050345832E-01   -0.586454065656748E-02
   -0.306202355659408E-01   -0.298536462445159E-02
   -0.170255413257585E-01   -0.854435074475264E-03
    0.000000000000000E+00    0.000000000000000E+00
    0.000000000000000E+00    0.000000000000000E+00
    0.483656931430957E-01    0.328760729922029E-02
    0.101723003769494E+00    0.130358697949482E-01
    0.155786576672677E+00    0.281732359281500E-01
    0.205618755757659E+00    0.473872273381769E-01
    0.246343281641254E+00    0.683820463537591E-01
    0.273692906575599E+00    0.883212299905811E-01
    0.285817911663541E+00    0.105127785660151E+00
    0.283141597485811E+00    0.116551726701522E+00
    0.267569056672659E+00    0.121973367649023E+00
    0.243335352109154E+00    0.121446246015777E+00
    0.213767775967671E+00    0.115778984258363E+00
    0.182959526291583E+00    0.106535121346676E+00
    0.153153210577693E+00    0.949305699787983E-01
    0.126240817147517E+00    0.824667687464358E-01
    0.102814151630665E+00    0.699534899849734E-01
    0.830337896152931E-01    0.581668585099746E-01
    0.665500521634543E-01    0.473947286351346E-01
    0.528523246107455E-01    0.378343620191060E-01
    0.413634745726457E-01    0.294643708089796E-01
    0.315308121692946E-01    0.222117306778548E-01
    0.228739823151700E-01    0.159533099301401E-01
    0.150052872045361E-01    0.105419123094344E-01
    0.761244175801403E-02    0.586411227929141E-02
    0.487584614520925E-03    0.178936402865749E-02
   -0.652859646136057E-02   -0.174847774658608E-02
   -0.134946437788423E-01   -0.482917902777675E-02
   -0.204405924882020E-01   -0.746655873158527E-02
   -0.272944364470637E-01   -0.968054567463179E-02
   -0.339597156619492E-01   -0.114413363557563E-01
   -0.402302178704639E-01   -0.127119271646759E-01
   -0.458674803036820E-01   -0.134426514163242E-01
   -0.505198837130731E-01   -0.135623560731711E-01
   -0.538032195990180E-01   -0.130505280752613E-01
   -0.552398917957696E-01   -0.118598328113086E-01
   -0.543574034226320E-01   -0.100765704726329E-01
   -0.506438615281007E-01   -0.777536695240998E-02
   -0.436805056592492E-01   -0.522735632688464E-02
   -0.330741810817110E-01   -0.272674426666667E-02
   -0.185876015172824E-01   -0.792681615228982E-03
    0.000000000000000E+00    0.000000000000000E+00
    0.000000000000000E+00    0.000000000000000E+00
    0.420711885410577E-01    0.296781794861737E-02
    0.895180734798983E-01    0.118582428083542E-01
    0.138772912551783E+00    0.259104885891372E-01
    0.185610952555199E+00    0.440481596303367E-01
    0.225628412317480E+00    0.645072160047603E-01
    0.254826543529111E+00    0.846022535577944E-01
    0.270923983403795E+00    0.102628646992106E+00
    0.273655122578406E+00    0.116100844846070E+00
    0.263956322929702E+00    0.124244013708479E+00
    0.245207372873409E+00    0.126796647591591E+00
    0.220125973226018E+00    0.124038635469883E+00
    0.192444192604933E+00    0.117442985632583E+00
    0.164504542309482E+00    0.107869238394878E+00
    0.138265038591634E+00    0.968749816615446E-01
    0.114722382077613E+00    0.852703766875485E-01
    0.942351767402467E-01    0.739023753669975E-01
    0.767635058671442E-01    0.632230602974730E-01
    0.619563613466128E-01    0.534648311818498E-01
    0.493656654705131E-01    0.447649451328076E-01
    0.385226047016988E-01    0.370442564474458E-01
    0.289642970925898E-01    0.302829653597101E-01
    0.203298475309256E-01    0.243039824740555E-01
    0.122833492237783E-01    0.190475656897315E-01
    0.461158061226631E-02    0.143469124618987E-01
   -0.287720190879647E-02    0.101589854304288E-01
   -0.102628489886256E-01    0.637098234361234E-02
   -0.176056585844122E-01    0.297685198383945E-02
   -0.248614665159638E-01   -0.645869229717469E-04
   -0.319571607357897E-01   -0.272223311323563E-02
   -0.387119605011077E-01   -0.495885149083681E-02
   -0.448952806231739E-01   -0.672343175717157E-02
   -0.501644055752784E-01   -0.791280663955406E-02
   -0.541089985847134E-01   -0.850045705247263E-02
   -0.562255897557650E-01   -0.837150593125248E-02
   -0.559600169078320E-01   -0.759896057235670E-02
   -0.527281735651660E-01   -0.617072725796987E-02
   -0.459708493111902E-01   -0.434388392318882E-02
   -0.351865161143995E-01   -0.235277792864615E-02
   -0.199735823176365E-01   -0.711041752961984E-03
    0.000000000000000E+00    0.000000000000000E+00
    0.000000000000000E+00    0.000000000000000E+00
    0.364498850597756E-01    0.268666857988933E-02
    0.784513786238947E-01    0.107987628335425E-01
    0.122965780255190E+00    0.237704872552419E-01
    0.166450614392015E+00    0.408823106074617E-01
    0.205041699218760E+00    0.605060957380740E-01
    0.235035366375259E+00    0.805986906335931E-01
    0.254123631049368E+00    0.993097619896582E-01
    0.261344486454467E+00    0.114481808334188E+00
    0.257123675431395E+00    0.125097288838117E+00
    0.243757695520374E+00    0.130491385663101E+00
    0.223436930900961E+00    0.130836477872629E+00
    0.199449239569486E+00    0.126998443681919E+00
    0.173914547284482E+00    0.119842873562789E+00
    0.149023261852808E+00    0.110680129164656E+00
    0.125843716195609E+00    0.100343938472123E+00
    0.105106286275795E+00    0.897783319479792E-01
    0.869535215566359E-01    0.794444587125013E-01
    0.712563193419157E-01    0.697700154413079E-01
    0.577198584315433E-01    0.608846126484453E-01
    0.459454772637584E-01    0.528654177105971E-01
    0.355581322559213E-01    0.456693127573790E-01
    0.261865342053539E-01    0.392136243046895E-01
    0.175320958987629E-01    0.334058616249941E-01
    0.934205771079174E-02    0.281251542110613E-01
    0.143166368055545E-02    0.232955503134299E-01
   -0.632447951111522E-02    0.188193879196504E-01
   -0.139965165582109E-01    0.146654928837355E-01
   -0.215840271369391E-01    0.107912312304552E-01
   -0.290318378636189E-01    0.721811118207589E-02
   -0.361954614872665E-01    0.397559249618498E-02
   -0.428592058370802E-01    0.113030176622384E-02
   -0.486962199595688E-01   -0.121883108954194E-02
   -0.532890426580854E-01   -0.299535052907746E-02
   -0.561065504433777E-01   -0.407618500393018E-02
   -0.565418008679420E-01   -0.445015613315931E-02
   -0.539175223769768E-01   -0.407994712408820E-02
   -0.475656783469727E-01   -0.313121703904393E-02
   -0.368296070656120E-01   -0.180792294845425E-02
   -0.211549330831177E-01   -0.569513145858155E-03
    0.000000000000000E+00    0.000000000000000E+00
    0.000000000000000E+00    0.000000000000000E+00
    0.312948328494749E-01    0.241311965270674E-02
    0.682076513211667E-01    0.976706062671892E-02
    0.108213259242664E+00    0.217078138414553E-01
    0.148329161644852E+00    0.376760478864756E-01
    0.185145441090146E+00    0.564748040799934E-01
    0.215384135911671E+00    0.762166579668450E-01
    0.236612021423640E+00    0.954672467368575E-01
    0.247575605354543E+00    0.111956878654259E+00
    0.248061999499028E+00    0.124724602543736E+00
    0.239662721839206E+00    0.132821431949597E+00
    0.223983145850611E+00    0.136062465399620E+00
    0.203793546739881E+00    0.135149921962485E+00
    0.181112631979976E+00    0.130536775956654E+00
    0.157980657414304E+00    0.123532932619022E+00
    0.135732398694817E+00    0.114814167966573E+00
    0.115172837949209E+00    0.105372494833802E+00
    0.967481610516651E-01    0.957496888682398E-01
    0.804608869272011E-01    0.863910512410438E-01
    0.661955748243686E-01    0.775932773397930E-01
    0.536597492970095E-01    0.694112115185113E-01
    0.425386469878740E-01    0.619519326070954E-01
    0.325246927858882E-01    0.550864269850403E-01
    0.233111603603792E-01    0.488261541182487E-01
    0.146738454506005E-01    0.429941596306340E-01
    0.639183478636588E-02    0.375774740891722E-01
   -0.165732187869169E-02    0.324243055267549E-01
   -0.958680841379852E-02    0.275363902964820E-01
   -0.174122049346327E-01    0.228296135706332E-01
   -0.251200737351541E-01    0.183372657932792E-01
   -0.325929602896209E-01    0.140715031615561E-01
   -0.396488508031669E-01    0.100981915887600E-01
   -0.459825018365814E-01    0.653668834510276E-02
   -0.511852965868270E-01    0.346156909210426E-02
   -0.547140921679142E-01    0.106287962179487E-02
   -0.559173811873764E-01   -0.632150940106463E-03
   -0.540402593554375E-01   -0.148306023366151E-02
   -0.482931300491794E-01   -0.160838146709237E-02
   -0.378611599528101E-01   -0.112455010589641E-02
   -0.220111802460065E-01   -0.402083520880835E-03
    0.000000000000000E+00    0.000000000000000E+00
    0.000000000000000E+00    0.000000000000000E+00
    0.267049053635361E-01    0.216898073614834E-02
    0.589753988158780E-01    0.882650267589472E-02
    0.946662094085904E-01    0.197532480434075E-01
    0.131277501235010E+00    0.346307539456563E-01
    0.165903240471218E+00    0.523934007636843E-01
    0.195591634910447E+00    0.716694404741347E-01
    0.218089441151981E+00    0.909631893258807E-01
    0.231843640819799E+00    0.108435594303934E+00
    0.236372355100339E+00    0.122933017986910E+00
    0.232501379802288E+00    0.133384259018636E+00
    0.221373609571987E+00    0.139474050142048E+00
    0.205225511622436E+00    0.141401075764479E+00
    0.185734368226333E+00    0.139590255627938E+00
    0.164940352717609E+00    0.134973810909703E+00
    0.144080817190782E+00    0.128232175887793E+00
    0.124232203647251E+00    0.120296083050003E+00
    0.105918767666997E+00    0.111699339339712E+00
    0.893825927946787E-01    0.103021518161982E+00
    0.746443760677143E-01    0.945302491499738E-01
    0.615219858630347E-01    0.864571905361062E-01
    0.498224835130644E-01    0.788647858462512E-01
    0.392478412426593E-01    0.717663594785074E-01
    0.295767161675938E-01    0.651217900089302E-01
    0.205424107304725E-01    0.588457093380920E-01
    0.119754390589179E-01    0.528746327921736E-01
    0.369027235847726E-02    0.471054628205833E-01
   -0.440176361269367E-02    0.414981569714458E-01
   -0.123854004009872E-01    0.359853133472236E-01
   -0.202437214482632E-01    0.305757174759338E-01
   -0.279278551515320E-01    0.252766755456172E-01
   -0.352636298145486E-01    0.201574136838024E-01
   -0.420040884695585E-01    0.153242534261981E-01
   -0.477385401653905E-01    0.108946438403296E-01
   -0.519498623459873E-01    0.705629918532149E-02
   -0.539388367955049E-01    0.392629412468971E-02
   -0.529133609812654E-01    0.167819773851192E-02
   -0.479534774150473E-01    0.312649406315362E-03
   -0.381261617431645E-01   -0.210466105575028E-03
   -0.224656413902429E-01   -0.153933580402144E-03
    0.000000000000000E+00    0.000000000000000E+00
    0.000000000000000E+00    0.000000000000000E+00
    0.225416913213441E-01    0.193289566602905E-02
    0.505172724398545E-01    0.791997375761948E-02
    0.821401850232536E-01    0.178783700444925E-01
    0.115327500318981E+00    0.315942508148162E-01
    0.147552248095550E+00    0.483295996008249E-01
    0.176315798015412E+00    0.668480609585393E-01
    0.199398812273181E+00    0.860541246073729E-01
    0.215266663120236E+00    0.104086007272501E+00
    0.223051892277506E+00    0.119992773981540E+00
    0.223143446590053E+00    0.132492996416204E+00
    0.216191030498320E+00    0.141110255356926E+00
    0.203927383879551E+00    0.145853411947741E+00
    0.187802232766106E+00    0.146781308363681E+00
    0.169564858070168E+00    0.144768351689771E+00
    0.150559478285984E+00    0.140229688390338E+00
    0.131796363286950E+00    0.134108360155004E+00
    0.114046494192915E+00    0.126899605708262E+00
    0.976093495098664E-01    0.119184868819330E+00
    0.827072624219640E-01    0.111349783955039E+00
    0.692531546208838E-01    0.103590030599538E+00
    0.571496209153672E-01    0.961349416390224E-01
    0.461877542927717E-01    0.889299863361093E-01
    0.361555203612488E-01    0.820874661573084E-01
    0.268536755920204E-01    0.754379956618838E-01
    0.180742372975163E-01    0.690342525493028E-01
    0.967283452402172E-02    0.626880036533971E-01
    0.150249145521459E-02    0.564370228361813E-01
   -0.650856135380921E-02    0.501409948940366E-01
   -0.144072332641295E-01    0.438509206733357E-01
   -0.221582089325119E-01    0.375283007396624E-01
   -0.296499054876642E-01    0.312534340172282E-01
   -0.366626851459596E-01    0.251316336489485E-01
   -0.428356635366548E-01    0.192724397959888E-01
   -0.476616863939646E-01    0.139211821288964E-01
   -0.504522704905698E-01    0.920221597522236E-02
   -0.503589797343343E-01    0.540294092981949E-02
   -0.463963901366315E-01    0.259498482686613E-02
   -0.374523847120835E-01    0.854195745091022E-03
   -0.224098263050564E-01    0.125146421406450E-03
    0.000000000000000E+00    0.000000000000000E+00
    0.000000000000000E+00    0.000000000000000E+00
    0.188540963430150E-01    0.172138528892945E-02
    0.429504884831513E-01    0.708950376563654E-02
    0.707681217493493E-01    0.161086755328179E-01
    0.100556784436101E+00    0.287204889281628E-01
    0.130211078544661E+00    0.442953821101464E-01
    0.157514334845689E+00    0.619869114869947E-01
    0.180535876654962E+00    0.806925236563403E-01
    0.197655067903601E+00    0.989937334840262E-01
    0.207964873504102E+00    0.115805127603759E+00
    0.211365126816269E+00    0.129946822023880E+00
    0.208203325606742E+00    0.140815445605678E+00
    0.199718522112397E+00    0.148101135936836E+00
    0.187011325551640E+00    0.151818439253347E+00
    0.171677593872529E+00    0.152431844402511E+00
    0.154843282881848E+00    0.150354843660353E+00
    0.137659468820659E+00    0.146322823245535E+00
    0.120853367261389E+00    0.140816288298299E+00
    0.104931898298764E+00    0.134440527229033E+00
    0.901928795268746E-01    0.127536948214347E+00
    0.766793123371835E-01    0.120445526672730E+00
    0.644154913461767E-01    0.113329623502985E+00
    0.532215613264994E-01    0.106299118784343E+00
    0.430069288212200E-01    0.993898919149818E-01
    0.335296049989244E-01    0.925688238072255E-01
    0.246828634287155E-01    0.858117699124833E-01
    0.162409532461159E-01    0.790244313231154E-01
    0.813057383386013E-02    0.721770699739245E-01
    0.181409344249047E-03    0.651808018848541E-01
   -0.761041012789688E-02    0.580388304907377E-01
   -0.153148697635738E-01    0.507264744268009E-01
   -0.228050887859699E-01    0.433081067761255E-01
   -0.299664287581297E-01    0.358763333169544E-01
   -0.364339051934937E-01    0.285697098234773E-01
   -0.417902740450560E-01    0.216181424781999E-01
   -0.453162013764366E-01    0.152329953228193E-01
   -0.462123349599866E-01    0.973103809084644E-02
   -0.433754151867696E-01    0.532381624279931E-02
   -0.356737449158789E-01    0.220876433726920E-02
   -0.217010946071108E-01    0.505310171685114E-03
    0.000000000000000E+00    0.000000000000000E+00
    0.000000000000000E+00    0.000000000000000E+00
    0.155530314024231E-01    0.151857452297721E-02
    0.361022713792126E-01    0.629938260589715E-02
    0.603757155881327E-01    0.144264139035857E-01
    0.869186406648438E-01    0.259059569234942E-01
    0.113917656939323E+00    0.403407713471558E-01
    0.139556434071188E+00    0.569904159137036E-01
    0.162004632487255E+00    0.750939238219113E-01
    0.179838176164490E+00    0.932645751084783E-01
    0.191940918091065E+00    0.110685708781393E+00
    0.198050272594385E+00    0.126058278052434E+00
    0.198133404899354E+00    0.138787109979304E+00
    0.193068040579981E+00    0.148394876942602E+00
    0.183674900042661E+00    0.154649152086077E+00
    0.171230942865295E+00    0.157923842837732E+00
    0.156830850633340E+00    0.158335894867385E+00
    0.141459104362726E+00    0.156607138810655E+00
    0.125991106896581E+00    0.153061287950677E+00
    0.110906190406521E+00    0.148299145946212E+00
    0.966777923293184E-01    0.142682512134102E+00
    0.834062062842431E-01    0.136510010781689E+00
    0.712230733197737E-01    0.130078746087834E+00
    0.600433416860289E-01    0.123414305109763E+00
    0.497977182029091E-01    0.116725325674254E+00
    0.403456294232363E-01    0.109864867679549E+00
    0.315374674960843E-01    0.102974545721663E+00
    0.232352347822933E-01    0.958337329294108E-01
    0.152876306653447E-01    0.885497250915567E-01
    0.758289088907686E-02    0.809132151116669E-01
    0.254205255248525E-04    0.730239145431066E-01
   -0.743584885800619E-02    0.647649147871995E-01
   -0.147692000073011E-01    0.562480406454997E-01
   -0.218787165082966E-01    0.475279761735106E-01
   -0.284911878688920E-01    0.387438709202719E-01
   -0.342226266132501E-01    0.301629286688930E-01
   -0.384272675206055E-01    0.219883638269486E-01
   -0.403047415805501E-01    0.146560558845705E-01
   -0.387790985927562E-01    0.845095524059911E-02
   -0.325850104925393E-01    0.371477654421340E-02
   -0.202637317044863E-01    0.920678873834563E-03
    0.000000000000000E+00    0.000000000000000E+00
    0.000000000000000E+00    0.000000000000000E+00
    0.126491328891736E-01    0.133774767172333E-02
    0.300290025959322E-01    0.557663194935972E-02
    0.510476199231305E-01    0.128524779676714E-01
    0.744776273142745E-01    0.232640251888585E-01
    0.988282099015586E-01    0.364940146461084E-01
    0.122501243746471E+00    0.520789298246578E-01
    0.143975607499931E+00    0.692786321963701E-01
    0.161838440450196E+00    0.870988049411878E-01
    0.175093274398574E+00    0.104644027178003E+00
    0.183191181567614E+00    0.120846397986238E+00
    0.185982648368713E+00    0.135008443449010E+00
    0.183949804811668E+00    0.146535321564564E+00
    0.177656790602906E+00    0.155147027854922E+00
    0.168152167354777E+00    0.160882006842602E+00
    0.156283949005444E+00    0.163856682986946E+00
    0.143053149505207E+00    0.164504190069276E+00
    0.129199219089852E+00    0.163144007350784E+00
    0.115342993280912E+00    0.160272810284111E+00
    0.101949359766051E+00    0.156213213913560E+00
    0.892437335782213E-01    0.151323295771993E+00
    0.774407039252645E-01    0.145824384098529E+00
    0.664985700880283E-01    0.139885092084772E+00
    0.564769367204694E-01    0.133613780482701E+00
    0.471962037705808E-01    0.127022955543334E+00
    0.386466780623867E-01    0.120144034278161E+00
    0.305933006205174E-01    0.112894041486814E+00
    0.230119395853969E-01    0.105274790900435E+00
    0.156603777523839E-01    0.971746001660750E-01
    0.854025570148994E-02    0.886084719430901E-01
    0.145308491076610E-02    0.795091073058647E-01
   -0.551203877436381E-02    0.699418931393682E-01
   -0.124152051591349E-01    0.599648355535966E-01
   -0.189618921984292E-01    0.497247863676362E-01
   -0.249257637038112E-01    0.394658834448227E-01
   -0.296519503277084E-01    0.294694513719171E-01
   -0.324959520503263E-01    0.201856718758956E-01
   -0.323263029930670E-01    0.120529955561915E-01
   -0.280321843003101E-01    0.556665078265360E-02
   -0.178766427755275E-01    0.145606933760891E-02
    0.000000000000000E+00    0.000000000000000E+00
    0.000000000000000E+00    0.000000000000000E+00
    0.100883166551121E-01    0.116603113317640E-02
    0.246067016531648E-01    0.489904366155668E-02
    0.426375719688557E-01    0.113736041050560E-01
    0.631532309346303E-01    0.207248095116262E-01
    0.848772722394498E-01    0.327887678450265E-01
    0.106524412999516E+00    0.471776408069185E-01
    0.126689194739627E+00    0.634153801429755E-01
    0.144213993382585E+00    0.805626544971699E-01
    0.158008425503535E+00    0.979920587111151E-01
    0.167559365540384E+00    0.114596188066154E+00
    0.172449069444462E+00    0.129792704434068E+00
    0.172987019913379E+00    0.142878462938845E+00
    0.169461407151369E+00    0.153460049340377E+00
    0.162679296507626E+00    0.161493180874737E+00
    0.153357545515491E+00    0.166838934774015E+00
    0.142310213615950E+00    0.169911746623353E+00
    0.130310195410536E+00    0.170800782791972E+00
    0.117893419042275E+00    0.170009053409609E+00
    0.105634676600921E+00    0.167761520366027E+00
    0.937707454488083E-01    0.164395129536091E+00
    0.826049850729614E-01    0.160173683243820E+00
    0.721778338806870E-01    0.155191895495657E+00
    0.625669730250149E-01    0.149695141485105E+00
    0.537167375275993E-01    0.143569231266803E+00
    0.455624988803104E-01    0.137027770907635E+00
    0.380053167831058E-01    0.129821108581570E+00
    0.309151792355380E-01    0.122141693210134E+00
    0.241676061650282E-01    0.113693684947133E+00
    0.176339965476233E-01    0.104660933761172E+00
    0.111867708139113E-01    0.948102045893361E-01
    0.477883529464498E-02    0.843219776783692E-01
   -0.164155865470697E-02    0.731524527446031E-01
   -0.791400150826280E-02    0.614870127999885E-01
   -0.138624807017803E-01    0.495695631680148E-01
   -0.189613260207199E-01    0.376641329430555E-01
   -0.226563038581359E-01    0.263405676122761E-01
   -0.239536738544183E-01    0.160854444695255E-01
   -0.217677208176614E-01    0.756701105458240E-02
   -0.145085268442603E-01    0.203206259854325E-02
    0.000000000000000E+00    0.000000000000000E+00
    0.000000000000000E+00    0.000000000000000E+00
    0.785470297532755E-02    0.101407642544166E-02
    0.198467564301164E-01    0.428149528058199E-02
    0.351765597953047E-01    0.100040220313910E-01
    0.529722471468534E-01    0.183646832271178E-01
    0.721860593540490E-01    0.292531794899153E-01
    0.916933303209663E-01    0.424659147394678E-01
    0.110359868180191E+00    0.575562862881173E-01
    0.127075427162284E+00    0.738948353309091E-01
    0.140942893197925E+00    0.908183664641383E-01
    0.151294692718716E+00    0.107490022617917E+00
    0.157746032345136E+00    0.123258942982189E+00
    0.160318469085112E+00    0.137461845201070E+00
    0.159179464869355E+00    0.149667454716814E+00
    0.154897359478342E+00    0.159627500069773E+00
    0.147996104555914E+00    0.167212036009286E+00
    0.139217520777067E+00    0.172550381883397E+00
    0.129168058475594E+00    0.175751490594633E+00
    0.118448052465648E+00    0.177119946001034E+00
    0.107554619735453E+00    0.176869405321670E+00
    0.968223830526988E-01    0.175287975013948E+00
    0.865779813356617E-01    0.172578519176343E+00
    0.769109251181586E-01    0.168910985629656E+00
    0.680031124815011E-01    0.164422881331359E+00
    0.597680059803201E-01    0.159144230930039E+00
    0.522953708026692E-01    0.153146801927727E+00
    0.453795346374380E-01    0.146344181884010E+00
    0.390633244633128E-01    0.138772838558862E+00
    0.330584414598324E-01    0.130281498938870E+00
    0.273965408934024E-01    0.120911011350413E+00
    0.217492337732647E-01    0.110526740019128E+00
    0.161894844854246E-01    0.992113891159879E-01
    0.104447449176068E-01    0.869590829896724E-01
    0.473869675755971E-02    0.739285972130945E-01
   -0.985203664427689E-03    0.603476670602799E-01
   -0.620428300417682E-02    0.465447264446543E-01
   -0.106354874698255E-01    0.330846468707513E-01
   -0.133493576914992E-01    0.206162279078062E-01
   -0.136667997452495E-01    0.996916436537672E-02
   -0.985516284769886E-02    0.274696538492120E-02
    0.000000000000000E+00    0.000000000000000E+00
    0.000000000000000E+00    0.000000000000000E+00
    0.591851153098847E-02    0.870915504441674E-03
    0.156610655847753E-01    0.370959795758177E-02
    0.285511046981724E-01    0.873030288371486E-02
    0.438455242984604E-01    0.161328088894452E-01
    0.606494453781914E-01    0.259021463268234E-01
    0.780614022150256E-01    0.378832726309478E-01
    0.950545832716151E-01    0.518175005341241E-01
    0.110755580678612E+00    0.671316764297433E-01
    0.124244215362728E+00    0.833881368523597E-01
    0.134986750310281E+00    0.997635327836163E-01
    0.142430100094607E+00    0.115762168735932E+00
    0.146577771454112E+00    0.130679693051541E+00
    0.147366351102284E+00    0.144075936690080E+00
    0.145242529738175E+00    0.155657781864345E+00
    0.140554811585753E+00    0.165121570533302E+00
    0.133904330656472E+00    0.172596298377413E+00
    0.125838766687238E+00    0.177948547927369E+00
    0.116862472891609E+00    0.181520489311310E+00
    0.107503141191143E+00    0.183329734434760E+00
    0.980746331250941E-01    0.183695783741792E+00
    0.889501261023877E-01    0.182736315515625E+00
    0.802802251651890E-01    0.180603680503242E+00
    0.722458751351684E-01    0.177468415755407E+00
    0.648943818596855E-01    0.173269335632322E+00
    0.582390951306099E-01    0.168208665516756E+00
    0.522573457398311E-01    0.162024723106488E+00
    0.468459410601180E-01    0.154956818313335E+00
    0.419069482148714E-01    0.146604442215424E+00
    0.372841942133805E-01    0.137247562895469E+00
    0.327942656321824E-01    0.126475516540918E+00
    0.283113153772501E-01    0.114587288600617E+00
    0.236196945729372E-01    0.101362586962838E+00
    0.187556312850806E-01    0.870827307046858E-01
    0.136076418750900E-01    0.719038906699779E-01
    0.852892307696485E-02    0.561553162638720E-01
    0.358980790228291E-02    0.405133935577557E-01
   -0.506502920035354E-03    0.256284768720780E-01
   -0.343254516562118E-02    0.125300660916705E-01
   -0.392324719307219E-02    0.351375515604871E-02
    0.000000000000000E+00    0.000000000000000E+00
    0.000000000000000E+00    0.000000000000000E+00
    0.424981065336794E-02    0.744202254307095E-03
    0.120337931301084E-01    0.318770176042248E-02
    0.227494280842647E-01    0.755712537191212E-02
    0.357608177021763E-01    0.140716457551888E-01
    0.503252751944560E-01    0.227498198750714E-01
    0.656580890879207E-01    0.335520916072981E-01
    0.809410634302095E-01    0.462466737519791E-01
    0.953577523199695E-01    0.604831684471926E-01
    0.108185934251890E+00    0.758150483107706E-01
    0.118818775135301E+00    0.916647712511728E-01
    0.126819299017116E+00    0.107500757480867E+00
    0.131997668297860E+00    0.122743228092456E+00
    0.134290103195202E+00    0.136931288378513E+00
    0.133933111727209E+00    0.149697579096380E+00
    0.131177837496426E+00    0.160759446149716E+00
    0.126506018441731E+00    0.170030067677897E+00
    0.120331340231887E+00    0.177422731089648E+00
    0.113154753881260E+00    0.183051235355020E+00
    0.105400282031861E+00    0.186965579854224E+00
    0.974406107856615E-01    0.189345423533522E+00
    0.896203958381019E-01    0.190291410193992E+00
    0.821365509132055E-01    0.189938780441772E+00
    0.752323054827765E-01    0.188373126806119E+00
    0.689356753957940E-01    0.185624106415383E+00
    0.634049643950823E-01    0.181737090879097E+00
    0.585112674457452E-01    0.176611934734744E+00
    0.543574709496516E-01    0.170273312569200E+00
    0.506472352653886E-01    0.162504398951678E+00
    0.474555310181327E-01    0.153352246370584E+00
    0.443211707323103E-01    0.142561916922685E+00
    0.413304166909898E-01    0.130244610801937E+00
    0.379395046838745E-01    0.116271865637021E+00
    0.343341088842262E-01    0.100834869783732E+00
    0.300572499359249E-01    0.841054919543621E-01
    0.254864235185036E-01    0.664527321131046E-01
    0.202932584917899E-01    0.485413963394020E-01
    0.149481793929084E-01    0.311861337642627E-01
    0.905012262321187E-02    0.155598117179954E-01
    0.367534124322721E-02    0.444259641910976E-02
    0.000000000000000E+00    0.000000000000000E+00
    0.000000000000000E+00    0.000000000000000E+00
    0.283554005712814E-02    0.624486745257424E-03
    0.890523114259921E-02    0.270442877687124E-02
    0.176908350200757E-01    0.646723761435213E-02
    0.286364632634733E-01    0.121367029494578E-01
    0.411067689727274E-01    0.197899355957446E-01
    0.544665950913764E-01    0.294151760936071E-01
    0.679894458252802E-01    0.409053324431499E-01
    0.810440940526344E-01    0.539566516694808E-01
    0.929256041192528E-01    0.682891876496702E-01
    0.103180183486069E+00    0.833641261792916E-01
    0.111282408519825E+00    0.987956776728494E-01
    0.117110230309531E+00    0.114014257834915E+00
    0.120434633494888E+00    0.128607582979697E+00
    0.121472593519083E+00    0.142208233717876E+00
    0.120307180103773E+00    0.154443556504194E+00
    0.117350883227794E+00    0.165256205778942E+00
    0.112911866439196E+00    0.174356645810546E+00
    0.107419447777112E+00    0.181934840411089E+00
    0.101267606174668E+00    0.187799182814184E+00
    0.947957903464802E-01    0.192231542169527E+00
    0.883545291724710E-01    0.195126913713985E+00
    0.821780425199086E-01    0.196706440433542E+00
    0.764903982076509E-01    0.196933466495281E+00
    0.714492425644476E-01    0.195857507063189E+00
    0.671151811522500E-01    0.193511750233121E+00
    0.635870932980785E-01    0.189699128127174E+00
    0.607726710279099E-01    0.184565328725160E+00
    0.586609480248279E-01    0.177622442898756E+00
    0.570515737966320E-01    0.169186784290401E+00
    0.557399951437375E-01    0.158580596499593E+00
    0.545073233904949E-01    0.146264111041022E+00
    0.529421183097221E-01    0.131694454886597E+00
    0.509495420043604E-01    0.115339065717226E+00
    0.480327477723483E-01    0.971548435248873E-01
    0.443577118421476E-01    0.775925668806658E-01
    0.392463975963293E-01    0.573945044813450E-01
    0.329293745885099E-01    0.373357059912764E-01
    0.240995410785620E-01    0.187984507946198E-01
    0.129241492511743E-01    0.544888644923376E-02
    0.000000000000000E+00    0.000000000000000E+00
    0.000000000000000E+00    0.000000000000000E+00
    0.164454659204359E-02    0.515833747587494E-03
    0.624905016643712E-02    0.225585528184794E-02
    0.133393738287871E-01    0.545479681792433E-02
    0.224328215716163E-01    0.103416026864422E-01
    0.329918605521981E-01    0.170154075836394E-01
    0.444683743261095E-01    0.255339411769945E-01
    0.562828775630033E-01    0.358111819138932E-01
    0.678613704282437E-01    0.476904810922029E-01
    0.786643419926917E-01    0.608964041330728E-01
    0.882132533012660E-01    0.750801848465405E-01
    0.961217661733911E-01    0.898430517620944E-01
    0.102147240381915E+00    0.104761054325247E+00
    0.106134456787385E+00    0.119414539425143E+00
    0.108133868851096E+00    0.133455255445114E+00
    0.108222436914144E+00    0.146535116402134E+00
    0.106679958764017E+00    0.158478717113316E+00
    0.103747246153254E+00    0.169055404968339E+00
    0.998024434617120E-01    0.178264301192399E+00
    0.951551720365644E-01    0.185981493854853E+00
    0.901633880910532E-01    0.192314190625139E+00
    0.851273856906158E-01    0.197194672236035E+00
    0.803180537658230E-01    0.200752750867752E+00
    0.759842804919031E-01    0.202918013966986E+00
    0.722796481191615E-01    0.203764018431757E+00
    0.693917030519486E-01    0.203182022594623E+00
    0.673298428830080E-01    0.201121114659832E+00
    0.662326893367405E-01    0.197448343535319E+00
    0.658658900073879E-01    0.191901638199425E+00
    0.663513349009261E-01    0.184422889996727E+00
    0.670908114299258E-01    0.174565873172076E+00
    0.682298659156758E-01    0.162434718081080E+00
    0.688081320391661E-01    0.147657210229454E+00
    0.690600366684944E-01    0.130481313282600E+00
    0.679091294583295E-01    0.110958511877762E+00
    0.656753240678906E-01    0.895213013513201E-01
    0.610922466493024E-01    0.669403490499396E-01
    0.539830749862218E-01    0.441335064825929E-01
    0.419341359712273E-01    0.226006869579278E-01
    0.243007519267448E-01    0.665048755737911E-02
    0.000000000000000E+00    0.000000000000000E+00
    0.000000000000000E+00    0.000000000000000E+00
    0.675565981031614E-03    0.410362425715099E-03
    0.403235253455506E-02    0.182972289298735E-02
    0.964690946271146E-02    0.449692606047146E-02
    0.170879179504889E-01    0.864069903675519E-02
    0.258936803371426E-01    0.143996613493664E-01
    0.356150852040932E-01    0.218475178055464E-01
    0.457499525939083E-01    0.309754963025134E-01
    0.558557615125328E-01    0.416624259802866E-01
    0.654307760478472E-01    0.537418758537843E-01
    0.741275604049762E-01    0.669086318878005E-01
    0.815266124648563E-01    0.808761956490550E-01
    0.874795765051921E-01    0.952550181554070E-01
    0.917292008734144E-01    0.109693102312372E+00
    0.943654015558805E-01    0.123869373886541E+00
    0.953332756453877E-01    0.137412363944708E+00
    0.949032169865242E-01    0.150193528659341E+00
    0.932064497699166E-01    0.161850170297113E+00
    0.905843146789835E-01    0.172477749758387E+00
    0.872904011144266E-01    0.181731680733847E+00
    0.836486356868609E-01    0.189874965550031E+00
    0.799477478480174E-01    0.196571497231061E+00
    0.764673697231680E-01    0.202151810018848E+00
    0.734413739641439E-01    0.206271043186552E+00
    0.711293887111383E-01    0.209206214968344E+00
    0.696261033101066E-01    0.210605752197132E+00
    0.692006031800612E-01    0.210566673894777E+00
    0.697405037744615E-01    0.208815173040246E+00
    0.714649296372101E-01    0.204958047953417E+00
    0.740819142564651E-01    0.199111437765896E+00
    0.774456927844886E-01    0.190269436799290E+00
    0.812097006541962E-01    0.179022387053414E+00
    0.846950210781551E-01    0.164193021552461E+00
    0.876353863856878E-01    0.146627535538328E+00
    0.889584054612299E-01    0.125854686699094E+00
    0.886819122050038E-01    0.102590807690318E+00
    0.850726503533715E-01    0.775842567039954E-01
    0.778158683656360E-01    0.517437018955845E-01
    0.627568444066981E-01    0.267374683324193E-01
    0.378308948741221E-01    0.798384394785342E-02
    0.000000000000000E+00    0.000000000000000E+00
    0.000000000000000E+00    0.000000000000000E+00
   -0.917188909948732E-04    0.309149312865085E-03
    0.223079969297145E-02    0.141956111244142E-02
    0.657164917449648E-02    0.358241766423597E-02
    0.125503613256681E-01    0.702975109976982E-02
    0.197702718834984E-01    0.119194334483602E-01
    0.278529006415879E-01    0.183656640768669E-01
    0.363957320668338E-01    0.263782367968879E-01
    0.450124753971773E-01    0.359235872097697E-01
    0.533251535633417E-01    0.468463232965632E-01
    0.609889826678601E-01    0.589703310219277E-01
    0.677112628672389E-01    0.720064310944413E-01
    0.732724440688018E-01    0.856961484231664E-01
    0.775182512332101E-01    0.996784224295889E-01
    0.804128180196710E-01    0.113708637850468E+00
    0.819572845616491E-01    0.127418693033502E+00
    0.822932972041319E-01    0.140666793559823E+00
    0.815536343944606E-01    0.153120139762696E+00
    0.799973003067774E-01    0.164782198568404E+00
    0.778400784037865E-01    0.175361577113612E+00
    0.753861699362599E-01    0.184997932146450E+00
    0.728833410032125E-01    0.193409991025737E+00
    0.706320813890869E-01    0.200833746709948E+00
    0.688723563886276E-01    0.206936029340042E+00
    0.678791098031789E-01    0.211988841248516E+00
    0.678650022753165E-01    0.215544513087321E+00
    0.690334352989217E-01    0.217853705323656E+00
    0.715115396723294E-01    0.218282845716960E+00
    0.753810379318456E-01    0.216795852360197E+00
    0.807684632515266E-01    0.212888457396055E+00
    0.869826250413454E-01    0.205919322090282E+00
    0.942962784669957E-01    0.195750544131468E+00
    0.101071137846065E+00    0.181531257770653E+00
    0.107717743164119E+00    0.163635554773193E+00
    0.112038873755498E+00    0.141843385664703E+00
    0.114601328065613E+00    0.116697269260753E+00
    0.112666304302273E+00    0.891494923026481E-01
    0.105417658619464E+00    0.601673118077980E-01
    0.872088486656685E-01    0.315712484049760E-01
    0.541042476364321E-01    0.955879604326992E-02
    0.000000000000000E+00    0.000000000000000E+00
    0.000000000000000E+00    0.000000000000000E+00
   -0.652343147327533E-03    0.206562219131773E-03
    0.837775641562909E-03    0.101085322459654E-02
    0.409560630639764E-02    0.268659785766623E-02
    0.878456610613636E-02    0.546678551159864E-02
    0.145656924895644E-01    0.953910538856215E-02
    0.211312652550811E-01    0.150315076994135E-01
    0.281466317785064E-01    0.219959858007292E-01
    0.353163912566872E-01    0.304283261902449E-01
    0.423090579495205E-01    0.402354419597554E-01
    0.488792998625315E-01    0.512781697332723E-01
    0.547330387187867E-01    0.633459044801920E-01
    0.597401222113188E-01    0.762089807843618E-01
    0.636890565239914E-01    0.895814808095263E-01
    0.666070250666572E-01    0.103233315154420E+00
    0.684000570688520E-01    0.116836055013295E+00
    0.692386377702030E-01    0.130263674233220E+00
    0.691589578267951E-01    0.143156816174893E+00
    0.684154541217124E-01    0.155568715290812E+00
    0.671618452022811E-01    0.167097323796556E+00
    0.656742085721689E-01    0.178003211793073E+00
    0.641890135153692E-01    0.187802371221544E+00
    0.629805783196797E-01    0.196958971230730E+00
    0.623088830627410E-01    0.204829358092346E+00
    0.624876382838190E-01    0.212062585220037E+00
    0.637212542249855E-01    0.217762378423338E+00
    0.664345799349673E-01    0.222642905296270E+00
    0.704915081623712E-01    0.225470199245645E+00
    0.766278014432283E-01    0.226846712968987E+00
    0.844009821756289E-01    0.225780831424821E+00
    0.940934048305629E-01    0.220964874132905E+00
    0.105158635448839E+00    0.213032104503025E+00
    0.116305567663176E+00    0.199660450040513E+00
    0.127230580921691E+00    0.182252901043859E+00
    0.135757346906777E+00    0.159421977149152E+00
    0.141762752937179E+00    0.132529019649769E+00
    0.142064103281875E+00    0.102241182849775E+00
    0.135977227878804E+00    0.697730315518963E-01
    0.114972761071043E+00    0.369683389923054E-01
    0.732371714556879E-01    0.113708679244405E-01
    0.000000000000000E+00    0.000000000000000E+00
    0.000000000000000E+00    0.000000000000000E+00
   -0.100988625780943E-02    0.103628852365088E-03
   -0.168773969282412E-03    0.608232647824710E-03
    0.217748957217005E-02    0.181091711326581E-02
    0.573676264428512E-02    0.395350157081174E-02
    0.102190185107637E-01    0.724538454247729E-02
    0.153833988900152E-01    0.118315345918950E-01
    0.209623099745460E-01    0.177889023388233E-01
    0.267191950937622E-01    0.251517263476963E-01
    0.324093180575157E-01    0.338492613473946E-01
    0.378071420107871E-01    0.438143313057004E-01
    0.427202493558092E-01    0.548414745203632E-01
    0.469784813727798E-01    0.668016055795570E-01
    0.504741949219871E-01    0.793882390778969E-01
    0.531384233094972E-01    0.924773663824951E-01
    0.549645141663659E-01    0.105700078998504E+00
    0.560014513113034E-01    0.119013066504975E+00
    0.563379988964702E-01    0.132013466367884E+00
    0.561244121123321E-01    0.144797317982508E+00
    0.555238487708550E-01    0.156935364153012E+00
    0.547582456420886E-01    0.168693660268929E+00
    0.540399121344122E-01    0.179592577815886E+00
    0.536462715644453E-01    0.190082721679331E+00
    0.538221412040332E-01    0.199559167657394E+00
    0.549230601902795E-01    0.208679805015419E+00
    0.571783453578948E-01    0.216552134048053E+00
    0.610556860456000E-01    0.223997479828888E+00
    0.667659581125131E-01    0.229626445913011E+00
    0.750365304873796E-01    0.234679362205945E+00
    0.857661415112512E-01    0.236794136463727E+00
    0.990808696303212E-01    0.235568401452556E+00
    0.115422362720412E+00    0.230299037974175E+00
    0.131375156500988E+00    0.219163270758272E+00
    0.148605029941102E+00    0.202096391965989E+00
    0.162026237718301E+00    0.178678061601274E+00
    0.172826012830441E+00    0.149719380598747E+00
    0.176287340583546E+00    0.116611191737891E+00
    0.171472831170477E+00    0.803452825114268E-01
    0.147899422673030E+00    0.431225005828814E-01
    0.958643750478909E-01    0.134339868328173E-01
    0.000000000000000E+00    0.000000000000000E+00
    0.000000000000000E+00    0.000000000000000E+00
   -0.115975787129648E-02   -0.481665864248256E-05
   -0.777420986083958E-03    0.200520059859883E-03
    0.820853467475529E-03    0.947280220671205E-03
    0.339700669859111E-02    0.248206632830422E-02
    0.671411057704792E-02    0.502950921659093E-02
    0.105878667319776E-01    0.875248378246599E-02
    0.148133763996237E-01    0.137391706677284E-01
    0.192191656770881E-01    0.200564251567140E-01
    0.236091432038517E-01    0.276582362884758E-01
    0.278326869093142E-01    0.365096693323666E-01
    0.317093795168568E-01    0.464585523557618E-01
    0.351481361550308E-01    0.573827029718100E-01
    0.380050831948494E-01    0.690641410908906E-01
    0.402847720992353E-01    0.813418682077862E-01
    0.419026964823148E-01    0.939633429010466E-01
    0.429646509719114E-01    0.106805097379096E+00
    0.434642600771651E-01    0.119589301443387E+00
    0.435802634811463E-01    0.132313274830635E+00
    0.433982735044306E-01    0.144655437497417E+00
    0.431283523558019E-01    0.156812882764242E+00
    0.429598938044326E-01    0.168360631525805E+00
    0.431094056679709E-01    0.179787139504109E+00
    0.438878192720771E-01    0.190423928670105E+00
    0.455468036562553E-01    0.201188678053985E+00
    0.484470823147951E-01    0.210893541342037E+00
    0.531066728860354E-01    0.221075575008094E+00
    0.598728357161650E-01    0.229278153971247E+00
    0.698375422786292E-01    0.238723255946359E+00
    0.819554719730623E-01    0.244453762700740E+00
    0.991265248469013E-01    0.248147095814911E+00
    0.120047975437004E+00    0.248336663631812E+00
    0.143338275555200E+00    0.239408395131526E+00
    0.167537761033212E+00    0.224525418107618E+00
    0.188199470902272E+00    0.200159258823250E+00
    0.204388601268332E+00    0.169222357490403E+00
    0.211783308391346E+00    0.132983481018314E+00
    0.210080459347305E+00    0.927059671743810E-01
    0.183950962687804E+00    0.501439971486090E-01
    0.122420551293447E+00    0.157363266668366E-01
    0.000000000000000E+00    0.000000000000000E+00
    0.000000000000000E+00    0.000000000000000E+00
   -0.111199485891979E-02   -0.101332812147999E-03
   -0.103044282650731E-02   -0.168177456800676E-03
   -0.308907755211218E-04    0.150526945862269E-03
    0.170618557282024E-02    0.110907679335362E-02
    0.398461055321682E-02    0.295072684003024E-02
    0.669219682965444E-02    0.582380635460605E-02
    0.966295666682698E-02    0.985615663076448E-02
    0.127953824402213E-01    0.151014908529868E-01
    0.159410589701538E-01    0.215643531208479E-01
    0.189938534768352E-01    0.292186611160014E-01
    0.218348025995379E-01    0.379488917608858E-01
    0.243710247141466E-01    0.476784763516822E-01
    0.265321426104687E-01    0.581882229642118E-01
    0.282681945992514E-01    0.694022992294901E-01
    0.295693909316051E-01    0.810203301931875E-01
    0.304496588582044E-01    0.930309919302947E-01
    0.309587702514675E-01    0.105075421940867E+00
    0.311803184725734E-01    0.117266541436966E+00
    0.312130467603076E-01    0.129204151110193E+00
    0.312094860148611E-01    0.141174251069409E+00
    0.313071235876151E-01    0.152733384796745E+00
    0.317395033095849E-01    0.164391552686209E+00
    0.326773371921992E-01    0.175612158889290E+00
    0.344819243114223E-01    0.187223556976114E+00
    0.374263887708130E-01    0.198375698117025E+00
    0.422809666418571E-01    0.210405610570045E+00
    0.495322152882653E-01    0.221682006532012E+00
    0.600338139261673E-01    0.235448125055351E+00
    0.737071544976683E-01    0.245980129149285E+00
    0.952689880429507E-01    0.258237805057693E+00
    0.124391177131706E+00    0.264095049880719E+00
    0.156004820313025E+00    0.260120130525066E+00
    0.189766311204354E+00    0.247183338343902E+00
    0.217535218862719E+00    0.223833446772398E+00
    0.241316665061878E+00    0.190066187223560E+00
    0.254544971000397E+00    0.150872952571549E+00
    0.255121509144674E+00    0.106158582516679E+00
    0.226754458583295E+00    0.579139748031896E-01
    0.153177424455391E+00    0.183486084669312E-01
    0.000000000000000E+00    0.000000000000000E+00
    0.000000000000000E+00    0.000000000000000E+00
   -0.878814752603372E-03   -0.182979083973025E-03
   -0.938435342995550E-03   -0.479963957176958E-03
   -0.395139496124718E-03   -0.524280440783713E-03
    0.643286307009513E-03   -0.723594398042513E-04
    0.203354616068505E-02    0.110705134681162E-02
    0.370995884071157E-02    0.317145625034288E-02
    0.556220514073643E-02    0.622574476378600E-02
    0.753308903191827E-02    0.103633159378488E-01
    0.952405779352847E-02    0.155723660290364E-01
    0.114788447905999E-01    0.218735905018125E-01
    0.133037629544110E-01    0.291679119430272E-01
    0.149632518042993E-01    0.373947222198812E-01
    0.163744364331085E-01    0.464077095424104E-01
    0.175470425411873E-01    0.560814972707614E-01
    0.184195756623951E-01    0.662596307289722E-01
    0.190578217846632E-01    0.767975624088398E-01
    0.194338980404403E-01    0.875531764509998E-01
    0.196600294392464E-01    0.984279292883495E-01
    0.197586439391416E-01    0.109300506422683E+00
    0.198639074771070E-01    0.120195869466560E+00
    0.200787107800389E-01    0.130993589772025E+00
    0.205320548064549E-01    0.141939240500709E+00
    0.214577258151153E-01    0.152849879646705E+00
    0.229780428379835E-01    0.164381790479624E+00
    0.256491158930451E-01    0.175993366739357E+00
    0.295752690750233E-01    0.189522992680570E+00
    0.363555330201918E-01    0.203533641821535E+00
    0.463841139096781E-01    0.220813004019667E+00
    0.595466972570454E-01    0.233956805936234E+00
    0.805890191606615E-01    0.258845470344047E+00
    0.112905208541458E+00    0.276889057084780E+00
    0.159242424794047E+00    0.277395828746464E+00
    0.204697915226473E+00    0.272577003321037E+00
    0.246436023299557E+00    0.248408363018066E+00
    0.278767660000381E+00    0.212555443883194E+00
    0.297326030965659E+00    0.170146365882148E+00
    0.301358736237406E+00    0.119901568275220E+00
    0.271293871097281E+00    0.672281826420883E-01
    0.189756683425574E+00    0.220716407903185E-01
    0.000000000000000E+00    0.000000000000000E+00
    0.000000000000000E+00    0.000000000000000E+00
   -0.522512653524359E-03   -0.200424438934715E-03
   -0.607065539529746E-03   -0.620179013981796E-03
   -0.394343231436614E-03   -0.916216502848582E-03
    0.103307611907799E-03   -0.874209291290579E-03
    0.757666533591889E-03   -0.263269254726496E-03
    0.159024231202073E-02    0.995515520906189E-03
    0.248342449090803E-02    0.306456367631417E-02
    0.347524670104065E-02    0.594891933055556E-02
    0.445252643304636E-02    0.973618979033994E-02
    0.544978219124665E-02    0.143677869612652E-01
    0.636213274202400E-02    0.198573916282817E-01
    0.722050665872949E-02    0.260938775219204E-01
    0.793976396090050E-02    0.330251836771883E-01
    0.855595065711187E-02    0.405132491254354E-01
    0.901010211215672E-02    0.484612153351544E-01
    0.935666507701299E-02    0.567398373529946E-01
    0.955775090682202E-02    0.652421238264786E-01
    0.970106107238603E-02    0.738820504543701E-01
    0.975569309701229E-02    0.825875834798155E-01
    0.985782112075471E-02    0.913423853259436E-01
    0.996790422664227E-02    0.100158473576895E+00
    0.102919634112122E-01    0.109108532804050E+00
    0.107821620205319E-01    0.118345363965222E+00
    0.117876679502069E-01    0.128073650174647E+00
    0.132538553270278E-01    0.138701881121041E+00
    0.156191600950692E-01    0.151088600649913E+00
    0.189478357805238E-01    0.165166058903393E+00
    0.248518516107726E-01    0.180093304091390E+00
    0.338986661304293E-01    0.199558953190978E+00
    0.529081421628339E-01    0.238280663030560E+00
    0.920575253158700E-01    0.267112427726475E+00
    0.150715547578268E+00    0.289654359521297E+00
    0.218644699791010E+00    0.291316976456411E+00
    0.279875226487889E+00    0.267596083668441E+00
    0.319213121818678E+00    0.232633283159385E+00
    0.347073384219898E+00    0.188584422390739E+00
    0.356967512525214E+00    0.133477938904563E+00
    0.330677172867632E+00    0.785543323045249E-01
    0.236715703243752E+00    0.265096121163865E-01
    0.000000000000000E+00    0.000000000000000E+00
    0.000000000000000E+00    0.000000000000000E+00
   -0.146485307138055E-03   -0.146485307138057E-03
   -0.197689194283023E-03   -0.524528830009160E-03
   -0.162469596698745E-03   -0.848802423056139E-03
   -0.243461871131371E-04   -0.999679351424154E-03
    0.152339889033792E-03   -0.826817214969027E-03
    0.387364856501701E-03   -0.261575010745367E-03
    0.636849597744914E-03    0.756664177726173E-03
    0.915551883121474E-03    0.229888692095223E-02
    0.119561530227252E-02    0.434319540319694E-02
    0.147824431722089E-02    0.695155345547951E-02
    0.174561199398017E-02    0.100407712324104E-01
    0.199056085958901E-02    0.136442131500047E-01
    0.220552072807749E-02    0.176424987211451E-01
    0.238228494084189E-02    0.220308546193022E-01
    0.252109296418516E-02    0.266868047866945E-01
    0.262098807432148E-02    0.315751833660350E-01
    0.268614756659548E-02    0.366017948315422E-01
    0.272841094166429E-02    0.417257057974417E-01
    0.275339876376348E-02    0.469053915206454E-01
    0.278658618611531E-02    0.521264380365174E-01
    0.283577066609571E-02    0.574226941806720E-01
    0.294001727514432E-02    0.628344174160228E-01
    0.312214023731435E-02    0.685205644815076E-01
    0.344720561950541E-02    0.746470875655734E-01
    0.401968439390173E-02    0.815262922227162E-01
    0.481064165334282E-02    0.895180104537561E-01
    0.578631135470628E-02    0.993365037168554E-01
    0.746521805770345E-02    0.110946243344087E+00
    0.116630901108439E-01    0.129235944188006E+00
    0.198883126895379E-01    0.171321504997776E+00
    0.598529479298281E-01    0.214052012084494E+00
    0.104399040074816E+00    0.224637064940559E+00
    0.218967359793200E+00    0.287545541438868E+00
    0.308464837184803E+00    0.277389827738990E+00
    0.363112101942038E+00    0.244103783282981E+00
    0.395197888379262E+00    0.206242578447026E+00
    0.409472575222483E+00    0.150854467444877E+00
    0.382803049380799E+00    0.968015802311206E-01
    0.289791043895782E+00    0.412535915933882E-01
    0.000000000000000E+00    0.000000000000000E+00
    0.000000000000000E+00    0.000000000000000E+00
    0.000000000000000E+00    0.000000000000000E+00
    0.000000000000000E+00    0.000000000000000E+00
    0.000000000000000E+00    0.000000000000000E+00
    0.000000000000000E+00    0.000000000000000E+00
    0.000000000000000E+00    0.000000000000000E+00
    0.000000000000000E+00    0.000000000000000E+00
    0.000000000000000E+00    0.000000000000000E+00
    0.000000000000000E+00    0.000000000000000E+00
    0.000000000000000E+00    0.000000000000000E+00
    0.000000000000000E+00    0.000000000000000E+00
    0.000000000000000E+00    0.000000000000000E+00
    0.000000000000000E+00    0.000000000000000E+00
    0.000000000000000E+00    0.000000000000000E+00
    0.000000000000000E+00    0.000000000000000E+00
    0.000000000000000E+00    0.000000000000000E+00
    0.000000000000000E+00    0.000000000000000E+00
    0.000000000000000E+00    0.000000000000000E+00
    0.000000000000000E+00    0.000000000000000E+00
    0.000000000000000E+00    0.000000000000000E+00
    0.000000000000000E+00    0.000000000000000E+00
    0.000000000000000E+00    0.000000000000000E+00
    0.000000000000000E+00    0.000000000000000E+00
    0.000000000000000E+00    0.000000000000000E+00
    0.000000000000000E+00    0.000000000000000E+00
    0.000000000000000E+00    0.000000000000000E+00
    0.000000000000000E+00    0.000000000000000E+00
    0.000000000000000E+00    0.000000000000000E+00
    0.000000000000000E+00    0.000000000000000E+00
    0.000000000000000E+00    0.000000000000000E+00
    0.000000000000000E+00    0.000000000000000E+00
    0.000000000000000E+00    0.000000000000000E+00
    0.000000000000000E+00    0.000000000000000E+00
    0.210554242838861E+00    0.242312581052514E+00
    0.297207859860637E+00    0.285768568785679E+00
    0.388628638161292E+00    0.246502568745540E+00
    0.444840233760561E+00    0.209964228339102E+00
    0.462785935322017E+00    0.163369030451606E+00
    0.449166627773404E+00    0.106918870728410E+00
    0.324790364224813E+00    0.555526445084198E-01
    0.000000000000000E+00    0.000000000000000E+00
