    0.000000000000000E+00    0.000000000000000E+00
    0.218750000000000E+00    0.000000000000000E+00
    0.375000000000000E+00    0.000000000000000E+00
    0.468750000000000E+00    0.000000000000000E+00
    0.500000000000000E+00    0.000000000000000E+00
    0.468750000000000E+00    0.000000000000000E+00
    0.375000000000000E+00    0.000000000000000E+00
    0.218750000000000E+00    0.000000000000000E+00
    0.000000000000000E+00    0.000000000000000E+00
    0.000000000000000E+00    0.000000000000000E+00
    0.000000000000000E+00    0.000000000000000E+00
    0.000000000000000E+00    0.000000000000000E+00
    0.000000000000000E+00    0.000000000000000E+00
    0.000000000000000E+00    0.000000000000000E+00
    0.000000000000000E+00    0.000000000000000E+00
    0.000000000000000E+00    0.000000000000000E+00
    0.000000000000000E+00    0.000000000000000E+00
    0.000000000000000E+00    0.000000000000000E+00
    0.000000000000000E+00    0.000000000000000E+00
    0.000000000000000E+00    0.000000000000000E+00
    0.000000000000000E+00    0.000000000000000E+00
    0.000000000000000E+00    0.000000000000000E+00
    0.000000000000000E+00    0.000000000000000E+00
    0.000000000000000E+00    0.000000000000000E+00
    0.000000000000000E+00    0.000000000000000E+00
    0.000000000000000E+00    0.000000000000000E+00
    0.000000000000000E+00    0.000000000000000E+00
    0.000000000000000E+00    0.000000000000000E+00
    0.000000000000000E+00    0.000000000000000E+00
    0.000000000000000E+00    0.000000000000000E+00
    0.000000000000000E+00    0.000000000000000E+00
    0.000000000000000E+00    0.000000000000000E+00
    0.000000000000000E+00    0.000000000000000E+00
    0.000000000000000E+00    0.000000000000000E+00
    0.000000000000000E+00    0.000000000000000E+00
    0.000000000000000E+00    0.000000000000000E+00
    0.000000000000000E+00    0.000000000000000E+00
    0.000000000000000E+00    0.000000000000000E+00
    0.000000000000000E+00    0.000000000000000E+00
    0.000000000000000E+00    0.000000000000000E+00
    0.000000000000000E+00    0.000000000000000E+00
    0.000000000000000E+00    0.000000000000000E+00
    0.216726361630575E+00    0.293087546721896E-02
    0.371866380103814E+00    0.968827454521972E-02
    0.465602994792332E+00    0.156704307151090E-01
    0.497195408842172E+00    0.207914602726774E-01
    0.462542198584136E+00    0.309093854889115E-01
    0.368677831473979E+00    0.312601456834840E-01
    0.215062773977011E+00    0.414276918188388E-01
    0.547381897248153E-01    0.273089000946736E-01
    0.279386496919488E-02   -0.255016890675730E-01
   -0.303511136023891E-02   -0.385928504852047E-01
   -0.283856324511780E-02   -0.288747631760321E-01
   -0.105945385568786E-02   -0.270219166665339E-01
   -0.933280911378621E-03   -0.246072862275483E-01
   -0.110684871520145E-02   -0.226305106652896E-01
   -0.938310264496852E-03   -0.209694926248180E-01
   -0.685415866028361E-03   -0.196607852333463E-01
   -0.502351226911134E-03   -0.185317071525953E-01
   -0.382142846759477E-03   -0.177326751789580E-01
   -0.299746978106053E-03   -0.171056375276618E-01
   -0.258986948697719E-03   -0.165855241627857E-01
   -0.237284562758579E-03   -0.161222842875014E-01
   -0.245332754794658E-03   -0.156615554717180E-01
   -0.269707177181456E-03   -0.151713027325863E-01
   -0.314943353362508E-03   -0.146055358993641E-01
   -0.370155309707217E-03   -0.139489711035779E-01
   -0.435117712428901E-03   -0.131705496772301E-01
   -0.503382896370544E-03   -0.122692940889389E-01
   -0.568791710004662E-03   -0.112365371496952E-01
   -0.629617945303308E-03   -0.100844879997671E-01
   -0.673967219421839E-03   -0.883266647672770E-02
   -0.705474873252159E-03   -0.750359393905392E-02
   -0.707946547727782E-03   -0.614921978029781E-02
   -0.689689052237518E-03   -0.479590494842222E-02
   -0.634886417572517E-03   -0.352471670475327E-02
   -0.556831024815667E-03   -0.235708402221254E-02
   -0.444172707627718E-03   -0.139867904459423E-02
   -0.310638150372177E-03   -0.645861759978478E-03
   -0.163651596115582E-03   -0.182704118692734E-03
   -0.613655358000170E-05   -0.613655358002111E-05
    0.000000000000000E+00    0.000000000000000E+00
    0.000000000000000E+00    0.000000000000000E+00
    0.208154488356987E+00    0.527758791468982E-02
    0.361943387162571E+00    0.170787023952946E-01
    0.456345142394115E+00    0.304392446736183E-01
    0.488517544071280E+00    0.409501440183372E-01
    0.458006348754576E+00    0.523227949446903E-01
    0.363881837468503E+00    0.562372351177197E-01
    0.234722303749777E+00    0.509907080829141E-01
    0.105106569928348E+00    0.282243426366412E-01
    0.242481130704539E-01   -0.149617702255168E-01
    0.204287262038445E-02   -0.363518433031515E-01
   -0.208293871381115E-02   -0.359933820412802E-01
   -0.272659976555447E-02   -0.381893040541446E-01
   -0.276813108185581E-02   -0.388843969486678E-01
   -0.290517527598092E-02   -0.374145659531988E-01
   -0.252223042839535E-02   -0.355089842836007E-01
   -0.203333683284542E-02   -0.339336332441151E-01
   -0.155440230314636E-02   -0.326115897659151E-01
   -0.124324638732718E-02   -0.315268025580911E-01
   -0.100683674256968E-02   -0.306434436335113E-01
   -0.896317233358041E-03   -0.298345150874324E-01
   -0.852316492968229E-03   -0.290752664221247E-01
   -0.902569479582975E-03   -0.282786765646523E-01
   -0.100934387773944E-02   -0.274031707320698E-01
   -0.117997397666791E-02   -0.263852715029049E-01
   -0.138756865752864E-02   -0.251914398904045E-01
   -0.162341203107992E-02   -0.237931948344480E-01
   -0.186991591123839E-02   -0.221723431784579E-01
   -0.210509539911360E-02   -0.203375404860207E-01
   -0.231809250045622E-02   -0.182950920383737E-01
   -0.247880755459131E-02   -0.160899838871074E-01
   -0.258131349974393E-02   -0.137597430838244E-01
   -0.259656285663947E-02   -0.113795328269358E-01
   -0.252113504523100E-02   -0.901892568106504E-02
   -0.233956724267589E-02   -0.676865395693168E-02
   -0.204856567417040E-02   -0.472482946824256E-02
   -0.166102380617730E-02   -0.297200717045075E-02
   -0.117138259769228E-02   -0.160747023902875E-02
   -0.658478475754458E-03   -0.645950691382848E-03
   -0.178351428907726E-03   -0.157722394404069E-03
    0.000000000000000E+00    0.000000000000000E+00
    0.000000000000000E+00    0.000000000000000E+00
    0.197607645053358E+00    0.732161274062321E-02
    0.347400440257723E+00    0.225252723417880E-01
    0.440566612163542E+00    0.406415173839572E-01
    0.475306776068012E+00    0.537419290162825E-01
    0.446300242511134E+00    0.692156906001797E-01
    0.363888711931634E+00    0.715317121857988E-01
    0.247238946755662E+00    0.597661708087724E-01
    0.134290434844734E+00    0.378515816794982E-01
    0.578736100619733E-01    0.375051265223791E-04
    0.231953378982751E-01   -0.241263932554681E-01
    0.638676283216223E-02   -0.335062218361809E-01
   -0.132752233286796E-02   -0.403116218174723E-01
   -0.388469804130383E-02   -0.441881163580871E-01
   -0.435531538024175E-02   -0.448801683821203E-01
   -0.397849881040442E-02   -0.439782417283147E-01
   -0.328436894211498E-02   -0.432726520424170E-01
   -0.269717919054982E-02   -0.423319021106054E-01
   -0.222863315675968E-02   -0.415097817532396E-01
   -0.190359084847820E-02   -0.406619752255824E-01
   -0.172951515157023E-02   -0.398610582575040E-01
   -0.171795273649942E-02   -0.389831223744882E-01
   -0.184604458552286E-02   -0.380314390728369E-01
   -0.210425155092806E-02   -0.369059811515383E-01
   -0.246295462979198E-02   -0.355844885483163E-01
   -0.290234944732720E-02   -0.340039073935221E-01
   -0.338811195348756E-02   -0.321527337707042E-01
   -0.389214939040276E-02   -0.300062299915205E-01
   -0.437624695798036E-02   -0.275773633040162E-01
   -0.480533989017417E-02   -0.248849159305941E-01
   -0.514126752423592E-02   -0.219742276374748E-01
   -0.534745604396131E-02   -0.189074038713073E-01
   -0.539275178600335E-02   -0.157649955957730E-01
   -0.524808891465093E-02   -0.126425329823409E-01
   -0.489913931187034E-02   -0.965008263915936E-02
   -0.433498590872089E-02   -0.689721453156934E-02
   -0.357253592693974E-02   -0.450140915042288E-02
   -0.263121518006241E-02   -0.255941760316923E-02
   -0.160931607680589E-02   -0.112385125206953E-02
   -0.623504036736143E-03   -0.291433450983009E-03
    0.000000000000000E+00    0.000000000000000E+00
    0.000000000000000E+00    0.000000000000000E+00
    0.183940268555194E+00    0.800372102370688E-02
    0.328227614428431E+00    0.258269451393926E-01
    0.422739928306525E+00    0.471205251038762E-01
    0.459378950749075E+00    0.644640498960134E-01
    0.438993613181430E+00    0.779967295100613E-01
    0.365974620018198E+00    0.804001355199336E-01
    0.263916809654771E+00    0.687286922788612E-01
    0.164792616330057E+00    0.461801750720153E-01
    0.864076249187101E-01    0.168322533699440E-01
    0.424071619713092E-01   -0.851050297455763E-02
    0.179699823732198E-01   -0.258055089871742E-01
    0.462931590536467E-02   -0.368072119897309E-01
   -0.122890422686519E-02   -0.433623460008086E-01
   -0.338806251261393E-02   -0.465185123820679E-01
   -0.386297624421076E-02   -0.474742784852260E-01
   -0.363720650128362E-02   -0.480710778604428E-01
   -0.321075905945531E-02   -0.481353038594743E-01
   -0.283944948281719E-02   -0.479001822978542E-01
   -0.256990431029981E-02   -0.474288959158043E-01
   -0.248899867600889E-02   -0.468415097317697E-01
   -0.259524201540819E-02   -0.460728819320624E-01
   -0.290502587907892E-02   -0.451218214288309E-01
   -0.338362454939017E-02   -0.439189433699889E-01
   -0.401357284302011E-02   -0.424434108466587E-01
   -0.475110513588470E-02   -0.406407066840666E-01
   -0.555684318999732E-02   -0.385071160648834E-01
   -0.638130266929613E-02   -0.360151848323493E-01
   -0.716882394367986E-02   -0.331916781283672E-01
   -0.786654827870595E-02   -0.300489209114181E-01
   -0.841121406457475E-02   -0.266500369873551E-01
   -0.875312401784747E-02   -0.230540621421897E-01
   -0.883545843788334E-02   -0.193585047965704E-01
   -0.862238437397385E-02   -0.156665022548380E-01
   -0.808251222045737E-02   -0.120988304923133E-01
   -0.720787846093217E-02   -0.878696870410495E-02
   -0.601629623316674E-02   -0.585086091542862E-02
   -0.455469177887672E-02   -0.341757636098938E-02
   -0.292804128285120E-02   -0.156357654973389E-02
   -0.132472658279377E-02   -0.406976510147872E-03
    0.000000000000000E+00    0.000000000000000E+00
    0.000000000000000E+00    0.000000000000000E+00
    0.168836096986084E+00    0.831508210446697E-02
    0.306989214567591E+00    0.270208289737047E-01
    0.400703369898927E+00    0.505872487805497E-01
    0.442599153893617E+00    0.694547375269649E-01
    0.430202755296873E+00    0.844789792656004E-01
    0.371435107646030E+00    0.877848652535640E-01
    0.282586653641279E+00    0.766926001591466E-01
    0.192205840207311E+00    0.567843007655224E-01
    0.116109050749366E+00    0.303896701594559E-01
    0.643674394254271E-01    0.538923658447052E-02
    0.325139369906349E-01   -0.152092212678384E-01
    0.142105425036558E-01   -0.290398668008147E-01
    0.467852682507103E-02   -0.382986935133075E-01
    0.210729369768660E-03   -0.440613044525838E-01
   -0.192268934101049E-02   -0.472069876921194E-01
   -0.274674416526446E-02   -0.493470320531727E-01
   -0.292199204886148E-02   -0.505458635721823E-01
   -0.288622641314642E-02   -0.511571291149884E-01
   -0.287837980193795E-02   -0.512576646845350E-01
   -0.301216051248445E-02   -0.511031588025112E-01
   -0.336572872783619E-02   -0.505952455994682E-01
   -0.393385574444651E-02   -0.498194293345409E-01
   -0.471922688077919E-02   -0.486826936557224E-01
   -0.567787622097563E-02   -0.472150714945789E-01
   -0.677853566117501E-02   -0.453466697227294E-01
   -0.795666807094835E-02   -0.430966532166919E-01
   -0.915364818334778E-02   -0.404350199577823E-01
   -0.102955600324357E-01   -0.373912961888229E-01
   -0.113033438778057E-01   -0.339871549343528E-01
   -0.121038811138996E-01   -0.302761201338343E-01
   -0.126110550520621E-01   -0.263354323781729E-01
   -0.127664461360808E-01   -0.222498141954258E-01
   -0.124985416858063E-01   -0.181448686407022E-01
   -0.117823229707725E-01   -0.141346136478682E-01
   -0.105879597357323E-01   -0.103740636594866E-01
   -0.894952137434013E-02   -0.698855205483116E-02
   -0.691170607309507E-02   -0.413644417146324E-02
   -0.460817716272943E-02   -0.192127158407378E-02
   -0.221300922693569E-02   -0.506642620737444E-03
    0.000000000000000E+00    0.000000000000000E+00
    0.000000000000000E+00    0.000000000000000E+00
    0.154046850756259E+00    0.797269901829237E-02
    0.284225695695314E+00    0.272152958082829E-01
    0.377626529445667E+00    0.512952452617704E-01
    0.423290698291520E+00    0.725098611989137E-01
    0.420209704181947E+00    0.881410433590594E-01
    0.373188124889448E+00    0.924849105881906E-01
    0.297569288806557E+00    0.845285868881667E-01
    0.216283090623560E+00    0.665112363291024E-01
    0.142698828902684E+00    0.422984179715499E-01
    0.874107899510112E-01    0.182632667626471E-01
    0.499288740492784E-01   -0.322950041328725E-02
    0.266521027110589E-01   -0.191725111375391E-01
    0.130433529966269E-01   -0.304797550800610E-01
    0.562395009706306E-02   -0.385973848947670E-01
    0.162323174812037E-02   -0.440010523000758E-01
   -0.512066800498577E-03   -0.477118035118080E-01
   -0.155909167546067E-02   -0.501339706994253E-01
   -0.213924640022518E-02   -0.516828648494729E-01
   -0.258654149111085E-02   -0.525219520591975E-01
   -0.311851125168221E-02   -0.529093440361754E-01
   -0.383007164840373E-02   -0.528254215497416E-01
   -0.476961603151194E-02   -0.523453205486660E-01
   -0.593387270338715E-02   -0.514268179357440E-01
   -0.729752498219219E-02   -0.501017012312796E-01
   -0.881575960342919E-02   -0.483209498463032E-01
   -0.104208242207232E-01   -0.461074374271749E-01
   -0.120404516250899E-01   -0.434330768294647E-01
   -0.135795917758246E-01   -0.403362298677610E-01
   -0.149492860390560E-01   -0.368270441788773E-01
   -0.160416250276965E-01   -0.329727126393610E-01
   -0.167662318234115E-01   -0.288333033599960E-01
   -0.170230348593501E-01   -0.245110388874575E-01
   -0.167441203668588E-01   -0.201178927767435E-01
   -0.158654319109887E-01   -0.157886834071921E-01
   -0.143730002993222E-01   -0.116758623400369E-01
   -0.122713780568722E-01   -0.793327988375315E-02
   -0.963809843941843E-02   -0.472970876703703E-02
   -0.657637630168361E-02   -0.221897262550443E-02
   -0.329151403355240E-02   -0.584690133860403E-03
    0.000000000000000E+00    0.000000000000000E+00
    0.000000000000000E+00    0.000000000000000E+00
    0.139223251286093E+00    0.753492439309500E-02
    0.261765523493165E+00    0.262064827569478E-01
    0.353749503806985E+00    0.506676453592158E-01
    0.404264455521655E+00    0.726453825143861E-01
    0.409482673307968E+00    0.901570249018678E-01
    0.374732015075366E+00    0.965276618064398E-01
    0.309912115336445E+00    0.910632485596827E-01
    0.236253037821619E+00    0.761899444011818E-01
    0.166030863237600E+00    0.538154825443843E-01
    0.109585946204066E+00    0.308754904704481E-01
    0.688120932601547E-01    0.932832183758704E-02
    0.415654522836371E-01   -0.800761206275163E-02
    0.240212405231459E-01   -0.211789953465640E-01
    0.133180864295083E-01   -0.311454210638779E-01
    0.690178666219808E-02   -0.384450122024893E-01
    0.313545289064344E-02   -0.436500446434938E-01
    0.920444887934956E-03   -0.473084950799631E-01
   -0.495868691356897E-03   -0.498782345998596E-01
   -0.161518008539117E-02   -0.515323957519535E-01
   -0.269328747199421E-02   -0.525721189595878E-01
   -0.389667886534042E-02   -0.529987810918009E-01
   -0.529108522564274E-02   -0.529378491443891E-01
   -0.691377165836477E-02   -0.523490354613616E-01
   -0.873503755031042E-02   -0.512992590151428E-01
   -0.107230501632619E-01   -0.497366602967619E-01
   -0.127985353237481E-01   -0.476994735927431E-01
   -0.148812203572235E-01   -0.451593773613053E-01
   -0.168654818863836E-01   -0.421519687213665E-01
   -0.186358474134068E-01   -0.386925665183942E-01
   -0.200780714733150E-01   -0.348315272032051E-01
   -0.210603992969769E-01   -0.306423879981077E-01
   -0.214827070008335E-01   -0.262034384126272E-01
   -0.212287812405413E-01   -0.216507565548825E-01
   -0.202429202691673E-01   -0.170975696806423E-01
   -0.184666284810529E-01   -0.127329557926207E-01
   -0.159236595751793E-01   -0.870258208055537E-02
   -0.126555162213400E-01   -0.522277429389069E-02
   -0.879199512325855E-02   -0.246240941579910E-02
   -0.449720151466515E-02   -0.653685265956036E-03
    0.000000000000000E+00    0.000000000000000E+00
    0.000000000000000E+00    0.000000000000000E+00
    0.125657809165154E+00    0.700007868576931E-02
    0.239485811987019E+00    0.250606680051617E-01
    0.329024332325085E+00    0.488553644157495E-01
    0.382518221339469E+00    0.718630439692738E-01
    0.396277553799979E+00    0.902688176663367E-01
    0.371978555232939E+00    0.986884691226851E-01
    0.319266661310190E+00    0.962983689583780E-01
    0.254119364299437E+00    0.841418117336036E-01
    0.188030732605880E+00    0.648249620318078E-01
    0.132052519607755E+00    0.433471550839551E-01
    0.884007433682901E-01    0.223535156492468E-01
    0.575035988466529E-01    0.418452634466214E-02
    0.363979829425908E-01   -0.105995159278302E-01
    0.225422276133856E-01   -0.221786858177744E-01
    0.137120374100174E-01   -0.310403693390099E-01
    0.810869960258685E-02   -0.376354290382898E-01
    0.450550639357751E-02   -0.424674547234906E-01
    0.203007125339472E-02   -0.460494378543703E-01
    0.910849534036086E-04   -0.485726036137372E-01
   -0.166824836803273E-02   -0.503087819201387E-01
   -0.346076501942336E-02   -0.513287119260724E-01
   -0.539908679642379E-02   -0.517613585773841E-01
   -0.754091359230591E-02   -0.516070388543548E-01
   -0.987587143085557E-02   -0.509318095692199E-01
   -0.123764080499264E-01   -0.497062056273584E-01
   -0.149618078961730E-01   -0.479663176507886E-01
   -0.175505778593282E-01   -0.456880493660733E-01
   -0.200167438298628E-01   -0.429069570660897E-01
   -0.222427573794353E-01   -0.396268942436211E-01
   -0.240765407666136E-01   -0.359021220887446E-01
   -0.253859131235102E-01   -0.317851566668522E-01
   -0.260190876199690E-01   -0.273654274865559E-01
   -0.258640980497340E-01   -0.227574363555604E-01
   -0.248073475559472E-01   -0.180964036313334E-01
   -0.228040161741273E-01   -0.135595144727442E-01
   -0.198224776247385E-01   -0.932894541667815E-02
   -0.159285636963307E-01   -0.562563971662279E-02
   -0.112032040759045E-01   -0.266779166353993E-02
   -0.583108674754841E-02   -0.709228216759066E-03
    0.000000000000000E+00    0.000000000000000E+00
    0.000000000000000E+00    0.000000000000000E+00
    0.112631167100773E+00    0.640753867708765E-02
    0.218188217215251E+00    0.233403055722188E-01
    0.304799438398450E+00    0.465490604991589E-01
    0.361217453755834E+00    0.696670224797600E-01
    0.381976485518452E+00    0.895351835973294E-01
    0.368187615866826E+00    0.100178160944716E+00
    0.325682040092910E+00    0.100612857341048E+00
    0.269038072999141E+00    0.917644985106618E-01
    0.208015090888370E+00    0.750698168833494E-01
    0.153183491323630E+00    0.554022627671704E-01
    0.108291767663622E+00    0.351395625419566E-01
    0.744206889598514E-01    0.167040589418310E-01
    0.500990478928034E-01    0.900576695559618E-03
    0.333179886817966E-01   -0.118898757678392E-01
    0.219974248033792E-01   -0.220609514421169E-01
    0.144432650942145E-01   -0.299115090553021E-01
    0.925688919941807E-02   -0.358900121129463E-01
    0.553855639463444E-02   -0.404577624737189E-01
    0.260600173204701E-02   -0.438466349222213E-01
    0.407685652400841E-04   -0.463160733589261E-01
   -0.244230647882362E-02   -0.479738148637789E-01
   -0.499603234902775E-02   -0.489711765376855E-01
   -0.771541472909643E-02   -0.493229423308457E-01
   -0.106060469825979E-01   -0.491130154325448E-01
   -0.136536665577438E-01   -0.483179084568236E-01
   -0.167820524352219E-01   -0.469811306951187E-01
   -0.199054112972913E-01   -0.450788145648545E-01
   -0.228960725823256E-01   -0.426401662094919E-01
   -0.256136515865941E-01   -0.396688606490125E-01
   -0.279020507313425E-01   -0.361990720388138E-01
   -0.295868253942855E-01   -0.322895054915180E-01
   -0.305130979257852E-01   -0.279995707487740E-01
   -0.305102808668320E-01   -0.234636852899437E-01
   -0.294669295228333E-01   -0.187860517839591E-01
   -0.272722846657971E-01   -0.141822029066948E-01
   -0.239069555663115E-01   -0.981613676482397E-02
   -0.193750258098442E-01   -0.596036714406809E-02
   -0.137789484282308E-01   -0.283850172443794E-02
   -0.725212364104228E-02   -0.759943725099783E-03
    0.000000000000000E+00    0.000000000000000E+00
    0.000000000000000E+00    0.000000000000000E+00
    0.100966967336534E+00    0.587081605876010E-02
    0.197969867915610E+00    0.218025698832449E-01
    0.280592122153232E+00    0.438365238693949E-01
    0.338161460025097E+00    0.671308223468826E-01
    0.365177560285862E+00    0.876424359480764E-01
    0.360287010885821E+00    0.100340641740190E+00
    0.328512256298671E+00    0.103905409467120E+00
    0.280607481889821E+00    0.980624942691317E-01
    0.225446710814858E+00    0.846397843844018E-01
    0.173139665617299E+00    0.670694578263173E-01
    0.127782812941113E+00    0.478538164503144E-01
    0.918494341254479E-01    0.295915121373959E-01
    0.647875619255968E-01    0.132176249599115E-01
    0.452414019487151E-01   -0.508210992541080E-03
    0.314528515531883E-01   -0.117346929558245E-01
    0.218204198564910E-01   -0.207124354017551E-01
    0.149665851871713E-01   -0.277641690574543E-01
    0.989505632596279E-02   -0.332838915828802E-01
    0.587733268679334E-02   -0.375203862276146E-01
    0.241771132001627E-02   -0.407325079237007E-01
   -0.827288297798856E-03   -0.430570311406193E-01
   -0.405240735811322E-02   -0.446568908833737E-01
   -0.738945051744850E-02   -0.455735094552549E-01
   -0.108647478555146E-01   -0.458909834275125E-01
   -0.144846391905063E-01   -0.456055707316559E-01
   -0.181751604373848E-01   -0.447574212532261E-01
   -0.218615271133556E-01   -0.433281056632903E-01
   -0.254006924329222E-01   -0.413401597618410E-01
   -0.286571286857699E-01   -0.387880401311512E-01
   -0.314392251535129E-01   -0.357000383530284E-01
   -0.335732046361001E-01   -0.321130706652325E-01
   -0.348472897779135E-01   -0.280877142890491E-01
   -0.350902091989083E-01   -0.237310887256718E-01
   -0.341166882363933E-01   -0.191623892851978E-01
   -0.318197748351486E-01   -0.145766324135506E-01
   -0.281011188622136E-01   -0.101706719602219E-01
   -0.229781794800848E-01   -0.621575057606516E-02
   -0.164850731441934E-01   -0.298169828981386E-02
   -0.877329300163519E-02   -0.801124092877668E-03
    0.000000000000000E+00    0.000000000000000E+00
    0.000000000000000E+00    0.000000000000000E+00
    0.899485643776141E-01    0.531406534870267E-02
    0.178857778738195E+00    0.200389193059236E-01
    0.257459018651452E+00    0.410522589322532E-01
    0.315872429641881E+00    0.639496594035094E-01
    0.347897917353279E+00    0.853552188059983E-01
    0.351374051529081E+00    0.999309098418514E-01
    0.328713144730388E+00    0.106349838280144E+00
    0.289247885870411E+00    0.103827685121454E+00
    0.240064277188925E+00    0.933427155479106E-01
    0.190812808672653E+00    0.782145982940927E-01
    0.146149634666970E+00    0.603904298012610E-01
    0.109086758754199E+00    0.426753432187984E-01
    0.800139771745646E-01    0.261734544311041E-01
    0.581349143682591E-01    0.118114075688937E-01
    0.420278093830913E-01   -0.268715207681559E-03
    0.303260492866921E-01   -0.102040669963843E-01
    0.217026704957947E-01   -0.182246903426093E-01
    0.151853695385856E-01   -0.246359319089785E-01
    0.997726290331288E-02   -0.296958192954405E-01
    0.553906835803785E-02   -0.336532137734733E-01
    0.146335819307723E-02   -0.366625108552493E-01
   -0.248632456566284E-02   -0.388965216358274E-01
   -0.647551813754092E-02   -0.404147083615551E-01
   -0.105610229301758E-01   -0.413118822016613E-01
   -0.147659543892649E-01   -0.415938694735615E-01
   -0.190343307440153E-01   -0.413062815869325E-01
   -0.232932824033479E-01   -0.404311764060463E-01
   -0.274072058367982E-01   -0.389853623125887E-01
   -0.312250791903775E-01   -0.369590039090575E-01
   -0.345543113094542E-01   -0.343604216357052E-01
   -0.371827224977161E-01   -0.312244174886830E-01
   -0.388911970066591E-01   -0.275776440902775E-01
   -0.394441146431913E-01   -0.235371189077161E-01
   -0.386472459205437E-01   -0.191817041217139E-01
   -0.363097564694531E-01   -0.147365829695533E-01
   -0.323307223192316E-01   -0.103683562610863E-01
   -0.266419151148977E-01   -0.639697419151020E-02
   -0.192871535428461E-01   -0.308847618701376E-02
   -0.103490779737074E-01   -0.838466951458849E-03
    0.000000000000000E+00    0.000000000000000E+00
    0.000000000000000E+00    0.000000000000000E+00
    0.801474146104590E-01    0.484639062785978E-02
    0.161134654773414E+00    0.185239302742055E-01
    0.234904686709423E+00    0.382870408767518E-01
    0.292725642905176E+00    0.608064430476607E-01
    0.328509932122634E+00    0.824231590143392E-01
    0.338814308144048E+00    0.986581781860695E-01
    0.325280688015468E+00    0.107716282409039E+00
    0.294143880451904E+00    0.108247667404857E+00
    0.251809361762588E+00    0.101135302206161E+00
    0.206717871978403E+00    0.886071921776262E-01
    0.163557113505185E+00    0.727000294473883E-01
    0.126233414405002E+00    0.559594554562304E-01
    0.955910401515730E-01    0.396880585171209E-01
    0.716643611354499E-01    0.250159962131916E-01
    0.534018502186664E-01    0.122593379822525E-01
    0.396648083299118E-01    0.151900417491015E-02
    0.292815229920309E-01   -0.736661881573983E-02
    0.212624968872770E-01   -0.146119184966781E-01
    0.148093065229927E-01   -0.204565884839191E-01
    0.933258880908531E-02   -0.251471585317344E-01
    0.438171861498635E-02   -0.288444421742304E-01
   -0.321371290471130E-03   -0.317254145484680E-01
   -0.498315872202246E-02   -0.338697851187736E-01
   -0.968422499039211E-02   -0.353779884484995E-01
   -0.144792710593251E-01   -0.362720367777909E-01
   -0.193210244991733E-01   -0.365978388291351E-01
   -0.241581015255970E-01   -0.363438858440435E-01
   -0.288482982571672E-01   -0.355203634516525E-01
   -0.332527768525769E-01   -0.341103365966380E-01
   -0.371515566310544E-01   -0.321119615076364E-01
   -0.403347396921403E-01   -0.295371454892102E-01
   -0.425283567249736E-01   -0.264050703264533E-01
   -0.434895125650467E-01   -0.227979335245894E-01
   -0.429406228769494E-01   -0.187984468766054E-01
   -0.406795230816356E-01   -0.145983008588922E-01
   -0.365048634512215E-01   -0.103864075477537E-01
   -0.303435295133612E-01   -0.647007535870602E-02
   -0.221450971427435E-01   -0.315656722005088E-02
   -0.119977182037268E-01   -0.862481155334164E-03
    0.000000000000000E+00    0.000000000000000E+00
    0.000000000000000E+00    0.000000000000000E+00
    0.709700680909278E-01    0.438236041998164E-02
    0.144456648434144E+00    0.169499325145576E-01
    0.213553979374280E+00    0.355795749247670E-01
    0.270432262910810E+00    0.573581882698527E-01
    0.308994514573290E+00    0.793051198661452E-01
    0.325350116622437E+00    0.968729517576596E-01
    0.319472621216497E+00    0.108377000234021E+00
    0.296296521553005E+00    0.112012427888860E+00
    0.260550944167722E+00    0.108001031264825E+00
    0.220039836359509E+00    0.983685301224561E-01
    0.179303848396378E+00    0.845600258738764E-01
    0.142445568171820E+00    0.691638232283240E-01
    0.111039021788569E+00    0.534972457285129E-01
    0.855327151986551E-01    0.388299715835642E-01
    0.654130659067524E-01    0.256944974888407E-01
    0.498077337903499E-01    0.143338257122782E-01
    0.376954803271411E-01    0.473024718513704E-02
    0.281763803327612E-01   -0.327513984681589E-02
    0.204319270701808E-01   -0.985992495677922E-02
    0.138709092199132E-01   -0.152647644679150E-01
    0.800158237191509E-02   -0.196423470122943E-01
    0.251292146058089E-02   -0.231775921996494E-01
   -0.283573664091028E-02   -0.259598791547130E-01
   -0.816020824125701E-02   -0.281035020194812E-01
   -0.135371248474858E-01   -0.296382987036745E-01
   -0.189465824875548E-01   -0.306197345126761E-01
   -0.243468475083133E-01   -0.310381119506436E-01
   -0.296132107027804E-01   -0.309025856356729E-01
   -0.346016013787845E-01   -0.301916124756867E-01
   -0.390976903886315E-01   -0.288862682357549E-01
   -0.428626358034619E-01   -0.269912619885097E-01
   -0.456142450719248E-01   -0.244893395863232E-01
   -0.470472566618663E-01   -0.214616063227406E-01
   -0.468633040652107E-01   -0.179400065001424E-01
   -0.447645866173247E-01   -0.141318374574741E-01
   -0.405249915936461E-01   -0.101795901574752E-01
   -0.339612105977235E-01   -0.642819690708551E-02
   -0.250075098161170E-01   -0.316837332543680E-02
   -0.136553729449660E-01   -0.878814724209307E-03
    0.000000000000000E+00    0.000000000000000E+00
    0.000000000000000E+00    0.000000000000000E+00
    0.627867713581842E-01    0.399584522942482E-02
    0.129154745867134E+00    0.155929570789985E-01
    0.193146151960120E+00    0.330092089781857E-01
    0.248059107734314E+00    0.540819428787248E-01
    0.288159898410060E+00    0.758025869775245E-01
    0.309130921187006E+00    0.944803216660135E-01
    0.310366639084902E+00    0.108033506928174E+00
    0.294671601370767E+00    0.114466917010944E+00
    0.265989689809682E+00    0.113808877104387E+00
    0.230745056984699E+00    0.107110953461470E+00
    0.193181156852177E+00    0.958550583404913E-01
    0.157689282231786E+00    0.821808516435472E-01
    0.126096666504955E+00    0.674825278896129E-01
    0.995301214395785E-01    0.531928994104253E-01
    0.778549096636175E-01    0.399252398989179E-01
    0.605436473128015E-01    0.281702191159452E-01
    0.467876681232186E-01    0.179778555984931E-01
    0.357679014331920E-01    0.931795167802780E-02
    0.267276030963666E-01    0.204081088140049E-02
    0.190541082378823E-01   -0.404029224849262E-02
    0.122481053015061E-01   -0.908494833337605E-02
    0.596112617660114E-02   -0.132663520687003E-01
   -0.790301427665913E-04   -0.166913621943630E-01
   -0.601680028126464E-02   -0.194787262837191E-01
   -0.119621262329668E-01   -0.216744265794207E-01
   -0.179131655909489E-01   -0.233379157827734E-01
   -0.238561617862856E-01   -0.244684778137023E-01
   -0.296723270218509E-01   -0.250743600373308E-01
   -0.352371125560162E-01   -0.251293792677978E-01
   -0.403235132628984E-01   -0.246076776064644E-01
   -0.446990863215487E-01   -0.234901274044203E-01
   -0.480390273574825E-01   -0.217492841708709E-01
   -0.500263148616400E-01   -0.194228482394975E-01
   -0.502809595937727E-01   -0.165365503426828E-01
   -0.484760577056713E-01   -0.132465357698146E-01
   -0.442698657349373E-01   -0.970271391471815E-02
   -0.374453821088181E-01   -0.621733883835759E-02
   -0.278125419958631E-01   -0.311071162778624E-02
   -0.153373963990047E-01   -0.870894336163530E-03
    0.000000000000000E+00    0.000000000000000E+00
    0.000000000000000E+00    0.000000000000000E+00
    0.551697035934575E-01    0.361474609508503E-02
    0.114802836448290E+00    0.142348068814686E-01
    0.173895798193740E+00    0.305225947237783E-01
    0.226595340174938E+00    0.506445876733000E-01
    0.267524717868631E+00    0.722081452433592E-01
    0.292325803030429E+00    0.916182623730103E-01
    0.299459354802469E+00    0.107052119231760E+00
    0.290655432150058E+00    0.116150286129399E+00
    0.268519681905571E+00    0.118545485913831E+00
    0.238634766871586E+00    0.114984405832798E+00
    0.204773693714281E+00    0.106342854223228E+00
    0.171220706093128E+00    0.947509084177552E-01
    0.140210104677391E+00    0.813884975856588E-01
    0.113147740932220E+00    0.678099943425567E-01
    0.903874339801509E-01    0.547639885402672E-01
    0.716772230659980E-01    0.428319265308875E-01
    0.564461262019830E-01    0.322595252427872E-01
    0.440207684820300E-01    0.230533629134996E-01
    0.337038229465833E-01    0.151828921759220E-01
    0.249252781422098E-01    0.846643739162374E-02
    0.171694469781384E-01    0.279337289300503E-02
    0.100788221474714E-01   -0.202619370391732E-02
    0.334855981916333E-02   -0.608414110863174E-02
   -0.319266446792778E-02   -0.952216671460248E-02
   -0.968187761576142E-02   -0.123849449251613E-01
   -0.161471678934383E-01   -0.147505040865479E-01
   -0.225936470262386E-01   -0.166192841820843E-01
   -0.289285361523507E-01   -0.180071490398973E-01
   -0.350348620077911E-01   -0.188860223736764E-01
   -0.407013895820333E-01   -0.192190133135837E-01
   -0.456822529919306E-01   -0.189807240867842E-01
   -0.496500228857128E-01   -0.181072105793518E-01
   -0.522377857619905E-01   -0.166288574006608E-01
   -0.530376572113694E-01   -0.145106125000974E-01
   -0.516263013580515E-01   -0.119079826384427E-01
   -0.476115177868082E-01   -0.890477981632505E-02
   -0.406451144477432E-01   -0.582968557799346E-02
   -0.304810862041344E-01   -0.296779436461505E-02
   -0.169542278699574E-01   -0.849556398296234E-03
    0.000000000000000E+00    0.000000000000000E+00
    0.000000000000000E+00    0.000000000000000E+00
    0.483635320002700E-01    0.328805542336761E-02
    0.101718919889618E+00    0.130378163136340E-01
    0.155781460924722E+00    0.281776980099942E-01
    0.205614011052620E+00    0.473952512580810E-01
    0.246340474601663E+00    0.683943760157161E-01
    0.273693757098110E+00    0.883383340775726E-01
    0.285823881598410E+00    0.105149784148383E+00
    0.283154055317777E+00    0.116578445539610E+00
    0.267588712322417E+00    0.122004364155462E+00
    0.243362360174470E+00    0.121481083230764E+00
    0.213801054515963E+00    0.115817039439929E+00
    0.182996410877620E+00    0.106575743454041E+00
    0.153189237762643E+00    0.949727886316895E-01
    0.126269381242803E+00    0.825090749608187E-01
    0.102827533603770E+00    0.699939498565821E-01
    0.830235396164399E-01    0.582029063076008E-01
    0.665088078694377E-01    0.474238189578021E-01
    0.527746105012350E-01    0.378541296792016E-01
    0.412469256393337E-01    0.294731901646675E-01
    0.313766677665240E-01    0.222092077912512E-01
    0.226870258855387E-01    0.159400610830618E-01
    0.147938242818068E-01    0.105202721798607E-01
    0.738729533908425E-02    0.583699315789761E-02
    0.261751440235616E-03    0.176114167313366E-02
   -0.674128672329563E-02   -0.177372187596971E-02
   -0.136800147073097E-01   -0.484665742592166E-02
   -0.205854510956765E-01   -0.747271515672963E-02
   -0.273871834165027E-01   -0.967208973942133E-02
   -0.339915842277452E-01   -0.114169237348381E-01
   -0.401960452277434E-01   -0.126714158928160E-01
   -0.457667470488048E-01   -0.133880444789350E-01
   -0.503575186918711E-01   -0.134973949123193E-01
   -0.535898737264870E-01   -0.129803760831746E-01
   -0.549923042809313E-01   -0.117909629638187E-01
   -0.540967396127134E-01   -0.100150217612884E-01
   -0.503950429196732E-01   -0.772674183304901E-02
   -0.434679097758414E-01   -0.519452358895414E-02
   -0.329200312842551E-01   -0.270978279008755E-02
   -0.185070438161169E-01   -0.787908005591093E-03
    0.000000000000000E+00    0.000000000000000E+00
    0.000000000000000E+00    0.000000000000000E+00
    0.420681045101195E-01    0.296821286920389E-02
    0.895120096830297E-01    0.118599901591351E-01
    0.138764690075483E+00    0.259147056200048E-01
    0.185602113540743E+00    0.440559693095523E-01
    0.225620719938496E+00    0.645197310413192E-01
    0.254822068898765E+00    0.846201638847415E-01
    0.270924546530566E+00    0.102652554316197E+00
    0.273662301678141E+00    0.116130824420565E+00
    0.263971154218770E+00    0.124279901999210E+00
    0.245229942253699E+00    0.126838138545651E+00
    0.220155522649392E+00    0.124085084880365E+00
    0.192478118665582E+00    0.117493669448802E+00
    0.164538926311030E+00    0.107923087323782E+00
    0.138293808431221E+00    0.969302868979705E-01
    0.114738344190174E+00    0.853250964049973E-01
    0.942303871877212E-01    0.739535977514461E-01
    0.767304696803198E-01    0.632678669260714E-01
    0.618893218704475E-01    0.535001650919590E-01
    0.492612604524717E-01    0.447884079255182E-01
    0.383809748415277E-01    0.370544297392533E-01
    0.287888274594558E-01    0.302795415862815E-01
    0.201275627123335E-01    0.242883091311870E-01
    0.120639526713034E-01    0.190219149648928E-01
    0.438727660199301E-02    0.143151600733459E-01
   -0.309294462924717E-02    0.101251802041455E-01
   -0.104557914680977E-01    0.634016234926584E-02
   -0.177620238002524E-01    0.295323454989433E-02
   -0.249686653579383E-01   -0.767222078490676E-04
   -0.320049685578471E-01   -0.272033453017674E-02
   -0.386934820450925E-01   -0.494134226569865E-02
   -0.448080779823842E-01   -0.669093029919501E-02
   -0.500115034475109E-01   -0.786773176939611E-02
   -0.538996291003442E-01   -0.844695336384164E-02
   -0.559755074924141E-01   -0.831549604858196E-02
   -0.556908166680241E-01   -0.754630926075366E-02
   -0.524658920238039E-01   -0.612756151121646E-02
   -0.457427901558152E-01   -0.431373831581870E-02
   -0.350181616889953E-01   -0.233682697692308E-02
   -0.198841749154780E-01   -0.706427688539137E-03
    0.000000000000000E+00    0.000000000000000E+00
    0.000000000000000E+00    0.000000000000000E+00
    0.364460711134490E-01    0.268696792750443E-02
    0.784435606300826E-01    0.108001977951742E-01
    0.122954648430118E+00    0.237741222375667E-01
    0.166437639614784E+00    0.408894156673473E-01
    0.205028817634484E+00    0.605179026283107E-01
    0.235024839782343E+00    0.806163182928287E-01
    0.254117631108025E+00    0.993340806903487E-01
    0.261344928539434E+00    0.114513354620631E+00
    0.257131854450728E+00    0.125136230023820E+00
    0.243774058580926E+00    0.130537650671072E+00
    0.223460827624655E+00    0.130889574969583E+00
    0.199478513968777E+00    0.127057692469082E+00
    0.173945600161707E+00    0.119907084737811E+00
    0.149050636072134E+00    0.110747630213304E+00
    0.125860876240531E+00    0.100412436892134E+00
    0.105105692453594E+00    0.898448729396969E-01
    0.869280570426022E-01    0.795057145965731E-01
    0.711998606140135E-01    0.698225265844144E-01
    0.576285467558357E-01    0.609252205112849E-01
    0.458182618152344E-01    0.528918704088416E-01
    0.353971818720371E-01    0.456802434233409E-01
    0.259973875726687E-01    0.392094151189042E-01
    0.173231769186058E-01    0.333878008383411E-01
    0.912445642334842E-02    0.280964700148617E-01
    0.121811919613410E-02    0.232598138408986E-01
   -0.652001466710300E-02    0.187816378801954E-01
   -0.141601062667746E-01    0.146302270641105E-01
   -0.217023593799029E-01    0.107634696718680E-01
   -0.290935637440305E-01    0.720141941002757E-02
   -0.361920535105041E-01    0.397285779977485E-02
   -0.427863661627437E-01    0.114231732970622E-02
   -0.485549872654523E-01   -0.119304966809279E-02
   -0.530868024148708E-01   -0.295875599432867E-02
   -0.558579395954509E-01   -0.403378291869320E-02
   -0.562678816631488E-01   -0.440747450597484E-02
   -0.536455204604691E-01   -0.404318504592369E-02
   -0.473247199448814E-01   -0.310454999133593E-02
   -0.366488456137509E-01   -0.179336480244746E-02
   -0.210572258281151E-01   -0.565217544605521E-03
    0.000000000000000E+00    0.000000000000000E+00
    0.000000000000000E+00    0.000000000000000E+00
    0.312904365770656E-01    0.241331584198983E-02
    0.681983495935582E-01    0.976809048807587E-02
    0.108199441046849E+00    0.217106983617450E-01
    0.148312205173208E+00    0.376819948306626E-01
    0.185127215793988E+00    0.564852914166401E-01
    0.215367148503499E+00    0.762329249383729E-01
    0.236598637249738E+00    0.954906766981938E-01
    0.247568119554222E+00    0.111988253557597E+00
    0.248062077886415E+00    0.124764623907922E+00
    0.239671072094562E+00    0.132870263930040E+00
    0.223999589770686E+00    0.136119922505192E+00
    0.203816178704734E+00    0.135215426664951E+00
    0.181138484100336E+00    0.130609252624130E+00
    0.158004805957382E+00    0.123610689608494E+00
    0.135748992438677E+00    0.114894969749091E+00
    0.115174975050808E+00    0.105453271534697E+00
    0.967289793400482E-01    0.958270045895569E-01
    0.804143634874469E-01    0.864610657268546E-01
    0.661172745958375E-01    0.776523280219406E-01
    0.535478346784454E-01    0.694562283283272E-01
    0.423940104392907E-01    0.619806529736740E-01
    0.323515024935574E-01    0.550981108850987E-01
    0.231164110791939E-01    0.488211172807321E-01
    0.144673087366244E-01    0.429746172980683E-01
    0.618525590324857E-02    0.375463674682113E-01
   -0.185069602271468E-02    0.323862089141740E-01
   -0.975319202030521E-02    0.274958285752659E-01
   -0.175380411881455E-01    0.227919406549525E-01
   -0.251931258880850E-01    0.183068362524333E-01
   -0.326034061978332E-01    0.140522880941531E-01
   -0.395905685091543E-01    0.100923623202860E-01
   -0.458544795400334E-01    0.654468483560489E-02
   -0.509928915457944E-01    0.348189189270934E-02
   -0.544701490126178E-01    0.109156788298295E-02
   -0.556423022242216E-01   -0.599822528850496E-03
   -0.537613546974880E-01   -0.145325781547060E-02
   -0.480416763807664E-01   -0.158556279543346E-02
   -0.376691699573356E-01   -0.111160744462541E-02
   -0.219058108681383E-01   -0.398128209985066E-03
    0.000000000000000E+00    0.000000000000000E+00
    0.000000000000000E+00    0.000000000000000E+00
    0.267001839922242E-01    0.216905477371584E-02
    0.589650282152301E-01    0.882707772605407E-02
    0.946502680651680E-01    0.197551609190777E-01
    0.131257052271764E+00    0.346352006701166E-01
    0.165880111521471E+00    0.524018129689215E-01
    0.195568261938644E+00    0.716833646875962E-01
    0.218068454416154E+00    0.909841458499439E-01
    0.231827531010216E+00    0.108464884818232E+00
    0.236363190334185E+00    0.122971662604566E+00
    0.232500280040780E+00    0.133432891503032E+00
    0.221380786795730E+00    0.139532818118957E+00
    0.205239627470712E+00    0.141469689317184E+00
    0.185752936118604E+00    0.139667801963584E+00
    0.164959142632579E+00    0.135058789616388E+00
    0.144094682861142E+00    0.128322364019331E+00
    0.124234836340942E+00    0.120388544717719E+00
    0.105903914955386E+00    0.111790522168777E+00
    0.893442644870986E-01    0.103107471665971E+00
    0.745780843423398E-01    0.946068942067005E-01
    0.614250948553716E-01    0.865208936081543E-01
    0.496949923178241E-01    0.789124405075388E-01
    0.390925025937212E-01    0.717962630814548E-01
    0.293991616613603E-01    0.651331564023400E-01
    0.203509243874391E-01    0.588397333520396E-01
    0.117805304168529E-01    0.528533035607337E-01
    0.350419542328461E-02    0.470727118506405E-01
   -0.456581130533963E-02    0.414581230514851E-01
   -0.125139420746081E-01    0.359434176819991E-01
   -0.203241175332428E-01    0.305367230238143E-01
   -0.279492385996441E-01    0.252454325644933E-01
   -0.352183933057632E-01    0.201372102284269E-01
   -0.418892472773814E-01    0.153169736546945E-01
   -0.475573315470549E-01    0.109001362886643E-01
   -0.517132751799505E-01    0.707195803854126E-02
   -0.536658246133060E-01    0.394823320978909E-02
   -0.526313196627876E-01    0.170073480927995E-02
   -0.476945453817705E-01    0.331168912863718E-03
   -0.379254105675705E-01   -0.199462364581203E-03
   -0.223536290298909E-01   -0.150459978439898E-03
    0.000000000000000E+00    0.000000000000000E+00
    0.000000000000000E+00    0.000000000000000E+00
    0.225368695484254E-01    0.193284569961032E-02
    0.505062757913475E-01    0.792004877879206E-02
    0.821226428477314E-01    0.178792321951521E-01
    0.115304162345228E+00    0.315969074665437E-01
    0.147524632071382E+00    0.483355228965621E-01
    0.176286348010341E+00    0.668587637408140E-01
    0.199370097545956E+00    0.860714738337272E-01
    0.215241518425716E+00    0.104111451473139E+00
    0.223032616273294E+00    0.120027904301236E+00
    0.223131651968709E+00    0.132538699266317E+00
    0.216187406051963E+00    0.141167237868989E+00
    0.203931125472898E+00    0.145921629116824E+00
    0.187811517875453E+00    0.146860249639070E+00
    0.169576120821248E+00    0.144856700190876E+00
    0.150568317710426E+00    0.140325500300323E+00
    0.131797218822059E+00    0.134208823244274E+00
    0.114033620219158E+00    0.127001308335301E+00
    0.975771839174033E-01    0.119283818321815E+00
    0.826511827894177E-01    0.111441725031146E+00
    0.691702036221938E-01    0.103670902055032E+00
    0.570388979600839E-01    0.962010064335756E-01
    0.460509153431674E-01    0.889786432952950E-01
    0.359968137343805E-01    0.821169540817810E-01
    0.266799105664325E-01    0.754483577225841E-01
    0.178945608722368E-01    0.690264981093198E-01
    0.949820888719075E-02    0.626650902378502E-01
    0.134527867265131E-02    0.564025156801372E-01
   -0.663547441063231E-02    0.500999463760117E-01
   -0.144910981091355E-01    0.438082554044239E-01
   -0.221876500311884E-01    0.374893301348155E-01
   -0.296160083704352E-01    0.312224511349285E-01
   -0.365607572974715E-01    0.251116711307811E-01
   -0.426667342615951E-01    0.192648928783103E-01
   -0.474345109135173E-01    0.139246816855861E-01
   -0.501841681741601E-01    0.921417899687180E-02
   -0.500763469144413E-01    0.541820486872245E-02
   -0.461324154741203E-01    0.260915020867836E-02
   -0.372441327449758E-01    0.863256036513657E-03
   -0.222919036941791E-01    0.128159583673622E-03
    0.000000000000000E+00    0.000000000000000E+00
    0.000000000000000E+00    0.000000000000000E+00
    0.188494311530399E-01    0.172121429476110E-02
    0.429393582845847E-01    0.708908866070128E-02
    0.707497375367237E-01    0.161084210360101E-01
    0.100531431390471E+00    0.287212386184219E-01
    0.130180010991256E+00    0.442984090863903E-01
    0.157479683477810E+00    0.619938099598731E-01
    0.180500265121072E+00    0.807051076102486E-01
    0.197621288279668E+00    0.990138253109421E-01
    0.207935583001081E+00    0.115834483073445E+00
    0.211342227221527E+00    0.129986852836648E+00
    0.208188053079073E+00    0.140867199553175E+00
    0.199710642077197E+00    0.148165058062551E+00
    0.187009689967571E+00    0.151894383206325E+00
    0.171679371558757E+00    0.152518883484274E+00
    0.154844880235001E+00    0.150451331801588E+00
    0.137656031093002E+00    0.146426253033628E+00
    0.120839918463334E+00    0.140923457121990E+00
    0.104903221154787E+00    0.134547576794647E+00
    0.901446743675019E-01    0.127639620174193E+00
    0.766082926827072E-01    0.120539531936272E+00
    0.643203183318753E-01    0.113410817393896E+00
    0.531028493235026E-01    0.106364205304530E+00
    0.428677946114478E-01    0.994362619247688E-01
    0.333753984354495E-01    0.925954947634668E-01
    0.245213069302660E-01    0.858186991525674E-01
    0.160816151788100E-01    0.790135719350469E-01
    0.798462657854450E-02    0.721511424269052E-01
    0.609297021225861E-04    0.651443061540583E-01
   -0.769310736730490E-02    0.579964494238724E-01
   -0.153481622138793E-01    0.506837660144464E-01
   -0.227793244102584E-01    0.432699109839390E-01
   -0.298753783876670E-01    0.358467851426280E-01
   -0.362766970446145E-01    0.285513324116332E-01
   -0.415734556509660E-01    0.216110542603087E-01
   -0.450550347833489E-01    0.152356752369417E-01
   -0.459322442665871E-01    0.973926836421837E-02
   -0.431093407751250E-01    0.533348677639885E-02
   -0.354608163685027E-01    0.221560847338578E-02
   -0.215786266104948E-01    0.507737102934873E-03
    0.000000000000000E+00    0.000000000000000E+00
    0.000000000000000E+00    0.000000000000000E+00
    0.155487693313915E-01    0.151828783512685E-02
    0.360915120698858E-01    0.629849040760722E-02
    0.603571819577834E-01    0.144250710127218E-01
    0.868921703370953E-01    0.259047427264627E-01
    0.113884045516101E+00    0.403407977716720E-01
    0.139517564327349E+00    0.569930894027250E-01
    0.161962833469099E+00    0.751011250268802E-01
    0.179796365852947E+00    0.932781015376368E-01
    0.191901748095728E+00    0.110707681491299E+00
    0.198016134312530E+00    0.126090259387260E+00
    0.198105859541985E+00    0.138830715170881E+00
    0.193047574958688E+00    0.148450826221387E+00
    0.183660956771045E+00    0.154717883682208E+00
    0.171221548244925E+00    0.158004769060016E+00
    0.156823131890933E+00    0.158427863692330E+00
    0.141449106543415E+00    0.156708005319290E+00
    0.125974470107181E+00    0.153168209252405E+00
    0.110878390278143E+00    0.148408564751328E+00
    0.966347204406074E-01    0.142790288073511E+00
    0.833447090228164E-01    0.136611901812437E+00
    0.711413527877836E-01    0.130170331403967E+00
    0.599413876563390E-01    0.123491885845508E+00
    0.496775777304195E-01    0.116785579927025E+00
    0.402113904385434E-01    0.109905951081841E+00
    0.313954697188915E-01    0.102995430883779E+00
    0.230935312030032E-01    0.958353076752105E-01
    0.151561363424470E-01    0.885337917349193E-01
    0.747243642704336E-02    0.808834342906994E-01
   -0.523097113806545E-04    0.729845327943829E-01
   -0.746962620302600E-02    0.647212902319907E-01
   -0.147488414540573E-01    0.562054163234633E-01
   -0.217970367531601E-01    0.474910892642065E-01
   -0.283453845982794E-01    0.387165197900072E-01
   -0.340170749504394E-01    0.301463103870162E-01
   -0.381749381254149E-01    0.219824870377152E-01
   -0.400291966356173E-01    0.146574792848148E-01
   -0.385131095848136E-01    0.845625582347788E-02
   -0.323685331344228E-01    0.371957353465196E-02
   -0.201374367744716E-01    0.922579513046576E-03
    0.000000000000000E+00    0.000000000000000E+00
    0.000000000000000E+00    0.000000000000000E+00
    0.126454788382072E-01    0.133736478041189E-02
    0.300190671832708E-01    0.557531779579006E-02
    0.510296946725312E-01    0.128501262252124E-01
    0.744510541214032E-01    0.232609585498733E-01
    0.987933740560610E-01    0.364910532977534E-01
    0.122459570457570E+00    0.520773312252733E-01
    0.143929240000138E+00    0.692800462265543E-01
    0.161790028537695E+00    0.871051234318178E-01
    0.175045626255860E+00    0.104657306659967E+00
    0.183146752389600E+00    0.120868556204483E+00
    0.185943495577982E+00    0.135041263543713E+00
    0.183916842735564E+00    0.146580030002131E+00
    0.177630212050188E+00    0.155204428951878E+00
    0.168130682567104E+00    0.160952034511365E+00
    0.156265583267357E+00    0.163938659058556E+00
    0.143034694084732E+00    0.164596428548383E+00
    0.129177194856938E+00    0.163244167845678E+00
    0.115313425985274E+00    0.160377663305666E+00
    0.101908716838854E+00    0.156319032152676E+00
    0.891889438514092E-01    0.151425906799635E+00
    0.773699380879998E-01    0.145919495727810E+00
    0.664112781774090E-01    0.139968680402321E+00
    0.563744134377114E-01    0.133682206145150E+00
    0.470814400716058E-01    0.127073631773828E+00
    0.385247009327156E-01    0.120175194576071E+00
    0.304707886894376E-01    0.112905581981403E+00
    0.228973148156669E-01    0.105267607688347E+00
    0.155632575948128E-01    0.971514605897645E-01
    0.847118014877150E-02    0.885729479311774E-01
    0.142280180463766E-02    0.794662070639345E-01
   -0.549352271739174E-02    0.698967871243711E-01
   -0.123398562277880E-01    0.599227995212540E-01
   -0.188256737925247E-01    0.496902498285011E-01
   -0.247309051218926E-01    0.394413362156169E-01
   -0.294092393934956E-01    0.294558512443991E-01
   -0.322271535528327E-01    0.201807667539162E-01
   -0.320629476102387E-01    0.120539171523561E-01
   -0.278150818038790E-01    0.556910612173106E-02
   -0.177481145980358E-01    0.145730787118252E-02
    0.000000000000000E+00    0.000000000000000E+00
    0.000000000000000E+00    0.000000000000000E+00
    0.100854842401088E-01    0.116556327973347E-02
    0.245980418134488E-01    0.489737141896720E-02
    0.426209439699744E-01    0.113703682365884E-01
    0.631275099493788E-01    0.207200627480522E-01
    0.848423577066700E-01    0.327830400636354E-01
    0.106481312531753E+00    0.471719012316232E-01
    0.126639624310632E+00    0.634110756673223E-01
    0.144160456281497E+00    0.805614707390001E-01
    0.157953511466004E+00    0.979960847147303E-01
    0.167505796087215E+00    0.114607299540809E+00
    0.172399005201208E+00    0.129813008129039E+00
    0.172942035924370E+00    0.142909344988079E+00
    0.169422117055513E+00    0.153502839226250E+00
    0.162645334021528E+00    0.161548169419824E+00
    0.153327554933888E+00    0.166906018193768E+00
    0.142281998100099E+00    0.169989757921146E+00
    0.130280897628573E+00    0.170887884824104E+00
    0.117859941340387E+00    0.170102616374434E+00
    0.105593866556574E+00    0.167858146696233E+00
    0.937200004349014E-01    0.164491164404017E+00
    0.825423915881184E-01    0.160264869978709E+00
    0.721026773395182E-01    0.155274423661859E+00
    0.624799067139374E-01    0.149765018680155E+00
    0.536198990192155E-01    0.143623615471386E+00
    0.454598105937868E-01    0.137064169347646E+00
    0.379020760566468E-01    0.129838718247919E+00
    0.308185034864575E-01    0.122140481326396E+00
    0.240855691189274E-01    0.113675539965228E+00
    0.175760504765687E-01    0.104628627288627E+00
    0.111625300337332E-01    0.947681136275640E-01
    0.479806328698738E-02    0.842750607828694E-01
   -0.157080605591538E-02    0.731059905655838E-01
   -0.778637588138253E-02    0.614461787551380E-01
   -0.136785731218502E-01    0.495375065578410E-01
   -0.187293937954605E-01    0.376432549851487E-01
   -0.223958044515516E-01    0.263293638839712E-01
   -0.236948480033974E-01    0.160820682038240E-01
   -0.215509741674937E-01    0.756736390770828E-02
   -0.143784604877360E-01    0.203271950913129E-02
    0.000000000000000E+00    0.000000000000000E+00
    0.000000000000000E+00    0.000000000000000E+00
    0.785281183483855E-02    0.101355401478986E-02
    0.198396909710561E-01    0.427955056873908E-02
    0.351618178185867E-01    0.100000913755485E-01
    0.529482775721135E-01    0.183585497519580E-01
    0.721523199594208E-01    0.292450688191369E-01
    0.916503520334565E-01    0.424564939897801E-01
    0.110309012594288E+00    0.575466640248595E-01
    0.127018799982579E+00    0.738865067301216E-01
    0.140882988992511E+00    0.908131471981495E-01
    0.151234081764357E+00    0.107489835802605E+00
    0.157687145586058E+00    0.123265803881251E+00
    0.160263084184250E+00    0.137477446016257E+00
    0.159128819985487E+00    0.149693296904492E+00
    0.154851611151685E+00    0.159664349789928E+00
    0.147954755773169E+00    0.167260227221315E+00
    0.139179062409074E+00    0.172609267147419E+00
    0.129130533669645E+00    0.175819873603996E+00
    0.118409002343066E+00    0.177195652685805E+00
    0.107511587914553E+00    0.176949763866121E+00
    0.967731344759943E-01    0.175369619147886E+00
    0.865208377940254E-01    0.172657816937463E+00
    0.768450947108476E-01    0.168984136815463E+00
    0.679288526295965E-01    0.164486202655340E+00
    0.596868691511703E-01    0.159194530664668E+00
    0.522102485877391E-01    0.153181443785568E+00
    0.452947149136472E-01    0.146361664674710E+00
    0.389844457219028E-01    0.138772575718120E+00
    0.329923907076893E-01    0.130264497225237E+00
    0.273512314107410E-01    0.120879327852837E+00
    0.217333842395581E-01    0.110484044767735E+00
    0.162118840749977E-01    0.991621535852849E-01
    0.105135991624100E-01    0.869085444534241E-01
    0.485968779063268E-02    0.738819987682682E-01
   -0.810918138950143E-03    0.603090169481493E-01
   -0.598314410806917E-02    0.465170071815312E-01
   -0.103846785372658E-01    0.330675345136038E-01
   -0.130972160214817E-01    0.206084612576114E-01
   -0.134533264728755E-01    0.996700117552047E-02
   -0.972535033958971E-02    0.274685933119991E-02
    0.000000000000000E+00    0.000000000000000E+00
    0.000000000000000E+00    0.000000000000000E+00
    0.591769860611152E-02    0.870354311292179E-03
    0.156558988818725E-01    0.370748259193343E-02
    0.285387671471920E-01    0.872587645278033E-02
    0.438240795384154E-01    0.161256428275013E-01
    0.606179436008983E-01    0.258921432375046E-01
    0.780199218147775E-01    0.378707896106104E-01
    0.950040479661218E-01    0.518032750654653E-01
    0.110697756309683E+00    0.671168723650059E-01
    0.124181261166657E+00    0.833743015384062E-01
    0.134921205537464E+00    0.997523431297425E-01
    0.142364306572384E+00    0.115755613960608E+00
    0.146513886510925E+00    0.130679408742593E+00
    0.147305833063648E+00    0.144083679369805E+00
    0.145186276987550E+00    0.155674524100490E+00
    0.140502795291658E+00    0.165148099146847E+00
    0.133855976833106E+00    0.172632458636162E+00
    0.125792682479771E+00    0.177993654517726E+00
    0.116817097209521E+00    0.181573103226104E+00
    0.107456486224072E+00    0.183387620272571E+00
    0.980250803957251E-01    0.183756425899167E+00
    0.888961847737439E-01    0.182796329317410E+00
    0.802212324538255E-01    0.180660026985751E+00
    0.721818659244284E-01    0.177517374133144E+00
    0.648264354506156E-01    0.173308155727393E+00
    0.581694405967103E-01    0.168234334049105E+00
    0.521892095475866E-01    0.162035707481020E+00
    0.467839479644059E-01    0.154951837470481E+00
    0.418565019734970E-01    0.146584030881673E+00
    0.372520710214911E-01    0.137212918330318E+00
    0.327876723291978E-01    0.126429662568403E+00
    0.283382821453709E-01    0.114534051623259E+00
    0.236876270332186E-01    0.101306812161834E+00
    0.188707750554593E-01    0.870298006585731E-01
    0.137719804936083E-01    0.718579752781572E-01
    0.873837113732397E-02    0.561205200995729E-01
    0.382948022173992E-02    0.404898772053879E-01
   -0.262823452381379E-03    0.256161689951878E-01
   -0.322336876735266E-02    0.125255892713295E-01
   -0.379446008607326E-02    0.351296258086935E-02
    0.000000000000000E+00    0.000000000000000E+00
    0.000000000000000E+00    0.000000000000000E+00
    0.425008925629675E-02    0.743640511783627E-03
    0.120306449869302E-01    0.318552323233877E-02
    0.227397996674922E-01    0.755246557980097E-02
    0.357424810719265E-01    0.140638629490679E-01
    0.502969169527034E-01    0.227385679295597E-01
    0.656193951872129E-01    0.335373791602066E-01
    0.808925594941000E-01    0.462288806043868E-01
    0.953007945854517E-01    0.604630833223978E-01
    0.108122400846802E+00    0.757938231995878E-01
    0.118750927084280E+00    0.916438364176918E-01
    0.126749469259710E+00    0.107481784119156E+00
    0.131928006164755E+00    0.122727850275918E+00
    0.134222408066932E+00    0.136921158714361E+00
    0.133868584090281E+00    0.149693925430314E+00
    0.131117087194295E+00    0.160763266233634E+00
    0.126449001015703E+00    0.170041632737330E+00
    0.120277430631012E+00    0.177441902206523E+00
    0.113102989549288E+00    0.183077046451982E+00
    0.105349343567309E+00    0.186996608100175E+00
    0.973893715395746E-01    0.189379558351534E+00
    0.895677063573875E-01    0.190326191339731E+00
    0.820819825331188E-01    0.189971408961222E+00
    0.751757373464238E-01    0.188400701867770E+00
    0.688780632385153E-01    0.185643869318732E+00
    0.633478109125775E-01    0.181746525499659E+00
    0.584572921434346E-01    0.176609194962674E+00
    0.543100511617104E-01    0.170257163129794E+00
    0.506109476599868E-01    0.162474760936374E+00
    0.474355852769525E-01    0.153309951834201E+00
    0.443238688452524E-01    0.142509244580941E+00
    0.413623673109494E-01    0.130184854562233E+00
    0.380077715499947E-01    0.116209425645657E+00
    0.344444475968577E-01    0.100774806272205E+00
    0.302128063814288E-01    0.840523325827544E-01
    0.256842407912056E-01    0.664107058734737E-01
    0.205208031743938E-01    0.485116390731758E-01
    0.151813902041860E-01    0.311689940293797E-01
    0.925204083198377E-02    0.155524403298157E-01
    0.380103052811885E-02    0.444087187612582E-02
    0.000000000000000E+00    0.000000000000000E+00
    0.000000000000000E+00    0.000000000000000E+00
    0.283693753478676E-02    0.623945308835129E-03
    0.890418871413737E-02    0.270231858931740E-02
    0.176841363849665E-01    0.646259947341460E-02
    0.286216440590156E-01    0.121287809807286E-01
    0.410822545148212E-01    0.197781072230258E-01
    0.544317053255153E-01    0.293991837342214E-01
    0.679443531798010E-01    0.408851436526500E-01
    0.809897612482040E-01    0.539326829537169E-01
    0.928635612836307E-01    0.682621583199059E-01
    0.103112439379775E+00    0.833350814026268E-01
    0.111211093716089E+00    0.987659817640824E-01
    0.117037535234630E+00    0.113985270509492E+00
    0.120362405170144E+00    0.128580890872113E+00
    0.121402415211638E+00    0.142185022767837E+00
    0.120239963147651E+00    0.154425020579413E+00
    0.117287220174559E+00    0.165242892849952E+00
    0.112851593571128E+00    0.174348796501523E+00
    0.107362304933385E+00    0.181932105788384E+00
    0.101212752472993E+00    0.187800574882390E+00
    0.947426448688820E-01    0.192235845375468E+00
    0.883022936233965E-01    0.195132031105264E+00
    0.821264869001131E-01    0.196710598710253E+00
    0.764395098964781E-01    0.196933955625806E+00
    0.713997113466869E-01    0.195852504117081E+00
    0.670683051599821E-01    0.193498676170874E+00
    0.635448212137909E-01    0.189676776770390E+00
    0.607378405910228E-01    0.184532085430146E+00
    0.586369113970107E-01    0.177578416991477E+00
    0.570427121621237E-01    0.169132111076557E+00
    0.557511014836405E-01    0.158517327596901E+00
    0.545441262766585E-01    0.146194721739467E+00
    0.530104134663137E-01    0.131622935669592E+00
    0.510549987530388E-01    0.115270129783239E+00
    0.481785425122651E-01    0.970928120370502E-01
    0.445427475306109E-01    0.775423945706235E-01
    0.394601130458912E-01    0.573574282294974E-01
    0.331502145412179E-01    0.373133182213013E-01
    0.242928791206390E-01    0.187882912230221E-01
    0.130457379838223E-01    0.544628333315343E-02
    0.000000000000000E+00    0.000000000000000E+00
    0.000000000000000E+00    0.000000000000000E+00
    0.164695109460935E-02    0.515357228066694E-03
    0.624999419305214E-02    0.225393678546903E-02
    0.133355629896077E-01    0.545048400136310E-02
    0.224216702611298E-01    0.103340217370438E-01
    0.329715836879860E-01    0.170037780006657E-01
    0.444380444109920E-01    0.255176973313883E-01
    0.562423397418960E-01    0.357899812752017E-01
    0.678112543156626E-01    0.476643143139957E-01
    0.786058312053906E-01    0.608655733130977E-01
    0.881480525690728E-01    0.750453209912311E-01
    0.960517848830023E-01    0.898050819455741E-01
    0.102074526952922E+00    0.104721077167136E+00
    0.106060886116839E+00    0.119373814876911E+00
    0.108061122426137E+00    0.133414949298344E+00
    0.108151732739282E+00    0.146496347524350E+00
    0.106612211094809E+00    0.158442247827406E+00
    0.103682782866757E+00    0.169021750382306E+00
    0.997414558750976E-01    0.178233476086286E+00
    0.950973137178922E-01    0.185953148220186E+00
    0.901085357239270E-01    0.192287508078665E+00
    0.850750389050714E-01    0.197168476814465E+00
    0.802683323446373E-01    0.200725603593631E+00
    0.759371101830186E-01    0.202888240909786E+00
    0.722358775352993E-01    0.203729982434261E+00
    0.693521367485291E-01    0.203142089418527E+00
    0.672963398092932E-01    0.201074057041545E+00
    0.662071283989449E-01    0.197393176974452E+00
    0.658512756204685E-01    0.191838183343233E+00
    0.663507093017277E-01    0.184351488474820E+00
    0.671083760104009E-01    0.174488019925888E+00
    0.682698806925965E-01    0.162352679999016E+00
    0.688758886403298E-01    0.147574405298455E+00
    0.691602372059307E-01    0.130402068974446E+00
    0.680455124131554E-01    0.110887125183509E+00
    0.658471941171080E-01    0.894624853379773E-01
    0.612910902832145E-01    0.668960450466722E-01
    0.541894114908628E-01    0.441054450591714E-01
    0.421157576570457E-01    0.225870613929436E-01
    0.244157572290274E-01    0.664671768092566E-02
    0.000000000000000E+00    0.000000000000000E+00
    0.000000000000000E+00    0.000000000000000E+00
    0.678869491871804E-03    0.409978188308209E-03
    0.403510648917084E-02    0.182815018341507E-02
    0.964583723204701E-02    0.449322769577366E-02
    0.170803842590143E-01    0.863399094208023E-02
    0.258778171199133E-01    0.143889753786747E-01
    0.355897591656532E-01    0.218320954622887E-01
    0.457147896031546E-01    0.309546400939761E-01
    0.558110631067358E-01    0.416357826444898E-01
    0.653774367933928E-01    0.537093023495624E-01
    0.740669479186551E-01    0.668703310098027E-01
    0.814603977192524E-01    0.808326697274378E-01
    0.874096017352060E-01    0.952069565947763E-01
    0.916572682865360E-01    0.109641484055815E+00
    0.942932136889527E-01    0.123815095319990E+00
    0.952621924638982E-01    0.137356493890262E+00
    0.948343989560858E-01    0.150136809088358E+00
    0.931405445582537E-01    0.161793304751166E+00
    0.905218777082305E-01    0.172421050329573E+00
    0.872314907484597E-01    0.181675153066574E+00
    0.835934411053099E-01    0.189818413908868E+00
    0.798961575983247E-01    0.196514158362884E+00
    0.764195947216809E-01    0.202093115947253E+00
    0.733976253464073E-01    0.206209677124491E+00
    0.710902712351177E-01    0.209141540553971E+00
    0.695925723186508E-01    0.210536353569852E+00
    0.691738780654242E-01    0.210492245200909E+00
    0.697224073763491E-01    0.208734652809689E+00
    0.714574552493922E-01    0.204872056204206E+00
    0.740877721197660E-01    0.199019834348838E+00
    0.774678021391222E-01    0.190174133594112E+00
    0.812516764994544E-01    0.178924829094275E+00
    0.847608138080491E-01    0.164096642471137E+00
    0.877292381060688E-01    0.146536024781164E+00
    0.890835774066554E-01    0.125772044465872E+00
    0.888389013943230E-01    0.102522181926100E+00
    0.852545420344320E-01    0.775313179290189E-01
    0.780055432602311E-01    0.517094634602994E-01
    0.629250458784079E-01    0.267203877842391E-01
    0.379379574000243E-01    0.797893619908376E-02
    0.000000000000000E+00    0.000000000000000E+00
    0.000000000000000E+00    0.000000000000000E+00
   -0.877689991673959E-04    0.308902200020214E-03
    0.223499158541710E-02    0.141845361363775E-02
    0.657291623044230E-02    0.357962939324274E-02
    0.125461371729636E-01    0.702437778889957E-02
    0.197586661709630E-01    0.119104409178880E-01
    0.278326989882913E-01    0.183520707016047E-01
    0.363663686682011E-01    0.263591131317366E-01
    0.449740378554377E-01    0.358982073330587E-01
    0.532782267239698E-01    0.468141802781867E-01
    0.609346743655533E-01    0.589311908908090E-01
    0.676509258128391E-01    0.719603608476763E-01
    0.732077272836888E-01    0.856434491358887E-01
    0.774507532416778E-01    0.996196626925147E-01
    0.803441997751828E-01    0.113644479951362E+00
    0.818888944387641E-01    0.127349943305821E+00
    0.822264264920965E-01    0.140594167329024E+00
    0.814890956330900E-01    0.153044343487477E+00
    0.799359100358548E-01    0.164703703488300E+00
    0.777821277800992E-01    0.175280729088383E+00
    0.753321659421984E-01    0.184914802300513E+00
    0.728333136980233E-01    0.193324492209761E+00
    0.705865389115431E-01    0.200745586929313E+00
    0.688314331530464E-01    0.206844829919104E+00
    0.678436522373636E-01    0.211894180832422E+00
    0.678355574647989E-01    0.215446026227394E+00
    0.690113346960324E-01    0.217751108218404E+00
    0.714978876481684E-01    0.218176126257798E+00
    0.753778464630034E-01    0.216685516557211E+00
    0.807773698194712E-01    0.212775097853700E+00
    0.870064292374944E-01    0.205804446326113E+00
    0.943373372372330E-01    0.195635975318191E+00
    0.101133057034052E+00    0.181419874120253E+00
    0.107803741816039E+00    0.163530949655053E+00
    0.112152270704991E+00    0.141749358131401E+00
    0.114742537012527E+00    0.116618572753368E+00
    0.112829886110003E+00    0.890883400129676E-01
    0.105588306930221E+00    0.601265491462901E-01
    0.873601518760067E-01    0.315501448976223E-01
    0.542003959881670E-01    0.955247364331087E-02
    0.000000000000000E+00    0.000000000000000E+00
    0.000000000000000E+00    0.000000000000000E+00
   -0.647998261595147E-03    0.206480411745885E-03
    0.842961187240559E-03    0.101036001403074E-02
    0.409870038883952E-02    0.268498039322105E-02
    0.878315646391084E-02    0.546320907414250E-02
    0.145579878142327E-01    0.953244711082622E-02
    0.211160266777072E-01    0.150206667835701E-01
    0.281232177931542E-01    0.219797860773730E-01
    0.352846852117076E-01    0.304057660320421E-01
    0.422694457731270E-01    0.402056564398547E-01
    0.488325749634495E-01    0.512405400645748E-01
    0.546803307035526E-01    0.633000960146152E-01
    0.596827624284263E-01    0.761548736339767E-01
    0.636285025876266E-01    0.895192914895416E-01
    0.665447163599737E-01    0.103163338420555E+00
    0.683373506127154E-01    0.116758892670523E+00
    0.691767450591712E-01    0.130179817566956E+00
    0.690988524979010E-01    0.143066977004883E+00
    0.683579823878008E-01    0.155473355704460E+00
    0.671075619667996E-01    0.166997003907916E+00
    0.656236600590578E-01    0.177898241444325E+00
    0.641425266926777E-01    0.187693032418410E+00
    0.629385868878771E-01    0.196845440701783E+00
    0.622718175915581E-01    0.204711695006650E+00
    0.624560154646307E-01    0.211941022102773E+00
    0.636958902503964E-01    0.217637015062533E+00
    0.664162009716441E-01    0.222514063683108E+00
    0.704816032152240E-01    0.225338249956553E+00
    0.766272856386569E-01    0.226713010585126E+00
    0.844117566735733E-01    0.225645547899558E+00
    0.941170885802013E-01    0.220830683402546E+00
    0.105197440477115E+00    0.212899853887045E+00
    0.116361897356072E+00    0.199533709480320E+00
    0.127307087129100E+00    0.182134441181033E+00
    0.135856782967946E+00    0.159315443681834E+00
    0.141886079041834E+00    0.132439582361507E+00
    0.142207245356422E+00    0.102170581279474E+00
    0.136126605432721E+00    0.697255192340992E-01
    0.115105461693400E+00    0.369431529258953E-01
    0.733207184923315E-01    0.113631285815018E-01
    0.000000000000000E+00    0.000000000000000E+00
    0.000000000000000E+00    0.000000000000000E+00
   -0.100552425982562E-02    0.103738613229299E-03
   -0.163170760273879E-03    0.608409224813180E-03
    0.218172840584146E-02    0.181064628448548E-02
    0.573748558691864E-02    0.395200179033281E-02
    0.102145987513341E-01    0.724154451906088E-02
    0.153726754312086E-01    0.118241343093306E-01
    0.209446003985712E-01    0.177766216895072E-01
    0.266942929076984E-01    0.251333044427074E-01
    0.323773882922855E-01    0.338235635861564E-01
    0.377687915808142E-01    0.437803806510773E-01
    0.426762842143058E-01    0.547985915371599E-01
    0.469300443746808E-01    0.667492774358050E-01
    0.504224197754750E-01    0.793263354890412E-01
    0.530846374133476E-01    0.924058337759255E-01
    0.549098394083216E-01    0.105619258593074E+00
    0.559470975374423E-01    0.118923214579090E+00
    0.562848281745257E-01    0.131915210546111E+00
    0.560733652972255E-01    0.144691026864151E+00
    0.554754530953042E-01    0.156821760142553E+00
    0.547131945922642E-01    0.168573080502911E+00
    0.539984985293145E-01    0.179465736164839E+00
    0.536090963797947E-01    0.189949885233286E+00
    0.537894724802890E-01    0.199421090540623E+00
    0.548955312791281E-01    0.208536827641929E+00
    0.571563805539705E-01    0.216405171151109E+00
    0.610402417380883E-01    0.223846792424817E+00
    0.667579216052185E-01    0.229473548044682E+00
    0.750367963127224E-01    0.234525227029031E+00
    0.857758629043593E-01    0.236640145072190E+00
    0.991019607467282E-01    0.235416794157488E+00
    0.115456196176280E+00    0.230151419403366E+00
    0.131423887878138E+00    0.219022408499799E+00
    0.148670530441524E+00    0.201965476078694E+00
    0.162110852795565E+00    0.178560405330965E+00
    0.172930510494880E+00    0.149619997382706E+00
    0.176408379150163E+00    0.116532456201297E+00
    0.171598301268615E+00    0.802909935575779E-01
    0.148009375681658E+00    0.430931138215624E-01
    0.959319976444757E-01    0.134246680352519E-01
    0.000000000000000E+00    0.000000000000000E+00
    0.000000000000000E+00    0.000000000000000E+00
   -0.115573507319122E-02   -0.449727138184815E-05
   -0.772012259226212E-03    0.201428936166509E-03
    0.825495389808746E-03    0.948429772840773E-03
    0.339907318499959E-02    0.248279053537753E-02
    0.671222896589971E-02    0.502871474339276E-02
    0.105810132326888E-01    0.874891479981062E-02
    0.148009261132951E-01    0.137314006188684E-01
    0.192008379438624E-01    0.200430204914152E-01
    0.235850032933231E-01    0.276378429239360E-01
    0.278030964050925E-01    0.364810403305572E-01
    0.316749686726643E-01    0.464206984462934E-01
    0.351097089826037E-01    0.573348082473991E-01
    0.379636144776424E-01    0.690057241717242E-01
    0.402412430441470E-01    0.812726116592338E-01
    0.418581556717504E-01    0.938832670936034E-01
    0.429200169543467E-01    0.106714300595553E+00
    0.434204297971199E-01    0.119488190731807E+00
    0.435379570705996E-01    0.132202213579571E+00
    0.433581368707338E-01    0.144535070209289E+00
    0.430908966351175E-01    0.156683707135117E+00
    0.429255652379241E-01    0.168223432398011E+00
    0.430785879014294E-01    0.179642494341671E+00
    0.438609282804104E-01    0.190272819980285E+00
    0.455241857998971E-01    0.201031697958943E+00
    0.484292878539850E-01    0.210731922415293E+00
    0.530940263107626E-01    0.220910037901416E+00
    0.598666802875816E-01    0.229111213011803E+00
    0.698378617339350E-01    0.238555079720535E+00
    0.819644067269985E-01    0.244286171422868E+00
    0.991439798392302E-01    0.247984042890420E+00
    0.120076505669974E+00    0.248177519724832E+00
    0.143378424480400E+00    0.239257390056951E+00
    0.167591404297670E+00    0.224384274051424E+00
    0.188267832011187E+00    0.200031600830968E+00
    0.204472567791957E+00    0.169114280226330E+00
    0.211881175378812E+00    0.132896140306594E+00
    0.210180855675846E+00    0.926450568047468E-01
    0.184037756029379E+00    0.501102486707746E-01
    0.122470245036577E+00    0.157255106226527E-01
    0.000000000000000E+00    0.000000000000000E+00
    0.000000000000000E+00    0.000000000000000E+00
   -0.110867675121858E-02   -0.100844938486397E-03
   -0.102581575292650E-02   -0.166670710080895E-03
   -0.265916113919793E-04    0.152931702610260E-03
    0.170875833741959E-02    0.111181884522863E-02
    0.398439549926859E-02    0.295281225293071E-02
    0.668837358379244E-02    0.582400252118318E-02
    0.965500265248185E-02    0.985301940456047E-02
    0.127830276258649E-01    0.150935115905286E-01
    0.159242697088063E-01    0.215500461456965E-01
    0.189728648828313E-01    0.291966014915455E-01
    0.218099913248964E-01    0.379178852047967E-01
    0.243430128292306E-01    0.476374428377559E-01
    0.265015723211706E-01    0.581364690762548E-01
    0.282358837041822E-01    0.693391993702566E-01
    0.295360585233015E-01    0.809457561891472E-01
    0.304161187334875E-01    0.929447462886017E-01
    0.309256530473064E-01    0.104977883548608E+00
    0.311482971806459E-01    0.117157838950673E+00
    0.311825817186685E-01    0.129085049384114E+00
    0.311810705487947E-01    0.141045099114459E+00
    0.312810709226052E-01    0.152595230201583E+00
    0.317161618551693E-01    0.164244929122081E+00
    0.326569745909810E-01    0.175458356460868E+00
    0.344648514903569E-01    0.187063136820123E+00
    0.374129872084301E-01    0.198210357426024E+00
    0.422715546214371E-01    0.210236611134086E+00
    0.495276104847325E-01    0.221511394143345E+00
    0.600341228281940E-01    0.235275306202250E+00
    0.737135891499801E-01    0.245808883383105E+00
    0.952818676111940E-01    0.258071551329291E+00
    0.124412982391294E+00    0.263933458098398E+00
    0.156035668703100E+00    0.259966004471031E+00
    0.189808543069365E+00    0.247038540918874E+00
    0.217587852382073E+00    0.223700985092733E+00
    0.241380354223678E+00    0.189952153587867E+00
    0.254618265605737E+00    0.150779516524349E+00
    0.255193776985664E+00    0.106091623555049E+00
    0.226813027337418E+00    0.578762858003313E-01
    0.153205902750449E+00    0.183361195572516E-01
    0.000000000000000E+00    0.000000000000000E+00
    0.000000000000000E+00    0.000000000000000E+00
   -0.876500933063758E-03   -0.182372996141219E-03
   -0.935073821045391E-03   -0.478057372633058E-03
   -0.391817782447036E-03   -0.521023270308357E-03
    0.645608082484423E-03   -0.681492917048192E-04
    0.203415174508209E-02    0.111135872619669E-02
    0.370826724158771E-02    0.317474549051537E-02
    0.555785376583858E-02    0.622667633683091E-02
    0.752584692972166E-02    0.103604066684332E-01
    0.951388140823945E-02    0.155641582885356E-01
    0.114658195969739E-01    0.218586057831263E-01
    0.132881453823252E-01    0.291448656964858E-01
    0.149453725326448E-01    0.373624538205836E-01
    0.163547803262833E-01    0.463653096503966E-01
    0.175260627689915E-01    0.560283040016317E-01
    0.183978610453598E-01    0.661952025392523E-01
    0.190358166959954E-01    0.767217696480190E-01
    0.194121631022841E-01    0.874660350177097E-01
    0.196389125027224E-01    0.983297636554918E-01
    0.197385870873630E-01    0.109191716077052E+00
    0.198451436593882E-01    0.120077110251285E+00
    0.200615424039471E-01    0.130865569513206E+00
    0.205166407146044E-01    0.141802824470113E+00
    0.214442478115347E-01    0.152706081197087E+00
    0.229666975133080E-01    0.164231487815994E+00
    0.256400275608095E-01    0.175838149343856E+00
    0.295688268167778E-01    0.189364106007616E+00
    0.363521576839625E-01    0.203372803674632E+00
    0.463836995559360E-01    0.220648823492087E+00
    0.595498765092643E-01    0.233796599577588E+00
    0.805963409727429E-01    0.258690957396504E+00
    0.112921985362939E+00    0.276735733647950E+00
    0.159264400598084E+00    0.277251516175116E+00
    0.204729982518196E+00    0.272437451747132E+00
    0.246475135223198E+00    0.248277349995357E+00
    0.278813736417285E+00    0.212439503980796E+00
    0.297377295288866E+00    0.170047793158339E+00
    0.301405917117044E+00    0.119829855382480E+00
    0.271327166350421E+00    0.671857332137385E-01
    0.189761239131391E+00    0.220569007928564E-01
    0.000000000000000E+00    0.000000000000000E+00
    0.000000000000000E+00    0.000000000000000E+00
   -0.521293374217021E-03   -0.199878854945280E-03
   -0.605216313554452E-03   -0.618346238442145E-03
   -0.392404033575761E-03   -0.912879312302688E-03
    0.104797154620633E-03   -0.869618947323871E-03
    0.758351665476659E-03   -0.258062390505666E-03
    0.158977010410422E-02    0.100047279198259E-02
    0.248164422330330E-02    0.306814909408567E-02
    0.347196605478805E-02    0.594992329864220E-02
    0.444776117037500E-02    0.973330326636567E-02
    0.544349751319110E-02    0.143597568787987E-01
    0.635449977492862E-02    0.198429911221749E-01
    0.721163373280746E-02    0.260720730454589E-01
    0.792994003204671E-02    0.329950485249340E-01
    0.854537320418102E-02    0.404741483597089E-01
    0.899911621092606E-02    0.484126455971626E-01
    0.934547765968335E-02    0.566816315620678E-01
    0.954670199087953E-02    0.651742107735135E-01
    0.969029660992245E-02    0.738047009958498E-01
    0.974551067220156E-02    0.825010786434626E-01
    0.984827152951080E-02    0.912473499392230E-01
    0.995923583386218E-02    0.100055429486481E+00
    0.102841358375021E-01    0.108998351264095E+00
    0.107753975370296E-01    0.118228741065982E+00
    0.117819148104396E-01    0.127951588907749E+00
    0.132494081119827E-01    0.138575356187680E+00
    0.156159317689236E-01    0.150959012857375E+00
    0.189461099261656E-01    0.165034305976887E+00
    0.248513512146560E-01    0.179959659036871E+00
    0.339003689307413E-01    0.199427551666073E+00
    0.529134058006437E-01    0.238152646291447E+00
    0.920704306520069E-01    0.266985821327560E+00
    0.150735769847963E+00    0.289536622423167E+00
    0.218677927651999E+00    0.291197620116275E+00
    0.279908442420422E+00    0.267480833893134E+00
    0.319244050642402E+00    0.232522352067728E+00
    0.347101961369572E+00    0.188486917044845E+00
    0.356982915924743E+00    0.133402698766643E+00
    0.330674439127247E+00    0.785068400373677E-01
    0.236690684472176E+00    0.264923834675251E-01
    0.000000000000000E+00    0.000000000000000E+00
    0.000000000000000E+00    0.000000000000000E+00
   -0.146184005725541E-03   -0.146184005725542E-03
   -0.197132361402077E-03   -0.523295589797825E-03
   -0.161833028607761E-03   -0.846463547282299E-03
   -0.238362185306434E-04   -0.996279497767365E-03
    0.152639476718668E-03   -0.822749661838902E-03
    0.387331380245552E-03   -0.257337100023380E-03
    0.636447832305176E-03    0.760409675408650E-03
    0.914719651754245E-03    0.230134618236844E-02
    0.119434410254116E-02    0.434360185467497E-02
    0.147652816490236E-02    0.694901992363984E-02
    0.174348050285312E-02    0.100345702189777E-01
    0.198805974545106E-02    0.136335626877488E-01
    0.220271414930077E-02    0.176268413728535E-01
    0.237924937474946E-02    0.220096729498433E-01
    0.251791399952993E-02    0.266597980411353E-01
    0.261774521814571E-02    0.315421675785473E-01
    0.268292773097677E-02    0.365627517901556E-01
    0.272527625642555E-02    0.416807550280715E-01
    0.275041841801341E-02    0.468547649933523E-01
    0.278380017213307E-02    0.520704692800410E-01
    0.283321577285571E-02    0.573617959487200E-01
    0.293772047579028E-02    0.627690257619711E-01
    0.312009064046468E-02    0.684512226655533E-01
    0.344547104319621E-02    0.745743068889891E-01
    0.401829184224729E-02    0.814506636446695E-01
    0.480965561347873E-02    0.894402351696169E-01
    0.578543384332383E-02    0.992571803885535E-01
    0.746474033056455E-02    0.110865037313334E+00
    0.116623159345271E-01    0.129155718609982E+00
    0.198903240148919E-01    0.171245566681535E+00
    0.598577028835490E-01    0.213976225020383E+00
    0.104408929872841E+00    0.224574780814453E+00
    0.218995588137742E+00    0.287478721298022E+00
    0.308503266051742E+00    0.277301679948005E+00
    0.363144160504833E+00    0.244005473970062E+00
    0.395214189098738E+00    0.206146742883819E+00
    0.409470819489999E+00    0.150770234377363E+00
    0.382776766944871E+00    0.967442683397451E-01
    0.289731093150133E+00    0.412272347988222E-01
    0.000000000000000E+00    0.000000000000000E+00
    0.000000000000000E+00    0.000000000000000E+00
    0.000000000000000E+00    0.000000000000000E+00
    0.000000000000000E+00    0.000000000000000E+00
    0.000000000000000E+00    0.000000000000000E+00
    0.000000000000000E+00    0.000000000000000E+00
    0.000000000000000E+00    0.000000000000000E+00
    0.000000000000000E+00    0.000000000000000E+00
    0.000000000000000E+00    0.000000000000000E+00
    0.000000000000000E+00    0.000000000000000E+00
    0.000000000000000E+00    0.000000000000000E+00
    0.000000000000000E+00    0.000000000000000E+00
    0.000000000000000E+00    0.000000000000000E+00
    0.000000000000000E+00    0.000000000000000E+00
    0.000000000000000E+00    0.000000000000000E+00
    0.000000000000000E+00    0.000000000000000E+00
    0.000000000000000E+00    0.000000000000000E+00
    0.000000000000000E+00    0.000000000000000E+00
    0.000000000000000E+00    0.000000000000000E+00
    0.000000000000000E+00    0.000000000000000E+00
    0.000000000000000E+00    0.000000000000000E+00
    0.000000000000000E+00    0.000000000000000E+00
    0.000000000000000E+00    0.000000000000000E+00
    0.000000000000000E+00    0.000000000000000E+00
    0.000000000000000E+00    0.000000000000000E+00
    0.000000000000000E+00    0.000000000000000E+00
    0.000000000000000E+00    0.000000000000000E+00
    0.000000000000000E+00    0.000000000000000E+00
    0.000000000000000E+00    0.000000000000000E+00
    0.000000000000000E+00    0.000000000000000E+00
    0.000000000000000E+00    0.000000000000000E+00
    0.000000000000000E+00    0.000000000000000E+00
    0.000000000000000E+00    0.000000000000000E+00
    0.000000000000000E+00    0.000000000000000E+00
    0.210614827835204E+00    0.242295043173221E+00
    0.297274625632690E+00    0.285701477231119E+00
    0.388673209130925E+00    0.246413483698974E+00
    0.444849120230726E+00    0.209868152513125E+00
    0.462766331600049E+00    0.163280078867218E+00
    0.449101876534892E+00    0.106855051857020E+00
    0.324710501003251E+00    0.555169981713154E-01
    0.000000000000000E+00    0.000000000000000E+00
