    0.000000000000000E+00    0.000000000000000E+00
    0.218750000000000E+00    0.000000000000000E+00
    0.375000000000000E+00    0.000000000000000E+00
    0.468750000000000E+00    0.000000000000000E+00
    0.500000000000000E+00    0.000000000000000E+00
    0.468750000000000E+00    0.000000000000000E+00
    0.375000000000000E+00    0.000000000000000E+00
    0.218750000000000E+00    0.000000000000000E+00
    0.000000000000000E+00    0.000000000000000E+00
    0.000000000000000E+00    0.000000000000000E+00
    0.000000000000000E+00    0.000000000000000E+00
    0.000000000000000E+00    0.000000000000000E+00
    0.000000000000000E+00    0.000000000000000E+00
    0.000000000000000E+00    0.000000000000000E+00
    0.000000000000000E+00    0.000000000000000E+00
    0.000000000000000E+00    0.000000000000000E+00
    0.000000000000000E+00    0.000000000000000E+00
    0.000000000000000E+00    0.000000000000000E+00
    0.000000000000000E+00    0.000000000000000E+00
    0.000000000000000E+00    0.000000000000000E+00
    0.000000000000000E+00    0.000000000000000E+00
    0.000000000000000E+00    0.000000000000000E+00
    0.000000000000000E+00    0.000000000000000E+00
    0.000000000000000E+00    0.000000000000000E+00
    0.000000000000000E+00    0.000000000000000E+00
    0.000000000000000E+00    0.000000000000000E+00
    0.000000000000000E+00    0.000000000000000E+00
    0.000000000000000E+00    0.000000000000000E+00
    0.000000000000000E+00    0.000000000000000E+00
    0.000000000000000E+00    0.000000000000000E+00
    0.000000000000000E+00    0.000000000000000E+00
    0.000000000000000E+00    0.000000000000000E+00
    0.000000000000000E+00    0.000000000000000E+00
    0.000000000000000E+00    0.000000000000000E+00
    0.000000000000000E+00    0.000000000000000E+00
    0.000000000000000E+00    0.000000000000000E+00
    0.000000000000000E+00    0.000000000000000E+00
    0.000000000000000E+00    0.000000000000000E+00
    0.000000000000000E+00    0.000000000000000E+00
    0.000000000000000E+00    0.000000000000000E+00
    0.000000000000000E+00    0.000000000000000E+00
    0.000000000000000E+00    0.000000000000000E+00
    0.216726489858459E+00    0.293067395771098E-02
    0.371866588566914E+00    0.968756012904361E-02
    0.465603208772849E+00    0.156693073874637E-01
    0.497195512553706E+00    0.207900780570671E-01
    0.462542242907989E+00    0.309077433333966E-01
    0.368677630439817E+00    0.312587583934952E-01
    0.215062376497552E+00    0.414267814446011E-01
    0.547376989038657E-01    0.273085098041047E-01
    0.279359538627020E-02   -0.255013062620253E-01
   -0.303490183849669E-02   -0.385925606452199E-01
   -0.283778858398021E-02   -0.288753945087142E-01
   -0.105826359484861E-02   -0.270244554022693E-01
   -0.931864544071162E-03   -0.246122861534845E-01
   -0.110563511788293E-02   -0.226379050710392E-01
   -0.937598183746860E-03   -0.209786947495693E-01
   -0.685531200453155E-03   -0.196703734213740E-01
   -0.503401292441828E-03   -0.185401353502934E-01
   -0.384137010750802E-03   -0.177380785887549E-01
   -0.302608252948238E-03   -0.171062896436700E-01
   -0.262471637046386E-03   -0.165800551887477E-01
   -0.241198689989216E-03   -0.161095924560284E-01
   -0.249303633296903E-03   -0.156413078779708E-01
   -0.273502098316511E-03   -0.151434771334578E-01
   -0.318190647117205E-03   -0.145709738059752E-01
   -0.372656186792132E-03   -0.139087836404485E-01
   -0.436620758622806E-03   -0.131265251771990E-01
   -0.503790007397828E-03   -0.122233524188443E-01
   -0.568065487963732E-03   -0.111908712447946E-01
   -0.627807448449857E-03   -0.100412113163817E-01
   -0.671282832035282E-03   -0.879363391051272E-02
   -0.702110573019355E-03   -0.747039050573921E-02
   -0.704298282453055E-03   -0.612265823315014E-02
   -0.686031057229335E-03   -0.477648106158537E-02
   -0.631636583211155E-03   -0.351186815506752E-02
   -0.554225492043017E-03   -0.235008029631346E-02
   -0.442430453788657E-03   -0.139586334807305E-02
   -0.309820058516953E-03   -0.645718755337223E-03
   -0.163560639387230E-03   -0.183491570331216E-03
   -0.654279596687340E-05   -0.654279596687758E-05
    0.000000000000000E+00    0.000000000000000E+00
    0.000000000000000E+00    0.000000000000000E+00
    0.208155276054786E+00    0.527720019863441E-02
    0.361944344802540E+00    0.170774031332379E-01
    0.456345972877084E+00    0.304370085099288E-01
    0.488518048602308E+00    0.409472698837867E-01
    0.458006406929394E+00    0.523195101845246E-01
    0.363881270107988E+00    0.562341925567925E-01
    0.234721330193009E+00    0.509882767376415E-01
    0.105105471775078E+00    0.282226031107486E-01
    0.242477884643969E-01   -0.149629635495587E-01
    0.204399896673682E-02   -0.363534871150946E-01
   -0.208002012155799E-02   -0.359968386056358E-01
   -0.272248458424854E-02   -0.381956492673723E-01
   -0.276347836871105E-02   -0.388942869732397E-01
   -0.290142278264612E-02   -0.374276063916962E-01
   -0.252039008999662E-02   -0.355239946441042E-01
   -0.203439707943880E-02   -0.339483546930693E-01
   -0.155879235479999E-02   -0.326233114386625E-01
   -0.125097934719980E-02   -0.315325693757809E-01
   -0.101758553973888E-02   -0.306404161553724E-01
   -0.909304243002603E-03   -0.298204494299615E-01
   -0.866694281388135E-03   -0.290485100305495E-01
   -0.917168811697157E-03   -0.282386385657619E-01
   -0.102314133966685E-02   -0.273500953125126E-01
   -0.119182100156068E-02   -0.263205024970502E-01
   -0.139660254244234E-02   -0.251171299473086E-01
   -0.162887453336324E-02   -0.237122599705215E-01
   -0.187139744257298E-02   -0.220882238351362E-01
   -0.210249940820066E-02   -0.202538417361925E-01
   -0.231165000496934E-02   -0.182154644627803E-01
   -0.246915610144872E-02   -0.160175548429365E-01
   -0.256931280246531E-02   -0.136971553143130E-01
   -0.258336737914840E-02   -0.113283659826027E-01
   -0.250796132708170E-02   -0.897990082465128E-02
   -0.232759310803990E-02   -0.674128373796059E-02
   -0.203887585657172E-02   -0.470773499588031E-02
   -0.165420413600134E-02   -0.296299486283952E-02
   -0.116782686058079E-02   -0.160386612131706E-02
   -0.657603595442311E-03   -0.645235936473503E-03
   -0.179183396443218E-03   -0.157699156556484E-03
    0.000000000000000E+00    0.000000000000000E+00
    0.000000000000000E+00    0.000000000000000E+00
    0.197609239725246E+00    0.732105399521742E-02
    0.347402519006419E+00    0.225234733380547E-01
    0.440568485588341E+00    0.406384043515639E-01
    0.475307992547500E+00    0.537377952392385E-01
    0.446300493511055E+00    0.692108340026592E-01
    0.363887768660194E+00    0.715267900711223E-01
    0.247237156328232E+00    0.597616669336231E-01
    0.134288594367962E+00    0.378474525038583E-01
    0.578732053752248E-01    0.335625665051635E-04
    0.231976271999005E-01   -0.241310541306303E-01
    0.639202809993320E-02   -0.335130570248708E-01
   -0.131995999216413E-02   -0.403218315269658E-01
   -0.387654751087921E-02   -0.442019100031780E-01
   -0.434889776760849E-02   -0.448970778032062E-01
   -0.397608727825771E-02   -0.439964593772962E-01
   -0.328763909158357E-02   -0.432895061975659E-01
   -0.270708000734344E-02   -0.423438806936540E-01
   -0.224520468168806E-02   -0.415132988622697E-01
   -0.192607725684202E-02   -0.406535258539686E-01
   -0.175652939867819E-02   -0.398378645380971E-01
   -0.174757432058126E-02   -0.389432497315730E-01
   -0.187614708527981E-02   -0.379741462393405E-01
   -0.213254452012809E-02   -0.368317551249309E-01
   -0.248733168850436E-02   -0.354950070799289E-01
   -0.292091254245107E-02   -0.339020445799296E-01
   -0.339945265386590E-02   -0.320421574186411E-01
   -0.389539132236276E-02   -0.298913728477271E-01
   -0.437117696021487E-02   -0.274628175266074E-01
   -0.479246276096314E-02   -0.247753201232779E-01
   -0.512172606859853E-02   -0.218736790774978E-01
   -0.532304704347064E-02   -0.188192899491356E-01
   -0.536564258258566E-02   -0.156915754923615E-01
   -0.522074135710642E-02   -0.125848891211577E-01
   -0.487390396462357E-02   -0.960790629178930E-02
   -0.431395830895955E-02   -0.686908187715339E-02
   -0.355711701516752E-02   -0.448478641712310E-02
   -0.262203966538133E-02   -0.255124553745604E-02
   -0.160572578971195E-02   -0.112095729177072E-02
   -0.623654748487289E-03   -0.290862669552645E-03
    0.000000000000000E+00    0.000000000000000E+00
    0.000000000000000E+00    0.000000000000000E+00
    0.183942924499746E+00    0.800311999878814E-02
    0.328231239788032E+00    0.258248612200056E-01
    0.422743326822093E+00    0.471167125425550E-01
    0.459381341492500E+00    0.644587336675686E-01
    0.438994564940033E+00    0.779902435357802E-01
    0.365973783216410E+00    0.803931578710903E-01
    0.263914869471552E+00    0.687216249026634E-01
    0.164790717341272E+00    0.461731592135030E-01
    0.864077053955829E-01    0.168250307958037E-01
    0.424110000252996E-01   -0.851877618641889E-02
    0.179780124602624E-01   -0.258159342639193E-01
    0.464035051777051E-02   -0.368207653171834E-01
   -0.121741677805253E-02   -0.433791055099579E-01
   -0.337965032136321E-02   -0.465377773055612E-01
   -0.386096298545395E-02   -0.474940261891930E-01
   -0.364424386421837E-02   -0.480883107225169E-01
   -0.322826215189316E-02   -0.481461786021795E-01
   -0.286742485907805E-02   -0.479007835478353E-01
   -0.260723039394955E-02   -0.474153285522573E-01
   -0.253332435247029E-02   -0.468107825499847E-01
   -0.264367584234694E-02   -0.460227730266609E-01
   -0.295399437359762E-02   -0.450516231253380E-01
   -0.342966793738436E-02   -0.438290890107971E-01
   -0.405316950714217E-02   -0.423358960820139E-01
   -0.478139884423252E-02   -0.405186222898413E-01
   -0.557547877989986E-02   -0.383746816336370E-01
   -0.638697713798207E-02   -0.358772870550515E-01
   -0.716113604965985E-02   -0.330535926295042E-01
   -0.784627794355348E-02   -0.299158928285908E-01
   -0.838014682753221E-02   -0.265268652263804E-01
   -0.871399474254255E-02   -0.229447563523463E-01
   -0.879170221907336E-02   -0.192659290857731E-01
   -0.857777728341268E-02   -0.155921997614346E-01
   -0.804082211433163E-02   -0.120428753685833E-01
   -0.717238626943846E-02   -0.874808150046693E-02
   -0.598935440894053E-02   -0.582654550106407E-02
   -0.453739501961752E-02   -0.340455582246057E-02
   -0.291973946317969E-02   -0.155823045937898E-02
   -0.132291650213581E-02   -0.405763375063024E-03
    0.000000000000000E+00    0.000000000000000E+00
    0.000000000000000E+00    0.000000000000000E+00
    0.168839972165038E+00    0.831443878844878E-02
    0.306994642824387E+00    0.270185708840596E-01
    0.400708633003232E+00    0.505829490339759E-01
    0.442603103302711E+00    0.694485266093222E-01
    0.430204695075208E+00    0.844710514170882E-01
    0.371434726068070E+00    0.877758675552901E-01
    0.282584752992470E+00    0.766829158199255E-01
    0.192204073565047E+00    0.567741420297674E-01
    0.116109744341077E+00    0.303789351550860E-01
    0.643728316079121E-01    0.537734461044405E-02
    0.325245147447195E-01   -0.152230710143534E-01
    0.142247869666556E-01   -0.290563491074220E-01
    0.469285217582927E-02   -0.383177269538929E-01
    0.220583305713405E-03   -0.440821672211439E-01
   -0.192191107991240E-02   -0.472275630647568E-01
   -0.275850665328563E-02   -0.493644078463083E-01
   -0.294824344359777E-02   -0.505560530178613E-01
   -0.292705007968116E-02   -0.511561489220207E-01
   -0.293208662412957E-02   -0.512414916363819E-01
   -0.307570223534032E-02   -0.510685609530811E-01
   -0.343483804022522E-02   -0.505399400252900E-01
   -0.400382688416097E-02   -0.497424025820632E-01
   -0.478495624670741E-02   -0.485844426088733E-01
   -0.573469194072801E-02   -0.470973470749120E-01
   -0.682220904384562E-02   -0.452127649531161E-01
   -0.798404467464858E-02   -0.429507198511639E-01
   -0.916273713662179E-02   -0.402822799037603E-01
   -0.102857709333545E-01   -0.372372221167940E-01
   -0.112756654117500E-01   -0.338374475289778E-01
   -0.120606275183890E-01   -0.301360533080275E-01
   -0.125560138838401E-01   -0.262095534914310E-01
   -0.127041978807830E-01   -0.221416287591121E-01
   -0.124344099651764E-01   -0.180564385660933E-01
   -0.117214803100262E-01   -0.140665910595734E-01
   -0.105351413994598E-01   -0.103254954138465E-01
   -0.890817451139532E-02   -0.695719804457922E-02
   -0.688367136254307E-02   -0.411894525970541E-02
   -0.459304995475093E-02   -0.191371538212661E-02
   -0.220808613750662E-02   -0.504817783262552E-03
    0.000000000000000E+00    0.000000000000000E+00
    0.000000000000000E+00    0.000000000000000E+00
    0.154051888394653E+00    0.797209787217269E-02
    0.284233088859162E+00    0.272130356129562E-01
    0.377634076133792E+00    0.512907459021957E-01
    0.423296780932597E+00    0.725030187218776E-01
    0.420213383637751E+00    0.881319706932102E-01
    0.373188989020716E+00    0.924741243684754E-01
    0.297568269042839E+00    0.845164867423212E-01
    0.216282108088524E+00    0.664981055709155E-01
    0.142700480325040E+00    0.422843602159835E-01
    0.874176395252574E-01    0.182479555025940E-01
    0.499414173350329E-01   -0.324639099744807E-02
    0.266686192938771E-01   -0.191914950675066E-01
    0.130596173109739E-01   -0.305006160153535E-01
    0.563434308383855E-02   -0.386194967958727E-01
    0.162215113704734E-02   -0.440224731515908E-01
   -0.529084898361160E-03   -0.477298311243182E-01
   -0.159458132961472E-02   -0.501448596233728E-01
   -0.219334335602885E-02   -0.516827545326026E-01
   -0.265730862257326E-02   -0.525067853912053E-01
   -0.320193577593059E-02   -0.528758615774356E-01
   -0.392094370775150E-02   -0.527710155132203E-01
   -0.486167584220725E-02   -0.522688487336297E-01
   -0.602078519313390E-02   -0.513282798197065E-01
   -0.737303340264027E-02   -0.499827015817259E-01
   -0.887453153992377E-02   -0.481842931933927E-01
   -0.104585677939566E-01   -0.459572181731089E-01
   -0.120545291257685E-01   -0.432742372998740E-01
   -0.135690542888647E-01   -0.401743779579142E-01
   -0.149151440897723E-01   -0.366679638552111E-01
   -0.159867487917580E-01   -0.328220669910722E-01
   -0.166951545754241E-01   -0.286961033305238E-01
   -0.169416870074027E-01   -0.243913858541755E-01
   -0.166591195183157E-01   -0.200185213275667E-01
   -0.157836762019778E-01   -0.157108517052593E-01
   -0.143006150574848E-01   -0.116191915368804E-01
   -0.122132726416802E-01   -0.789584043494958E-02
   -0.959699521360368E-02   -0.470831082058841E-02
   -0.655251750232167E-02   -0.220942053559860E-02
   -0.328227667346026E-02   -0.582334646795253E-03
    0.000000000000000E+00    0.000000000000000E+00
    0.000000000000000E+00    0.000000000000000E+00
    0.139229485616790E+00    0.753436593580542E-02
    0.261774953641824E+00    0.262043539890696E-01
    0.353759554997545E+00    0.506631447326937E-01
    0.404273050305905E+00    0.726383208981264E-01
    0.409488551494788E+00    0.901471858311093E-01
    0.374734693414823E+00    0.965155283022173E-01
    0.309912438235447E+00    0.910491150243598E-01
    0.236253168098132E+00    0.761741745893238E-01
    0.166033698866181E+00    0.537983887950447E-01
    0.109594132759405E+00    0.308570761565969E-01
    0.688264039005380E-01    0.930859213593011E-02
    0.415839332391913E-01   -0.802889635881551E-02
    0.240391014924202E-01   -0.212016151146671E-01
    0.133289603216090E-01   -0.311689606626882E-01
    0.689898830011445E-02   -0.384678642620403E-01
    0.311362419195731E-02   -0.436699955403379E-01
    0.876432708358758E-03   -0.473222000082331E-01
   -0.562501965664555E-03   -0.498821421740269E-01
   -0.170214216712397E-02   -0.515225926780185E-01
   -0.279606673628532E-02   -0.525452254128204E-01
   -0.400887282057107E-02   -0.529520258320622E-01
   -0.540538694685355E-02   -0.528695549360290E-01
   -0.702227724957722E-02   -0.522588320961065E-01
   -0.883028990046104E-02   -0.511879836113980E-01
   -0.107982680210588E-01   -0.496067117137817E-01
   -0.128484362908525E-01   -0.475542194352533E-01
   -0.149022472945603E-01   -0.450035111333998E-01
   -0.168561913354579E-01   -0.419906959107524E-01
   -0.185971412310905E-01   -0.385317397338576E-01
   -0.200130183707593E-01   -0.346769207793548E-01
   -0.209743383804440E-01   -0.304994405319493E-01
   -0.213825055694221E-01   -0.260768602157146E-01
   -0.211226111777709E-01   -0.215439260194112E-01
   -0.201391344639480E-01   -0.170125794233494E-01
   -0.183731621687150E-01   -0.126699833535766E-01
   -0.158468668747188E-01   -0.866031510668523E-02
   -0.125995066708232E-01   -0.519815845534370E-02
   -0.875784342485847E-02   -0.245125126201723E-02
   -0.448279748110640E-02   -0.650869055944523E-03
    0.000000000000000E+00    0.000000000000000E+00
    0.000000000000000E+00    0.000000000000000E+00
    0.125665020485232E+00    0.699960993637824E-02
    0.239497156948051E+00    0.250587672926342E-01
    0.329036932262370E+00    0.488512108339257E-01
    0.382529662957091E+00    0.718561380998867E-01
    0.396286205712859E+00    0.902588694795182E-01
    0.371983748167806E+00    0.986756385865696E-01
    0.319269161061680E+00    0.962829389222269E-01
    0.254121321174697E+00    0.841241483740267E-01
    0.188035035824577E+00    0.648055507008384E-01
    0.132062046398769E+00    0.433262595941893E-01
    0.884162716118194E-01    0.223314643283882E-01
    0.575232547540292E-01    0.416123750438616E-02
    0.364168526664085E-01   -0.106237878776725E-01
    0.225532472211516E-01   -0.222038031552456E-01
    0.137078668416954E-01   -0.310652099814146E-01
    0.808301230116322E-02   -0.376584091036266E-01
    0.445445322712975E-02   -0.424858860719984E-01
    0.195279781557500E-02   -0.460602138016818E-01
   -0.101991433699954E-04   -0.485721053876961E-01
   -0.178851234592040E-02   -0.502936243358628E-01
   -0.359296281264722E-02   -0.512958382185799E-01
   -0.553469726894406E-02   -0.517086403160197E-01
   -0.767093365417830E-02   -0.515333230967329E-01
   -0.999138032200536E-02   -0.508372328281719E-01
   -0.124694293586303E-01   -0.495921655032073E-01
   -0.150257865258933E-01   -0.478354998681513E-01
   -0.175809922275419E-01   -0.455442876095592E-01
   -0.200114378356576E-01   -0.427550634418691E-01
   -0.222021888499177E-01   -0.394723252049619E-01
   -0.240039045924762E-01   -0.357507321611313E-01
   -0.252868500697566E-01   -0.316426063113549E-01
   -0.259015388741383E-01   -0.272369764994571E-01
   -0.257373173840280E-01   -0.226471845086350E-01
   -0.246815012119576E-01   -0.180072112686587E-01
   -0.226885899485455E-01   -0.134923999318446E-01
   -0.197257868154122E-01   -0.928315907361585E-02
   -0.158561189659953E-01   -0.559861855720062E-02
   -0.111574389339695E-01   -0.265533112459724E-02
   -0.581064603527748E-02   -0.706065969130940E-03
    0.000000000000000E+00    0.000000000000000E+00
    0.000000000000000E+00    0.000000000000000E+00
    0.112639285850203E+00    0.640717311776622E-02
    0.218201361137027E+00    0.233387810750024E-01
    0.304814655672938E+00    0.465454204523736E-01
    0.361231931549790E+00    0.696607471413544E-01
    0.381988292204784E+00    0.895255898550055E-01
    0.368195839508176E+00    0.100165356906731E+00
    0.325687163846476E+00    0.100596869468611E+00
    0.269042198083003E+00    0.917457241744563E-01
    0.208021135280240E+00    0.750488364638979E-01
    0.153194288355783E+00    0.553795142159612E-01
    0.108308438953948E+00    0.351156715475467E-01
    0.744414611490384E-01    0.166790533810210E-01
    0.501189667860787E-01    0.874726031783160E-03
    0.333297421362801E-01   -0.119167437226438E-01
    0.219929213329595E-01   -0.220882717517265E-01
    0.144154239878874E-01   -0.299384412825014E-01
    0.920104705171244E-02   -0.359146243914499E-01
    0.545326191899341E-02   -0.404776048275902E-01
    0.249326986306497E-02   -0.438584746254187E-01
   -0.943141238516179E-04   -0.463166344789480E-01
   -0.259209664250651E-02   -0.479598285979868E-01
   -0.515128863983695E-02   -0.489399453796766E-01
   -0.786597251458590E-02   -0.492725967859937E-01
   -0.107418699849356E-01   -0.490426272773143E-01
   -0.137654185261936E-01   -0.482279367708887E-01
   -0.168619906367791E-01   -0.468730533554292E-01
   -0.199478333799688E-01   -0.449556504995045E-01
   -0.228978842058103E-01   -0.425057822374603E-01
   -0.255746844589906E-01   -0.395283246348194E-01
   -0.278251393855884E-01   -0.360578972686364E-01
   -0.294778753213847E-01   -0.321535319046757E-01
   -0.303805371530383E-01   -0.278744488115535E-01
   -0.303646510032543E-01   -0.233541511897780E-01
   -0.293197446658797E-01   -0.186958731589510E-01
   -0.271350468047684E-01   -0.141131430683779E-01
   -0.237897570780812E-01   -0.976834853389928E-02
   -0.192853785915324E-01   -0.593171939113245E-02
   -0.137207411250908E-01   -0.282515732894827E-02
   -0.722517862209292E-02   -0.756498246580195E-03
    0.000000000000000E+00    0.000000000000000E+00
    0.000000000000000E+00    0.000000000000000E+00
    0.100975680250489E+00    0.587057125769790E-02
    0.197984434912948E+00    0.218014421130511E-01
    0.280609536290567E+00    0.438336818659880E-01
    0.338178837790143E+00    0.671255116119756E-01
    0.365192641244455E+00    0.876339652401703E-01
    0.360298647623969E+00    0.100328700561549E+00
    0.328520658114757E+00    0.103889959542581E+00
    0.280614495518102E+00    0.980437693073884E-01
    0.225455021159106E+00    0.846183809572685E-01
    0.173152141967124E+00    0.670459650958609E-01
    0.127800627040087E+00    0.478289689955319E-01
    0.918711047036882E-01    0.295655224676129E-01
    0.648084690204190E-01    0.131907074261030E-01
    0.452541110711139E-01   -0.536502719616071E-03
    0.314491225325123E-01   -0.117643362011338E-01
    0.217923652423589E-01   -0.207433741802443E-01
    0.149088295442448E-01   -0.277953447882120E-01
    0.980532576223433E-02   -0.333136002529725E-01
    0.575706997722328E-02   -0.375460399047505E-01
    0.227181211573559E-02   -0.407510062666874E-01
   -0.991118797069565E-03   -0.430650805670081E-01
   -0.422435247660220E-02   -0.446512568341727E-01
   -0.755863644716829E-02   -0.455515686741105E-01
   -0.110200105312864E-01   -0.458507622506510E-01
   -0.146155157894903E-01   -0.455463032409286E-01
   -0.182725697928792E-01   -0.446793907528314E-01
   -0.219185270596147E-01   -0.432330487755518E-01
   -0.254130270397818E-01   -0.412309925613094E-01
   -0.286236412608770E-01   -0.386689293423946E-01
   -0.313622060928113E-01   -0.355761053912584E-01
   -0.334582364188589E-01   -0.319899577353652E-01
   -0.347032814034845E-01   -0.279713521115821E-01
   -0.349283570051568E-01   -0.236267596225313E-01
   -0.339501294145929E-01   -0.190746255888830E-01
   -0.316615725756657E-01   -0.145081572125935E-01
   -0.279636768968136E-01   -0.101224368069238E-01
   -0.228708739578290E-01   -0.618643353920654E-02
   -0.164138266795166E-01   -0.296781936480678E-02
   -0.873931071443243E-02   -0.797523264639823E-03
    0.000000000000000E+00    0.000000000000000E+00
    0.000000000000000E+00    0.000000000000000E+00
    0.899577111578613E-01    0.531395462024000E-02
    0.178873464480517E+00    0.200383060181362E-01
    0.257478464584313E+00    0.410503165221454E-01
    0.315892579512099E+00    0.639457193648429E-01
    0.347916382464253E+00    0.853482743181092E-01
    0.351389346726146E+00    0.999206108904371E-01
    0.328725089963151E+00    0.106335779829168E+00
    0.289258047810585E+00    0.103810050038468E+00
    0.240075098370607E+00    0.933219819340230E-01
    0.190827013405230E+00    0.781913613034868E-01
    0.146168696929428E+00    0.603655839164750E-01
    0.109109498241040E+00    0.426491249270586E-01
    0.800361693600490E-01    0.261461391812874E-01
    0.581494551418918E-01    0.117822888009458E-01
    0.420261704701205E-01   -0.300098841241483E-03
    0.302999869255288E-01   -0.102384150899298E-01
    0.216459082209540E-01   -0.182618215925743E-01
    0.150948239085546E-01   -0.246750507269056E-01
    0.985355410620987E-02   -0.297350163399597E-01
    0.538654914387532E-02   -0.336898643518719E-01
    0.128951947460590E-02   -0.366933421681504E-01
   -0.267153755304757E-02   -0.389180089816380E-01
   -0.666072064850650E-02   -0.404235228723638E-01
   -0.107342651603341E-01   -0.413050455388722E-01
   -0.149156939708004E-01   -0.415694358804762E-01
   -0.191502612431187E-01   -0.412631214111934E-01
   -0.233671095490126E-01   -0.403697733942856E-01
   -0.274333321809407E-01   -0.389072515447702E-01
   -0.312011530050664E-01   -0.368674391271652E-01
   -0.344816042241111E-01   -0.342596378822555E-01
   -0.370663325192208E-01   -0.311197784244031E-01
   -0.387398478979289E-01   -0.274750153058283E-01
   -0.392697175779673E-01   -0.234421796695118E-01
   -0.384639235455403E-01   -0.190997180918476E-01
   -0.361325164450265E-01   -0.146710744892218E-01
   -0.321739080329073E-01   -0.103213382537900E-01
   -0.265173675099308E-01   -0.636785692152005E-02
   -0.192028251727855E-01   -0.307452138200861E-02
   -0.103079936380420E-01   -0.834777590296067E-03
    0.000000000000000E+00    0.000000000000000E+00
    0.000000000000000E+00    0.000000000000000E+00
    0.801566786712924E-01    0.484640057095821E-02
    0.161150954940840E+00    0.185237766060730E-01
    0.234925410744496E+00    0.382861290283908E-01
    0.292747955411913E+00    0.608040343312257E-01
    0.328531290581887E+00    0.824183475096049E-01
    0.338833089410456E+00    0.986502440751588E-01
    0.325296369128182E+00    0.107704747325650E+00
    0.294157643686794E+00    0.108232413130998E+00
    0.251823244981565E+00    0.101116676286259E+00
    0.206734449614779E+00    0.885857693694707E-01
    0.163577803733115E+00    0.726766216967709E-01
    0.126257457565822E+00    0.559344494268708E-01
    0.956147892095586E-01    0.396616350636002E-01
    0.716811053038391E-01    0.249873527163535E-01
    0.534034525112008E-01    0.122276160714883E-01
    0.396426199178780E-01    0.148285279203777E-02
    0.292287634337884E-01   -0.740785919173761E-02
    0.211750570755769E-01   -0.146583637055502E-01
    0.146868366530858E-01   -0.205072358411501E-01
    0.917853847217858E-02   -0.251999205870586E-01
    0.420292059302365E-02   -0.288964508572632E-01
   -0.515200344768243E-03   -0.317729235663034E-01
   -0.518057805512861E-02   -0.339090898358141E-01
   -0.987272056079657E-02   -0.354051515019160E-01
   -0.146465191705734E-01   -0.362840409183723E-01
   -0.194555173045029E-01   -0.365921634183248E-01
   -0.242502492790612E-01   -0.363195830985850E-01
   -0.288910006302372E-01   -0.354775772790365E-01
   -0.332422495420275E-01   -0.340509983888513E-01
   -0.370877990082550E-01   -0.320393473854850E-01
   -0.402218327791585E-01   -0.294558803387158E-01
   -0.423746626765749E-01   -0.263207930825309E-01
   -0.433069467602447E-01   -0.227164457275021E-01
   -0.427443786816059E-01   -0.187255250899341E-01
   -0.404859125924698E-01   -0.145383148014882E-01
   -0.363305809066521E-01   -0.103422644475679E-01
   -0.302025609509547E-01   -0.644220545088231E-02
   -0.220479678955646E-01   -0.314294175001146E-02
   -0.119494173047314E-01   -0.858851875696999E-03
    0.000000000000000E+00    0.000000000000000E+00
    0.000000000000000E+00    0.000000000000000E+00
    0.709792382093548E-01    0.438250022029351E-02
    0.144473144173444E+00    0.169502952869288E-01
    0.213575603453967E+00    0.355797072387434E-01
    0.270456288567018E+00    0.573575329303695E-01
    0.309018517367625E+00    0.793026534686253E-01
    0.325372206869350E+00    0.968679719886304E-01
    0.319491970248005E+00    0.108368683377601E+00
    0.296313883273246E+00    0.112000584164822E+00
    0.260567974976848E+00    0.107985696585632E+00
    0.220058810084200E+00    0.983501865699596E-01
    0.179326326157379E+00    0.845394430950551E-01
    0.142471109411737E+00    0.691413345049833E-01
    0.111064601067709E+00    0.534731323245643E-01
    0.855523689490957E-01    0.388033035911559E-01
    0.654188848944864E-01    0.256641927490277E-01
    0.497912342667433E-01    0.142980130634017E-01
    0.376491974275449E-01    0.468752275108142E-02
    0.280954435945744E-01   -0.332580549853933E-02
    0.203147879507274E-01   -0.991841647479915E-02
    0.137199597216708E-01   -0.153298222339997E-01
    0.782267324207469E-02   -0.197115574336023E-01
    0.231514873243917E-02   -0.232474483462977E-01
   -0.304120949153824E-02   -0.260263845872276E-01
   -0.836070241706334E-02   -0.281621655150322E-01
   -0.137197527662514E-01   -0.296851153375891E-01
   -0.190988886416668E-01   -0.306509581066744E-01
   -0.244579680363618E-01   -0.310514192119565E-01
   -0.296745505019681E-01   -0.308965783350821E-01
   -0.346077702984624E-01   -0.301668947942781E-01
   -0.390471060050421E-01   -0.288447579850245E-01
   -0.427581038212573E-01   -0.269367434441881E-01
   -0.454631503958209E-01   -0.244267888457684E-01
   -0.468613874361822E-01   -0.213967446483526E-01
   -0.466581832231322E-01   -0.178788988504604E-01
   -0.445580240044431E-01   -0.140794732048882E-01
   -0.403354786741542E-01   -0.101398578675156E-01
   -0.338053780490239E-01   -0.640242563751228E-02
   -0.248983318742967E-01   -0.315553303942830E-02
   -0.136002066571170E-01   -0.875316885675270E-03
    0.000000000000000E+00    0.000000000000000E+00
    0.000000000000000E+00    0.000000000000000E+00
    0.627956003504205E-01    0.399607978264660E-02
    0.129170942664060E+00    0.155937279005015E-01
    0.193167817519893E+00    0.330103341914207E-01
    0.248083930537609E+00    0.540829710649151E-01
    0.288185530851850E+00    0.758026963361755E-01
    0.309155533574113E+00    0.944786339316077E-01
    0.310389145562206E+00    0.108029205542212E+00
    0.294692421989438E+00    0.114459490936804E+00
    0.266009991364452E+00    0.113798205803406E+00
    0.230766850219356E+00    0.107097323338525E+00
    0.193205782205582E+00    0.958390302845144E-01
    0.157716651969635E+00    0.821628270937639E-01
    0.126124325301804E+00    0.674626514959825E-01
    0.995528110460962E-01    0.531703420132244E-01
    0.778655008117833E-01    0.398987298574761E-01
    0.605337819127380E-01    0.281375710778772E-01
    0.467498008702618E-01    0.179370875183895E-01
    0.356963013007934E-01    0.926722748126477E-02
    0.266196799849211E-01    0.197931465299005E-02
    0.189109339339428E-01   -0.411215255389606E-02
    0.120742817060679E-01   -0.916557263135003E-02
    0.576475357158554E-02   -0.133525803652644E-01
   -0.287507327190808E-03   -0.167794225117578E-01
   -0.622488430228854E-02   -0.195636999740928E-01
   -0.121567803382056E-01   -0.217517555034526E-01
   -0.180811746997365E-01   -0.234027335856197E-01
   -0.239856519687503E-01   -0.245172565660358E-01
   -0.297531751006000E-01   -0.251042147555988E-01
   -0.352623332205281E-01   -0.251394315519592E-01
   -0.402897127026666E-01   -0.245984540007439E-01
   -0.446074632956068E-01   -0.234641861018872E-01
   -0.478957001203689E-01   -0.217107792938873E-01
   -0.498422835887989E-01   -0.193770373648942E-01
   -0.500719473084647E-01   -0.164895256870032E-01
   -0.482606027372747E-01   -0.132037436067437E-01
   -0.440684466481380E-01   -0.966878847702130E-02
   -0.372767500555810E-01   -0.619460710859914E-02
   -0.276925188781245E-01   -0.309906217955401E-02
   -0.152757384950566E-01   -0.867679750986873E-03
    0.000000000000000E+00    0.000000000000000E+00
    0.000000000000000E+00    0.000000000000000E+00
    0.551779893835294E-01    0.361507645491194E-02
    0.114818317356162E+00    0.142359719544257E-01
    0.173917018251192E+00    0.305246330433904E-01
    0.226620302864442E+00    0.506472788931479E-01
    0.267551397050331E+00    0.722107761866600E-01
    0.292352314697552E+00    0.916200676956688E-01
    0.299484524007186E+00    0.107052123011444E+00
    0.290679256903362E+00    0.116147951240152E+00
    0.268542977183233E+00    0.118540349459055E+00
    0.238659104049716E+00    0.114976637774915E+00
    0.204800403701569E+00    0.106332793833894E+00
    0.171249847768729E+00    0.947388599006581E-01
    0.140239853100914E+00    0.813746574844823E-01
    0.113173676764000E+00    0.677935242157613E-01
    0.904030665321529E-01    0.547436501146553E-01
    0.716748134042982E-01    0.428053513497889E-01
    0.564179242757931E-01    0.322243249208726E-01
    0.439606272816956E-01    0.230070526334887E-01
    0.336080182150849E-01    0.151238154238830E-01
    0.247936370996434E-01    0.839404071931144E-02
    0.170051368232327E-01    0.270842653681202E-02
    0.988866813744890E-02   -0.212130750545438E-02
    0.314199846096089E-02   -0.618598328547004E-02
   -0.340376299284140E-02   -0.962596883502521E-02
   -0.988460843456113E-02   -0.124857483185092E-01
   -0.163279934510011E-01   -0.148428011748014E-01
   -0.227398256948994E-01   -0.166984828072222E-01
   -0.290286976351391E-01   -0.180690679354070E-01
   -0.350803479435425E-01   -0.189283695594361E-01
   -0.406869746970117E-01   -0.192407711982706E-01
   -0.456072565276119E-01   -0.189831649802338E-01
   -0.495188755693235E-01   -0.180932930166942E-01
   -0.520604158835726E-01   -0.166031692885539E-01
   -0.528292532571922E-01   -0.144789289718879E-01
   -0.514061045084601E-01   -0.118759372517130E-01
   -0.474012900066387E-01   -0.887763299054588E-02
   -0.404660588419196E-01   -0.581059016845505E-02
   -0.303515997707143E-01   -0.295766705297180E-02
   -0.168867736612378E-01   -0.846678767368598E-03
    0.000000000000000E+00    0.000000000000000E+00
    0.000000000000000E+00    0.000000000000000E+00
    0.483711409813216E-01    0.328843543117167E-02
    0.101733320152506E+00    0.130392423846813E-01
    0.155801508853799E+00    0.281804442891291E-01
    0.205638161111414E+00    0.473993204621385E-01
    0.246366960893052E+00    0.683993157486353E-01
    0.273720947096974E+00    0.883434529945764E-01
    0.285850538445371E+00    0.105154240805978E+00
    0.283180017059542E+00    0.116581525359591E+00
    0.267614372815642E+00    0.122005540939936E+00
    0.243389024609672E+00    0.121480274268833E+00
    0.213829703763729E+00    0.115814366383830E+00
    0.183027316284518E+00    0.106571464840766E+00
    0.153220932984798E+00    0.949669299551952E-01
    0.126298215567358E+00    0.825009815948158E-01
    0.102847909421032E+00    0.699823356021098E-01
    0.830282821947264E-01    0.581854519351722E-01
    0.664905549226129E-01    0.473979021023586E-01
    0.527268183940274E-01    0.378168126317075E-01
    0.411651429913874E-01    0.294221178214571E-01
    0.312594334973499E-01    0.221429461456181E-01
    0.225360591475527E-01    0.158583908290647E-01
    0.146144728491481E-01    0.104247364980258E-01
    0.718764539468003E-02    0.573023640254618E-02
    0.527410151981096E-04    0.164761568084331E-02
   -0.694737092347550E-02   -0.188923020874330E-02
   -0.138695844942687E-01   -0.495820422840353E-02
   -0.207453680151075E-01   -0.757509158758414E-02
   -0.275049440656978E-01   -0.975999562135119E-02
   -0.340571651632258E-01   -0.114868081087251E-01
   -0.402022822115251E-01   -0.127207979046682E-01
   -0.457110572428023E-01   -0.134167441394172E-01
   -0.502423672660679E-01   -0.135070970200499E-01
   -0.534236467171640E-01   -0.129746510906599E-01
   -0.547893980739100E-01   -0.117750340710638E-01
   -0.538762938624493E-01   -0.999440271962126E-02
   -0.501800790236997E-01   -0.770705225523652E-02
   -0.432813505163362E-01   -0.517961433965510E-02
   -0.327830397013945E-01   -0.270147142626337E-02
   -0.184346325497856E-01   -0.785481952500924E-03
    0.000000000000000E+00    0.000000000000000E+00
    0.000000000000000E+00    0.000000000000000E+00
    0.420748983068190E-01    0.296863567471223E-02
    0.895250291930216E-01    0.118616066810743E-01
    0.138783124913908E+00    0.259180065487269E-01
    0.185624789737226E+00    0.440611737360748E-01
    0.225646260127053E+00    0.645266609551288E-01
    0.254849021504703E+00    0.846283225653701E-01
    0.270951800850128E+00    0.102661212959740E+00
    0.273689450238428E+00    0.116139333566881E+00
    0.263998404140460E+00    0.124287562962919E+00
    0.245258139734609E+00    0.126844804758487E+00
    0.220185584056836E+00    0.124090618981032E+00
    0.192510230084634E+00    0.117498227635355E+00
    0.164572124760858E+00    0.107926661092334E+00
    0.138325095021082E+00    0.969322452365013E-01
    0.114762938843808E+00    0.853243224014159E-01
    0.942419537374707E-01    0.739478435639758E-01
    0.767219561475313E-01    0.632544816723075E-01
    0.618542494020308E-01    0.534759534345454E-01
    0.491944870094955E-01    0.447504786384889E-01
    0.382800289247427E-01    0.370005614322710E-01
    0.286540056858055E-01    0.302085983946157E-01
    0.199626543492455E-01    0.242007740923254E-01
    0.118755886050460E-01    0.189195812633092E-01
    0.418507296287111E-02    0.142016512128312E-01
   -0.329753206472399E-02    0.100049392154637E-01
   -0.106496726291252E-01    0.621896650079200E-02
   -0.179318640538609E-01    0.283668385465964E-02
   -0.251013624554906E-01   -0.182665085996151E-03
   -0.320891817956852E-01   -0.281104586335615E-02
   -0.387204240943641E-01   -0.501302384165262E-02
   -0.447730769722918E-01   -0.674199633492174E-02
   -0.499149418260861E-01   -0.789841932928045E-02
   -0.537480220709650E-01   -0.845967171718653E-02
   -0.557818482274739E-01   -0.831458756468753E-02
   -0.554739653451666E-01   -0.753690605087098E-02
   -0.522493247909892E-01   -0.611537555403931E-02
   -0.455513294030814E-01   -0.430312523410076E-02
   -0.348752851540964E-01   -0.233040873335568E-02
   -0.198076529144634E-01   -0.704463582612292E-03
    0.000000000000000E+00    0.000000000000000E+00
    0.000000000000000E+00    0.000000000000000E+00
    0.364520423849897E-01    0.268738798570093E-02
    0.784550399316748E-01    0.108018764443870E-01
    0.122971044775340E+00    0.237776918474674E-01
    0.166458118270023E+00    0.408953386781133E-01
    0.205052329837435E+00    0.605262514940326E-01
    0.235050265253955E+00    0.806268715743543E-01
    0.254144006122090E+00    0.993463408482863E-01
    0.261371875200616E+00    0.114526743696478E+00
    0.257159358007391E+00    0.125150143531738E+00
    0.243802802575302E+00    0.130551794663787E+00
    0.223491382937889E+00    0.130903711619363E+00
    0.199511170846687E+00    0.127071874453550E+00
    0.173979522148120E+00    0.119921147236118E+00
    0.149083460430000E+00    0.110761102111319E+00
    0.125888593376614E+00    0.100424194495302E+00
    0.105122723730820E+00    0.898529419464651E-01
    0.869280573814213E-01    0.795074641479958E-01
    0.711764606697025E-01    0.698147268248548E-01
    0.575764158434039E-01    0.609046416177184E-01
    0.457340455079957E-01    0.528556928851631E-01
    0.352799972037557E-01    0.456264775637948E-01
    0.258495058417984E-01    0.391375558364220E-01
    0.171496434338296E-01    0.332985488811808E-01
    0.893344152996154E-02    0.279925338207865E-01
    0.101982427437991E-02    0.231447997392986E-01
   -0.671322839337974E-02    0.186609383856227E-01
   -0.143352805507020E-01    0.145092822116479E-01
   -0.218460024810809E-01    0.106486334740350E-01
   -0.291935722362871E-01    0.709798772685564E-02
   -0.362380742168749E-01    0.388573234590131E-02
   -0.427719555043384E-01    0.107437127990117E-02
   -0.484782978228864E-01   -0.124065479398803E-02
   -0.529523099774705E-01   -0.298710973128229E-02
   -0.556769977719732E-01   -0.404619757237060E-02
   -0.560583442701104E-01   -0.440839854467952E-02
   -0.534312039978178E-01   -0.403818137825923E-02
   -0.471314258865786E-01   -0.309818454967999E-02
   -0.365023976451672E-01   -0.178891676398310E-02
   -0.209777240056920E-01   -0.563753792938073E-03
    0.000000000000000E+00    0.000000000000000E+00
    0.000000000000000E+00    0.000000000000000E+00
    0.312955439590204E-01    0.241372257354087E-02
    0.682081806964287E-01    0.976973528547491E-02
    0.108213549481143E+00    0.217143522183046E-01
    0.148330037603630E+00    0.376882609104740E-01
    0.185148031228437E+00    0.564945625509288E-01
    0.215390138589008E+00    0.762451974415502E-01
    0.236623066971507E+00    0.955057857145330E-01
    0.247593621381009E+00    0.112005778297154E+00
    0.248088628915981E+00    0.124784073014697E+00
    0.239699054186641E+00    0.132891374141737E+00
    0.224029548153585E+00    0.136142352901313E+00
    0.203848208512651E+00    0.135239169022643E+00
    0.181172106482044E+00    0.130634095452727E+00
    0.158038033877285E+00    0.123636169733791E+00
    0.135778589326061E+00    0.114920155264926E+00
    0.115196163616169E+00    0.105476345723746E+00
    0.967360519850550E-01    0.958455666688343E-01
    0.804014125503150E-01    0.864719400287351E-01
    0.660788397644543E-01    0.776521519097370E-01
    0.534800730989044E-01    0.694417587146390E-01
    0.422950159540839E-01    0.619492201434332E-01
    0.322221866808698E-01    0.550482332816383E-01
    0.229603277754070E-01    0.487524739178024E-01
    0.142909917435679E-01    0.428887176879691E-01
    0.599759431987712E-02    0.374458963968981E-01
   -0.203856265704581E-02    0.322756589754536E-01
   -0.992885339635912E-02    0.273802554737601E-01
   -0.176882711546817E-01    0.226775346792166E-01
   -0.253052081655432E-01    0.181992982937147E-01
   -0.326660167288126E-01    0.139572364301210E-01
   -0.395954534618812E-01    0.100137960554124E-01
   -0.457977873545160E-01    0.648506995448784E-02
   -0.508767985089806E-01    0.344150958972149E-02
   -0.543039768938667E-01    0.106830283079812E-02
   -0.554426852277539E-01   -0.609517783568274E-03
   -0.535515989914184E-01   -0.145451940931922E-02
   -0.478486973471521E-01   -0.158299059465723E-02
   -0.375204783818106E-01   -0.110889751305306E-02
   -0.218240572658138E-01   -0.397115905412575E-03
    0.000000000000000E+00    0.000000000000000E+00
    0.000000000000000E+00    0.000000000000000E+00
    0.267045272276591E-01    0.216941256993169E-02
    0.589732705964964E-01    0.882858880342942E-02
    0.946620295970369E-01    0.197586181738159E-01
    0.131271922277203E+00    0.346413793339537E-01
    0.165897614896236E+00    0.524112748825685E-01
    0.195587860597865E+00    0.716964551355361E-01
    0.218089682224707E+00    0.910009452607057E-01
    0.231850155699472E+00    0.108485269020764E+00
    0.236387207632263E+00    0.122995357909098E+00
    0.232526037905518E+00    0.133459707820994E+00
    0.221408641817319E+00    0.139562486525395E+00
    0.205269745283124E+00    0.141502166995442E+00
    0.185784860815751E+00    0.139702821768373E+00
    0.164991342387525E+00    0.135096003476194E+00
    0.144124485066695E+00    0.128360849527895E+00
    0.124258184382433E+00    0.120426807495150E+00
    0.105915904736015E+00    0.111826291783284E+00
    0.893394250394048E-01    0.103137827554384E+00
    0.745512727925437E-01    0.946284483326766E-01
    0.613721141784335E-01    0.865302138848393E-01
    0.496133305334780E-01    0.789063443260861E-01
    0.389818966821159E-01    0.717725020347157E-01
    0.292618149315189E-01    0.650903868496055E-01
    0.201918128354307E-01    0.587783543327910E-01
    0.116070225633994E-01    0.527748107211532E-01
    0.332611991596844E-02    0.469806060148749E-01
   -0.473709238729949E-02    0.413566107636448E-01
   -0.126656691397185E-01    0.358382813283006E-01
   -0.204436208864247E-01    0.304335686863060E-01
   -0.280244011372092E-01    0.251503174547044E-01
   -0.352397494678654E-01    0.200548911092546E-01
   -0.418509655200908E-01    0.152510684696788E-01
   -0.474594812498301E-01    0.108521686202156E-01
   -0.515630443174006E-01    0.704106907235147E-02
   -0.534780975471219E-01    0.393189717050832E-02
   -0.524288533417367E-01    0.169443089982628E-02
   -0.475043091539950E-01    0.330573897281849E-03
   -0.377766382714874E-01   -0.198324383790015E-03
   -0.222707520725542E-01   -0.149850100530223E-03
    0.000000000000000E+00    0.000000000000000E+00
    0.000000000000000E+00    0.000000000000000E+00
    0.225405077477346E-01    0.193314507730627E-02
    0.505130292959525E-01    0.792133886762919E-02
    0.821320809665126E-01    0.178823279813874E-01
    0.115315979055414E+00    0.316026140431446E-01
    0.147538485886092E+00    0.483446462779400E-01
    0.176301984544927E+00    0.668718142364781E-01
    0.199387240959295E+00    0.860889316378161E-01
    0.215260137794896E+00    0.104133388093242E+00
    0.223052788095213E+00    0.120054393730807E+00
    0.223153685078856E+00    0.132569671476335E+00
    0.216211690001151E+00    0.141202578664117E+00
    0.203957725137978E+00    0.145961314230314E+00
    0.187840227009948E+00    0.146904082620124E+00
    0.169605624859028E+00    0.144904343961471E+00
    0.150596553958653E+00    0.140376233870173E+00
    0.131820779450017E+00    0.134261289111072E+00
    0.114048310976302E+00    0.127053572326561E+00
    0.975781968607285E-01    0.119333152761374E+00
    0.826336615375021E-01    0.111484928143527E+00
    0.691300164912855E-01    0.103704467799712E+00
    0.569730465276249E-01    0.962214690407919E-01
    0.459583272241596E-01    0.889831265252721E-01
    0.358785141198747E-01    0.821032937653697E-01
    0.265394162499861E-01    0.754158077908879E-01
    0.177378007110313E-01    0.689754472556443E-01
    0.933344377103691E-02    0.625977571697000E-01
    0.118274414113304E-02    0.563221589310539E-01
   -0.678406095173702E-02    0.500114637117947E-01
   -0.146132944510925E-01    0.437169214977765E-01
   -0.222712723508997E-01    0.374011420558978E-01
   -0.296504788986926E-01    0.311427119698025E-01
   -0.365387982640131E-01    0.250448059455925E-01
   -0.425861678429617E-01    0.192136560530994E-01
   -0.473002891182132E-01    0.138893771630412E-01
   -0.500092569695468E-01    0.919348871846880E-02
   -0.498821257141953E-01    0.540835546316048E-02
   -0.459461252123428E-01    0.260624598879338E-02
   -0.370958465417626E-01    0.863293550606837E-03
   -0.222082723770024E-01    0.128470441475150E-03
    0.000000000000000E+00    0.000000000000000E+00
    0.000000000000000E+00    0.000000000000000E+00
    0.188525317806052E-01    0.172143418788518E-02
    0.429448579014760E-01    0.709009816790796E-02
    0.707571180636329E-01    0.161109482532651E-01
    0.100540327818440E+00    0.287261374154847E-01
    0.130190193162933E+00    0.443065306653048E-01
    0.157491010614496E+00    0.620059457296998E-01
    0.180512716941034E+00    0.807219063490774E-01
    0.197634954033839E+00    0.990357433386106E-01
    0.207950726606220E+00    0.115861829998393E+00
    0.211359196436204E+00    0.130019835678340E+00
    0.208207268730137E+00    0.140905899209755E+00
    0.199732250597592E+00    0.148209576490857E+00
    0.187033564704761E+00    0.151944612385221E+00
    0.171704519729173E+00    0.152574621649877E+00
    0.154869666833042E+00    0.150511929517271E+00
    0.137677627728644E+00    0.146490641665137E+00
    0.120854883743071E+00    0.140989874192566E+00
    0.104907288054976E+00    0.134613652766824E+00
    0.901336125528454E-01    0.127702322625975E+00
    0.765780342941354E-01    0.120595487600116E+00
    0.642678559237444E-01    0.113456422342413E+00
    0.530264444390524E-01    0.106396215459763E+00
    0.427676642186074E-01    0.994518421142536E-01
    0.332537698006677E-01    0.925929983345890E-01
    0.243827518196434E-01    0.857973909755336E-01
    0.159328908664064E-01    0.789745042945890E-01
    0.783457387203579E-02    0.720963775525302E-01
   -0.798681416240392E-04    0.650777784806224E-01
   -0.781301598752609E-02    0.579226718606261E-01
   -0.154351152128070E-01    0.506084615259797E-01
   -0.228223765714125E-01    0.431984311012556E-01
   -0.298659358263130E-01    0.357841891489847E-01
   -0.362108880778598E-01    0.285011902384465E-01
   -0.414540307935263E-01    0.215748524728960E-01
   -0.448928343193901E-01    0.152131201974764E-01
   -0.457473989393806E-01    0.972749437830396E-02
   -0.429282565845573E-01    0.532918082842802E-02
   -0.353146343557313E-01    0.221485780685417E-02
   -0.214950690008165E-01    0.507850335932889E-03
    0.000000000000000E+00    0.000000000000000E+00
    0.000000000000000E+00    0.000000000000000E+00
    0.155514693647410E-01    0.151842283902468E-02
    0.360960256331479E-01    0.629916456881621E-02
    0.603627931214446E-01    0.144269243946293E-01
    0.868984342744338E-01    0.259085513544967E-01
    0.113890677729794E+00    0.403475072986555E-01
    0.139524557836764E+00    0.570035490788223E-01
    0.161970230213926E+00    0.751162845561604E-01
    0.179804491044230E+00    0.932985695390355E-01
    0.191910925496792E+00    0.110734170386273E+00
    0.198026885117566E+00    0.126123127150108E+00
    0.198118648154823E+00    0.138870386307595E+00
    0.193062660629092E+00    0.148497493654808E+00
    0.183678379824938E+00    0.154771683050047E+00
    0.171240567210690E+00    0.158065557032118E+00
    0.156842536909379E+00    0.158495248390262E+00
    0.141466624480927E+00    0.156781044410685E+00
    0.125987262964806E+00    0.153245498574299E+00
    0.110882910414176E+00    0.148487964259607E+00
    0.966271923966776E-01    0.142869111281198E+00
    0.833215288754632E-01    0.136686938381800E+00
    0.710994562329290E-01    0.130238044056529E+00
    0.598788534973124E-01    0.123548827369820E+00
    0.495939028230356E-01    0.116828491024598E+00
    0.401078733019279E-01    0.109932429054574E+00
    0.312754438202795E-01    0.103003839785345E+00
    0.229623136663636E-01    0.958254998754858E-01
    0.150211973197120E-01    0.885067227215210E-01
    0.734290162760788E-02    0.808418020425702E-01
   -0.165737355057698E-03    0.729319959413244E-01
   -0.755566901480582E-02    0.646628389647447E-01
   -0.147963414940710E-01    0.561462892048384E-01
   -0.217968302567523E-01    0.474364798790233E-01
   -0.282918490972784E-01    0.386708061816308E-01
   -0.339110008699170E-01    0.301117964942217E-01
   -0.380248933653021E-01    0.219601118515867E-01
   -0.398533634345621E-01    0.146451681641328E-01
   -0.383374018933047E-01    0.845143775192332E-02
   -0.322240752737169E-01    0.371856125745934E-02
   -0.200538660421389E-01    0.922624742653411E-03
    0.000000000000000E+00    0.000000000000000E+00
    0.000000000000000E+00    0.000000000000000E+00
    0.126479693026815E-01    0.133740894362386E-02
    0.300229258607074E-01    0.557563927657243E-02
    0.510340088206026E-01    0.128512089784591E-01
    0.744551736111995E-01    0.232635050474667E-01
    0.987969513351626E-01    0.364959339150901E-01
    0.122462540118529E+00    0.520855166727014E-01
    0.143931776353856E+00    0.692925244965330E-01
    0.161792478389285E+00    0.871228054268606E-01
    0.175048532045443E+00    0.104681048781168E+00
    0.183150662359714E+00    0.120899055547832E+00
    0.185949064958360E+00    0.135079139164384E+00
    0.183924408188271E+00    0.146625735706450E+00
    0.177640022660370E+00    0.155258275573650E+00
    0.168142236966232E+00    0.161014090153608E+00
    0.156278074510906E+00    0.164008693159643E+00
    0.143046293117925E+00    0.164673767032881E+00
    0.129185733986138E+00    0.163327633820571E+00
    0.115315870561380E+00    0.160465465336567E+00
    0.101902020428033E+00    0.156408777641285E+00
    0.891697971712748E-01    0.151514671286783E+00
    0.773356736987794E-01    0.146003919144013E+00
    0.663597694097474E-01    0.140045299920458E+00
    0.563049162269273E-01    0.133747559244622E+00
    0.469944366117492E-01    0.127124825638785E+00
    0.384226045561527E-01    0.120209876610947E+00
    0.303576205444255E-01    0.112922667927844E+00
    0.227791892258371E-01    0.105266958540226E+00
    0.154479054271337E-01    0.971346717537475E-01
    0.836801445284779E-02    0.885425996812241E-01
    0.134225196026208E-02    0.794265125340284E-01
   -0.554080411833501E-02    0.698524142993377E-01
   -0.123442312379702E-01    0.598789764009018E-01
   -0.187806129785034E-01    0.496515655505066E-01
   -0.246353009361189E-01    0.394109540983516E-01
   -0.292696274786260E-01    0.294354402859272E-01
   -0.320600144472618E-01    0.201692248935673E-01
   -0.318927071208474E-01    0.120493084579794E-01
   -0.276733401237653E-01    0.556808021294432E-02
   -0.176649210486559E-01    0.145736028228656E-02
    0.000000000000000E+00    0.000000000000000E+00
    0.000000000000000E+00    0.000000000000000E+00
    0.100879421919881E-01    0.116551614667587E-02
    0.246016046340678E-01    0.489732900406026E-02
    0.426244244654538E-01    0.113706578366557E-01
    0.631300473650361E-01    0.207212401799583E-01
    0.848434142945666E-01    0.327859140136457E-01
    0.106480775496454E+00    0.471773851267691E-01
    0.126637591850363E+00    0.634202602044076E-01
    0.144157407636943E+00    0.805753099527156E-01
    0.157949966819288E+00    0.980157038755233E-01
    0.167502532194194E+00    0.114633490516353E+00
    0.172396678613018E+00    0.129846734620979E+00
    0.172941256595798E+00    0.142951159951153E+00
    0.169423222376838E+00    0.153553382997156E+00
    0.162648194804363E+00    0.161607614300774E+00
    0.153331629629732E+00    0.166974447818161E+00
    0.142286021191804E+00    0.170066662107661E+00
    0.130283137222465E+00    0.170972439546551E+00
    0.117858089699384E+00    0.170193306409197E+00
    0.105585314839842E+00    0.167952956196590E+00
    0.937021051247922E-01    0.164587502705977E+00
    0.825126577130975E-01    0.160359635235941E+00
    0.720592629353827E-01    0.155364340653919E+00
    0.624217551889353E-01    0.149846566532843E+00
    0.535471590911803E-01    0.143693690056901E+00
    0.453740394851240E-01    0.137119919882372E+00
    0.378063075674483E-01    0.129878327058747E+00
    0.307175940482248E-01    0.122162920908724E+00
    0.239858265712674E-01    0.113681296363888E+00
    0.174856056012312E-01    0.104619277013860E+00
    0.110904907179703E-01    0.947468160766974E-01
    0.475448883312328E-02    0.842458657297912E-01
   -0.157662816946660E-02    0.730736590433869E-01
   -0.774693884514661E-02    0.614155586333139E-01
   -0.135914758140536E-01    0.495120698591745E-01
   -0.185988972790566E-01    0.376256816039487E-01
   -0.222362664079855E-01    0.263191536484428E-01
   -0.235295678742166E-01    0.160781436439905E-01
   -0.214108473830310E-01    0.756668136298867E-02
   -0.142952171050354E-01    0.203289032457824E-02
    0.000000000000000E+00    0.000000000000000E+00
    0.000000000000000E+00    0.000000000000000E+00
    0.785541059842598E-02    0.101342515607807E-02
    0.198432917208366E-01    0.427917144559358E-02
    0.351649900654612E-01    0.999961693950040E-02
    0.529498900488687E-01    0.183583837776579E-01
    0.721516458014370E-01    0.292458657170174E-01
    0.916471000516182E-01    0.424591141924147E-01
    0.110303257499613E+00    0.575521060776687E-01
    0.127010931138390E+00    0.738958303963386E-01
    0.140873657393911E+00    0.908274707652146E-01
    0.151224025931922E+00    0.107510179062425E+00
    0.157677239106105E+00    0.123293206582896E+00
    0.160253971191705E+00    0.137512722706289E+00
    0.159121122697156E+00    0.149737225482334E+00
    0.154845372115153E+00    0.159717354032243E+00
    0.147949849578294E+00    0.167322583546287E+00
    0.139174564007747E+00    0.172680732444357E+00
    0.129125310994127E+00    0.175899907597307E+00
    0.118401193030177E+00    0.177283053397347E+00
    0.107499281769656E+00    0.177042913036552E+00
    0.967540721877184E-01    0.175466243193763E+00
    0.864930825113265E-01    0.172755240963575E+00
    0.768069142945621E-01    0.169079274218673E+00
    0.678793288724905E-01    0.164575784162339E+00
    0.596258136089150E-01    0.159275346019870E+00
    0.521387574090601E-01    0.153250498797867E+00
    0.452149806248078E-01    0.146416631520368E+00
    0.389002683466625E-01    0.138811804409390E+00
    0.329088580215769E-01    0.130287606524168E+00
    0.272750760400969E-01    0.120886951015328E+00
    0.216725456512154E-01    0.110478415999045E+00
    0.161752815877191E-01    0.991464600001169E-01
    0.105102575655831E-01    0.868871024968329E-01
    0.489710570180220E-02    0.738593231469137E-01
   -0.728980852223347E-03    0.602889858117368E-01
   -0.585943754398526E-02    0.465025846913173E-01
   -0.102316444016818E-01    0.330590548135219E-01
   -0.129363617890376E-01    0.206053336809659E-01
   -0.133154730168241E-01    0.996660018710229E-02
   -0.964215830019942E-02    0.274710587878352E-02
    0.000000000000000E+00    0.000000000000000E+00
    0.000000000000000E+00    0.000000000000000E+00
    0.592060864347928E-02    0.870149913831889E-03
    0.156598879802785E-01    0.370680800459374E-02
    0.285421227945142E-01    0.872471897027073E-02
    0.438254120284619E-01    0.161242476172516E-01
    0.606162848145537E-01    0.258909913218161E-01
    0.780148057247970E-01    0.378706012126760E-01
    0.949953847925244E-01    0.518049451356405E-01
    0.110685918609367E+00    0.671213755795555E-01
    0.124166796822023E+00    0.833827910377531E-01
    0.134904993980010E+00    0.997658104753176E-01
    0.142347164082057E+00    0.115775269920377E+00
    0.146496732863783E+00    0.130706087812029E+00
    0.147289309946891E+00    0.144118410486808E+00
    0.145170838674108E+00    0.155717812848345E+00
    0.140488466554757E+00    0.165200506975017E+00
    0.133842398538089E+00    0.172693928329037E+00
    0.125779014744682E+00    0.178063958318013E+00
    0.116802171865612E+00    0.181651375585125E+00
    0.107438747756077E+00    0.183472578390347E+00
    0.980029679432918E-01    0.183846278485877E+00
    0.888680159240628E-01    0.182888702893604E+00
    0.801857702358337E-01    0.180752352197812E+00
    0.721381618586843E-01    0.177606532365046E+00
    0.647743759531381E-01    0.173391275194073E+00
    0.581096731091763E-01    0.168308289605349E+00
    0.521234323640651E-01    0.162098100830677E+00
    0.467150637922331E-01    0.155000523764825E+00
    0.417885190502895E-01    0.146618052168778E+00
    0.371905074589554E-01    0.137232093360081E+00
    0.327390479485462E-01    0.126435318198381E+00
    0.283104675590018E-01    0.114528549565009E+00
    0.236886165070679E-01    0.101293701447043E+00
    0.189082410654033E-01    0.870133588603621E-01
    0.138501305403386E-01    0.718419115610461E-01
    0.885643591091002E-02    0.561084480091089E-01
    0.397693506948727E-02    0.404824236226287E-01
   -0.105862156592105E-03    0.256135665067530E-01
   -0.308656543299644E-02    0.125254924038988E-01
   -0.371086543633961E-02    0.351333097201846E-02
    0.000000000000000E+00    0.000000000000000E+00
    0.000000000000000E+00    0.000000000000000E+00
    0.425341976967710E-02    0.743389494383464E-03
    0.120352565533205E-01    0.318463601557618E-02
    0.227437543667624E-01    0.755079449453965E-02
    0.357441350715035E-01    0.140614857975417E-01
    0.502950755257866E-01    0.227357859051529E-01
    0.656133761639983E-01    0.335347313808516E-01
    0.808821390749253E-01    0.462270737477505E-01
    0.952861865258291E-01    0.604629860628546E-01
    0.108104152688381E+00    0.757964299865356E-01
    0.118729814824005E+00    0.916501559595631E-01
    0.126726435550442E+00    0.107492929428686E+00
    0.131903944515578E+00    0.122744778037057E+00
    0.134198201761750E+00    0.136944889374693E+00
    0.133844785468152E+00    0.149725151019786E+00
    0.131094090039505E+00    0.160802657807226E+00
    0.126426694853033E+00    0.170089362526421E+00
    0.120255480550524E+00    0.177498006505181E+00
    0.113080594196132E+00    0.183140928769875E+00
    0.105325535187610E+00    0.187067431246616E+00
    0.973629786476393E-01    0.189455823539969E+00
    0.895375750001342E-01    0.190406119573266E+00
    0.820471514790072E-01    0.190052692152409E+00
    0.751355324682559E-01    0.188480832309646E+00
    0.688323904653682E-01    0.185720109228448E+00
    0.632971558453058E-01    0.181816165306454E+00
    0.584030030763294E-01    0.176669725670420E+00
    0.542543277836364E-01    0.170306460938509E+00
    0.505570320711894E-01    0.162511418266358E+00
    0.473877861124839E-01    0.153333347032442E+00
    0.442876698153307E-01    0.142519967618528E+00
    0.413442591038084E-01    0.130184539819143E+00
    0.380150781604716E-01    0.116200966376165E+00
    0.344840904330886E-01    0.100761874088291E+00
    0.302897495352975E-01    0.840386158842594E-01
    0.257984598808487E-01    0.663996848890517E-01
    0.206636784504023E-01    0.485045139187499E-01
    0.153347753262635E-01    0.311662514738955E-01
    0.938692910628224E-02    0.155521160348536E-01
    0.388478422946578E-02    0.444114509640924E-02
    0.000000000000000E+00    0.000000000000000E+00
    0.000000000000000E+00    0.000000000000000E+00
    0.284079305332223E-02    0.623665360048572E-03
    0.890964278278043E-02    0.270132627866024E-02
    0.176890285612298E-01    0.646062604055582E-02
    0.286241137619309E-01    0.121257853945734E-01
    0.410809031537991E-01    0.197741720591551E-01
    0.544256462310109E-01    0.293946672894050E-01
    0.679331821621788E-01    0.408805034432493E-01
    0.809735690998891E-01    0.539285934258263E-01
    0.928427497004314E-01    0.682594282189135E-01
    0.103087787245053E+00    0.833345497197607E-01
    0.111183442841718E+00    0.987686946385625E-01
    0.117007927435582E+00    0.113992068366516E+00
    0.120331695460317E+00    0.128592848275401E+00
    0.121371459072700E+00    0.142202807557666E+00
    0.120209234755192E+00    0.154449451997461E+00
    0.117257062370992E+00    0.165274264563221E+00
    0.112821872692490E+00    0.174387359368672E+00
    0.107332782749013E+00    0.181977583991751E+00
    0.101182745460110E+00    0.187852389057157E+00
    0.947115612844825E-01    0.192293039425186E+00
    0.882692560446072E-01    0.195193092682020E+00
    0.820909942545404E-01    0.196773939574970E+00
    0.764010354300349E-01    0.196997285820688E+00
    0.713583553940722E-01    0.195913837933233E+00
    0.670244497619030E-01    0.193555388653981E+00
    0.634996134467227E-01    0.189726930365851E+00
    0.606930305421954E-01    0.184573409062683E+00
    0.585950504465765E-01    0.177609656895303E+00
    0.570072764479041E-01    0.169152176124482E+00
    0.557263902089606E-01    0.158526463995437E+00
    0.545355809164740E-01    0.146193822235913E+00
    0.530240612196098E-01    0.131614259179585E+00
    0.510973476911764E-01    0.115256811178989E+00
    0.482542548763803E-01    0.970781078099997E-01
    0.446532876157813E-01    0.775300747805673E-01
    0.395983242635509E-01    0.573486728641895E-01
    0.332998938022798E-01    0.373093565430500E-01
    0.244264369860314E-01    0.187873920526906E-01
    0.131297160593541E-01    0.544641045662325E-02
    0.000000000000000E+00    0.000000000000000E+00
    0.000000000000000E+00    0.000000000000000E+00
    0.165131481852664E-02    0.515099528557173E-03
    0.625631416580991E-02    0.225298365865861E-02
    0.133415385561838E-01    0.544851619481589E-02
    0.224252791075360E-01    0.103308729014847E-01
    0.329712609527252E-01    0.169993695210567E-01
    0.444327306091469E-01    0.255121499969079E-01
    0.562314720142886E-01    0.357835104695999E-01
    0.677947574539048E-01    0.476573404676627E-01
    0.785840060678002E-01    0.608586289699853E-01
    0.881215429941548E-01    0.750390637641062E-01
    0.960214243587282E-01    0.898002956597723E-01
    0.102041284775435E+00    0.104718533797367E+00
    0.106025721277582E+00    0.119374395574474E+00
    0.108024921090654E+00    0.133419363518560E+00
    0.108115197346657E+00    0.146505351403915E+00
    0.106575844088020E+00    0.158456266267586E+00
    0.103646795255925E+00    0.169041163021041E+00
    0.997058845265976E-01    0.178258204612453E+00
    0.950618862793580E-01    0.185982981535372E+00
    0.900729960275535E-01    0.192321728328104E+00
    0.850388892432641E-01    0.197206185916103E+00
    0.802313866794003E-01    0.200765461806785E+00
    0.758990580970707E-01    0.202928748680427E+00
    0.721970248944087E-01    0.203769368389556E+00
    0.693128016475021E-01    0.203178542757936E+00
    0.672576776815983E-01    0.201105762705745E+00
    0.661704257810414E-01    0.197418476183869E+00
    0.658188178044382E-01    0.191855749130717E+00
    0.663250608608680E-01    0.184360457062663E+00
    0.670932398283591E-01    0.174488264117712E+00
    0.682694330606602E-01    0.162344862054468E+00
    0.688954942124289E-01    0.147560215622652E+00
    0.692053048528693E-01    0.130384146626134E+00
    0.681209727403954E-01    0.110868456675792E+00
    0.659545186267968E-01    0.894464727396785E-01
    0.614248025158721E-01    0.668841776414280E-01
    0.543347271696611E-01    0.440989883547268E-01
    0.422463697260964E-01    0.225846175834804E-01
    0.244990224690979E-01    0.664632454505761E-02
    0.000000000000000E+00    0.000000000000000E+00
    0.000000000000000E+00    0.000000000000000E+00
    0.683709914699787E-03    0.409775418269721E-03
    0.404225412521642E-02    0.182740814948092E-02
    0.965290510511306E-02    0.449159661785136E-02
    0.170852600252707E-01    0.863125555558961E-02
    0.258788444131512E-01    0.143848600055003E-01
    0.355857428980369E-01    0.218265324238175E-01
    0.457050365093076E-01    0.309475442056700E-01
    0.557953507676842E-01    0.416273051250150E-01
    0.653559232193820E-01    0.536996640410989E-01
    0.740401734084898E-01    0.668598978420290E-01
    0.814290765995492E-01    0.808219781113230E-01
    0.873746895024097E-01    0.951965170268371E-01
    0.916196669727225E-01    0.109632036146031E+00
    0.942539163307285E-01    0.123807170976293E+00
    0.952219396612554E-01    0.137350825346720E+00
    0.947939270465636E-01    0.150133788001928E+00
    0.931002095215977E-01    0.161793396247144E+00
    0.904820444094725E-01    0.172424347838644E+00
    0.871921186051646E-01    0.181681618341941E+00
    0.835546194506209E-01    0.189827749823996E+00
    0.798576597092285E-01    0.196525694019914E+00
    0.763814922027869E-01    0.202106182392322E+00
    0.733598469357757E-01    0.206223012182005E+00
    0.710531959485452E-01    0.209154242894369E+00
    0.695566673543731E-01    0.210546812935147E+00
    0.691401035908737E-01    0.210499563123991E+00
    0.696920055969255E-01    0.208737231530370E+00
    0.714322092167576E-01    0.204869389152446E+00
    0.740699157741900E-01    0.199010874123612E+00
    0.774601743905799E-01    0.190159175881064E+00
    0.812577657791653E-01    0.178904014458246E+00
    0.847848005153166E-01    0.164071602070475E+00
    0.877759070763516E-01    0.146508789721942E+00
    0.891571399857080E-01    0.125745245589397E+00
    0.889417608369086E-01    0.102499296859585E+00
    0.853822207230561E-01    0.775135952587283E-01
    0.781452402200009E-01    0.516989005103716E-01
    0.630520674876903E-01    0.267157723719283E-01
    0.380198004510166E-01    0.797787103186523E-02
    0.000000000000000E+00    0.000000000000000E+00
    0.000000000000000E+00    0.000000000000000E+00
   -0.826500277644970E-04    0.308814710520630E-03
    0.224269548025557E-02    0.141808778509243E-02
    0.658083851982645E-02    0.357869775788921E-02
    0.125521640475483E-01    0.702261239321797E-02
    0.197611143905178E-01    0.119074562504226E-01
    0.278303083490433E-01    0.183475741026223E-01
    0.363583455694378E-01    0.263527722899721E-01
    0.449600422226581E-01    0.358898665258844E-01
    0.532582814614667E-01    0.468037264433804E-01
    0.609091913370835E-01    0.589186933723231E-01
    0.676205020274650E-01    0.719459899865486E-01
    0.731732243916062E-01    0.856274956222689E-01
    0.774130189682429E-01    0.996025308466603E-01
    0.803042086912067E-01    0.113626588741930E+00
    0.818474260978824E-01    0.127331791300223E+00
    0.821842985540260E-01    0.140576142091953E+00
    0.814467985143019E-01    0.153026852341615E+00
    0.798939861441874E-01    0.164686926832224E+00
    0.777407280530487E-01    0.175264813372607E+00
    0.752916228466323E-01    0.184899596906169E+00
    0.727935689435035E-01    0.193309794502221E+00
    0.705479226368750E-01    0.200730895703807E+00
    0.687939353058498E-01    0.206829629803395E+00
    0.678078907894819E-01    0.211877734648212E+00
    0.678018554821921E-01    0.215427674893710E+00
    0.689807999102000E-01    0.217730054066950E+00
    0.714713827264810E-01    0.218151793658879E+00
    0.753572219865728E-01    0.216657482518706E+00
    0.807641462713847E-01    0.212743131063288E+00
    0.870033743117764E-01    0.205768734190087E+00
    0.943469360408394E-01    0.195597137328281E+00
    0.101159177315451E+00    0.181379205081155E+00
    0.107850136003565E+00    0.163490458561671E+00
    0.112223154218666E+00    0.141711401802998E+00
    0.114839880116002E+00    0.116586302794335E+00
    0.112950512024897E+00    0.890631969941353E-01
    0.105720397055097E+00    0.601104191456768E-01
    0.874808481146161E-01    0.315422046195673E-01
    0.542787351806977E-01    0.955029026863184E-02
    0.000000000000000E+00    0.000000000000000E+00
    0.000000000000000E+00    0.000000000000000E+00
   -0.642809353477571E-03    0.206543395299926E-03
    0.850865309995403E-03    0.101054544409212E-02
    0.410708220472615E-02    0.268507002137039E-02
    0.879000179671955E-02    0.546295738061973E-02
    0.145616795833664E-01    0.953134611140543E-02
    0.211153044724087E-01    0.150182629247657E-01
    0.281172542795739E-01    0.219754907897705E-01
    0.352730435550813E-01    0.303991346210907E-01
    0.422520488319479E-01    0.401962576493790E-01
    0.488096897806425E-01    0.512280862134263E-01
    0.546524410192959E-01    0.632844463980132E-01
    0.596505932428870E-01    0.761359567581618E-01
    0.635928278931650E-01    0.894972624410657E-01
    0.665064286810172E-01    0.103138307173708E+00
    0.682972334412295E-01    0.116731208164626E+00
    0.691356124633895E-01    0.130149667152731E+00
    0.690572902712119E-01    0.143034737930648E+00
    0.683165961314769E-01    0.155439169963659E+00
    0.670666772219881E-01    0.166961106710691E+00
    0.655836859450340E-01    0.177860648829931E+00
    0.641036274332418E-01    0.187653730840299E+00
    0.629011029910369E-01    0.196804322394759E+00
    0.622359878593397E-01    0.204668496258379E+00
    0.624222926570618E-01    0.211895638976698E+00
    0.636648399288319E-01    0.217589103973176E+00
    0.663885786441111E-01    0.222463543962494E+00
    0.704585819249532E-01    0.225284847189986E+00
    0.766100018755756E-01    0.226657321167269E+00
    0.844019102615193E-01    0.225587195536330E+00
    0.941166700890003E-01    0.220771076920508E+00
    0.105208790547502E+00    0.212839125313325E+00
    0.116387941209258E+00    0.199473933092394E+00
    0.127351073313185E+00    0.182077052834325E+00
    0.135922214999888E+00    0.159262839541825E+00
    0.141975413723662E+00    0.132395050005680E+00
    0.142318044589830E+00    0.102135286801652E+00
    0.136248701051410E+00    0.697022373881201E-01
    0.115217931032089E+00    0.369311218127027E-01
    0.733938900613573E-01    0.113595783808828E-01
    0.000000000000000E+00    0.000000000000000E+00
    0.000000000000000E+00    0.000000000000000E+00
   -0.100062443829007E-02    0.103982711134291E-03
   -0.155592267328047E-03    0.609214774945351E-03
    0.218998915872620E-02    0.181195620198948E-02
    0.574460742192108E-02    0.395358427026956E-02
    0.102191092011439E-01    0.724286079911322E-02
    0.153733922537304E-01    0.118245774084339E-01
    0.209407065202336E-01    0.177754191874931E-01
    0.266853216027509E-01    0.251297476646119E-01
    0.323631596533035E-01    0.338169211875824E-01
    0.377494810588351E-01    0.437700555614017E-01
    0.426522106902368E-01    0.547840801769705E-01
    0.469018374610261E-01    0.667302150939841E-01
    0.503906830800230E-01    0.793025173287482E-01
    0.530502119807087E-01    0.923771350515915E-01
    0.548733792463724E-01    0.105585739303837E+00
    0.559094349168268E-01    0.118884908240816E+00
    0.562464818140452E-01    0.131872342532297E+00
    0.560350287756889E-01    0.144643668468835E+00
    0.554374303444132E-01    0.156770191443628E+00
    0.546760306006340E-01    0.168517312376858E+00
    0.539623302231606E-01    0.179406038835126E+00
    0.535744258146941E-01    0.189886174563945E+00
    0.537564220487455E-01    0.199353663847457E+00
    0.548646806593218E-01    0.208465612333831E+00
    0.571280072219479E-01    0.216330591249993E+00
    0.610152923945758E-01    0.223768673880238E+00
    0.667371331060596E-01    0.229392798752412E+00
    0.750213044955114E-01    0.234442212555300E+00
    0.857667856628540E-01    0.236555747947634E+00
    0.991015762955237E-01    0.235332322773946E+00
    0.115466114435693E+00    0.230067992520686E+00
    0.131447104547635E+00    0.218941711621696E+00
    0.148709482740016E+00    0.201889681242917E+00
    0.162168971715911E+00    0.178491705561859E+00
    0.173009796260287E+00    0.149561798929757E+00
    0.176507220788019E+00    0.116486268007953E+00
    0.171707065697888E+00    0.802594183114210E-01
    0.148109463895914E+00    0.430761443833360E-01
    0.959966787040528E-01    0.134193932039286E-01
    0.000000000000000E+00    0.000000000000000E+00
    0.000000000000000E+00    0.000000000000000E+00
   -0.115145314193977E-02   -0.405848938379626E-05
   -0.765298293428487E-03    0.202894811980353E-03
    0.832996072056696E-03    0.951000887780340E-03
    0.340583053693975E-02    0.248630865448301E-02
    0.671698824636747E-02    0.503262700348459E-02
    0.105827406649572E-01    0.875253909290650E-02
    0.147988911382152E-01    0.137338304911035E-01
    0.191945716935639E-01    0.200433341227706E-01
    0.235743009894203E-01    0.276350887944887E-01
    0.277880086119221E-01    0.364743141140368E-01
    0.316557332914217E-01    0.464092289931067E-01
    0.350867596810645E-01    0.573178951341015E-01
    0.379374804917393E-01    0.689828888507158E-01
    0.402125514197049E-01    0.812434303875265E-01
    0.418275394484402E-01    0.938475599816147E-01
    0.428881144088571E-01    0.106671893739854E+00
    0.433878118815427E-01    0.119439136128679E+00
    0.435051550201299E-01    0.132146506627179E+00
    0.433255711967784E-01    0.144472903127827E+00
    0.430589622501302E-01    0.156615166200747E+00
    0.428945520879082E-01    0.168148788863072E+00
    0.430488053175148E-01    0.179561897038848E+00
    0.438326607674408E-01    0.190186670339863E+00
    0.454977430676234E-01    0.200940179846220E+00
    0.484050930407414E-01    0.210635619655692E+00
    0.530724536733919E-01    0.220809307050696E+00
    0.598488748233920E-01    0.229007692350638E+00
    0.698241425609046E-01    0.238448795405999E+00
    0.819566827308826E-01    0.244178376412314E+00
    0.991428502255529E-01    0.247877816076700E+00
    0.120084595097631E+00    0.248072458074016E+00
    0.143397274276198E+00    0.239157016065007E+00
    0.167623734945205E+00    0.224289733330500E+00
    0.188316025429585E+00    0.199945876898570E+00
    0.204538981462080E+00    0.169041579746784E+00
    0.211965217549976E+00    0.132837241260843E+00
    0.210273836281814E+00    0.926040237584779E-01
    0.184123426840711E+00    0.500875192332450E-01
    0.122523759720446E+00    0.157183265810000E-01
    0.000000000000000E+00    0.000000000000000E+00
    0.000000000000000E+00    0.000000000000000E+00
   -0.110532578999280E-02   -0.100271389394690E-03
   -0.102046874622604E-02   -0.164732677921543E-03
   -0.204715743086648E-04    0.156501059179359E-03
    0.171446967711151E-02    0.111691632498993E-02
    0.398872477653445E-02    0.295896112053973E-02
    0.669049901649230E-02    0.583049307840323E-02
    0.965432828611407E-02    0.985891133217782E-02
    0.127791509204940E-01    0.150977650046833E-01
    0.159169725586653E-01    0.215515606171577E-01
    0.189621518375386E-01    0.291942839003251E-01
    0.217959708678136E-01    0.379107350139486E-01
    0.243260198133903E-01    0.476245302288566E-01
    0.264819406678195E-01    0.581170652058237E-01
    0.282141448708964E-01    0.693126440794486E-01
    0.295126364789223E-01    0.809116612992436E-01
    0.303915934183147E-01    0.929027264127092E-01
    0.309004119207230E-01    0.104927874896409E+00
    0.311228562703379E-01    0.117099673191132E+00
    0.311572176958911E-01    0.129018924499036E+00
    0.311561904063381E-01    0.140970992776487E+00
    0.312568423399307E-01    0.152513549720530E+00
    0.316928986486707E-01    0.164155773282922E+00
    0.326348052616271E-01    0.175362340186522E+00
    0.344440830708927E-01    0.186960364583109E+00
    0.373938380158078E-01    0.198101834817970E+00
    0.422543967820952E-01    0.210122998543439E+00
    0.495130610397009E-01    0.221394167881715E+00
    0.600225081987704E-01    0.235153623256770E+00
    0.737059598708759E-01    0.245686006080591E+00
    0.952789827512002E-01    0.257950002207675E+00
    0.124417081425276E+00    0.263813697861120E+00
    0.156048270746150E+00    0.259850718806716E+00
    0.189832874801737E+00    0.246929569327638E+00
    0.217624937573842E+00    0.223600938277326E+00
    0.241432249520985E+00    0.189865981020225E+00
    0.254684899298978E+00    0.150708718179931E+00
    0.255266505274798E+00    0.106040843655183E+00
    0.226878773445364E+00    0.578476050176374E-01
    0.153244104176420E+00    0.183266960603507E-01
    0.000000000000000E+00    0.000000000000000E+00
    0.000000000000000E+00    0.000000000000000E+00
   -0.874311087927062E-03   -0.181727467326753E-03
   -0.931423190223546E-03   -0.475914554840929E-03
   -0.387514933194559E-03   -0.516988918242267E-03
    0.649759024832014E-03   -0.622105545937408E-04
    0.203748904279920E-02    0.111880696182988E-02
    0.371021311384426E-02    0.318307913840995E-02
    0.555800188167413E-02    0.623500256557855E-02
    0.752388832833282E-02    0.103676820499214E-01
    0.950965354037262E-02    0.155692800400252E-01
    0.114592701393200E-01    0.218603950441833E-01
    0.132793471387072E-01    0.291422471238059E-01
    0.149344840527133E-01    0.373543720419566E-01
    0.163420650061706E-01    0.463508853512284E-01
    0.175118026126208E-01    0.560067737532495E-01
    0.183824252304263E-01    0.661659682422037E-01
    0.190195097112533E-01    0.766844210862483E-01
    0.193953626114682E-01    0.874202640764570E-01
    0.196218691997593E-01    0.982754850582671E-01
    0.197216120800883E-01    0.109128871612448E+00
    0.198284059100657E-01    0.120005865944509E+00
    0.200452589796297E-01    0.130786073025863E+00
    0.205009186681182E-01    0.141715409734355E+00
    0.214292155834280E-01    0.152611113616444E+00
    0.229524819282038E-01    0.164129325708644E+00
    0.256267156683361E-01    0.175729613651917E+00
    0.295566837749215E-01    0.189249869718990E+00
    0.363415159230328E-01    0.203253909409443E+00
    0.463744990368316E-01    0.220523907179727E+00
    0.595426732540186E-01    0.233671756080296E+00
    0.805918442066710E-01    0.258567114437923E+00
    0.112924436332425E+00    0.276610063699349E+00
    0.159271110231388E+00    0.277132073381828E+00
    0.204747116976840E+00    0.272320602768045E+00
    0.246501536844387E+00    0.248167719400436E+00
    0.278851638412963E+00    0.212342471871637E+00
    0.297426327634278E+00    0.169965261268354E+00
    0.301459160626796E+00    0.119769824301560E+00
    0.271373065382384E+00    0.671497515425985E-01
    0.189780065461423E+00    0.220444932783977E-01
    0.000000000000000E+00    0.000000000000000E+00
    0.000000000000000E+00    0.000000000000000E+00
   -0.520224553664769E-03   -0.199350512044875E-03
   -0.603327846882966E-03   -0.616499257180714E-03
   -0.390093113401678E-03   -0.909228626453550E-03
    0.107097238462505E-03   -0.864099452196931E-03
    0.760293088600758E-03   -0.250898102361738E-03
    0.159102631655539E-02    0.100878705718995E-02
    0.248202340848005E-02    0.307691054944711E-02
    0.347125996399356E-02    0.595824778857057E-02
    0.444591185691809E-02    0.974023392320039E-02
    0.544041486770108E-02    0.143642615584628E-01
    0.635025544439790E-02    0.198440669877397E-01
    0.720624914750697E-02    0.260687637632850E-01
    0.792359218508846E-02    0.329864774543217E-01
    0.853816105309003E-02    0.404596019368337E-01
    0.899127741373903E-02    0.483914801218638E-01
    0.933713300119012E-02    0.566534616231125E-01
    0.953810107147434E-02    0.651386511386013E-01
    0.968152750161086E-02    0.737616983719431E-01
    0.973680010275984E-02    0.824504638425490E-01
    0.983964238838020E-02    0.911893532905363E-01
    0.995087893848655E-02    0.999900253617396E-01
    0.102760032727892E-01    0.108925975402419E+00
    0.107676549241986E-01    0.118149467662599E+00
    0.117745001522397E-01    0.127865963079926E+00
    0.132425342062691E-01    0.138483646873477E+00
    0.156095009659017E-01    0.150862073636096E+00
    0.189403070703656E-01    0.164932405075888E+00
    0.248458676192031E-01    0.179852813804472E+00
    0.338957846188286E-01    0.199318932717239E+00
    0.529107946586617E-01    0.238041846495804E+00
    0.920723350406657E-01    0.266872912969960E+00
    0.150743089111910E+00    0.289428148755083E+00
    0.218696609370215E+00    0.291086744662978E+00
    0.279929353739622E+00    0.267374184711062E+00
    0.319268854040614E+00    0.232420692469265E+00
    0.347131476525188E+00    0.188397879356339E+00
    0.357008474201575E+00    0.133334537743517E+00
    0.330688762158000E+00    0.784631191905939E-01
    0.236682554390711E+00    0.264764937692843E-01
    0.000000000000000E+00    0.000000000000000E+00
    0.000000000000000E+00    0.000000000000000E+00
   -0.145947519720869E-03   -0.145947519720877E-03
   -0.196585560300242E-03   -0.522212110733639E-03
   -0.161118430975648E-03   -0.844197033948999E-03
   -0.231252479471407E-04   -0.992660041933201E-03
    0.153269456350509E-03   -0.817941686670599E-03
    0.387763393478470E-03   -0.251570060232358E-03
    0.636641873116386E-03    0.766699536653145E-03
    0.914604324437370E-03    0.230762024822565E-02
    0.119389760035605E-02    0.434928075902238E-02
    0.147572239972691E-02    0.695341258330893E-02
    0.174232296086196E-02    0.100370656415290E-01
    0.198656469386471E-02    0.136334732368741E-01
    0.220091680089041E-02    0.176236295818436E-01
    0.237719270272268E-02    0.220027918475265E-01
    0.251565303919019E-02    0.266488584018057E-01
    0.261533130035649E-02    0.315268392029943E-01
    0.268042148132114E-02    0.365428255813013E-01
    0.272272004581791E-02    0.416561171026061E-01
    0.274786327574240E-02    0.468253736018633E-01
    0.278127250901092E-02    0.520363713605226E-01
    0.283074356983552E-02    0.573230713103066E-01
    0.293531758488705E-02    0.627257958619095E-01
    0.311774639395808E-02    0.684036508809742E-01
    0.344322622544569E-02    0.745225524004633E-01
    0.401615922429012E-02    0.813949073357586E-01
    0.480766898453423E-02    0.893807430968919E-01
    0.578333838051395E-02    0.991940864194722E-01
    0.746271308741614E-02    0.110797582287730E+00
    0.116595255840003E-01    0.129085844438347E+00
    0.198894049803970E-01    0.171174320554096E+00
    0.598565166339852E-01    0.213899742969589E+00
    0.104411317479571E+00    0.224509402753878E+00
    0.219009815023634E+00    0.287404774670526E+00
    0.308526960604293E+00    0.277210407986239E+00
    0.363167196219874E+00    0.243907587985229E+00
    0.395230908387336E+00    0.206052382176917E+00
    0.409480070083369E+00    0.150688664675338E+00
    0.382769093590946E+00    0.966876484294847E-01
    0.289689880301033E+00    0.412010326943354E-01
    0.000000000000000E+00    0.000000000000000E+00
    0.000000000000000E+00    0.000000000000000E+00
    0.000000000000000E+00    0.000000000000000E+00
    0.000000000000000E+00    0.000000000000000E+00
    0.000000000000000E+00    0.000000000000000E+00
    0.000000000000000E+00    0.000000000000000E+00
    0.000000000000000E+00    0.000000000000000E+00
    0.000000000000000E+00    0.000000000000000E+00
    0.000000000000000E+00    0.000000000000000E+00
    0.000000000000000E+00    0.000000000000000E+00
    0.000000000000000E+00    0.000000000000000E+00
    0.000000000000000E+00    0.000000000000000E+00
    0.000000000000000E+00    0.000000000000000E+00
    0.000000000000000E+00    0.000000000000000E+00
    0.000000000000000E+00    0.000000000000000E+00
    0.000000000000000E+00    0.000000000000000E+00
    0.000000000000000E+00    0.000000000000000E+00
    0.000000000000000E+00    0.000000000000000E+00
    0.000000000000000E+00    0.000000000000000E+00
    0.000000000000000E+00    0.000000000000000E+00
    0.000000000000000E+00    0.000000000000000E+00
    0.000000000000000E+00    0.000000000000000E+00
    0.000000000000000E+00    0.000000000000000E+00
    0.000000000000000E+00    0.000000000000000E+00
    0.000000000000000E+00    0.000000000000000E+00
    0.000000000000000E+00    0.000000000000000E+00
    0.000000000000000E+00    0.000000000000000E+00
    0.000000000000000E+00    0.000000000000000E+00
    0.000000000000000E+00    0.000000000000000E+00
    0.000000000000000E+00    0.000000000000000E+00
    0.000000000000000E+00    0.000000000000000E+00
    0.000000000000000E+00    0.000000000000000E+00
    0.000000000000000E+00    0.000000000000000E+00
    0.000000000000000E+00    0.000000000000000E+00
    0.210656964578176E+00    0.242264223178532E+00
    0.297324095351626E+00    0.285625075154182E+00
    0.388705817858467E+00    0.246320008735707E+00
    0.444857523556360E+00    0.209770920274563E+00
    0.462757313123322E+00    0.163190899020473E+00
    0.449057354395913E+00    0.106790811278440E+00
    0.324650013858494E+00    0.554805276198137E-01
    0.000000000000000E+00    0.000000000000000E+00
