    0.000000000000000E+00    0.000000000000000E+00
    0.437500000000000E-01    0.000000000000000E+00
    0.750000000000000E-01    0.000000000000000E+00
    0.937500000000000E-01    0.000000000000000E+00
    0.100000000000000E+00    0.000000000000000E+00
    0.937500000000000E-01    0.000000000000000E+00
    0.750000000000000E-01    0.000000000000000E+00
    0.437500000000000E-01    0.000000000000000E+00
    0.000000000000000E+00    0.000000000000000E+00
    0.000000000000000E+00    0.000000000000000E+00
    0.000000000000000E+00    0.000000000000000E+00
    0.000000000000000E+00    0.000000000000000E+00
    0.000000000000000E+00    0.000000000000000E+00
    0.000000000000000E+00    0.000000000000000E+00
    0.000000000000000E+00    0.000000000000000E+00
    0.000000000000000E+00    0.000000000000000E+00
    0.000000000000000E+00    0.000000000000000E+00
    0.000000000000000E+00    0.000000000000000E+00
    0.000000000000000E+00    0.000000000000000E+00
    0.000000000000000E+00    0.000000000000000E+00
    0.000000000000000E+00    0.000000000000000E+00
    0.000000000000000E+00    0.000000000000000E+00
    0.000000000000000E+00    0.000000000000000E+00
    0.000000000000000E+00    0.000000000000000E+00
    0.000000000000000E+00    0.000000000000000E+00
    0.000000000000000E+00    0.000000000000000E+00
    0.000000000000000E+00    0.000000000000000E+00
    0.000000000000000E+00    0.000000000000000E+00
    0.000000000000000E+00    0.000000000000000E+00
    0.000000000000000E+00    0.000000000000000E+00
    0.000000000000000E+00    0.000000000000000E+00
    0.000000000000000E+00    0.000000000000000E+00
    0.000000000000000E+00    0.000000000000000E+00
    0.000000000000000E+00    0.000000000000000E+00
    0.000000000000000E+00    0.000000000000000E+00
    0.000000000000000E+00    0.000000000000000E+00
    0.000000000000000E+00    0.000000000000000E+00
    0.000000000000000E+00    0.000000000000000E+00
    0.000000000000000E+00    0.000000000000000E+00
    0.000000000000000E+00    0.000000000000000E+00
    0.000000000000000E+00    0.000000000000000E+00
    0.000000000000000E+00    0.000000000000000E+00
    0.430539570161412E-01    0.715383009186933E-03
    0.736442806011675E-01    0.285179175626109E-02
    0.921572664348294E-01    0.557594463008112E-02
    0.982834191183785E-01    0.873552046142442E-02
    0.914341919758056E-01    0.128160532409985E-01
    0.728479406022488E-01    0.148879656757463E-01
    0.428265652724961E-01    0.178498471145916E-01
    0.118140970916050E-01    0.136289736289917E-01
    0.187951927332330E-02    0.136278854222214E-02
    0.500325872291312E-03   -0.326097386719267E-02
    0.354536232041746E-03   -0.339002499319593E-02
    0.648943633646223E-03   -0.477213321654513E-02
    0.649816122199792E-03   -0.593290683813369E-02
    0.581091215218597E-03   -0.712258136998842E-02
    0.574912932244063E-03   -0.830198551812580E-02
    0.570937850143647E-03   -0.945675357585996E-02
    0.546720995640894E-03   -0.105299002583711E-01
    0.493716296203633E-03   -0.115313678597879E-01
    0.426074793549908E-03   -0.124107858979919E-01
    0.335900897052101E-03   -0.131304470021177E-01
    0.235199619297178E-03   -0.136668959075149E-01
    0.118059572329032E-03   -0.139868144677409E-01
   -0.718942432076513E-05   -0.140773706298437E-01
   -0.140193823640667E-03   -0.139142924564820E-01
   -0.275168518143399E-03   -0.134994517900548E-01
   -0.404779506555879E-03   -0.128275521864001E-01
   -0.527288965903311E-03   -0.119175475547558E-01
   -0.628302452025111E-03   -0.107941447698014E-01
   -0.711652338235563E-03   -0.949153207898516E-02
   -0.757980582568795E-03   -0.807180411043166E-02
   -0.777878878331702E-03   -0.657573867481647E-02
   -0.751352771145366E-03   -0.510159703179692E-02
   -0.694463088782881E-03   -0.368263270169496E-02
   -0.593972179242431E-03   -0.243609150317649E-02
   -0.467960390311524E-03   -0.137520278723310E-02
   -0.319436252827815E-03   -0.604944804600006E-03
   -0.163743273675569E-03   -0.103001870821019E-03
   -0.350470598100353E-04    0.101424152040949E-03
    0.638892358200785E-04    0.638892358200779E-04
    0.000000000000000E+00    0.000000000000000E+00
    0.000000000000000E+00    0.000000000000000E+00
    0.408788682184109E-01    0.137772095846697E-02
    0.702988041521240E-01    0.477685472462303E-02
    0.880059250206368E-01    0.939557488066634E-02
    0.938158951631091E-01    0.143557051960810E-01
    0.876991495273692E-01    0.194192961713039E-01
    0.705959018034596E-01    0.219302509694510E-01
    0.475185597203619E-01    0.213606928000749E-01
    0.236163907593102E-01    0.156374776278245E-01
    0.879272733952445E-02    0.473433948693960E-02
    0.420864941215692E-02   -0.248096578376258E-02
    0.302926563482287E-02   -0.565857622277610E-02
    0.272003580844651E-02   -0.914366849472558E-02
    0.259109037684714E-02   -0.122128851616023E-01
    0.240878190611099E-02   -0.147452491954113E-01
    0.231633940098262E-02   -0.170286260757875E-01
    0.219067634384738E-02   -0.191762949130729E-01
    0.203901939600098E-02   -0.211419090993380E-01
    0.180005692707402E-02   -0.228879113552823E-01
    0.151973640035231E-02   -0.243750523197373E-01
    0.116807224842612E-02   -0.255423253868974E-01
    0.779401268194942E-03   -0.263608041753134E-01
    0.339252749437650E-03   -0.267844662488818E-01
   -0.126176628564532E-03   -0.267934510848032E-01
   -0.613808669167048E-03   -0.263605084587963E-01
   -0.110191352012528E-02   -0.254875701988855E-01
   -0.157103111041496E-02   -0.241787878164887E-01
   -0.200329515473925E-02   -0.224670386094579E-01
   -0.236850028606541E-02   -0.203960053183557E-01
   -0.265280992695127E-02   -0.180354031741842E-01
   -0.282646185186408E-02   -0.154682298212226E-01
   -0.288050810109865E-02   -0.127983671726032E-01
   -0.280092745770724E-02   -0.101350154695216E-01
   -0.258356399233663E-02   -0.760149365488409E-02
   -0.224603939793101E-02   -0.530445888079433E-02
   -0.178820877545909E-02   -0.336230966557411E-02
   -0.127314353820306E-02   -0.183832026790220E-02
   -0.707993703410300E-03   -0.804784491123406E-03
   -0.227123327538077E-03   -0.211948471005561E-03
    0.104481202875420E-03   -0.293033375601712E-04
    0.000000000000000E+00    0.000000000000000E+00
    0.000000000000000E+00    0.000000000000000E+00
    0.380303559320923E-01    0.175844999711749E-02
    0.658432761554234E-01    0.570862939372444E-02
    0.827367346053680E-01    0.110178196006092E-01
    0.886446091727473E-01    0.160342411439327E-01
    0.833169584441571E-01    0.208770017096919E-01
    0.692159156437334E-01    0.225286051198064E-01
    0.501824575695295E-01    0.205993258694027E-01
    0.312049010468373E-01    0.148595981197774E-01
    0.182814090026183E-01    0.513459679209947E-02
    0.116968075481800E-01   -0.291773352396821E-02
    0.826403395350335E-02   -0.864342716390148E-02
    0.651514159170618E-02   -0.138535828527224E-01
    0.572642134847653E-02   -0.184925280897677E-01
    0.530208369226103E-02   -0.223294687607837E-01
    0.497971523936994E-02   -0.256014602325419E-01
    0.464173715867283E-02   -0.286290887581154E-01
    0.420351976891815E-02   -0.312681651974776E-01
    0.366033413165873E-02   -0.335593290102059E-01
    0.301465483439507E-02   -0.354174408366180E-01
    0.226981792075473E-02   -0.368366882939516E-01
    0.143228837295896E-02   -0.377446516731882E-01
    0.519496376221634E-03   -0.381329844972896E-01
   -0.450829395140677E-03   -0.379526673736192E-01
   -0.144999068133717E-02   -0.372045561519570E-01
   -0.244638023064189E-02   -0.358789103931843E-01
   -0.340240630230495E-02   -0.340000518058609E-01
   -0.427325091395318E-02   -0.316083295889001E-01
   -0.501864687063584E-02   -0.287617865059013E-01
   -0.558846639526430E-02   -0.255534855444781E-01
   -0.595004624528055E-02   -0.220814356090719E-01
   -0.606340895770565E-02   -0.184788156029647E-01
   -0.591647662131574E-02   -0.148798642569505E-01
   -0.549710693797411E-02   -0.114292806673453E-01
   -0.482830011890696E-02   -0.827472027916665E-02
   -0.393866824353508E-02   -0.553574110882017E-02
   -0.290345644388722E-02   -0.332423271790028E-02
   -0.180065388186484E-02   -0.169691599265940E-02
   -0.799358980772154E-03   -0.639303062564977E-03
   -0.742025268058389E-04   -0.140317272491183E-03
    0.000000000000000E+00    0.000000000000000E+00
    0.000000000000000E+00    0.000000000000000E+00
    0.349645649854971E-01    0.171749012956590E-02
    0.610878549939581E-01    0.565690606491787E-02
    0.775901560319708E-01    0.107094643550489E-01
    0.838469634436339E-01    0.153629625822636E-01
    0.807337837767922E-01    0.188503291210179E-01
    0.695431544109192E-01    0.196300446104088E-01
    0.544724518395002E-01    0.169786828700388E-01
    0.391199004659762E-01    0.112353994235524E-01
    0.267255956488131E-01    0.317026125419002E-02
    0.192362860656348E-01   -0.513399623593739E-02
    0.146746532285533E-01   -0.125433389313963E-01
    0.118799039284641E-01   -0.190384728987030E-01
    0.103309717840363E-01   -0.246975415375999E-01
    0.934632371561105E-02   -0.295112917199141E-01
    0.856141733855954E-02   -0.336064423830157E-01
    0.777518026384700E-02   -0.372768105288356E-01
    0.690507850780080E-02   -0.404318231942190E-01
    0.589179317970050E-02   -0.430570765929180E-01
    0.475052380655241E-02   -0.451311289886683E-01
    0.346324928779181E-02   -0.466316849175476E-01
    0.205636192884369E-02   -0.475252137137149E-01
    0.537825780213520E-03   -0.477797880683132E-01
   -0.105017692535650E-02   -0.473795011849158E-01
   -0.267561622368928E-02   -0.463101239975847E-01
   -0.428175544226352E-02   -0.445859003170460E-01
   -0.581489565468975E-02   -0.422268836274006E-01
   -0.720750817104731E-02   -0.392884817234145E-01
   -0.839272122234164E-02   -0.358344107793995E-01
   -0.930393863408013E-02   -0.319680549948911E-01
   -0.987840945745488E-02   -0.277982616226148E-01
   -0.100696700726566E-01   -0.234720741326920E-01
   -0.984397520130350E-02   -0.191324141286619E-01
   -0.919637326292960E-02   -0.149492990543560E-01
   -0.814963649269865E-02   -0.110716181042495E-01
   -0.675796774287239E-02   -0.765537466303942E-02
   -0.512549551843222E-02   -0.480883615016480E-02
   -0.338627881980565E-02   -0.262365480373186E-02
   -0.175305069580798E-02   -0.110616503686139E-02
   -0.504023034116565E-03   -0.263278576523587E-03
    0.000000000000000E+00    0.000000000000000E+00
    0.000000000000000E+00    0.000000000000000E+00
    0.319222649555891E-01    0.149304259455350E-02
    0.566725362294903E-01    0.481088516138245E-02
    0.728042485321252E-01    0.916540483442935E-02
    0.800186759714754E-01    0.127928206003394E-01
    0.787554763929954E-01    0.151982413863432E-01
    0.707460516671172E-01    0.151327272540180E-01
    0.589686998162921E-01    0.120759388419114E-01
    0.463247666416317E-01    0.648399959635263E-02
    0.353093143717567E-01   -0.103320999849843E-02
    0.272425977587092E-01   -0.919078341402966E-02
    0.217925052712081E-01   -0.171932576531854E-01
    0.182110363311043E-01   -0.242990529057238E-01
    0.158848229186342E-01   -0.306142587289812E-01
    0.142288699929729E-01   -0.360891722415858E-01
    0.127801077836623E-01   -0.407570352816757E-01
    0.113792506962935E-01   -0.448478528301992E-01
    0.991361904985620E-02   -0.482888881402097E-01
    0.832094580521164E-02   -0.511003239794714E-01
    0.656520855427739E-02   -0.532386745422187E-01
    0.464914203550078E-02   -0.547361472043514E-01
    0.257395758181316E-02   -0.555295843059815E-01
    0.375506119876609E-03   -0.556312713200084E-01
   -0.191047487185605E-02   -0.550052381337052E-01
   -0.422801342569383E-02   -0.536655683130780E-01
   -0.650706767455894E-02   -0.516185639136709E-01
   -0.867767038307595E-02   -0.488937999933328E-01
   -0.106392100291034E-01   -0.455520631746296E-01
   -0.123189688624178E-01   -0.416503536392085E-01
   -0.136036856535468E-01   -0.373079196269979E-01
   -0.144354970635709E-01   -0.326189247366277E-01
   -0.147210188882369E-01   -0.277513767670242E-01
   -0.144412705860781E-01   -0.228372215545641E-01
   -0.135622227346138E-01   -0.180669188559722E-01
   -0.121315448730645E-01   -0.135912473729695E-01
   -0.102075517292073E-01   -0.958487521084018E-02
   -0.793289825423720E-02   -0.617187992921847E-02
   -0.547901680955338E-02   -0.347170322479486E-02
   -0.311431181070890E-02   -0.152134751463293E-02
   -0.114997690074166E-02   -0.378101122824479E-03
    0.000000000000000E+00    0.000000000000000E+00
    0.000000000000000E+00    0.000000000000000E+00
    0.295752979498152E-01    0.115347698729109E-02
    0.530821060862710E-01    0.376318607298575E-02
    0.692802710394818E-01    0.698259024025784E-02
    0.773384339203486E-01    0.954921402278505E-02
    0.780561206955868E-01    0.107687132140114E-01
    0.725921930644722E-01    0.987222915935186E-02
    0.634504199161794E-01    0.656741272192991E-02
    0.530762238795503E-01    0.101184827651097E-02
    0.432523358840075E-01   -0.614585199220237E-02
    0.353147301428072E-01   -0.140343843706547E-01
    0.293447009286639E-01   -0.219993824158996E-01
    0.250657190103391E-01   -0.293234336747559E-01
    0.219113977023322E-01   -0.358757857066447E-01
    0.194736205455635E-01   -0.416944664300213E-01
    0.173132460984719E-01   -0.467039849190155E-01
    0.152189783999843E-01   -0.509944390902663E-01
    0.130758922622323E-01   -0.545588207779599E-01
    0.108075243697750E-01   -0.574090947735761E-01
    0.836632545384450E-02   -0.595375055320469E-01
    0.574670010476509E-02   -0.609573037440453E-01
    0.295347681424465E-02   -0.616438026320854E-01
    0.239548222393563E-04   -0.615921508799435E-01
   -0.299834313848996E-02   -0.607926504969546E-01
   -0.604147267069000E-02   -0.592534357424603E-01
   -0.902920633741271E-02   -0.569869504597350E-01
   -0.118592447820444E-01   -0.540270092363360E-01
   -0.144303609591088E-01   -0.504213171964263E-01
   -0.166217900864145E-01   -0.462406275324964E-01
   -0.183274385124159E-01   -0.415780955884601E-01
   -0.194325362973842E-01   -0.365477636924697E-01
   -0.198600391449119E-01   -0.312903431362032E-01
   -0.195384863484172E-01   -0.259599712539218E-01
   -0.184619861717354E-01   -0.207309242012570E-01
   -0.166455959610440E-01   -0.157774390675110E-01
   -0.141926130894777E-01   -0.112748839216076E-01
   -0.112406280953138E-01   -0.737843124456935E-02
   -0.802684661500479E-02   -0.422128630185968E-02
   -0.482666338594675E-02   -0.189557076630639E-02
   -0.201892540274670E-02   -0.477169204921816E-03
    0.000000000000000E+00    0.000000000000000E+00
    0.000000000000000E+00    0.000000000000000E+00
    0.277598445915535E-01    0.782959625128445E-03
    0.505521362242788E-01    0.251510093992717E-02
    0.667933548274225E-01    0.467002608529014E-02
    0.759005054117308E-01    0.610271345515216E-02
    0.782444177396121E-01    0.630476961251206E-02
    0.749690433036422E-01    0.471394406344159E-02
    0.680076372514595E-01    0.107850824595953E-02
    0.593457711455388E-01   -0.440655483163422E-02
    0.506862133255136E-01   -0.112912216962585E-01
    0.431038056986744E-01   -0.188599018199111E-01
    0.369518874919463E-01   -0.265417660274642E-01
    0.321347050913814E-01   -0.337727992846527E-01
    0.282245675033504E-01   -0.403277223681823E-01
    0.249615413565837E-01   -0.461795831662933E-01
    0.220006486736576E-01   -0.512587579951251E-01
    0.191561380884607E-01   -0.555650650405818E-01
    0.162780687364922E-01   -0.591070337683400E-01
    0.132868595184507E-01   -0.619115593617777E-01
    0.101131571103518E-01   -0.639607290555964E-01
    0.675858058110219E-02   -0.652875508480811E-01
    0.322123527162651E-02   -0.658630623944900E-01
   -0.455442180325623E-03   -0.657006636017750E-01
   -0.422317821513630E-02   -0.647887490106128E-01
   -0.800507844586039E-02   -0.631395865006599E-01
   -0.117030737518077E-01   -0.607691798782915E-01
   -0.152152646845532E-01   -0.576973583649956E-01
   -0.183998005527156E-01   -0.539818781676710E-01
   -0.211437323645754E-01   -0.496632922042011E-01
   -0.232839024274552E-01   -0.448514463561346E-01
   -0.247210581429196E-01   -0.396208503981005E-01
   -0.253140946953818E-01   -0.341365061435955E-01
   -0.250152603821760E-01   -0.285141635980530E-01
   -0.237639933836435E-01   -0.229612369025854E-01
   -0.216095986783994E-01   -0.176257130027247E-01
   -0.186261628854166E-01   -0.127263172126969E-01
   -0.149994685871809E-01   -0.841227502963382E-02
   -0.109647995889070E-01   -0.487014278972269E-02
   -0.685594082510640E-02   -0.221003646685163E-02
   -0.305351599025028E-02   -0.564654410837699E-03
    0.000000000000000E+00    0.000000000000000E+00
    0.000000000000000E+00    0.000000000000000E+00
    0.266396611796593E-01    0.477813779938641E-03
    0.489094038227044E-01    0.148386035190236E-02
    0.654674992717464E-01    0.257703740211316E-02
    0.754398228345375E-01    0.299840395102134E-02
    0.792913070917610E-01    0.229678206261729E-02
    0.778224133456176E-01    0.733321916763162E-04
    0.726859780790943E-01   -0.380886709785318E-02
    0.655516641215703E-01   -0.921940155259731E-02
    0.578240052674245E-01   -0.157684134410478E-01
    0.506187704110105E-01   -0.229254844861320E-01
    0.442645969474544E-01   -0.301824842944107E-01
    0.389504774730241E-01   -0.371395534552335E-01
    0.343697030475517E-01   -0.435230704597726E-01
    0.303457529287457E-01   -0.492313424889651E-01
    0.266130037927723E-01   -0.541946557585847E-01
    0.230140426028371E-01   -0.583892534553965E-01
    0.193802734008020E-01   -0.618187623612091E-01
    0.156523280372063E-01   -0.645148818948802E-01
    0.117405998632389E-01   -0.664683776007750E-01
    0.765496980178179E-02   -0.676994493666473E-01
    0.337834511116947E-02   -0.681983940195653E-01
   -0.102972061993814E-02   -0.679772140891531E-01
   -0.553505258189275E-02   -0.670284919031447E-01
   -0.100339871580537E-01   -0.653685100583224E-01
   -0.144437752328070E-01   -0.630003881931308E-01
   -0.186209136602758E-01   -0.599526463195699E-01
   -0.224420283169629E-01   -0.562533450441397E-01
   -0.257360194553269E-01   -0.519555204150218E-01
   -0.283611581578439E-01   -0.471277842729057E-01
   -0.301470099943753E-01   -0.418608307188964E-01
   -0.309772282064807E-01   -0.362767317976536E-01
   -0.307302814988675E-01   -0.305133380246054E-01
   -0.293775098504557E-01   -0.247449932376318E-01
   -0.269070687817512E-01   -0.191517845813616E-01
   -0.234389668137681E-01   -0.139374961048387E-01
   -0.191220141744140E-01   -0.929827981046367E-02
   -0.142528143219976E-01   -0.542456879749058E-02
   -0.915045919178400E-02   -0.248791247595667E-02
   -0.425367126605845E-02   -0.637995422261052E-03
    0.000000000000000E+00    0.000000000000000E+00
    0.000000000000000E+00    0.000000000000000E+00
    0.260437246656763E-01    0.196080779685471E-03
    0.482120067976436E-01    0.570176754702857E-03
    0.650672456306116E-01    0.844193048108035E-03
    0.759272274013426E-01    0.479946626009686E-03
    0.810088714153378E-01   -0.932647677380096E-03
    0.810367104456880E-01   -0.357689657633449E-02
    0.773945918012364E-01   -0.763982804822626E-02
    0.714700004303375E-01   -0.129313248435539E-01
    0.645855284971703E-01   -0.191394085311207E-01
    0.576917531875017E-01   -0.258854868333734E-01
    0.512433461176578E-01   -0.326679023202724E-01
    0.454904973295689E-01   -0.392368704528718E-01
    0.402949932989693E-01   -0.452851553972837E-01
    0.355731860954897E-01   -0.507153661490613E-01
    0.311045354810326E-01   -0.554397183527061E-01
    0.267662189021040E-01   -0.594374383774515E-01
    0.223945980109877E-01   -0.627006161339165E-01
    0.179326206654290E-01   -0.652573466552971E-01
    0.133016130572803E-01   -0.671042689348071E-01
    0.849929065145446E-02   -0.682575819122186E-01
    0.351639103127562E-02   -0.687179539512667E-01
   -0.160143040367166E-02   -0.684932658748030E-01
   -0.680477607027788E-02   -0.675863579007034E-01
   -0.120039231195161E-01   -0.659989813013535E-01
   -0.170895273462029E-01   -0.637454828957230E-01
   -0.219338493079452E-01   -0.608268719296060E-01
   -0.263717140477886E-01   -0.572826297089805E-01
   -0.302493372070761E-01   -0.531251834803003E-01
   -0.333653805849959E-01   -0.484367807699606E-01
   -0.355680695180962E-01   -0.432575316418215E-01
   -0.366670151820215E-01   -0.377309896694671E-01
   -0.365624369778056E-01   -0.319418514268311E-01
   -0.351497482804674E-01   -0.261005800863402E-01
   -0.324472830457139E-01   -0.203435828614736E-01
   -0.285152093650364E-01   -0.149280250764730E-01
   -0.235473802646640E-01   -0.100291197303673E-01
   -0.178079496618546E-01   -0.590081215047212E-02
   -0.116739144065929E-01   -0.272138679333738E-02
   -0.557415535500352E-02   -0.704703505853467E-03
    0.000000000000000E+00    0.000000000000000E+00
    0.000000000000000E+00    0.000000000000000E+00
    0.258509363861424E-01    0.345304062141075E-04
    0.480504391000508E-01   -0.739874010796815E-05
    0.653671272336937E-01   -0.323391545451501E-03
    0.769980316032018E-01   -0.126133579505058E-02
    0.831841289657355E-01   -0.310697185424003E-02
    0.844795155127498E-01   -0.603136805040680E-02
    0.820519868905967E-01   -0.100956208749343E-01
    0.771656425945570E-01   -0.151875182072443E-01
    0.709167828098766E-01   -0.210198872722806E-01
    0.642945277346924E-01   -0.272859923429028E-01
    0.577381692238731E-01   -0.336029689436959E-01
    0.516020376374412E-01   -0.397059958541763E-01
    0.458521130404399E-01   -0.453660231146845E-01
    0.404825614032147E-01   -0.504513189266148E-01
    0.353147216567671E-01   -0.548868207422777E-01
    0.302769661365747E-01   -0.586519812124387E-01
    0.252027149091526E-01   -0.617327682678786E-01
    0.200569405708128E-01   -0.641478035820545E-01
    0.147430193546847E-01   -0.658993395744534E-01
    0.927831968444592E-02   -0.670048253947136E-01
    0.362676549631445E-02   -0.674656180248479E-01
   -0.214261024559190E-02   -0.672965822224012E-01
   -0.800838782367045E-02   -0.664932831643096E-01
   -0.138513646727577E-01   -0.650643747421031E-01
   -0.195911630227480E-01   -0.630073738349612E-01
   -0.250594548503387E-01   -0.603290585829684E-01
   -0.301200808656313E-01   -0.570407199571944E-01
   -0.345630769808441E-01   -0.531580704549629E-01
   -0.382140097546726E-01   -0.487249834555839E-01
   -0.408470989172784E-01   -0.437850016830715E-01
   -0.422960454511474E-01   -0.384377174608603E-01
   -0.423737985567178E-01   -0.327783173912342E-01
   -0.410014035237499E-01   -0.269771847744565E-01
   -0.381107165380080E-01   -0.211966689477551E-01
   -0.337986557157515E-01   -0.156693595029585E-01
   -0.281921937886256E-01   -0.106163526218697E-01
   -0.216088535639658E-01   -0.628954697038370E-02
   -0.143911754172523E-01   -0.292714963151229E-02
   -0.702633608847441E-02   -0.761048943331396E-03
    0.000000000000000E+00    0.000000000000000E+00
    0.000000000000000E+00    0.000000000000000E+00
    0.259496363256577E-01   -0.806361742971461E-04
    0.483925062873884E-01   -0.336316232671799E-03
    0.661406701523196E-01   -0.966843920965874E-03
    0.785192518267569E-01   -0.213072089513021E-02
    0.856451090035383E-01   -0.418376848257868E-02
    0.879903858607736E-01   -0.710938781049280E-02
    0.865832129902175E-01   -0.110554103497287E-01
    0.824970597273782E-01   -0.158458893473718E-01
    0.768009489001183E-01   -0.212503011967883E-01
    0.703733007474992E-01   -0.270436122693779E-01
    0.637415188712489E-01   -0.328386651761351E-01
    0.572832329764109E-01   -0.384820829569816E-01
    0.510530563698490E-01   -0.436974771766113E-01
    0.451037287244901E-01   -0.484256680696713E-01
    0.393042989746530E-01   -0.525477554103000E-01
    0.336108965521523E-01   -0.560707391043163E-01
    0.278893524848759E-01   -0.589641613531319E-01
    0.220994403351338E-01   -0.612472164610966E-01
    0.161631590921175E-01   -0.629243806804736E-01
    0.100773566262680E-01   -0.640101976731612E-01
    0.382309617055540E-02   -0.645146979274993E-01
   -0.255546187247022E-02   -0.644438777915817E-01
   -0.901612390483502E-02   -0.638055461993664E-01
   -0.154663742266141E-01   -0.625922453345167E-01
   -0.217997699238240E-01   -0.608131202961871E-01
   -0.278742306559301E-01   -0.584500539936086E-01
   -0.335169332098672E-01   -0.555226572966903E-01
   -0.385413735348742E-01   -0.520106169989178E-01
   -0.427190244997105E-01   -0.479638552810296E-01
   -0.458428257361060E-01   -0.433775339111699E-01
   -0.476708547253550E-01   -0.383615108040392E-01
   -0.480308983341805E-01   -0.329536172273726E-01
   -0.467530166850761E-01   -0.273490941316080E-01
   -0.437868474865683E-01   -0.216559659438748E-01
   -0.391425093092282E-01   -0.161526767792997E-01
   -0.329788078417807E-01   -0.110273039383797E-01
   -0.255535882667353E-01   -0.659316822184345E-02
   -0.172599207436049E-01   -0.308729642775951E-02
   -0.856130947146351E-02   -0.811630753022295E-03
    0.000000000000000E+00    0.000000000000000E+00
    0.000000000000000E+00    0.000000000000000E+00
    0.260968355410165E-01   -0.783489928671136E-04
    0.487776021929558E-01   -0.353742144381564E-03
    0.669936841553644E-01   -0.991612247993240E-03
    0.800447850243546E-01   -0.214815829514794E-02
    0.880206129917861E-01   -0.405902644729983E-02
    0.913125749548010E-01   -0.680357004850672E-02
    0.907764204278764E-01   -0.104120544370164E-01
    0.874299009290587E-01   -0.147839089197242E-01
    0.821877691262362E-01   -0.197066371016981E-01
    0.759592404156845E-01   -0.249569146125246E-01
    0.692443571936400E-01   -0.302565612277356E-01
    0.625040320209453E-01   -0.354029668980688E-01
    0.558339757975193E-01   -0.402098490096980E-01
    0.493595045274083E-01   -0.445703656278217E-01
    0.429834030165107E-01   -0.484094962485677E-01
    0.367010698649439E-01   -0.516989154543658E-01
    0.303848721379675E-01   -0.544277932885262E-01
    0.240202803496195E-01   -0.566013523482161E-01
    0.175105422294909E-01   -0.582297322451226E-01
    0.108765921745332E-01   -0.593292088310587E-01
    0.407043742074007E-02   -0.599082662937697E-01
   -0.283996985863883E-02   -0.599787785273850E-01
   -0.984546857019392E-02   -0.595430364106065E-01
   -0.168269644431187E-01   -0.586008867716341E-01
   -0.237129306358106E-01   -0.571497949755082E-01
   -0.303284818910762E-01   -0.551762843492246E-01
   -0.365346389482322E-01   -0.526798797846116E-01
   -0.420997084559430E-01   -0.496395894273697E-01
   -0.468239169685694E-01   -0.460740096854638E-01
   -0.504347293008101E-01   -0.419738271157914E-01
   -0.527104340494585E-01   -0.374058348977251E-01
   -0.533894575127658E-01   -0.324066662078403E-01
   -0.523157787452446E-01   -0.271237394542025E-01
   -0.493350995039450E-01   -0.216778903635269E-01
   -0.444766182879722E-01   -0.163101120099883E-01
   -0.378045579514660E-01   -0.112429907161896E-01
   -0.296141881490096E-01   -0.677818169885821E-02
   -0.202393412231139E-01   -0.320705586327410E-02
   -0.101951629834753E-01   -0.847624263165918E-03
    0.000000000000000E+00    0.000000000000000E+00
    0.000000000000000E+00    0.000000000000000E+00
    0.262554338150509E-01   -0.276304612879716E-04
    0.491591776860282E-01   -0.111854929955427E-03
    0.677705715064763E-01   -0.531335082849634E-03
    0.814383683039198E-01   -0.133340316279741E-02
    0.901828806505205E-01   -0.289113993680692E-02
    0.943006211149760E-01   -0.515751968929737E-02
    0.945615335902876E-01   -0.827542525798554E-02
    0.918420520620954E-01   -0.120854112356958E-01
    0.870437589257629E-01   -0.164294862132753E-01
    0.809950656665440E-01   -0.211226879643362E-01
    0.742532631446995E-01   -0.258717221205748E-01
    0.672839217315263E-01   -0.305547619120730E-01
    0.602536614255955E-01   -0.349319866987244E-01
    0.533217361725429E-01   -0.389614618106580E-01
    0.464441710474793E-01   -0.425183650147545E-01
    0.396337268596119E-01   -0.456080546885740E-01
    0.327950054906905E-01   -0.481899395230860E-01
    0.259071504718673E-01   -0.502858952899801E-01
    0.188967684044003E-01   -0.518937523253972E-01
    0.117632742760957E-01   -0.530359452499743E-01
    0.448144548137863E-02   -0.537215783227822E-01
   -0.291046473169237E-02   -0.539611431173294E-01
   -0.103809443181644E-01   -0.537647129840446E-01
   -0.178441602482561E-01   -0.531249616337927E-01
   -0.252051422661767E-01   -0.520489978125219E-01
   -0.323224979531705E-01   -0.505087473713342E-01
   -0.390285247584085E-01   -0.485109778040375E-01
   -0.451214403064892E-01   -0.460093160586011E-01
   -0.503587599693210E-01   -0.430246586271564E-01
   -0.544892223807024E-01   -0.395073512901675E-01
   -0.572233809604902E-01   -0.355242113171658E-01
   -0.583090031295881E-01   -0.310559951666716E-01
   -0.574941680679150E-01   -0.262575520323562E-01
   -0.546263648647880E-01   -0.211883891563900E-01
   -0.496273483010429E-01   -0.161149857143242E-01
   -0.425700858038554E-01   -0.112150614479376E-01
   -0.336628996425002E-01   -0.683659188570890E-02
   -0.232694793421345E-01   -0.326191559219065E-02
   -0.118605644528918E-01   -0.873906169315444E-03
    0.000000000000000E+00    0.000000000000000E+00
    0.000000000000000E+00    0.000000000000000E+00
    0.261678576028980E-01    0.100781272476045E-03
    0.491423642393157E-01    0.327933153884254E-03
    0.680530467036568E-01    0.395577673299423E-03
    0.822620400680960E-01    0.137496516831362E-03
    0.917182291177922E-01   -0.740708925345552E-03
    0.966470606578754E-01   -0.234567768906604E-02
    0.976719152758894E-01   -0.473779796916022E-02
    0.956169362606003E-01   -0.784505858216243E-02
    0.912641156910406E-01   -0.115164427833114E-01
    0.854626252627671E-01   -0.155621507416006E-01
    0.787355317485602E-01   -0.197678883747692E-01
    0.716127839645074E-01   -0.239441415546053E-01
    0.642848837170633E-01   -0.279379922313801E-01
    0.569696572262480E-01   -0.316283117414702E-01
    0.496511772528163E-01   -0.349508493866327E-01
    0.423820048720407E-01   -0.378536486790704E-01
    0.350724912517961E-01   -0.403295832658675E-01
    0.277300538921142E-01   -0.423703930928285E-01
    0.202681397687316E-01   -0.439909579357462E-01
    0.127087059405544E-01   -0.452011036050920E-01
    0.500251104429715E-02   -0.460185201741114E-01
   -0.279121019662225E-02   -0.464532742994361E-01
   -0.106716418719817E-01   -0.465173273581223E-01
   -0.185323449836026E-01   -0.462100745393745E-01
   -0.263125557547439E-01   -0.455338189967049E-01
   -0.338492823302596E-01   -0.444689575275813E-01
   -0.410093088932096E-01   -0.430086612518653E-01
   -0.475626893886131E-01   -0.411120350619616E-01
   -0.532961614785495E-01   -0.387731076955743E-01
   -0.579125800436364E-01   -0.359417364303262E-01
   -0.611390524153258E-01   -0.326407806607064E-01
   -0.626473395192249E-01   -0.288467176192506E-01
   -0.621862924765088E-01   -0.246569384929322E-01
   -0.594965114887136E-01   -0.201318160237149E-01
   -0.544944354861037E-01   -0.154829867723319E-01
   -0.471374703971939E-01   -0.109054489377096E-01
   -0.376430901546334E-01   -0.671842219255692E-02
   -0.262871768268110E-01   -0.324526122090600E-02
   -0.135694060035893E-01   -0.874733613121565E-03
    0.000000000000000E+00    0.000000000000000E+00
    0.000000000000000E+00    0.000000000000000E+00
    0.258666294419892E-01    0.262755515383813E-03
    0.487162811143702E-01    0.948126852494739E-03
    0.677933445445926E-01    0.163059170256959E-02
    0.824449741078527E-01    0.217059221849373E-02
    0.925589828989172E-01    0.212539860889267E-02
    0.982460246911304E-01    0.143427579510104E-02
    0.100041439923093E+00   -0.787743282638291E-04
    0.986425023820482E-01   -0.232052250720873E-02
    0.948003072516685E-01   -0.519335885172922E-02
    0.892943224379542E-01   -0.853221835616819E-02
    0.826819115535848E-01   -0.121094064324591E-01
    0.754898070905532E-01   -0.157843233213306E-01
    0.679662487792639E-01   -0.193510499313774E-01
    0.603527196787168E-01   -0.227353210693617E-01
    0.526816304821175E-01   -0.258137184894598E-01
    0.450214078165030E-01   -0.285701740661020E-01
    0.373167472242682E-01   -0.309516993809204E-01
    0.295727778264415E-01   -0.329751665211700E-01
    0.217300568464072E-01   -0.346279809323988E-01
    0.137931536699866E-01   -0.359363277775892E-01
    0.573634845557647E-02   -0.369062930564315E-01
   -0.240817968003327E-02   -0.375577244108997E-01
   -0.106181756914417E-01   -0.379027778475525E-01
   -0.188201939326593E-01   -0.379438438147124E-01
   -0.269339165043504E-01   -0.376913017015658E-01
   -0.348326487165957E-01   -0.371204341344178E-01
   -0.423638601049412E-01   -0.362350637343768E-01
   -0.493329419214523E-01   -0.349781165944074E-01
   -0.554997701188057E-01   -0.333505860150050E-01
   -0.605938362376894E-01   -0.312701770613859E-01
   -0.642926313983308E-01   -0.287588792539613E-01
   -0.662764693403213E-01   -0.257415361558211E-01
   -0.662078549681525E-01   -0.223100639422706E-01
   -0.638149889534711E-01   -0.184599918075379E-01
   -0.588979673163295E-01   -0.144031089687637E-01
   -0.513936432885812E-01   -0.102784534974116E-01
   -0.414079621487785E-01   -0.642298038009692E-02
   -0.292108128640087E-01   -0.314100737373160E-02
   -0.152326003106815E-01   -0.860989890154311E-03
    0.000000000000000E+00    0.000000000000000E+00
    0.000000000000000E+00    0.000000000000000E+00
    0.251718475244168E-01    0.444665478204837E-03
    0.476374392949742E-01    0.161157125419816E-02
    0.666695143167222E-01    0.305406624025842E-02
    0.816397821941881E-01    0.448417584295431E-02
    0.923422154762801E-01    0.549118760022166E-02
    0.987908816211519E-01    0.585226122782183E-02
    0.101389034591146E+00    0.542187509435583E-02
    0.100739519667391E+00    0.419174235483588E-02
    0.974967880468274E-01    0.224407113462674E-02
    0.924156783823978E-01   -0.265026265840693E-03
    0.860260312708913E-01   -0.316656034300284E-02
    0.788868550667619E-01   -0.625673532180802E-02
    0.712658901675935E-01   -0.939978626392012E-02
    0.634518872056249E-01   -0.124346012329901E-01
    0.555045696125605E-01   -0.152964594325496E-01
    0.475303732751143E-01   -0.178932411911953E-01
    0.394887624247382E-01   -0.202152477948284E-01
    0.314105994077608E-01   -0.222255903047338E-01
    0.232360813215408E-01   -0.239424151886956E-01
    0.149884078797668E-01   -0.253608850652564E-01
    0.662967249252294E-02   -0.265072986778253E-01
   -0.179296969648662E-02   -0.273896119767665E-01
   -0.102774061082045E-01   -0.280308116858572E-01
   -0.187386104573328E-01   -0.284357941421840E-01
   -0.271221086768742E-01   -0.286166189856697E-01
   -0.352931410444717E-01   -0.285607627357519E-01
   -0.431283779305406E-01   -0.282631039652374E-01
   -0.504255669056065E-01   -0.276821022729764E-01
   -0.569714176622183E-01   -0.267954918304404E-01
   -0.624773713167840E-01   -0.255322498704186E-01
   -0.666347334188154E-01   -0.238717040029287E-01
   -0.690766461711620E-01   -0.217401718116371E-01
   -0.694558637549239E-01   -0.191670431232849E-01
   -0.674102798385613E-01   -0.161413757117026E-01
   -0.627089367150964E-01   -0.128054313090853E-01
   -0.551671278993773E-01   -0.929424042762636E-02
   -0.448609018744493E-01   -0.589565812332793E-02
   -0.319482199154231E-01   -0.292867563454720E-02
   -0.168469451848347E-01   -0.809201790569575E-03
    0.000000000000000E+00    0.000000000000000E+00
    0.000000000000000E+00    0.000000000000000E+00
    0.241545322900046E-01    0.636611943349350E-03
    0.459501523821104E-01    0.232845212224423E-02
    0.647462714141524E-01    0.454097233012563E-02
    0.798837222096852E-01    0.696080396417132E-02
    0.910859771353825E-01    0.907481953216025E-02
    0.982536919340622E-01    0.106311314555527E-01
    0.101672331588924E+00    0.113932120919674E-01
    0.101819673034307E+00    0.113132857635571E-01
    0.992789152975702E-01    0.104259188320918E-01
    0.947309892765529E-01    0.884317468879605E-02
    0.887052126688294E-01    0.674190501057932E-02
    0.817471899848156E-01    0.428404263794007E-02
    0.741643289550462E-01    0.165509158079479E-02
    0.662627469789652E-01   -0.102124731442271E-02
    0.581478758046183E-01   -0.361504562282717E-02
    0.499445137991839E-01   -0.606719163627446E-02
    0.416492000911217E-01   -0.830859423480868E-02
    0.332991836521822E-01   -0.103314841245328E-01
    0.248622284921055E-01   -0.121099847855035E-01
    0.163551757700720E-01   -0.136640791893255E-01
    0.776152826858513E-02   -0.149935254184673E-01
   -0.887850500037175E-03   -0.161249238290723E-01
   -0.957367315965169E-02   -0.170714705773579E-01
   -0.182350629421179E-01   -0.178487266665442E-01
   -0.268051155430012E-01   -0.184732187881664E-01
   -0.351798072672605E-01   -0.189338990187449E-01
   -0.432283153158008E-01   -0.192396516998248E-01
   -0.507828309537088E-01   -0.193393584598033E-01
   -0.576227157497370E-01   -0.192263993391858E-01
   -0.634894926258491E-01   -0.188053408525270E-01
   -0.680520756452258E-01   -0.180624524129546E-01
   -0.709549920485535E-01   -0.168800177324734E-01
   -0.717906968947302E-01   -0.152786424709957E-01
   -0.701767912011191E-01   -0.131854045635003E-01
   -0.657754252226090E-01   -0.107199680242740E-01
   -0.583535763013268E-01   -0.795538974655268E-02
   -0.478620963321706E-01   -0.515797943365557E-02
   -0.344070404094011E-01   -0.261724754372712E-02
   -0.183151575022576E-01   -0.739695527796466E-03
    0.000000000000000E+00    0.000000000000000E+00
    0.000000000000000E+00    0.000000000000000E+00
    0.227667941390142E-01    0.796440878102980E-03
    0.435997633772844E-01    0.295027872559242E-02
    0.618854753496570E-01    0.591975404201716E-02
    0.769939571276819E-01    0.929516097827751E-02
    0.885726408678609E-01    0.125639295702847E-01
    0.964069247971962E-01    0.153565045383389E-01
    0.100670395348966E+00    0.174151852063379E-01
    0.101694259944468E+00    0.185917533034743E-01
    0.999782227951902E-01    0.188826675050989E-01
    0.961153835432116E-01    0.183613273956680E-01
    0.906102683340779E-01    0.171561167050057E-01
    0.839930637017414E-01    0.154580837538785E-01
    0.765915472537731E-01    0.134021739202509E-01
    0.687341737157201E-01    0.111822467293386E-01
    0.605622772320962E-01    0.888086316672555E-02
    0.522280438251452E-01    0.663644279211988E-02
    0.437587116232763E-01    0.447585544018736E-02
    0.352111929594851E-01    0.247434848917903E-02
    0.265719683943342E-01    0.622104431199172E-03
    0.178691028074601E-01   -0.105355666407349E-02
    0.909396091225830E-02   -0.257997610898688E-02
    0.281993949019833E-03   -0.395773718654351E-02
   -0.854825282436370E-02   -0.521795541959979E-02
   -0.173373054268695E-01   -0.637002565303370E-02
   -0.260267314944129E-01   -0.743763680565824E-02
   -0.345206181382256E-01   -0.842021764451453E-02
   -0.427036389932018E-01   -0.932229485996469E-02
   -0.504222692545338E-01   -0.101140084557044E-01
   -0.574744592154749E-01   -0.107708446870151E-01
   -0.636146708564757E-01   -0.112198460291657E-01
   -0.685222665763750E-01   -0.114112753952788E-01
   -0.718334895219420E-01   -0.112387991170154E-01
   -0.731260522489727E-01   -0.106650945460027E-01
   -0.719626788764536E-01   -0.960874641022437E-02
   -0.679558733223867E-01   -0.811587922699241E-02
   -0.607667277741081E-01   -0.623334529003435E-02
   -0.502762865940459E-01   -0.416280473629320E-02
   -0.364698576195097E-01   -0.216885006232588E-02
   -0.196078677279910E-01   -0.622559589704017E-03
    0.000000000000000E+00    0.000000000000000E+00
    0.000000000000000E+00    0.000000000000000E+00
    0.210778025152293E-01    0.944761905183786E-03
    0.406761822663032E-01    0.350585539057617E-02
    0.582336030397502E-01    0.713962400317641E-02
    0.731224922393617E-01    0.114025957099127E-01
    0.849186092799701E-01    0.157587462195631E-01
    0.933360293486648E-01    0.197709952122824E-01
    0.984018470455467E-01    0.231391749214183E-01
    0.100338397857819E+00    0.256217907803589E-01
    0.995240724975584E-01    0.271818532888304E-01
    0.964700748571342E-01    0.278098527776409E-01
    0.916338426536536E-01    0.276325216129835E-01
    0.855151752580276E-01    0.267830216969064E-01
    0.784551867155765E-01    0.254320324812592E-01
    0.707887473874321E-01    0.237338007094080E-01
    0.626950826789219E-01    0.218309861080747E-01
    0.543453957695011E-01    0.198297453701825E-01
    0.458038002980442E-01    0.178225700467447E-01
    0.371437329879597E-01    0.158540065042807E-01
    0.283785736330318E-01    0.139712328256899E-01
    0.195455499137939E-01    0.121727337567854E-01
    0.106529158216533E-01    0.104721415399708E-01
    0.173766024050844E-02    0.884492921857480E-02
   -0.717317205465836E-02    0.728241779155598E-02
   -0.160261606018341E-01    0.575896227047992E-02
   -0.247622428373684E-01    0.425508884045679E-02
   -0.332999800000642E-01    0.276440204796852E-02
   -0.415318619694851E-01    0.127112927617684E-02
   -0.493272033191037E-01   -0.191703937536668E-03
   -0.564986459301653E-01   -0.161952834582802E-02
   -0.628264757443504E-01   -0.292402190988571E-02
   -0.680002463745171E-01   -0.407148932346183E-02
   -0.716698075032776E-01   -0.492340161394255E-02
   -0.733922600687435E-01   -0.543833180163315E-02
   -0.727101464874908E-01   -0.548364028732195E-02
   -0.691599588016703E-01   -0.506870710293499E-02
   -0.623378473969690E-01   -0.418102756283055E-02
   -0.520060872602046E-01   -0.295901662448511E-02
   -0.380551811763882E-01   -0.163039007905746E-02
   -0.206443881626454E-01   -0.488090952612547E-03
    0.000000000000000E+00    0.000000000000000E+00
    0.000000000000000E+00    0.000000000000000E+00
    0.191634129184741E-01    0.103347307613800E-02
    0.372858595982699E-01    0.389193279217722E-02
    0.538568258616735E-01    0.804981406170818E-02
    0.682833667654068E-01    0.130554422993277E-01
    0.801171041861343E-01    0.183656013893056E-01
    0.889688337385609E-01    0.235077358081901E-01
    0.947906919337440E-01    0.281293387956241E-01
    0.976338088037162E-01    0.319211030908768E-01
    0.978041737233912E-01    0.347838423694546E-01
    0.956706165046759E-01    0.366465071666382E-01
    0.916602644927821E-01    0.375874079757255E-01
    0.862035465761854E-01    0.377175759906715E-01
    0.796553930681804E-01    0.371743317306949E-01
    0.723381960879125E-01    0.361354758627753E-01
    0.644697050695940E-01    0.347166385946146E-01
    0.562313278441692E-01    0.330764218305228E-01
    0.477310962960206E-01    0.312802626365417E-01
    0.390523250768220E-01    0.294324513110767E-01
    0.302477702018718E-01    0.275523515450045E-01
    0.213557914840409E-01    0.256900852901911E-01
    0.124167854600845E-01    0.238337986141836E-01
    0.345931624112141E-02    0.219943359760592E-01
   -0.546501226687892E-02    0.201438093044278E-01
   -0.143199316819432E-01    0.182726303243572E-01
   -0.230302602754398E-01    0.163510763564637E-01
   -0.315404976351762E-01    0.143696940330670E-01
   -0.397370098397470E-01    0.123124722010948E-01
   -0.475244429712423E-01    0.101934596378301E-01
   -0.547186942590371E-01    0.802789914326500E-02
   -0.611415962772293E-01    0.587727841430024E-02
   -0.664869203116854E-01    0.380010523229224E-02
   -0.704366033413201E-01    0.191519650442214E-02
   -0.725335678876754E-01    0.308364613594104E-03
   -0.723128093878243E-01   -0.881597453824615E-03
   -0.692568331794258E-01   -0.159944017611050E-02
   -0.628939367742758E-01   -0.178842471008662E-02
   -0.528907636395635E-01   -0.151759207855229E-02
   -0.390322645076563E-01   -0.943786122635208E-03
   -0.213612120387909E-01   -0.303150424652501E-03
    0.000000000000000E+00    0.000000000000000E+00
    0.000000000000000E+00    0.000000000000000E+00
    0.170642250677748E-01    0.109963803238952E-02
    0.335338142317037E-01    0.414624881827560E-02
    0.489284638311907E-01    0.868057653674323E-02
    0.627060300952810E-01    0.142396920564882E-01
    0.743646637394508E-01    0.203317013377880E-01
    0.835123663111282E-01    0.264255146904105E-01
    0.899514705243654E-01    0.321841055436709E-01
    0.936695623966973E-01    0.371918411889208E-01
    0.948130756525040E-01    0.413374159781639E-01
    0.936774134523898E-01    0.444432270964211E-01
    0.905913335904005E-01    0.465718927330409E-01
    0.859409394899053E-01    0.477587313785614E-01
    0.800553895534125E-01    0.481461573099248E-01
    0.732478644616257E-01    0.478663705620013E-01
    0.657547365105626E-01    0.470677406531371E-01
    0.577707816068396E-01    0.458785396577636E-01
    0.494345991916808E-01    0.444153269081135E-01
    0.408522208876648E-01    0.427558038410794E-01
    0.320998593654933E-01    0.409744415721208E-01
    0.232403467834894E-01    0.390950492458418E-01
    0.143241522123133E-01    0.371533735618633E-01
    0.540246862057607E-02    0.351358811062201E-01
   -0.347619801324330E-02    0.330481376876146E-01
   -0.122574618902722E-01    0.308610709186503E-01
   -0.208807661366152E-01    0.285614203669292E-01
   -0.292803362525329E-01    0.261270740928784E-01
   -0.373682203181816E-01    0.235413647652379E-01
   -0.450500033840367E-01    0.208132147162536E-01
   -0.521784962969343E-01    0.179433127097569E-01
   -0.585872340492401E-01    0.149968767211651E-01
   -0.640123718070119E-01    0.120138207580779E-01
   -0.681472050716918E-01    0.912977204661839E-02
   -0.705594929755086E-01    0.642782201722839E-02
   -0.707709393254675E-01    0.408142163516070E-02
   -0.682363752853063E-01    0.218574601649277E-02
   -0.624211859470367E-01    0.846417587733881E-03
   -0.529044978951993E-01    0.906740156919930E-04
   -0.393540539632630E-01   -0.198986644974548E-03
   -0.217213221284738E-01   -0.105496395653417E-03
    0.000000000000000E+00    0.000000000000000E+00
    0.000000000000000E+00    0.000000000000000E+00
    0.149193954578040E-01    0.110717126771569E-02
    0.296074957906879E-01    0.423265085574467E-02
    0.436558786051513E-01    0.895384288293925E-02
    0.565607578804090E-01    0.148706756990815E-01
    0.678533780854732E-01    0.214932859414115E-01
    0.770746618896355E-01    0.283399207236654E-01
    0.840028430309884E-01    0.350174751012288E-01
    0.884718878143077E-01    0.411080191686086E-01
    0.905757440019493E-01    0.464240969732597E-01
    0.904475691235642E-01    0.507392284000935E-01
    0.883772997113825E-01    0.540602033789725E-01
    0.846426540270270E-01    0.563629924562019E-01
    0.795677436133344E-01    0.577644520950886E-01
    0.734194387563024E-01    0.583626114830375E-01
    0.664596696311919E-01    0.582977499615687E-01
    0.588734158479114E-01    0.576993131041636E-01
    0.508428169369773E-01    0.566784162638454E-01
    0.424730682845081E-01    0.553394267648110E-01
    0.338908633048811E-01    0.537470493052784E-01
    0.251515675030646E-01    0.519614785419050E-01
    0.163565738347699E-01    0.500048114985897E-01
    0.753795957258596E-02    0.478966628329094E-01
   -0.120811103896015E-02    0.456288351935149E-01
   -0.985791313345811E-02    0.431941071517070E-01
   -0.183098730566373E-01    0.405690106229978E-01
   -0.265393810576110E-01    0.377378980791442E-01
   -0.344282438299941E-01    0.346795351820756E-01
   -0.419339643858506E-01    0.313930488466818E-01
   -0.488932147934217E-01    0.278813322145216E-01
   -0.552024249614624E-01    0.241872856626566E-01
   -0.605927294609248E-01    0.203624267352345E-01
   -0.648228678144845E-01    0.165201212177225E-01
   -0.674507081043454E-01    0.127702235482095E-01
   -0.680390158742976E-01    0.928796720307355E-02
   -0.660007788721149E-01    0.621586454076472E-02
   -0.607874776910812E-01    0.371325646849524E-02
   -0.518838227283067E-01    0.187052778825747E-02
   -0.388938747863606E-01    0.682231335087650E-03
   -0.216269075157747E-01    0.136767290276931E-03
    0.000000000000000E+00    0.000000000000000E+00
    0.000000000000000E+00    0.000000000000000E+00
    0.127372502815979E-01    0.109322900296996E-02
    0.255936959713516E-01    0.418756015239021E-02
    0.381853438742908E-01    0.895168213490330E-02
    0.500871466669557E-01    0.150004320285821E-01
    0.608071922982840E-01    0.219391901352238E-01
    0.699412621080449E-01    0.292616144392264E-01
    0.771481121533495E-01    0.366406668245083E-01
    0.822566802021503E-01    0.435814432324395E-01
    0.851976932960067E-01    0.499132093464710E-01
    0.860617195325617E-01    0.553158687618055E-01
    0.850042473860203E-01    0.597723469679646E-01
    0.822606512597432E-01    0.631859170494731E-01
    0.780852515542095E-01    0.656396078394282E-01
    0.727248228321406E-01    0.671908345678391E-01
    0.664271014209285E-01    0.679626921500882E-01
    0.593817904265160E-01    0.680652704076413E-01
    0.517832849935071E-01    0.676178730635042E-01
    0.437600629012445E-01    0.667122498081568E-01
    0.354521105534695E-01    0.654405622560294E-01
    0.269496089006585E-01    0.638490579352602E-01
    0.183549402815155E-01    0.619952726534209E-01
    0.974093756441752E-02    0.598821018864727E-01
    0.118888133221535E-02    0.575349277640290E-01
   -0.723580268495875E-02    0.549286665435474E-01
   -0.154610909807064E-01    0.520650809239574E-01
   -0.234253963827392E-01    0.489113490029664E-01
   -0.310530329375734E-01    0.454593175554054E-01
   -0.382759182051209E-01    0.416930589853247E-01
   -0.449864727751463E-01    0.376147006681973E-01
   -0.510721989869643E-01    0.332566254587231E-01
   -0.563324877957494E-01    0.286590587723679E-01
   -0.605305852757127E-01    0.239348539229674E-01
   -0.632901211042133E-01    0.191881073809431E-01
   -0.641725742854494E-01    0.146107848221607E-01
   -0.626180073813129E-01    0.103794528220491E-01
   -0.580388713255736E-01    0.668912230886097E-02
   -0.498847594126361E-01    0.374234856067223E-02
   -0.376554771428767E-01    0.157205586448733E-02
   -0.211032002027821E-01    0.383374908782159E-03
    0.000000000000000E+00    0.000000000000000E+00
    0.000000000000000E+00    0.000000000000000E+00
    0.106516005207996E-01    0.103894674294075E-02
    0.216745700971077E-01    0.402487372508825E-02
    0.327583717684010E-01    0.866771628952266E-02
    0.435151148008064E-01    0.146728893699690E-01
    0.535205390295458E-01    0.216605067264227E-01
    0.623419760336359E-01    0.292260813292432E-01
    0.696616967080615E-01    0.370025641143660E-01
    0.752006249385326E-01    0.445629437454553E-01
    0.788682492929180E-01    0.516634431174560E-01
    0.806127189643512E-01    0.579853252492652E-01
    0.805523244503943E-01    0.634482329886889E-01
    0.788041335170874E-01    0.679018902601571E-01
    0.755980643775552E-01    0.713986626030342E-01
    0.711128711146910E-01    0.739285095264010E-01
    0.655978370237698E-01    0.756116152272543E-01
    0.592154093461831E-01    0.765096878349411E-01
    0.521865357546125E-01    0.767506757735003E-01
    0.446297282811744E-01    0.764077127385622E-01
    0.367293793971434E-01    0.755802592880458E-01
    0.285639419172862E-01    0.743199545491086E-01
    0.202904611105123E-01    0.726851332655594E-01
    0.119589904414538E-01    0.706966430746056E-01
    0.370943214034755E-02    0.683746159553106E-01
   -0.442868391484816E-02    0.657138560579476E-01
   -0.123265061666082E-01    0.627073710055285E-01
   -0.199704502417970E-01    0.593362486224865E-01
   -0.272363166293996E-01    0.555827064101590E-01
   -0.341156992297713E-01    0.514333348528882E-01
   -0.404679942823793E-01    0.468823362825848E-01
   -0.462539811470900E-01    0.419511680879926E-01
   -0.512591322472161E-01    0.366777975448975E-01
   -0.553324536998043E-01    0.311572010292971E-01
   -0.580948641479447E-01    0.255031805048251E-01
   -0.591886569645489E-01    0.199057915159072E-01
   -0.580386470114932E-01    0.145709403692021E-01
   -0.541020757642196E-01    0.974687745245066E-02
   -0.467676924061071E-01    0.568794177561368E-02
   -0.355348057658193E-01    0.256521082527660E-02
   -0.200287373196675E-01    0.660696583918148E-03
    0.000000000000000E+00    0.000000000000000E+00
    0.000000000000000E+00    0.000000000000000E+00
    0.865058106948936E-02    0.970988794515873E-03
    0.179011159041325E-01    0.377074863335816E-02
    0.274660379557204E-01    0.819095907110952E-02
    0.370339560541369E-01    0.139641803682478E-01
    0.461842155163903E-01    0.208157369858716E-01
    0.545617625535310E-01    0.283443661700563E-01
    0.617789691142701E-01    0.362802831074630E-01
    0.675939363529351E-01    0.441606206540096E-01
    0.717888523644835E-01    0.517918827046959E-01
    0.743057304030352E-01    0.587971853270446E-01
    0.751288654670063E-01    0.650850108505726E-01
    0.743497085187656E-01    0.704548813749971E-01
    0.721007201016258E-01    0.749050790660936E-01
    0.685410179610270E-01    0.784012096761720E-01
    0.638702817367226E-01    0.809998854434468E-01
    0.582504231373545E-01    0.827612800356985E-01
    0.518860599421158E-01    0.837663548936883E-01
    0.449161362472349E-01    0.840965110705954E-01
    0.375198453720817E-01    0.838301695504286E-01
    0.298134867979894E-01    0.830257112348180E-01
    0.219432610720392E-01    0.817430496363390E-01
    0.140094766547724E-01    0.800026986501422E-01
    0.612755879943306E-02    0.778405840973087E-01
   -0.161580732438800E-02    0.752426493588108E-01
   -0.913136049684321E-02    0.722237665435261E-01
   -0.163480382641444E-01    0.687477758451154E-01
   -0.231951607856382E-01    0.648182501882105E-01
   -0.296156074898929E-01    0.603976187001335E-01
   -0.355362144990128E-01    0.554946897119721E-01
   -0.408887292595689E-01    0.501046900945831E-01
   -0.455420963269272E-01    0.442685676754733E-01
   -0.493428713171669E-01    0.380629924641334E-01
   -0.520053451962902E-01    0.315988780218200E-01
   -0.531879827928155E-01    0.250675591840044E-01
   -0.523904570675566E-01    0.186987400528600E-01
   -0.490754699438809E-01    0.127663923863724E-01
   -0.426588361518909E-01    0.763400330979841E-02
   -0.325897599805057E-01    0.351061064672159E-02
   -0.184927012804647E-01    0.931845177318813E-03
    0.000000000000000E+00    0.000000000000000E+00
    0.000000000000000E+00    0.000000000000000E+00
    0.682540981618268E-02    0.882573116203996E-03
    0.144016849019520E-01    0.345586234607435E-02
    0.225003475815519E-01    0.754826581541624E-02
    0.308413724553278E-01    0.129750384580596E-01
    0.390757853255149E-01    0.194844042918615E-01
    0.468469275641270E-01    0.267874760102775E-01
    0.538180802126301E-01    0.345967209528835E-01
    0.596881681495743E-01    0.425575337805031E-01
    0.642505736932546E-01    0.504226714085023E-01
    0.673471395642402E-01    0.578709553830914E-01
    0.689420531818608E-01    0.647518721026819E-01
    0.690251481147152E-01    0.708512657110193E-01
    0.677002735875790E-01    0.761298241743284E-01
    0.650535337821055E-01    0.804929844022501E-01
    0.612676933242198E-01    0.839874690621816E-01
    0.564654179710374E-01    0.866035763879572E-01
    0.508557093451063E-01    0.884307048341814E-01
    0.445592982788706E-01    0.894971617495869E-01
    0.377811536772111E-01    0.898950005979098E-01
    0.306241555920884E-01    0.896553579503568E-01
    0.232769996336962E-01    0.888476466486449E-01
    0.158201270077299E-01    0.874880086947066E-01
    0.842231881519291E-02    0.856132888646898E-01
    0.113884376954949E-02    0.832199399086176E-01
   -0.588298486809933E-02    0.803143047221449E-01
   -0.126158626677705E-01    0.768767365952586E-01
   -0.189339187922470E-01    0.728940466860061E-01
   -0.248365598951770E-01    0.683423977209875E-01
   -0.302085370997116E-01    0.632095510493004E-01
   -0.350538674483956E-01    0.574939589224002E-01
   -0.392229693932505E-01    0.512186810327086E-01
   -0.426548616283861E-01    0.444518045741068E-01
   -0.450719767143835E-01    0.372992087038482E-01
   -0.462388440379034E-01    0.299483156450610E-01
   -0.456774914773016E-01    0.226461290380374E-01
   -0.429468731561354E-01    0.157107991211097E-01
   -0.374648181600494E-01    0.954884577727003E-02
   -0.287530476562152E-01    0.451358079210539E-02
   -0.163694248908154E-01    0.121542289190179E-02
    0.000000000000000E+00    0.000000000000000E+00
    0.000000000000000E+00    0.000000000000000E+00
    0.515919621747305E-02    0.787805979964076E-03
    0.111955910723972E-01    0.309234948323513E-02
    0.179018040600197E-01    0.680325982681746E-02
    0.250537118699610E-01    0.117625099010727E-01
    0.323203511062121E-01    0.178119959796588E-01
    0.394154534276793E-01    0.246782003227147E-01
    0.459784854584000E-01    0.321770051960258E-01
    0.517597222583429E-01    0.399471672310437E-01
    0.564801736366070E-01    0.478158286743174E-01
    0.599995949931767E-01    0.554369692487849E-01
    0.621833936904819E-01    0.626774808152289E-01
    0.630150250436617E-01    0.692975325477977E-01
    0.625046836144675E-01    0.752173662277296E-01
    0.607273068439301E-01    0.803325481988262E-01
    0.577968531865769E-01    0.846145893769034E-01
    0.538355634588167E-01    0.880637619876251E-01
    0.490099412773256E-01    0.906893952197661E-01
    0.434576022377313E-01    0.925423568957593E-01
    0.373568178688771E-01    0.936512897708456E-01
    0.308446706979926E-01    0.940718369680093E-01
    0.240861254541341E-01    0.938349464018744E-01
    0.172103110097483E-01    0.929749176556311E-01
    0.103557888409617E-01    0.915136675387898E-01
    0.363762917209744E-02    0.894536423618474E-01
   -0.283883429470591E-02    0.868051919189617E-01
   -0.898024753355415E-02    0.835385449340624E-01
   -0.147160254978348E-01    0.796573407434724E-01
   -0.199829060228113E-01    0.751093041488579E-01
   -0.247356974934379E-01    0.699050159778461E-01
   -0.289351662769551E-01    0.640012431409159E-01
   -0.325198012899118E-01    0.574386638950542E-01
   -0.354233887384818E-01    0.502475139121447E-01
   -0.374746755633079E-01    0.425392691734607E-01
   -0.384779288052011E-01    0.344891800332624E-01
   -0.380621504106867E-01    0.263586502254831E-01
   -0.358538199940881E-01    0.184891106178119E-01
   -0.313543365110517E-01    0.113771655940729E-01
   -0.241263030137575E-01    0.541887992776457E-02
   -0.137958754196438E-01    0.148283668182904E-02
    0.000000000000000E+00    0.000000000000000E+00
    0.000000000000000E+00    0.000000000000000E+00
    0.370050417807585E-02    0.685027087346495E-03
    0.835369612119786E-02    0.270548785681402E-02
    0.137854881242891E-01    0.598274712737983E-02
    0.197950065938382E-01    0.104207522833575E-01
    0.261074830095691E-01    0.158877307484038E-01
    0.324496786693588E-01    0.222064012589275E-01
    0.385164588642724E-01    0.291932011374656E-01
    0.440365402068603E-01    0.365969404808950E-01
    0.487634002731604E-01    0.442169680555685E-01
    0.525000990857871E-01    0.517892030101694E-01
    0.551158404584469E-01    0.591402410805210E-01
    0.565216570874534E-01    0.660554222214914E-01
    0.567128505997074E-01    0.724218020050853E-01
    0.556993242813132E-01    0.781050399936535E-01
    0.535775099934852E-01    0.830612113629447E-01
    0.504243000023815E-01    0.872301130364816E-01
    0.463987075119047E-01    0.906222995901682E-01
    0.416115248383857E-01    0.932257055218652E-01
    0.362491824312964E-01    0.950790934369407E-01
    0.304320089186099E-01    0.961913613998431E-01
    0.243489110044789E-01    0.966034994441852E-01
    0.181129105577892E-01    0.963261620063725E-01
    0.118997650069165E-01    0.953840409233851E-01
    0.580291751950671E-02    0.937776609786470E-01
   -0.250926017642994E-04    0.915078855719654E-01
   -0.552223945150863E-02    0.885592633541207E-01
   -0.105666851398944E-01    0.849100504214808E-01
   -0.151397295305897E-01    0.805292793147946E-01
   -0.191528954962060E-01    0.753897568897952E-01
   -0.226297960665435E-01    0.694637838181429E-01
   -0.254914925969402E-01    0.627543908015294E-01
   -0.277613199263933E-01    0.552924539653012E-01
   -0.292920088534167E-01    0.471709015689487E-01
   -0.300049989548951E-01    0.385601248847534E-01
   -0.295970442318058E-01    0.297334164355447E-01
   -0.278299529693174E-01    0.210635479350332E-01
   -0.242898945078494E-01    0.130882288663368E-01
   -0.186829733839746E-01    0.633605752298051E-02
   -0.106625440891550E-01    0.174501026094729E-02
    0.000000000000000E+00    0.000000000000000E+00
    0.000000000000000E+00    0.000000000000000E+00
    0.243662327783335E-02    0.579299611966766E-03
    0.587889302352432E-02    0.229627527470427E-02
    0.101628613991926E-01    0.511919892287510E-02
    0.151206713481533E-01    0.897515398497054E-02
    0.204998584226647E-01    0.138068365698844E-01
    0.260786244413799E-01    0.194567684171118E-01
    0.315588001189185E-01    0.258295790021478E-01
    0.367160869902037E-01    0.326842435332508E-01
    0.412798507949022E-01    0.398960415630252E-01
    0.450807000462917E-01    0.471993837181971E-01
    0.479350715089407E-01    0.544591015015009E-01
    0.497622133318801E-01    0.614533737715913E-01
    0.504904494635767E-01    0.680583602298699E-01
    0.501294931719937E-01    0.741371127690856E-01
    0.487103926934088E-01    0.795932778545014E-01
    0.463135510624321E-01    0.843756161285017E-01
    0.430436483821887E-01    0.884208284146021E-01
    0.390256400488014E-01    0.917374953956815E-01
    0.344040882944244E-01    0.942903007456964E-01
    0.293256450991671E-01    0.961158179685225E-01
    0.239459984435334E-01    0.971944753420088E-01
    0.184160350837744E-01    0.975646459723534E-01
    0.128800971579582E-01    0.972104729238946E-01
    0.748169216501549E-02    0.961535277660783E-01
    0.233747485330663E-02    0.943739419737277E-01
   -0.242955624845023E-02    0.918618258662622E-01
   -0.674431149161654E-02    0.885936073135772E-01
   -0.105198885357953E-01    0.845157432733086E-01
   -0.137322542666451E-01    0.796183458175752E-01
   -0.163519015659508E-01    0.738183244558936E-01
   -0.183863726162744E-01    0.671447003276128E-01
   -0.198560289764857E-01    0.595647401748626E-01
   -0.207234845825729E-01    0.511885750151799E-01
   -0.209838824903770E-01    0.421610683848699E-01
   -0.204541475265923E-01    0.327609848374197E-01
   -0.190401745030106E-01    0.233898483127713E-01
   -0.164536353926022E-01    0.146503245987952E-01
   -0.125512673743996E-01    0.712167420351346E-02
   -0.712807306173513E-02    0.198294602808087E-02
    0.000000000000000E+00    0.000000000000000E+00
    0.000000000000000E+00    0.000000000000000E+00
    0.138964207638739E-02    0.471418245298317E-03
    0.380086064298142E-02    0.188312697946276E-02
    0.708328402927863E-02    0.423386330204002E-02
    0.110845910359468E-01    0.749661207321661E-02
    0.155897429629443E-01    0.116405779509919E-01
    0.203974605744709E-01    0.165816186211242E-01
    0.252567392113108E-01    0.222352947195078E-01
    0.299462451568733E-01    0.284498960089743E-01
    0.342353733703331E-01    0.350940606832777E-01
    0.379316171963035E-01    0.419804942047753E-01
    0.408743985951292E-01    0.489559852645691E-01
    0.429392612035277E-01    0.558412222472410E-01
    0.440606747926109E-01    0.624926428645095E-01
    0.441972601887660E-01    0.687716977597022E-01
    0.433767764693195E-01    0.745683579544126E-01
    0.416334609872398E-01    0.797958779357043E-01
    0.390680431103254E-01    0.843861701590357E-01
    0.357706236584446E-01    0.882978788259058E-01
    0.318872590552534E-01    0.914981576106303E-01
    0.275409389201587E-01    0.939774289939179E-01
    0.228968387151868E-01    0.957215459957570E-01
    0.180901082803557E-01    0.967374408325528E-01
    0.132844600231381E-01    0.970131231694530E-01
    0.861144985914938E-02    0.965590894802296E-01
    0.421901222210106E-02    0.953476440438948E-01
    0.213222002304765E-03    0.933783900369347E-01
   -0.328894697331927E-02    0.905995042758704E-01
   -0.622415099852167E-02    0.869826222629828E-01
   -0.852648842798291E-02    0.824606157254267E-01
   -0.102133540403063E-01    0.769737631323254E-01
   -0.112781604846253E-01    0.704839677978017E-01
   -0.118261808947539E-01    0.629650249693235E-01
   -0.118629253101407E-01    0.544873368932158E-01
   -0.115133531308475E-01    0.451924495280674E-01
   -0.107115652437235E-01    0.353676111301622E-01
   -0.952945182020244E-02    0.254328601806170E-01
   -0.785557320488527E-02    0.160434962097721E-01
   -0.574135470741755E-02    0.788535403134382E-02
   -0.311599290913081E-02    0.220287081252700E-02
    0.000000000000000E+00    0.000000000000000E+00
    0.000000000000000E+00    0.000000000000000E+00
    0.551637106897616E-03    0.361660351921070E-03
    0.211685953403430E-02    0.146212459187512E-02
    0.454442298268325E-02    0.334182343958883E-02
    0.770087343043383E-02    0.599553929408916E-02
    0.113940229087123E-01    0.944785477062225E-02
    0.154575594541866E-01    0.136370308929161E-01
    0.196637964672388E-01    0.185417957506293E-01
    0.238293819422274E-01    0.240303191554663E-01
    0.277300777250926E-01    0.300302757319397E-01
    0.312036438389218E-01    0.363679746180201E-01
    0.340725510939479E-01    0.429299506441473E-01
    0.362312160801758E-01    0.495427194493813E-01
    0.375765736759089E-01    0.560729038236945E-01
    0.380784931148213E-01    0.623827200096643E-01
    0.377149856950152E-01    0.683420228504240E-01
    0.365304531794367E-01    0.738651294952920E-01
    0.345733994998937E-01    0.788417538763522E-01
    0.319473947932696E-01    0.832370147527135E-01
    0.287518779850985E-01    0.869655522269082E-01
    0.251274022379893E-01    0.900322967121840E-01
    0.212021337964935E-01    0.923712472917654E-01
    0.171338128142969E-01    0.940123130632692E-01
    0.130585762237589E-01    0.948983901601793E-01
    0.913678871899703E-02    0.950732809798770E-01
    0.549629571992073E-02    0.944679590830066E-01
    0.228723759918347E-02    0.931101445545573E-01
   -0.402741046726238E-03    0.909240646527940E-01
   -0.244081527820154E-02    0.878870005336679E-01
   -0.380569855630831E-02    0.839179788872967E-01
   -0.444748115295354E-02    0.788966215735301E-01
   -0.444371584049658E-02    0.728052496472581E-01
   -0.389888665939267E-02    0.655134331320972E-01
   -0.293632519569402E-02    0.571192237201754E-01
   -0.180034297393057E-02    0.477109541796553E-01
   -0.557805919074042E-03    0.375880679630154E-01
    0.501228791185435E-03    0.271986195942842E-01
    0.133102539902713E-02    0.172546552373630E-01
    0.161665309872130E-02    0.850471493640961E-02
    0.122917703681377E-02    0.239343942192474E-02
    0.000000000000000E+00    0.000000000000000E+00
    0.000000000000000E+00    0.000000000000000E+00
   -0.712927990364922E-04    0.255202869449648E-03
    0.826099779976975E-03    0.105510197208711E-02
    0.254699520841430E-02    0.247077720864718E-02
    0.496986684058767E-02    0.453569536582249E-02
    0.792834823881567E-02    0.729697840702128E-02
    0.112806225234556E-01    0.107463551275011E-01
    0.148364287539601E-01    0.148758106069939E-01
    0.184297661961845E-01    0.196178669515240E-01
    0.218756747923164E-01    0.249044546514081E-01
    0.250114516008730E-01    0.306233654125679E-01
    0.276923623679246E-01    0.366575608538420E-01
    0.297923422843292E-01    0.428766042473433E-01
    0.312309896405241E-01    0.491381561625646E-01
    0.319425814577080E-01    0.553208210976625E-01
    0.319186198625339E-01    0.612830145596735E-01
    0.311615795895850E-01    0.669308700984267E-01
    0.297273336690557E-01    0.721432329157434E-01
    0.276799393834795E-01    0.768617933098858E-01
    0.251224663480304E-01    0.809936764615813E-01
    0.221645725310730E-01    0.845154441630590E-01
    0.189363374146016E-01    0.873606086395028E-01
    0.155779878442187E-01    0.895345423321759E-01
    0.122302717144931E-01    0.909866742477952E-01
    0.904416640504650E-02    0.917477382263212E-01
    0.615899907555246E-02    0.917543453687622E-01
    0.372726296128347E-02    0.910348194217893E-01
    0.186832374316060E-02    0.895083738801575E-01
    0.725116689655345E-03    0.871785555932463E-01
    0.365086650506458E-03    0.838870299630092E-01
    0.824249917444481E-03    0.795415295722553E-01
    0.203765697914163E-02    0.740087762240581E-01
    0.381819211201554E-02    0.671589457343322E-01
    0.597111806286197E-02    0.590088709635235E-01
    0.808600516733318E-02    0.496404779801099E-01
    0.992297502210203E-02    0.393720124556313E-01
    0.110137460082757E-01    0.286626273261111E-01
    0.110525663545230E-01    0.182902365484583E-01
    0.948396013441055E-02    0.909785856916542E-02
    0.595466817779521E-02    0.256780529617524E-02
    0.000000000000000E+00    0.000000000000000E+00
    0.000000000000000E+00    0.000000000000000E+00
   -0.488225057209186E-03    0.149768341372682E-03
   -0.815002265375216E-04    0.658049759862477E-03
    0.107312842735029E-02    0.163491287984029E-02
    0.287178295928448E-02    0.313448693562067E-02
    0.517216127755837E-02    0.524109325058375E-02
    0.785825195428087E-02    0.796785245328099E-02
    0.107694872929629E-01    0.113460807694037E-01
    0.137714646305381E-01    0.153308710944472E-01
    0.167003622349520E-01    0.198923645904606E-01
    0.194249156070510E-01    0.249383581510623E-01
    0.218043445109967E-01    0.303825142199935E-01
    0.237392215042029E-01    0.361063079277018E-01
    0.251330386870160E-01    0.419860811677726E-01
    0.259412097439507E-01    0.479013067671623E-01
    0.261219234386667E-01    0.537156926903778E-01
    0.256948258008237E-01    0.593269928823483E-01
    0.246724885367229E-01    0.646074794202956E-01
    0.231329142057758E-01    0.694873807938216E-01
    0.211353935371741E-01    0.738583019494426E-01
    0.187994126108341E-01    0.776899343310415E-01
    0.162189828820147E-01    0.808958028866877E-01
    0.135386243180320E-01    0.834927677154839E-01
    0.108812249464974E-01    0.853988876729780E-01
    0.839575936035192E-02    0.866779180503017E-01
    0.621639320163271E-02    0.872342329340129E-01
    0.451825754317199E-02    0.871515162958286E-01
    0.342654449615888E-02    0.863069767337332E-01
    0.313045696357279E-02    0.847801878675560E-01
    0.370665756135607E-02    0.823317466737671E-01
    0.531635009444990E-02    0.788366575976577E-01
    0.781859103503482E-02    0.741386615846698E-01
    0.110208250608167E-01    0.679272003732681E-01
    0.145811149404475E-01    0.602498454048878E-01
    0.179007550353153E-01    0.510698993750306E-01
    0.205656213356495E-01    0.407735863559871E-01
    0.218150543429282E-01    0.298695841112042E-01
    0.211909358524076E-01    0.191525992911413E-01
    0.177633458343062E-01    0.955813209145889E-02
    0.109227599531086E-01    0.273047905253599E-02
    0.000000000000000E+00    0.000000000000000E+00
    0.000000000000000E+00    0.000000000000000E+00
   -0.711314826985228E-03    0.572612140318073E-04
   -0.639677975794307E-03    0.304571709007089E-03
    0.807882522577742E-04    0.877829024668772E-03
    0.136228392136139E-02    0.186471381883841E-02
    0.308457987006616E-02    0.336228868951138E-02
    0.515778971226192E-02    0.541924697236576E-02
    0.745150614456453E-02    0.807659085329097E-02
    0.985628684075192E-02    0.113318020659305E-01
    0.122430173271009E-01    0.151618671053483E-01
    0.144952415375612E-01    0.195180427428715E-01
    0.165057972969734E-01    0.243160210268066E-01
    0.181737566972507E-01    0.294743178483667E-01
    0.194313021759250E-01    0.348643364936589E-01
    0.202150898921427E-01    0.403917647188357E-01
    0.205053349825826E-01    0.459076683728225E-01
    0.202899931439531E-01    0.513245458878549E-01
    0.195959663874991E-01    0.564967805560200E-01
    0.184643876836692E-01    0.613595068894168E-01
    0.169595856093628E-01    0.657875304560502E-01
    0.151687379250893E-01    0.697469699845505E-01
    0.131815690366807E-01    0.731465617624031E-01
    0.111214836985948E-01    0.759943234561613E-01
    0.909412664215624E-02    0.782206966006646E-01
    0.724057795236786E-02    0.798675646368951E-01
    0.567767730910527E-02    0.808971764195533E-01
    0.462161121186550E-02    0.813750034792488E-01
    0.421447243842952E-02    0.812285849017435E-01
    0.466344616008317E-02    0.805487306015790E-01
    0.611430774047699E-02    0.790687102001244E-01
    0.886549651387999E-02    0.767067221060523E-01
    0.128059144042149E-01    0.730560922027795E-01
    0.176204742395000E-01    0.677787414381127E-01
    0.228512722146085E-01    0.607510314864372E-01
    0.276273735879527E-01    0.519471895455339E-01
    0.313297942778558E-01    0.417681314146573E-01
    0.329618324621049E-01    0.307990861950865E-01
    0.317487754870683E-01    0.198548802975426E-01
    0.264690209475985E-01    0.996127130256823E-02
    0.161798850854853E-01    0.285421906368649E-02
    0.000000000000000E+00    0.000000000000000E+00
    0.000000000000000E+00    0.000000000000000E+00
   -0.756548841349987E-03   -0.290166225205828E-04
   -0.876410006386207E-03   -0.793774977920170E-05
   -0.473621489324982E-03    0.220530149249386E-03
    0.386326869926518E-03    0.759524887043106E-03
    0.160963424336088E-02    0.172301759955510E-02
    0.312729617847914E-02    0.317340324036084E-02
    0.483814664591619E-02    0.517245674482429E-02
    0.666057071822374E-02    0.773497437190645E-02
    0.849178491432813E-02    0.108596430573603E-01
    0.102461801341422E-01    0.145158643197227E-01
    0.118318240382560E-01    0.186406357238987E-01
    0.131771127801676E-01    0.231642781201277E-01
    0.142131068779668E-01    0.279794189574268E-01
    0.149014161792384E-01    0.329909882165068E-01
    0.152043797163212E-01    0.380714019628901E-01
    0.151286560732410E-01    0.431187386966745E-01
    0.146710101445316E-01    0.480077544151875E-01
    0.138828738363351E-01    0.526506200913875E-01
    0.127940693858590E-01    0.569398579939811E-01
    0.114907876482736E-01    0.608212739962988E-01
    0.100340302766213E-01    0.642139705945325E-01
    0.852966258243221E-02    0.671245160097896E-01
    0.707219337382642E-02    0.694781848016842E-01
    0.577445988408108E-02    0.713295897641107E-01
    0.474960790705118E-02    0.726555080694042E-01
    0.418356185256054E-02    0.736362039876987E-01
    0.430833206876526E-02    0.740952071890819E-01
    0.530077246089400E-02    0.742435251837453E-01
    0.735705324511337E-02    0.738171480453155E-01
    0.110732267170833E-01    0.729164142943832E-01
    0.164672690924420E-01    0.707428586758143E-01
    0.231658093210640E-01    0.666285214479826E-01
    0.303734587022216E-01    0.605905053119878E-01
    0.369375633863783E-01    0.523303648711947E-01
    0.419662027203433E-01    0.424141876655239E-01
    0.441109268082607E-01    0.314931516533724E-01
    0.424367940246592E-01    0.204194861672721E-01
    0.353463226840739E-01    0.101829280877208E-01
    0.215764829899347E-01    0.288189067314833E-02
    0.000000000000000E+00    0.000000000000000E+00
    0.000000000000000E+00    0.000000000000000E+00
   -0.670327439980939E-03   -0.865801218310954E-04
   -0.865995222411248E-03   -0.233867303875213E-03
   -0.675635787476361E-03   -0.278978301197908E-03
   -0.141473827252464E-03   -0.995617258806042E-04
    0.663073276001048E-03    0.416495316241426E-03
    0.169386675685064E-02    0.134670626511762E-02
    0.287308610530735E-02    0.275621944268208E-02
    0.414799574667850E-02    0.468043224204528E-02
    0.544171450210557E-02    0.712472029207985E-02
    0.669524787145975E-02    0.100824441704373E-01
    0.784167250536339E-02    0.134972880339086E-01
    0.882598094803457E-02    0.173255483837294E-01
    0.960089598870613E-02    0.214612716389624E-01
    0.101296423221609E-01    0.258363379406899E-01
    0.103910775019770E-01    0.303157758862668E-01
    0.103781580837520E-01    0.348240296705218E-01
    0.100966817786433E-01    0.392211727134584E-01
    0.957403749933827E-02    0.434418557338237E-01
    0.883836844892191E-02    0.473643437140694E-01
    0.795012060619670E-02    0.509482878599319E-01
    0.695250475596537E-02    0.541115739007319E-01
    0.593082221239045E-02    0.568572099258067E-01
    0.493732686061200E-02    0.591390662953708E-01
    0.409389603885612E-02    0.609736825340471E-01
    0.347484547629872E-02    0.624437002620247E-01
    0.328525495694845E-02    0.637027700080484E-01
    0.369400398272217E-02    0.646678865010142E-01
    0.486646007709455E-02    0.654389842151816E-01
    0.716682271880812E-02    0.661946849985568E-01
    0.117450673413128E-01    0.671618302952046E-01
    0.187678998973996E-01    0.667617730373224E-01
    0.276185309149678E-01    0.642936273985988E-01
    0.372109292273306E-01    0.594954210031268E-01
    0.458807447322598E-01    0.520931284295638E-01
    0.524959893324998E-01    0.425809160832532E-01
    0.553660735753670E-01    0.317828673918556E-01
    0.530565013705093E-01    0.207842391700089E-01
    0.440792723960383E-01    0.103684377665646E-01
    0.268735593522344E-01    0.289314976841939E-02
    0.000000000000000E+00    0.000000000000000E+00
    0.000000000000000E+00    0.000000000000000E+00
   -0.475315330038521E-03   -0.124371597014083E-03
   -0.665194695192232E-03   -0.370791515510087E-03
   -0.604077664070852E-03   -0.592859000148343E-03
   -0.314078677435929E-03   -0.670669202103422E-03
    0.153497810350042E-03   -0.491534522660010E-03
    0.772984784413049E-03    0.160670973572308E-04
    0.148978390355798E-02    0.923715696635982E-03
    0.227469706852851E-02    0.227089671731098E-02
    0.307730866291346E-02    0.406989830675511E-02
    0.386260098977609E-02    0.632710908538593E-02
    0.458633584584046E-02    0.899727788389441E-02
    0.521509282279147E-02    0.120513426873404E-01
    0.571510680094691E-02    0.154009851227154E-01
    0.606541050516007E-02    0.189864130917137E-01
    0.624676816722559E-02    0.226971949941193E-01
    0.625893153851537E-02    0.264558678606198E-01
    0.609924141795656E-02    0.301517033084161E-01
    0.579020569805256E-02    0.337091663592296E-01
    0.534559992496622E-02    0.370358823513573E-01
    0.480673082444123E-02    0.400809203274677E-01
    0.420367643142690E-02    0.427816249581890E-01
    0.358624772860485E-02    0.451330822007497E-01
    0.299623505920890E-02    0.471097360092954E-01
    0.250627600762048E-02    0.487427717520267E-01
    0.219595750132680E-02    0.501135281155109E-01
    0.216653162438557E-02    0.514793862052549E-01
    0.265373072122402E-02    0.526521678309766E-01
    0.378144909305164E-02    0.536861728543047E-01
    0.582383586452865E-02    0.553341415946660E-01
    0.102389929538595E-01    0.586516654744932E-01
    0.184037677747551E-01    0.606839994856916E-01
    0.299401227302610E-01    0.602443181521441E-01
    0.426993884903084E-01    0.573347669324960E-01
    0.541105647993426E-01    0.509475443457133E-01
    0.625157934703730E-01    0.421829029629839E-01
    0.662934806741504E-01    0.316504550681890E-01
    0.638062306406328E-01    0.207428138434944E-01
    0.532450195652753E-01    0.105836973409036E-01
    0.327097609156196E-01    0.297583389472604E-02
    0.000000000000000E+00    0.000000000000000E+00
    0.000000000000000E+00    0.000000000000000E+00
   -0.254220972585464E-03   -0.113361797866420E-03
   -0.377177244161063E-03   -0.375753089897135E-03
   -0.378278706963747E-03   -0.666546873496979E-03
   -0.253726804710262E-03   -0.877321269580768E-03
   -0.420570807388933E-04   -0.911071702855875E-03
    0.255048662906658E-03   -0.711852283375609E-03
    0.594869072155741E-03   -0.210980667833121E-03
    0.978923147456367E-03    0.621103889888652E-03
    0.136656671345485E-02    0.180542538103420E-02
    0.175647983575804E-02    0.334657351049492E-02
    0.211146678581531E-02    0.521681438675637E-02
    0.242867812082872E-02    0.739704135710920E-02
    0.267860707726833E-02    0.981761936219420E-02
    0.286026391046517E-02    0.124403972724328E-01
    0.295574042670706E-02    0.151689325663227E-01
    0.296981759903016E-02    0.179551250194473E-01
    0.289706520461583E-02    0.206965685269998E-01
    0.275140268213353E-02    0.233471182868249E-01
    0.253696753590255E-02    0.258210411492947E-01
    0.227852179923040E-02    0.280869577909072E-01
    0.198352751125681E-02    0.300932903931386E-01
    0.168760081812466E-02    0.318301406667467E-01
    0.139929139649031E-02    0.333004342452564E-01
    0.118822532646807E-02    0.345087773148152E-01
    0.106555021631375E-02    0.355815223773509E-01
    0.107074493267016E-02    0.366877974989112E-01
    0.119903583938414E-02    0.377694284569514E-01
    0.168090363842504E-02    0.384879366634724E-01
    0.288343120708311E-02    0.407891664963613E-01
    0.669647354690612E-02    0.457168539567348E-01
    0.153052847564429E-01    0.503989581077146E-01
    0.296703874115351E-01    0.539629056162370E-01
    0.470568450835970E-01    0.535168225087371E-01
    0.618392721168004E-01    0.482757597223980E-01
    0.716672462657688E-01    0.409704517879541E-01
    0.765128602468727E-01    0.313799868058118E-01
    0.745382866074205E-01    0.209404899358630E-01
    0.632992486129473E-01    0.116106655750115E-01
    0.402464003173590E-01    0.363307023898498E-02
    0.000000000000000E+00    0.000000000000000E+00
    0.000000000000000E+00    0.000000000000000E+00
   -0.620424418475309E-04   -0.620424418475325E-04
   -0.113767864522157E-03   -0.254356226182004E-03
   -0.126692910933992E-03   -0.478178270076833E-03
   -0.926665511189009E-04   -0.680467805074454E-03
   -0.389238986210928E-04   -0.781295309941025E-03
    0.441149877892836E-04   -0.756949355438766E-03
    0.135168768701779E-03   -0.562395994656362E-03
    0.240517649565797E-03   -0.173241393555039E-03
    0.347558225083336E-03    0.412527408532361E-03
    0.454517303164078E-03    0.121551903266695E-02
    0.555070381011929E-03    0.220199690818864E-02
    0.641548850175338E-03    0.338347742670084E-02
    0.714585146675214E-03    0.469825852800788E-02
    0.763068232765210E-03    0.614535287637941E-02
    0.793552122568633E-03    0.764926389037193E-02
    0.795171796339841E-03    0.919689241184437E-02
    0.778188283326028E-03    0.107155487801884E-01
    0.735563832229503E-03    0.121855634609952E-01
    0.678471633290402E-03    0.135517305167289E-01
    0.605620552704156E-03    0.147970082061964E-01
    0.525439942956941E-03    0.158924059890861E-01
    0.443128152544250E-03    0.168268514189775E-01
    0.360690420046599E-03    0.176184769556538E-01
    0.306618806392572E-03    0.182745087447381E-01
    0.299882244557680E-03    0.188439213037731E-01
    0.319713098387479E-03    0.194079264537604E-01
    0.278621103046489E-03    0.199939833554438E-01
    0.337214414923850E-03    0.201799511005067E-01
    0.561763868717267E-03    0.219358083496931E-01
    0.243580132115102E-02    0.272139399353639E-01
    0.897845913640076E-02    0.321970763693392E-01
    0.207474788089731E-01    0.373001783495477E-01
    0.468166735640409E-01    0.476934356533481E-01
    0.678382798831414E-01    0.450425732692945E-01
    0.803288532291113E-01    0.383165347700429E-01
    0.857321593996684E-01    0.310279936039194E-01
    0.840897135126616E-01    0.219497880935051E-01
    0.721393859738515E-01    0.138486110269726E-01
    0.462899750587981E-01    0.612738339470320E-02
    0.000000000000000E+00    0.000000000000000E+00
    0.000000000000000E+00    0.000000000000000E+00
    0.000000000000000E+00    0.000000000000000E+00
    0.000000000000000E+00    0.000000000000000E+00
    0.000000000000000E+00    0.000000000000000E+00
    0.000000000000000E+00    0.000000000000000E+00
    0.000000000000000E+00    0.000000000000000E+00
    0.000000000000000E+00    0.000000000000000E+00
    0.000000000000000E+00    0.000000000000000E+00
    0.000000000000000E+00    0.000000000000000E+00
    0.000000000000000E+00    0.000000000000000E+00
    0.000000000000000E+00    0.000000000000000E+00
    0.000000000000000E+00    0.000000000000000E+00
    0.000000000000000E+00    0.000000000000000E+00
    0.000000000000000E+00    0.000000000000000E+00
    0.000000000000000E+00    0.000000000000000E+00
    0.000000000000000E+00    0.000000000000000E+00
    0.000000000000000E+00    0.000000000000000E+00
    0.000000000000000E+00    0.000000000000000E+00
    0.000000000000000E+00    0.000000000000000E+00
    0.000000000000000E+00    0.000000000000000E+00
    0.000000000000000E+00    0.000000000000000E+00
    0.000000000000000E+00    0.000000000000000E+00
    0.000000000000000E+00    0.000000000000000E+00
    0.000000000000000E+00    0.000000000000000E+00
    0.000000000000000E+00    0.000000000000000E+00
    0.000000000000000E+00    0.000000000000000E+00
    0.000000000000000E+00    0.000000000000000E+00
    0.000000000000000E+00    0.000000000000000E+00
    0.000000000000000E+00    0.000000000000000E+00
    0.000000000000000E+00    0.000000000000000E+00
    0.000000000000000E+00    0.000000000000000E+00
    0.000000000000000E+00    0.000000000000000E+00
    0.000000000000000E+00    0.000000000000000E+00
    0.464948685014959E-01    0.405179088751422E-01
    0.685564863351269E-01    0.451644301264072E-01
    0.853684151756240E-01    0.365602216328632E-01
    0.942657745204447E-01    0.301284272246954E-01
    0.927363609470296E-01    0.224869394424877E-01
    0.804932538573462E-01    0.149470626983831E-01
    0.502317780436721E-01    0.799446619239595E-02
    0.000000000000000E+00    0.000000000000000E+00
