    0.000000000000000E+00    0.000000000000000E+00
    0.437500000000000E-01    0.000000000000000E+00
    0.750000000000000E-01    0.000000000000000E+00
    0.937500000000000E-01    0.000000000000000E+00
    0.100000000000000E+00    0.000000000000000E+00
    0.937500000000000E-01    0.000000000000000E+00
    0.750000000000000E-01    0.000000000000000E+00
    0.437500000000000E-01    0.000000000000000E+00
    0.000000000000000E+00    0.000000000000000E+00
    0.000000000000000E+00    0.000000000000000E+00
    0.000000000000000E+00    0.000000000000000E+00
    0.000000000000000E+00    0.000000000000000E+00
    0.000000000000000E+00    0.000000000000000E+00
    0.000000000000000E+00    0.000000000000000E+00
    0.000000000000000E+00    0.000000000000000E+00
    0.000000000000000E+00    0.000000000000000E+00
    0.000000000000000E+00    0.000000000000000E+00
    0.000000000000000E+00    0.000000000000000E+00
    0.000000000000000E+00    0.000000000000000E+00
    0.000000000000000E+00    0.000000000000000E+00
    0.000000000000000E+00    0.000000000000000E+00
    0.000000000000000E+00    0.000000000000000E+00
    0.000000000000000E+00    0.000000000000000E+00
    0.000000000000000E+00    0.000000000000000E+00
    0.000000000000000E+00    0.000000000000000E+00
    0.000000000000000E+00    0.000000000000000E+00
    0.000000000000000E+00    0.000000000000000E+00
    0.000000000000000E+00    0.000000000000000E+00
    0.000000000000000E+00    0.000000000000000E+00
    0.000000000000000E+00    0.000000000000000E+00
    0.000000000000000E+00    0.000000000000000E+00
    0.000000000000000E+00    0.000000000000000E+00
    0.000000000000000E+00    0.000000000000000E+00
    0.000000000000000E+00    0.000000000000000E+00
    0.000000000000000E+00    0.000000000000000E+00
    0.000000000000000E+00    0.000000000000000E+00
    0.000000000000000E+00    0.000000000000000E+00
    0.000000000000000E+00    0.000000000000000E+00
    0.000000000000000E+00    0.000000000000000E+00
    0.000000000000000E+00    0.000000000000000E+00
    0.000000000000000E+00    0.000000000000000E+00
    0.000000000000000E+00    0.000000000000000E+00
    0.430387923451345E-01    0.731837385210188E-03
    0.735945623271922E-01    0.295965864171597E-02
    0.920907004604378E-01    0.580053404163267E-02
    0.982203187855030E-01    0.909130624671099E-02
    0.913815274018944E-01    0.133070464675151E-01
    0.728221934665958E-01    0.154420351070710E-01
    0.428300582171132E-01    0.184438604996974E-01
    0.118249154311457E-01    0.142628999508978E-01
    0.185662220503764E-02    0.200067329416268E-02
    0.456946238221121E-03   -0.255861246782005E-02
    0.294144293279068E-03   -0.258547100033509E-02
    0.584494750573925E-03   -0.385002700555164E-02
    0.584494739421250E-03   -0.488961783259135E-02
    0.521015715404081E-03   -0.596373964773969E-02
    0.523324282046668E-03   -0.704204582403713E-02
    0.529835323943186E-03   -0.811451920833995E-02
    0.515952953680488E-03   -0.912474589677880E-02
    0.472414148784282E-03   -0.100819743911731E-01
    0.413699282338237E-03   -0.109352275268028E-01
    0.331582231363310E-03   -0.116442135815093E-01
    0.238670609044228E-03   -0.121850875905314E-01
    0.129057377765919E-03   -0.125235741134791E-01
    0.113357484843759E-04   -0.126463252496044E-01
   -0.113857355581330E-03   -0.125300144076264E-01
   -0.240905587214644E-03   -0.121756488608314E-01
   -0.362215068796717E-03   -0.115800653940566E-01
   -0.476630149875866E-03   -0.107604183659701E-01
   -0.569897006774882E-03   -0.974309997152392E-02
   -0.646547689652752E-03   -0.855903967475787E-02
   -0.688036139237468E-03   -0.726929974194223E-02
   -0.705235786904066E-03   -0.591019405911462E-02
   -0.679557406301653E-03   -0.457436611677112E-02
   -0.626493809228746E-03   -0.329078727685242E-02
   -0.534095383966214E-03   -0.216674558031587E-02
   -0.418946054819230E-03   -0.121328869335922E-02
   -0.284198075561722E-03   -0.524056881884693E-03
   -0.143505066040608E-03   -0.785890964220539E-04
   -0.282239904143143E-04    0.988600431085787E-04
    0.593981815252613E-04    0.593981815252616E-04
    0.000000000000000E+00    0.000000000000000E+00
    0.000000000000000E+00    0.000000000000000E+00
    0.407697116279394E-01    0.143606934474173E-02
    0.700880726686724E-01    0.501033620118728E-02
    0.877310382786251E-01    0.987283793832133E-02
    0.935468224414083E-01    0.151060092365273E-01
    0.874798932804200E-01    0.204393895814158E-01
    0.704510348887143E-01    0.231530847509190E-01
    0.474363485717922E-01    0.227465374483694E-01
    0.235464017640767E-01    0.171732362003175E-01
    0.867818833981042E-02    0.638594272482313E-02
    0.403691347782362E-02   -0.680012488303238E-03
    0.281289985747040E-02   -0.367497560607864E-02
    0.249426632616208E-02   -0.696971949054803E-02
    0.237023094059616E-02   -0.985683548045084E-02
    0.221313021537344E-02   -0.122240108300780E-01
    0.215335709976992E-02   -0.143694419271188E-01
    0.206620990471281E-02   -0.164131156434794E-01
    0.195120737196122E-02   -0.183080438861267E-01
    0.174748314956947E-02   -0.200162759577843E-01
    0.149824028677289E-02   -0.214937631405415E-01
    0.117596250799791E-02   -0.226791507143907E-01
    0.813686241589328E-03   -0.235377039582305E-01
    0.399860706122983E-03   -0.240259141414084E-01
   -0.404431598400775E-04   -0.241185430056976E-01
   -0.501612412981398E-03   -0.237930873693806E-01
   -0.963340852449792E-03   -0.230469242033997E-01
   -0.140481642187646E-02   -0.218896761697597E-01
   -0.181023004270999E-02   -0.203495249589586E-01
   -0.214974811675622E-02   -0.184741620006300E-01
   -0.241220706771550E-02   -0.163267057060173E-01
   -0.256964594706925E-02   -0.139905833314910E-01
   -0.261592348578263E-02   -0.115597626103662E-01
   -0.253875273098092E-02   -0.913936331847254E-02
   -0.233618290998129E-02   -0.683977019813389E-02
   -0.202515634825709E-02   -0.476045245467063E-02
   -0.160655664994397E-02   -0.300639830372472E-02
   -0.113816252071004E-02   -0.163472151429391E-02
   -0.626769249947156E-03   -0.708603152737875E-03
   -0.193990706491969E-03   -0.181534292799719E-03
    0.101427630505249E-03   -0.234840576997981E-04
    0.000000000000000E+00    0.000000000000000E+00
    0.000000000000000E+00    0.000000000000000E+00
    0.377794750338158E-01    0.185388810356755E-02
    0.653629105445101E-01    0.607343012142773E-02
    0.821245313771141E-01    0.117474043975611E-01
    0.880194472967866E-01    0.171849408827860E-01
    0.827718784512160E-01    0.224634384823959E-01
    0.688058092161705E-01    0.244908479191209E-01
    0.498803770964180E-01    0.229059227084033E-01
    0.309476072007886E-01    0.174800178337642E-01
    0.179848886807765E-01    0.799822584201013E-02
    0.113210722658838E-01    0.180826959305209E-03
    0.784565414900405E-02   -0.530059835735973E-02
    0.608797273269562E-02   -0.102778084809616E-01
    0.532320573167204E-02   -0.147226690180926E-01
    0.495375999070313E-02   -0.183951674383254E-01
    0.470244154766278E-02   -0.215444620446108E-01
    0.444163448768691E-02   -0.244928811485186E-01
    0.407833839169410E-02   -0.270981365069708E-01
    0.360389330425687E-02   -0.293931072490584E-01
    0.302055467577810E-02   -0.312912972847798E-01
    0.233179556881122E-02   -0.327807564070559E-01
    0.154607311944183E-02   -0.337862772513575E-01
    0.682281989060402E-03   -0.342971903042566E-01
   -0.239778444798652E-03   -0.342623145726099E-01
   -0.119001838822969E-02   -0.336836465008791E-01
   -0.213639163042877E-02   -0.325497330974375E-01
   -0.304086489479838E-02   -0.308881929464862E-01
   -0.386113776206609E-02   -0.287364616758183E-01
   -0.455791239880400E-02   -0.261556461486033E-01
   -0.508677556734962E-02   -0.232325540634126E-01
   -0.541712187136669E-02   -0.200651652641355E-01
   -0.551618373328461E-02   -0.167760296670514E-01
   -0.537366610242483E-02   -0.134939719721349E-01
   -0.498271548027466E-02   -0.103502249597334E-01
   -0.436559681010094E-02   -0.748174399006515E-02
   -0.355090031881538E-02   -0.499579923436645E-02
   -0.260797370454827E-02   -0.299290369070275E-02
   -0.160794472494524E-02   -0.152313327871108E-02
   -0.704386884136250E-03   -0.570689866606187E-03
   -0.550023499498810E-04   -0.124263010204133E-03
    0.000000000000000E+00    0.000000000000000E+00
    0.000000000000000E+00    0.000000000000000E+00
    0.344977346395693E-01    0.184399491725889E-02
    0.602291966475907E-01    0.613794053405261E-02
    0.764931970700429E-01    0.116854696328997E-01
    0.827018137110528E-01    0.169183668065024E-01
    0.796832115749938E-01    0.210139877705064E-01
    0.686713352698567E-01    0.223589777760349E-01
    0.537650610964960E-01    0.202296521089489E-01
    0.385034686386902E-01    0.149496851649921E-01
    0.261182704233404E-01    0.726074936380754E-02
    0.185927969814208E-01   -0.710640409211887E-03
    0.140136361455268E-01   -0.783619138809940E-02
    0.112411535182029E-01   -0.140979290872131E-01
    0.975886500773551E-02   -0.195808339929697E-01
    0.887541617053639E-02   -0.242697728795751E-01
    0.821066961438997E-02   -0.282902576060902E-01
    0.754900491194857E-02   -0.319418701708008E-01
    0.679733335533159E-02   -0.351240049261585E-01
    0.589105023955614E-02   -0.378199768163173E-01
    0.484501902990632E-02   -0.399970982889659E-01
    0.364232336248012E-02   -0.416337496774681E-01
    0.231215612930418E-02   -0.426859599995942E-01
    0.865651225809963E-03   -0.431248377459831E-01
   -0.652097137281032E-03   -0.429272405701848E-01
   -0.220633435287392E-02   -0.420838737266764E-01
   -0.373948411960286E-02   -0.406048721236543E-01
   -0.519744584276480E-02   -0.385154666044779E-01
   -0.651539209966797E-02   -0.358681146757554E-01
   -0.762954629399679E-02   -0.327297036316019E-01
   -0.847958186756110E-02   -0.291987874514629E-01
   -0.900890204384031E-02   -0.253832079928502E-01
   -0.917861885462027E-02   -0.214208008098134E-01
   -0.896148455086425E-02   -0.174480879817923E-01
   -0.835723033581156E-02   -0.136214784248621E-01
   -0.739093558519424E-02   -0.100791180001444E-01
   -0.611432388614731E-02   -0.696243015320716E-02
   -0.462489341673527E-02   -0.436920319720272E-02
   -0.304412579622330E-02   -0.238137554369577E-02
   -0.156575897735591E-02   -0.100253510785045E-02
   -0.441339669853806E-03   -0.238360184311511E-03
    0.000000000000000E+00    0.000000000000000E+00
    0.000000000000000E+00    0.000000000000000E+00
    0.311776149583541E-01    0.165075351702134E-02
    0.553192647039435E-01    0.540427817935991E-02
    0.710816360904959E-01    0.103725990834334E-01
    0.781925413951549E-01    0.147195588263142E-01
    0.770262310271063E-01    0.179059018110856E-01
    0.692478730900796E-01    0.185738707335471E-01
    0.576973250825368E-01    0.162096672930487E-01
    0.452248695649177E-01    0.112272648302970E-01
    0.343026629434726E-01    0.419217189945942E-02
    0.262671028675880E-01   -0.355966522189052E-02
    0.208706596526736E-01   -0.112628071433388E-01
    0.173738917349227E-01   -0.181522396234285E-01
    0.151805584397889E-01   -0.243367683437733E-01
    0.136893486309945E-01   -0.297484564235879E-01
    0.124193293976926E-01   -0.344143924857825E-01
    0.111938830379887E-01   -0.385593191266903E-01
    0.989039545202576E-02   -0.421044833800926E-01
    0.844177106455379E-02   -0.450580922278042E-01
    0.681203874645677E-02   -0.473688437798090E-01
    0.500586696692549E-02   -0.490652166323739E-01
    0.302921341158782E-02   -0.500761658668311E-01
    0.921967885264155E-03   -0.504145501195390E-01
   -0.127497185682716E-02   -0.500390235925764E-01
   -0.350236813204099E-02   -0.489680001934589E-01
   -0.568827171991253E-02   -0.472046055764397E-01
   -0.776196982326555E-02   -0.447845205998047E-01
   -0.962695829626957E-02   -0.417655952956737E-01
   -0.112131294777609E-01   -0.382102117006117E-01
   -0.124180009277321E-01   -0.342319227129712E-01
   -0.131888903895319E-01   -0.299267958813637E-01
   -0.134466560617107E-01   -0.254522104139205E-01
   -0.131771910178809E-01   -0.209361953366012E-01
   -0.123573374367967E-01   -0.165542469468431E-01
   -0.110346395626626E-01   -0.124472704245303E-01
   -0.926751484892496E-02   -0.877439178703976E-02
   -0.718822704656288E-02   -0.564814679475042E-02
   -0.495335146468233E-02   -0.317673695569744E-02
   -0.280685738834346E-02   -0.139148516932189E-02
   -0.102983492125930E-02   -0.345926626235139E-03
    0.000000000000000E+00    0.000000000000000E+00
    0.000000000000000E+00    0.000000000000000E+00
    0.285026850805640E-01    0.133405885576603E-02
    0.511521816814492E-01    0.444470198746393E-02
    0.668101990415565E-01    0.837911776263274E-02
    0.746844704564226E-01    0.117924992253819E-01
    0.754912115412785E-01    0.139222981965041E-01
    0.702954794342220E-01    0.139045640936607E-01
    0.614694349741529E-01    0.114148740724442E-01
    0.513710754625353E-01    0.657294100022519E-02
    0.417610688093736E-01   -0.172580617564342E-04
    0.339852273975904E-01   -0.746117982644189E-02
    0.281781631142016E-01   -0.151245447962715E-01
    0.240811407869690E-01   -0.222630121159447E-01
    0.211441018147727E-01   -0.287344216401633E-01
    0.189422902833304E-01   -0.345577772009000E-01
    0.170231037637561E-01   -0.396387923682618E-01
    0.151533467234008E-01   -0.440605438408487E-01
    0.132143256378603E-01   -0.477985187106045E-01
    0.111206527175219E-01   -0.508575931660870E-01
    0.883065480318175E-02   -0.532163215799266E-01
    0.633880645666397E-02   -0.548871639056521E-01
    0.365961834713650E-02   -0.558356734012989E-01
    0.833571039942121E-03   -0.560581734769488E-01
   -0.208654553822164E-02   -0.555409619795727E-01
   -0.502645184419549E-02   -0.542951611127507E-01
   -0.790481693442893E-02   -0.523338497001570E-01
   -0.106207965674146E-01   -0.496939486010296E-01
   -0.130748974036616E-01   -0.464258809727616E-01
   -0.151534118438527E-01   -0.426017597285519E-01
   -0.167591370189273E-01   -0.383157360908448E-01
   -0.177893506143052E-01   -0.336793267680146E-01
   -0.181793007375769E-01   -0.288290838389431E-01
   -0.178704202725640E-01   -0.239110410806718E-01
   -0.168649219994831E-01   -0.190892324145832E-01
   -0.151844010407026E-01   -0.145245323352607E-01
   -0.129276835088922E-01   -0.103788559737586E-01
   -0.102250236498439E-01   -0.679261174070297E-02
   -0.729176253695531E-02   -0.388786653079600E-02
   -0.437884710272880E-02   -0.174648427153356E-02
   -0.182821311427305E-02   -0.440236917674627E-03
    0.000000000000000E+00    0.000000000000000E+00
    0.000000000000000E+00    0.000000000000000E+00
    0.263132550258874E-01    0.985738651832783E-03
    0.479603749211125E-01    0.326243417659971E-02
    0.634772129750893E-01    0.620553485314085E-02
    0.723087964943435E-01    0.855836832899465E-02
    0.747240459303601E-01    0.977377508574687E-02
    0.717711164521655E-01    0.915185303180035E-02
    0.652186629023210E-01    0.642269858401694E-02
    0.569671408349970E-01    0.172474204014789E-02
    0.486704027848829E-01   -0.455144697472281E-02
    0.413982380626926E-01   -0.116537228296742E-01
    0.355520182212579E-01   -0.190542329492202E-01
    0.310377787878885E-01   -0.261341166922950E-01
    0.274486439621195E-01   -0.326631342676846E-01
    0.245025551324766E-01   -0.385797812433025E-01
    0.218446497308196E-01   -0.437975637689586E-01
    0.192736604354899E-01   -0.482970771497602E-01
    0.166338928201804E-01   -0.520698371808811E-01
    0.138437430501829E-01   -0.551330730825299E-01
    0.108376695783111E-01   -0.574542681053145E-01
    0.762287392783462E-02   -0.590665100818530E-01
    0.420692888281416E-02   -0.599297583264322E-01
    0.640512112896885E-03   -0.600614222135820E-01
   -0.301864534536784E-02   -0.594437499682816E-01
   -0.668843990077358E-02   -0.580960320681917E-01
   -0.102660706134642E-01   -0.560323375197612E-01
   -0.136490648181161E-01   -0.532802540432477E-01
   -0.166996600064212E-01   -0.498976295028261E-01
   -0.193103114750807E-01   -0.459315726291270E-01
   -0.213321440575734E-01   -0.414902443635135E-01
   -0.226761570729586E-01   -0.366512019009062E-01
   -0.232216838272951E-01   -0.315722620547557E-01
   -0.229314912949250E-01   -0.263663846498388E-01
   -0.217618392473256E-01   -0.212270884457010E-01
   -0.197651047802839E-01   -0.162929760654030E-01
   -0.170170076231348E-01   -0.117650046258396E-01
   -0.136908022115848E-01   -0.777930036238664E-02
   -0.100016005337495E-01   -0.450682162230037E-02
   -0.625206330260468E-02   -0.204658101543479E-02
   -0.278464453841399E-02   -0.523797430667637E-03
    0.000000000000000E+00    0.000000000000000E+00
    0.000000000000000E+00    0.000000000000000E+00
    0.248000009560448E-01    0.685540562474450E-03
    0.456302477073028E-01    0.225269228843217E-02
    0.612598393008889E-01    0.415796322465431E-02
    0.708478735855387E-01    0.553974886557367E-02
    0.747516384057797E-01    0.587937050515594E-02
    0.736459098312272E-01    0.467239701161279E-02
    0.690307539129647E-01    0.172950111314236E-02
    0.624529757128380E-01   -0.286986991038240E-02
    0.552640507241665E-01   -0.878829568973756E-02
    0.485505494134133E-01   -0.154858941961363E-01
    0.426636583290987E-01   -0.224714307079869E-01
    0.377933811643902E-01   -0.293082595027417E-01
    0.336432118084789E-01   -0.357013624478039E-01
    0.300190502871273E-01   -0.415191514540934E-01
    0.266523559043943E-01   -0.466633477776983E-01
    0.233677829067696E-01   -0.510910627932947E-01
    0.200021946190000E-01   -0.547839764498618E-01
    0.164909421932313E-01   -0.577652198475981E-01
    0.127571975126170E-01   -0.600110513785335E-01
    0.881383158040249E-02   -0.615394035934805E-01
    0.466017483614535E-02   -0.623333380364386E-01
    0.361352910719836E-03   -0.624051863681982E-01
   -0.403376832808840E-02   -0.617470270476581E-01
   -0.841770001116897E-02   -0.603774466078573E-01
   -0.126991355884432E-01   -0.583040399842706E-01
   -0.167361275780998E-01   -0.555582506057473E-01
   -0.204066907556982E-01   -0.521750039989815E-01
   -0.235492658997725E-01   -0.482095098301109E-01
   -0.260344499935634E-01   -0.437356768084214E-01
   -0.277089993440591E-01   -0.388433408299825E-01
   -0.284752735058591E-01   -0.336540578493226E-01
   -0.282313407228240E-01   -0.282991449067359E-01
   -0.269629590403749E-01   -0.229442860446667E-01
   -0.246702074092538E-01   -0.177561806684530E-01
   -0.214703593016398E-01   -0.129236516264502E-01
   -0.175054758576880E-01   -0.862511795433411E-02
   -0.130451704384281E-01   -0.503594096917390E-02
   -0.837863750876031E-02   -0.231172042595292E-02
   -0.389944224699793E-02   -0.593828110967201E-03
    0.000000000000000E+00    0.000000000000000E+00
    0.000000000000000E+00    0.000000000000000E+00
    0.238000083791046E-01    0.401523519234026E-03
    0.442279933202594E-01    0.131071628499378E-02
    0.599562718364810E-01    0.238089866256257E-02
    0.703252832439534E-01    0.294121464389159E-02
    0.754308298011919E-01    0.256015506100992E-02
    0.758740291424664E-01    0.914106784115759E-03
    0.728584394680119E-01   -0.221565357072094E-02
    0.676483783955423E-01   -0.670065737734582E-02
    0.614826652496649E-01   -0.122926356199894E-01
    0.552651458556324E-01   -0.185856626974492E-01
    0.494573306333941E-01   -0.251189544094788E-01
    0.442921310143049E-01   -0.315819421414126E-01
    0.396412662774815E-01   -0.376631686445441E-01
    0.354044892006262E-01   -0.432202469721633E-01
    0.313592665174309E-01   -0.481425177708560E-01
    0.273760047380240E-01   -0.523850805137833E-01
    0.232939927268370E-01   -0.559174460679836E-01
    0.190612731089355E-01   -0.587609718782346E-01
    0.146101424580012E-01   -0.608950277305399E-01
    0.994911405760433E-02   -0.623373802865754E-01
    0.508398860345789E-02   -0.630776273040043E-01
    0.714091744084362E-04   -0.631293342948652E-01
   -0.502525301836414E-02   -0.624903336751032E-01
   -0.101087179919442E-01   -0.611700564350497E-01
   -0.150616811095065E-01   -0.591830999355992E-01
   -0.197555448288034E-01   -0.565385131851526E-01
   -0.240282933316971E-01   -0.532792665767676E-01
   -0.277341340441960E-01   -0.494250653750472E-01
   -0.306885099609380E-01   -0.450609411849293E-01
   -0.327556795183372E-01   -0.402316440411698E-01
   -0.337718440211568E-01   -0.350777102286444E-01
   -0.336554516765049E-01   -0.296831240583339E-01
   -0.323263048217913E-01   -0.242459358490353E-01
   -0.298120899116763E-01   -0.188942764688786E-01
   -0.261789331112290E-01   -0.138648359748855E-01
   -0.216089737827377E-01   -0.931791511047965E-02
   -0.163436118896708E-01   -0.548637114706875E-02
   -0.107225174399102E-01   -0.253260940587009E-02
   -0.512844232364429E-02   -0.656992249918333E-03
    0.000000000000000E+00    0.000000000000000E+00
    0.000000000000000E+00    0.000000000000000E+00
    0.232441880218180E-01    0.214465903114836E-03
    0.434298062386008E-01    0.649858680665320E-03
    0.594245252080114E-01    0.104424311492148E-02
    0.704471187584449E-01    0.953091898475134E-03
    0.766240444303289E-01    0.452508433854888E-04
    0.783629049461797E-01   -0.194388145134780E-02
    0.766658446074825E-01   -0.513175562865747E-02
    0.726380522094500E-01   -0.945984454628531E-02
    0.672870551593145E-01   -0.146928943838214E-01
    0.615261946505827E-01   -0.205264081061902E-01
    0.557794050657791E-01   -0.265895776297057E-01
    0.503758052988927E-01   -0.325882361589193E-01
    0.452827551397860E-01   -0.382699425889762E-01
    0.404783903838853E-01   -0.434720368178150E-01
    0.357903860524175E-01   -0.480888701491971E-01
    0.311401287026392E-01   -0.520802589023375E-01
    0.263751835043118E-01   -0.554089540318882E-01
    0.214640596394717E-01   -0.580855934325993E-01
    0.163302624130694E-01   -0.600984918763532E-01
    0.110003608113612E-01   -0.614627058903876E-01
    0.545967338484141E-02   -0.621736809073025E-01
   -0.212626356364515E-03   -0.622472262735107E-01
   -0.597686068046665E-02   -0.616790254468574E-01
   -0.117066205913953E-01   -0.604806647596964E-01
   -0.173106921572832E-01   -0.586543822258928E-01
   -0.226204505486903E-01   -0.562113325386441E-01
   -0.275010074403852E-01   -0.531702146551004E-01
   -0.317526155108709E-01   -0.495518061206959E-01
   -0.352164799349249E-01   -0.454067847550108E-01
   -0.376882909972615E-01   -0.407822509346292E-01
   -0.390277314375366E-01   -0.357792004964367E-01
   -0.390749863708900E-01   -0.304911089487101E-01
   -0.377745961791037E-01   -0.250800168273068E-01
   -0.350783456036398E-01   -0.196977976038268E-01
   -0.310861834086821E-01   -0.145588404902789E-01
   -0.259216440774485E-01   -0.986530398684344E-02
   -0.198732652128939E-01   -0.584775653097269E-02
   -0.132488006462228E-01   -0.272359066848106E-02
   -0.648127448778101E-02   -0.709067571757319E-03
    0.000000000000000E+00    0.000000000000000E+00
    0.000000000000000E+00    0.000000000000000E+00
    0.230215179596438E-01    0.627678258926852E-04
    0.432130322240682E-01    0.175061942458438E-03
    0.594652986253985E-01    0.131315343094928E-03
    0.711261472759801E-01   -0.340652393834294E-03
    0.781936754450165E-01   -0.158501098536508E-02
    0.810043162095090E-01   -0.369756450798620E-02
    0.804047838039825E-01   -0.685840923257492E-02
    0.773070443152542E-01   -0.109474499969903E-01
    0.726660542170034E-01   -0.157953301437080E-01
    0.672657676085349E-01   -0.211647086789352E-01
    0.616003152837609E-01   -0.267050061945038E-01
    0.560077071960393E-01   -0.322185232861147E-01
    0.505387973928274E-01   -0.374254446883757E-01
    0.452327001377754E-01   -0.422286157282451E-01
    0.399635484081718E-01   -0.464872147049604E-01
    0.346909698629229E-01   -0.501887667839610E-01
    0.292938020106541E-01   -0.532808199339301E-01
    0.237455068706883E-01   -0.557772916752848E-01
    0.179867167858314E-01   -0.576665218194807E-01
    0.120308588847853E-01   -0.589646599205539E-01
    0.587893889389053E-02   -0.596719764016881E-01
   -0.409641401831964E-03   -0.597994764298243E-01
   -0.677512018959409E-02   -0.593508278503318E-01
   -0.131143102607726E-01   -0.583248359360658E-01
   -0.193100361580835E-01   -0.567316349795951E-01
   -0.252176845139414E-01   -0.545601385490157E-01
   -0.306660554703034E-01   -0.518349315405705E-01
   -0.354776079748710E-01   -0.485432655493400E-01
   -0.394418603956398E-01   -0.447410072547123E-01
   -0.423728500370256E-01   -0.404301500673106E-01
   -0.440610255109906E-01   -0.357217478639073E-01
   -0.443615601400436E-01   -0.306565244188222E-01
   -0.431383814788353E-01   -0.254198070937611E-01
   -0.403605035207780E-01   -0.201142268263995E-01
   -0.360520675837157E-01   -0.149955623337989E-01
   -0.303651263422038E-01   -0.102362498909895E-01
   -0.235352170443078E-01   -0.612172799999134E-02
   -0.159134859260624E-01   -0.286826327852018E-02
   -0.790929729917484E-02   -0.754950417010573E-03
    0.000000000000000E+00    0.000000000000000E+00
    0.000000000000000E+00    0.000000000000000E+00
    0.229543933474636E-01    0.109633746521938E-04
    0.432039137676719E-01   -0.261393729371172E-04
    0.597772449323189E-01   -0.268006225766020E-03
    0.719939907614371E-01   -0.922604043135920E-03
    0.798472262547503E-01   -0.222763501591942E-02
    0.835869974058692E-01   -0.431891698419871E-02
    0.839038876408601E-01   -0.727158969641264E-02
    0.816345880873729E-01   -0.110327355239160E-01
    0.775731026361988E-01   -0.154375884984127E-01
    0.725107520282961E-01   -0.202805013840227E-01
    0.668969647664587E-01   -0.252967056080207E-01
    0.611403638780664E-01   -0.302744042510593E-01
    0.553270948074967E-01   -0.350095087440138E-01
    0.495656532271363E-01   -0.393786134251967E-01
    0.437700379905304E-01   -0.432802168651801E-01
    0.379383992689083E-01   -0.466748860435594E-01
    0.319651916563551E-01   -0.495304872407100E-01
    0.258487562071282E-01   -0.518475320155289E-01
    0.195180412393625E-01   -0.536229492244539E-01
    0.130100403613584E-01   -0.548721579788989E-01
    0.630125134694617E-02   -0.555970650319720E-01
   -0.525254946506437E-03   -0.558107960149880E-01
   -0.743978078250148E-02   -0.555140364414615E-01
   -0.143121003488991E-01   -0.547092176390939E-01
   -0.210578813464770E-01   -0.533963317776772E-01
   -0.274989454970029E-01   -0.515662825107763E-01
   -0.334963425030996E-01   -0.492245131838136E-01
   -0.388275240013330E-01   -0.463565545862580E-01
   -0.433097755855907E-01   -0.429883032293023E-01
   -0.466948705183390E-01   -0.391178503247721E-01
   -0.487935343808665E-01   -0.348158491353910E-01
   -0.493795439583498E-01   -0.301229623738848E-01
   -0.483315632367446E-01   -0.251803472839463E-01
   -0.455265069796907E-01   -0.201032776015270E-01
   -0.410070297552522E-01   -0.151127899829275E-01
   -0.348418439491377E-01   -0.104128940221202E-01
   -0.272992114109014E-01   -0.627714093187146E-02
   -0.186762829257064E-01   -0.297067471391201E-02
   -0.942588599253483E-02   -0.785667429295429E-03
    0.000000000000000E+00    0.000000000000000E+00
    0.000000000000000E+00    0.000000000000000E+00
    0.229890057693615E-01   -0.142063325937287E-05
    0.433545709578520E-01   -0.156425485427487E-04
    0.602073484775280E-01   -0.247815946945495E-03
    0.729356694088296E-01   -0.792894064727198E-03
    0.814724002234389E-01   -0.197001923450657E-02
    0.859954794271042E-01   -0.378707930483029E-02
    0.871116370647855E-01   -0.640745100817771E-02
    0.855171972687087E-01   -0.971366303571704E-02
    0.819812496413198E-01   -0.136019746951753E-01
    0.771981147595107E-01   -0.178961367510537E-01
    0.716613925702442E-01   -0.223386130635685E-01
    0.657708309683972E-01   -0.267934624799137E-01
    0.596770913948610E-01   -0.310234893062908E-01
    0.535216516364951E-01   -0.349708440102500E-01
    0.472696045170335E-01   -0.384955341788869E-01
    0.409427295237412E-01   -0.415946467525663E-01
    0.344665384375615E-01   -0.442102443405481E-01
    0.278399428088631E-01   -0.463622382494200E-01
    0.210138569430098E-01   -0.480351418209670E-01
    0.140090986747257E-01   -0.492527373635483E-01
    0.682368882616104E-02   -0.500155119112197E-01
   -0.485088659040087E-03   -0.503365026771387E-01
   -0.786592612347999E-02   -0.502213915643461E-01
   -0.152189040009211E-01   -0.496659227192814E-01
   -0.224361147460262E-01   -0.486770045754734E-01
   -0.293705037487093E-01   -0.472307902569197E-01
   -0.358536359134956E-01   -0.453382217490806E-01
   -0.416911342083649E-01   -0.429592655045662E-01
   -0.466578335056077E-01   -0.401220777342833E-01
   -0.505261621998358E-01   -0.367853737987926E-01
   -0.530432563068373E-01   -0.330211999147047E-01
   -0.539931835541940E-01   -0.288175881803113E-01
   -0.531686045270450E-01   -0.243239093667992E-01
   -0.504499273619545E-01   -0.195992369403392E-01
   -0.457855505156533E-01   -0.148877136864525E-01
   -0.392525659889975E-01   -0.103526797856330E-01
   -0.310422762513165E-01   -0.630789914190062E-02
   -0.214765127952434E-01   -0.300972061563050E-02
   -0.109659569259620E-01   -0.806722577419302E-03
    0.000000000000000E+00    0.000000000000000E+00
    0.000000000000000E+00    0.000000000000000E+00
    0.229192741443509E-01    0.623945037210134E-04
    0.433262036347112E-01    0.195924008923410E-03
    0.604124010483043E-01    0.205688309964845E-03
    0.735792324182835E-01   -0.535378246960939E-04
    0.827223744069153E-01   -0.822808359822279E-03
    0.879681854634742E-01   -0.220924927181001E-02
    0.897950365689276E-01   -0.429164123500350E-02
    0.888540687519970E-01   -0.702907570863215E-02
    0.857885064172649E-01   -0.103111838395423E-01
    0.813056281272364E-01   -0.139809936562510E-01
    0.758490833260331E-01   -0.178448056920896E-01
    0.698738138624461E-01   -0.217325984914015E-01
    0.635460334196792E-01   -0.254858037877144E-01
    0.570609460326945E-01   -0.289920531759622E-01
    0.504125715304458E-01   -0.321697812607774E-01
    0.436603867703943E-01   -0.349714337038935E-01
    0.367398265550962E-01   -0.373729481293616E-01
    0.296771565457987E-01   -0.393688439180713E-01
    0.224138319657933E-01   -0.409615908098186E-01
    0.149926541749955E-01   -0.421627164944204E-01
    0.739029269767964E-02   -0.429820090644359E-01
   -0.315292283726808E-03   -0.434301682502263E-01
   -0.810149775641194E-02   -0.435149865926067E-01
   -0.158474803409945E-01   -0.432361525433564E-01
   -0.234776513856156E-01   -0.425953827655615E-01
   -0.308222275859515E-01   -0.415746001763923E-01
   -0.377452014057824E-01   -0.401704779636237E-01
   -0.440227215454953E-01   -0.383467958767486E-01
   -0.494570874178548E-01   -0.361047904138595E-01
   -0.537754836362610E-01   -0.334027331311494E-01
   -0.567413569974828E-01   -0.302705617957517E-01
   -0.580684738782780E-01   -0.266934507122567E-01
   -0.575522715304601E-01   -0.227674258831856E-01
   -0.549782782315022E-01   -0.185534189162945E-01
   -0.502919188245859E-01   -0.142451545314202E-01
   -0.434691726169220E-01   -0.100214577979614E-01
   -0.347088267176814E-01   -0.616869850387732E-02
   -0.242543447951305E-01   -0.297858776372505E-02
   -0.125387756030834E-01   -0.802909478321729E-03
    0.000000000000000E+00    0.000000000000000E+00
    0.000000000000000E+00    0.000000000000000E+00
    0.227464417955888E-01    0.157664718739671E-03
    0.430880999043553E-01    0.578058275612468E-03
    0.603144283752402E-01    0.970217180815534E-03
    0.738405508842074E-01    0.123671260766520E-02
    0.835241826175395E-01    0.102726006881720E-02
    0.894082673221318E-01    0.303164083052638E-03
    0.919067839948531E-01   -0.111035967504315E-02
    0.915536080923194E-01   -0.313314702766183E-02
    0.889686557596397E-01   -0.571162654619494E-02
    0.847792582146786E-01   -0.870509589457015E-02
    0.794599489972957E-01   -0.119240054475213E-01
    0.734493173697972E-01   -0.152484443510003E-01
    0.669663516522510E-01   -0.184856819378293E-01
    0.602240311868840E-01   -0.215756794985944E-01
    0.532612605794136E-01   -0.243909338635398E-01
    0.461534190015550E-01   -0.269245333431636E-01
    0.388679361934821E-01   -0.291137788817688E-01
    0.314309059465649E-01   -0.309807519486859E-01
    0.238090896804200E-01   -0.325035376738903E-01
    0.160302290066176E-01   -0.337104149204206E-01
    0.809298530335036E-02   -0.346001043060503E-01
    0.504322334033040E-04   -0.351922676406159E-01
   -0.805446750480740E-02   -0.354938077379178E-01
   -0.161316317709450E-01   -0.355059404377484E-01
   -0.240859730338260E-01   -0.352365028638650E-01
   -0.317814568993988E-01   -0.346604719232708E-01
   -0.390615245209684E-01   -0.337832208192501E-01
   -0.457349574369298E-01   -0.325506592535082E-01
   -0.515756788292275E-01   -0.309700995521963E-01
   -0.563356088380306E-01   -0.289672291774914E-01
   -0.597299438036538E-01   -0.265719895358082E-01
   -0.614814552425838E-01   -0.237202752803602E-01
   -0.613073742251593E-01   -0.205043228526824E-01
   -0.589841055142560E-01   -0.169256518024209E-01
   -0.543554252997282E-01   -0.131779177353371E-01
   -0.473800861628895E-01   -0.938962047514907E-02
   -0.381594671300272E-01   -0.586053288192857E-02
   -0.269297863486696E-01   -0.286450476560375E-02
   -0.140604861695567E-01   -0.785156704450007E-03
    0.000000000000000E+00    0.000000000000000E+00
    0.000000000000000E+00    0.000000000000000E+00
    0.223027467495890E-01    0.289102252402199E-03
    0.423997944169607E-01    0.105058325357467E-02
    0.596201898900837E-01    0.198221809392558E-02
    0.734048141140020E-01    0.288517717469791E-02
    0.835515468282919E-01    0.345099961968751E-02
    0.900461067624764E-01    0.351906251283309E-02
    0.931905969212504E-01    0.296173515019608E-02
    0.934601666868342E-01    0.177334640386413E-02
    0.913753911586109E-01    0.754837246965559E-05
    0.875536787003714E-01   -0.221478924995404E-02
    0.824275132358400E-01   -0.475431067403911E-02
    0.764683559482789E-01   -0.745143226278193E-02
    0.699022351735973E-01   -0.101820568896640E-01
    0.629859448417064E-01   -0.128211504973062E-01
    0.557794446170527E-01   -0.153013858561899E-01
    0.483930433512210E-01   -0.175546503591598E-01
    0.408067705061496E-01   -0.195627685419278E-01
    0.330703534031673E-01   -0.213023073184465E-01
    0.251498364003607E-01   -0.227822314601492E-01
    0.170900546558888E-01   -0.240032405526527E-01
    0.887783715883658E-02   -0.249835989842167E-01
    0.580142579750971E-03   -0.257313798437074E-01
   -0.777935973583590E-02   -0.262632097672621E-01
   -0.160993553450632E-01   -0.265811134748024E-01
   -0.243090271918810E-01   -0.266932550493409E-01
   -0.322633753431128E-01   -0.265840585899133E-01
   -0.398325977769994E-01   -0.262485279941348E-01
   -0.468156281062389E-01   -0.256453341274482E-01
   -0.530104433367001E-01   -0.247577011797761E-01
   -0.581489922355702E-01   -0.235209262560107E-01
   -0.619589097434794E-01   -0.219234748766416E-01
   -0.641180769334336E-01   -0.199028815900263E-01
   -0.643360864947188E-01   -0.174932049806639E-01
   -0.623094006721088E-01   -0.146906635221840E-01
   -0.578557358125449E-01   -0.116256111827946E-01
   -0.508290523977826E-01   -0.842221890664134E-02
   -0.413036159550759E-01   -0.533499586583800E-02
   -0.294180127745159E-01   -0.264814777715909E-02
   -0.155264877958231E-01   -0.731538346587429E-03
    0.000000000000000E+00    0.000000000000000E+00
    0.000000000000000E+00    0.000000000000000E+00
    0.216278657508399E-01    0.435944691277309E-03
    0.412702836686885E-01    0.160738551785616E-02
    0.583388442474009E-01    0.312969433512237E-02
    0.722608329010974E-01    0.480215798493067E-02
    0.827940710208295E-01    0.622395574884998E-02
    0.898378747246013E-01    0.724075619038614E-02
    0.936187799966747E-01    0.764276200697089E-02
    0.945047266003396E-01    0.741721419203017E-02
    0.929726500940803E-01    0.656991808450545E-02
    0.895664901878148E-01    0.519278933604786E-02
    0.847265162519970E-01    0.342372452685744E-02
    0.789025040736758E-01    0.137951907616709E-02
    0.723575813298064E-01   -0.779470683448547E-03
    0.653581348997857E-01   -0.297294382130963E-02
    0.580042494999792E-01   -0.508104688735749E-02
    0.504198789915530E-01   -0.707498964477499E-02
    0.426172204017968E-01   -0.888681950967015E-02
    0.346499449457756E-01   -0.105250427131317E-01
    0.265081646219891E-01   -0.119608697354143E-01
    0.182292271993120E-01   -0.132197036850599E-01
    0.981895748913889E-02   -0.142965807683977E-01
    0.132781419300474E-02   -0.152165013062363E-01
   -0.720483433147870E-02   -0.159872068447317E-01
   -0.157010613546220E-01   -0.166190355819935E-01
   -0.240778914953068E-01   -0.171236837382384E-01
   -0.322191070229624E-01   -0.174845717175695E-01
   -0.399860026490712E-01   -0.177085723896063E-01
   -0.472088362109488E-01   -0.177425533815598E-01
   -0.536753609248084E-01   -0.175830554981668E-01
   -0.591443162975521E-01   -0.171398569629882E-01
   -0.633192290737753E-01   -0.164072665030936E-01
   -0.658883078734348E-01   -0.152803907949858E-01
   -0.665056401925673E-01   -0.137853619328428E-01
   -0.648509057427228E-01   -0.118617269759597E-01
   -0.606493370639848E-01   -0.961868021773193E-02
   -0.537133105288305E-01   -0.712516838421481E-02
   -0.440099013873850E-01   -0.461313989456811E-02
   -0.316301006180080E-01   -0.233984639896994E-02
   -0.168468122733839E-01   -0.661300133338030E-03
    0.000000000000000E+00    0.000000000000000E+00
    0.000000000000000E+00    0.000000000000000E+00
    0.206421233616603E-01    0.576099038596628E-03
    0.395967300986251E-01    0.213895633266823E-02
    0.563011453971127E-01    0.429330579777728E-02
    0.702095790489780E-01    0.675011918674922E-02
    0.810227697865197E-01    0.912129592111368E-02
    0.885666957710749E-01    0.111485957125404E-01
    0.929747582375148E-01    0.126264573826277E-01
    0.945214366332250E-01    0.134580483475200E-01
    0.936048237697518E-01    0.136290328944532E-01
    0.907163160209714E-01    0.132002750742501E-01
    0.862631126378606E-01    0.122645066104585E-01
    0.806925706277706E-01    0.109645540378996E-01
    0.742758104095482E-01    0.940382315170122E-02
    0.673017000766078E-01    0.772367750254702E-02
    0.598955838729405E-01    0.598836047802122E-02
    0.522048472353223E-01    0.429598628533879E-02
    0.442649942356092E-01    0.266662340927146E-02
    0.361453358044869E-01    0.115124399566255E-02
    0.278500697327621E-01   -0.259394273091988E-03
    0.194247130319278E-01   -0.154850591097868E-02
    0.108802625177120E-01   -0.273869502969081E-02
    0.226977741352454E-02   -0.383123039115440E-02
   -0.636933540506813E-02   -0.485057734070174E-02
   -0.149613429680202E-01   -0.580081067077250E-02
   -0.234315492406307E-01   -0.669914463094858E-02
   -0.316710404103586E-01   -0.753755587966221E-02
   -0.395548594881695E-01   -0.831682349435336E-02
   -0.469247126472675E-01   -0.900197698386465E-02
   -0.535839300693062E-01   -0.957035171571043E-02
   -0.593000173602720E-01   -0.995098486683680E-02
   -0.637844194016376E-01   -0.101025687043718E-01
   -0.667152474297068E-01   -0.992976415983933E-02
   -0.677330060109800E-01   -0.940452370318540E-02
   -0.664691186289471E-01   -0.845829808818571E-02
   -0.626055991575662E-01   -0.713366153531190E-02
   -0.558657790004253E-01   -0.547468765498508E-02
   -0.461545133366224E-01   -0.365467707459188E-02
   -0.334604123832017E-01   -0.190496151172105E-02
   -0.179934027442918E-01   -0.547239981333912E-03
    0.000000000000000E+00    0.000000000000000E+00
    0.000000000000000E+00    0.000000000000000E+00
    0.193970175665567E-01    0.713817366710228E-03
    0.374306579730969E-01    0.265650801582175E-02
    0.535918936726839E-01    0.540442301488988E-02
    0.673313492747954E-01    0.864583952497598E-02
    0.783036595208805E-01    0.119508586457593E-01
    0.862719027032353E-01    0.150241589004556E-01
    0.912720478895694E-01    0.176127873536440E-01
    0.934872784153534E-01    0.195636129348374E-01
    0.932369239816172E-01    0.208314802106431E-01
    0.909419301148264E-01    0.214162728868719E-01
    0.869825079278601E-01    0.214119220851380E-01
    0.817777454759978E-01    0.209061532669533E-01
    0.756131270583183E-01    0.200364973102578E-01
    0.687807494801949E-01    0.188973963776057E-01
    0.614361137355796E-01    0.176072144015684E-01
    0.537408052176058E-01    0.162237460360535E-01
    0.457584898274910E-01    0.148247941057617E-01
    0.375702618741218E-01    0.134260753505410E-01
    0.292006656566834E-01    0.120679208865334E-01
    0.207003530598308E-01    0.107374352270296E-01
    0.120931864189877E-01    0.944739753502990E-02
    0.343078048694624E-02    0.817412892995555E-02
   -0.524292323195438E-02    0.691230839579207E-02
   -0.138598519411373E-01    0.564415743180049E-02
   -0.223449120200692E-01    0.435569492201199E-02
   -0.306035091477108E-01    0.305066306779012E-02
   -0.385168127846981E-01    0.171820747577342E-02
   -0.459471837559050E-01    0.398829565943918E-03
   -0.527087161586730E-01   -0.901935575311695E-03
   -0.585911004726004E-01   -0.209629782650430E-02
   -0.633112558948696E-01   -0.315596437557543E-02
   -0.665583501080580E-01   -0.395415058050216E-02
   -0.679523330369777E-01   -0.445764022931501E-02
   -0.671069519895115E-01   -0.455099138628562E-02
   -0.636396026968234E-01   -0.424208049334709E-02
   -0.572174145983217E-01   -0.352234735414549E-02
   -0.476464554390070E-01   -0.250500200353787E-02
   -0.348307137936046E-01   -0.138807052044130E-02
   -0.188926895027122E-01   -0.417165682821216E-03
    0.000000000000000E+00    0.000000000000000E+00
    0.000000000000000E+00    0.000000000000000E+00
    0.179145033949410E-01    0.813873863843015E-03
    0.348067069527928E-01    0.306501504786443E-02
    0.502033330978285E-01    0.633415839173110E-02
    0.635812008666623E-01    0.102762374542930E-01
    0.745683744729371E-01    0.144607347515979E-01
    0.828517501099045E-01    0.185402949807455E-01
    0.884035128002018E-01    0.222341569248385E-01
    0.912859300142582E-01    0.253264722548997E-01
    0.917578991311648E-01    0.277289605064077E-01
    0.901419486279915E-01    0.293992928848589E-01
    0.867918833363395E-01    0.303840694060972E-01
    0.820794708092254E-01    0.307688396523098E-01
    0.763002048504377E-01    0.306451985195428E-01
    0.697373510257832E-01    0.301430248875777E-01
    0.625772672110469E-01    0.293377274298609E-01
    0.549868032146502E-01    0.283428545511692E-01
    0.470652524309180E-01    0.271967534316084E-01
    0.388971398288142E-01    0.259729460904908E-01
    0.305390936877892E-01    0.246769828502590E-01
    0.220379257814343E-01    0.233438668366363E-01
    0.134438506664171E-01    0.219583720767353E-01
    0.479724556442668E-02    0.205288821326180E-01
   -0.383758442427477E-02    0.190310155383885E-01
   -0.124104578076930E-01    0.174612273075157E-01
   -0.208326293855818E-01    0.157966417210319E-01
   -0.290341837151902E-01    0.140380097001713E-01
   -0.368905990676950E-01    0.121759385557730E-01
   -0.442960004532385E-01    0.102340025776041E-01
   -0.510660162399335E-01    0.822990262025073E-02
   -0.570259043285753E-01    0.622818496345715E-02
   -0.618941521460368E-01    0.428228332088537E-02
   -0.653861514973071E-01    0.250279933094000E-02
   -0.671076362991744E-01    0.964852391330744E-03
   -0.666660009535179E-01   -0.208922007733545E-03
   -0.636309023084708E-01   -0.967842242257104E-03
   -0.576154190703284E-01   -0.126168702668726E-02
   -0.483410453280213E-01   -0.114111064238737E-02
   -0.356261815967447E-01   -0.736962328551481E-03
   -0.194867905047507E-01   -0.241657795085801E-03
    0.000000000000000E+00    0.000000000000000E+00
    0.000000000000000E+00    0.000000000000000E+00
    0.162340743368149E-01    0.898856715482280E-03
    0.318031361527977E-01    0.338681141600271E-02
    0.462625703436611E-01    0.707443587892585E-02
    0.591178709743890E-01    0.116005622420852E-01
    0.699544586477851E-01    0.165524837750375E-01
    0.784444175056344E-01    0.215358955961641E-01
    0.844496872813320E-01    0.262684547705741E-01
    0.879763042222705E-01    0.304525103425420E-01
    0.891692815678218E-01    0.339907441818665E-01
    0.882931678456725E-01    0.367530327763765E-01
    0.856323201922974E-01    0.387858864647914E-01
    0.815267478744067E-01    0.401024443684390E-01
    0.762529811082793E-01    0.408153373877872E-01
    0.700909612460058E-01    0.410008281115888E-01
    0.632382863122854E-01    0.407759516779952E-01
    0.558752677185529E-01    0.402133585114124E-01
    0.481201911085657E-01    0.394035802086801E-01
    0.400767637122868E-01    0.383861078654860E-01
    0.318152749707121E-01    0.372176197350978E-01
    0.234018439507409E-01    0.359038986590362E-01
    0.148906329593168E-01    0.344714703384539E-01
    0.633938334960764E-02    0.329049423908568E-01
   -0.219339643160970E-02    0.312079238974857E-01
   -0.106436776520049E-01    0.293598110928077E-01
   -0.189374222646731E-01    0.273504227578479E-01
   -0.269969262476428E-01    0.251707243999422E-01
   -0.347212294992047E-01    0.228093512671017E-01
   -0.420054858250727E-01    0.202872984408289E-01
   -0.486975398466913E-01    0.176091772473725E-01
   -0.546320060074315E-01    0.148450491513877E-01
   -0.595626047632660E-01    0.120332664215172E-01
   -0.632132183112421E-01    0.930144391829541E-02
   -0.652091741712508E-01    0.672487791138888E-02
   -0.651457179091544E-01    0.445820072258591E-02
   -0.625704272921437E-01    0.259058521990559E-02
   -0.570422344348374E-01    0.121575484067960E-02
   -0.482136428216677E-01    0.372541225361250E-03
   -0.358000927795423E-01   -0.343089729521880E-04
   -0.197424578339089E-01   -0.546042982213675E-04
    0.000000000000000E+00    0.000000000000000E+00
    0.000000000000000E+00    0.000000000000000E+00
    0.144502133988016E-01    0.935562933702987E-03
    0.285481080758549E-01    0.357003238825956E-02
    0.419012505546069E-01    0.753468865371408E-02
    0.540412647681772E-01    0.124949009746856E-01
    0.645693664652044E-01    0.180387717423066E-01
    0.730980019571839E-01    0.237849395015443E-01
    0.794647618185596E-01    0.294111073753599E-01
    0.835536827337412E-01    0.346016595625810E-01
    0.854705300770303E-01    0.392007875589945E-01
    0.853544213316587E-01    0.430422407032458E-01
    0.834662891616967E-01    0.461203814504170E-01
    0.800608061564757E-01    0.484185146060747E-01
    0.754192145425042E-01    0.500123997518136E-01
    0.697805447408585E-01    0.509729313974340E-01
    0.633702598992370E-01    0.513913525303128E-01
    0.563533936467722E-01    0.513601297583032E-01
    0.488884109822432E-01    0.509484874026817E-01
    0.410697440741215E-01    0.502303595222197E-01
    0.330117759685183E-01    0.492423582590405E-01
    0.247663576567318E-01    0.480270309004739E-01
    0.164312797620974E-01    0.465924956610380E-01
    0.804152815439883E-02    0.449533863993303E-01
   -0.303565386953824E-03    0.430986208745321E-01
   -0.857119880089610E-02    0.410256942839090E-01
   -0.166518250612290E-01    0.387152381722769E-01
   -0.245069521409502E-01    0.361620805706350E-01
   -0.320088721731435E-01    0.333519352652065E-01
   -0.391003334245307E-01    0.302956281201719E-01
   -0.456139603864012E-01    0.270015397305946E-01
   -0.514400782102869E-01    0.235197124608843E-01
   -0.563261714989421E-01    0.199009633410987E-01
   -0.600524567785603E-01    0.162546254328728E-01
   -0.622339549730527E-01    0.126817242878698E-01
   -0.625021333864467E-01    0.934112781823091E-02
   -0.603676655410160E-01    0.636526312688000E-02
   -0.553833962839768E-01    0.389863471907552E-02
   -0.471191684396177E-01    0.203729180184314E-02
   -0.352445590092074E-01    0.789604757558941E-03
   -0.195727271260122E-01    0.171695319648388E-03
    0.000000000000000E+00    0.000000000000000E+00
    0.000000000000000E+00    0.000000000000000E+00
    0.125800844915096E-01    0.953515246664148E-03
    0.251211891799825E-01    0.364154801378137E-02
    0.372472106870643E-01    0.775937581523724E-02
    0.485461275391073E-01    0.129748026059303E-01
    0.585918690079521E-01    0.189380299745421E-01
    0.670314298038614E-01    0.252382739476612E-01
    0.736018044214113E-01    0.315944989143094E-01
    0.781783556193620E-01    0.376195742062724E-01
    0.807371086206779E-01    0.431716652396405E-01
    0.813862692716674E-01    0.479979303670628E-01
    0.802811914611768E-01    0.520880944155166E-01
    0.776509797037866E-01    0.553519345378904E-01
    0.737194973698052E-01    0.578603864947476E-01
    0.687188724874137E-01    0.596341632933235E-01
    0.628575742352090E-01    0.607727237473108E-01
    0.563116196991217E-01    0.613366243155741E-01
    0.492415649381974E-01    0.614181988406936E-01
    0.417650028266894E-01    0.610688552136006E-01
    0.339991191340489E-01    0.603570569623535E-01
    0.260262589994476E-01    0.593064634127874E-01
    0.179379193219036E-01    0.579578632158346E-01
    0.980365872851152E-02    0.563086764025228E-01
    0.170456456654830E-02    0.543753256013379E-01
   -0.629107292861627E-02    0.521396305361219E-01
   -0.141033453983718E-01    0.496011058376939E-01
   -0.216617970545665E-01    0.467405237561486E-01
   -0.288788118737889E-01    0.435521170034251E-01
   -0.356744879814409E-01    0.400345865251136E-01
   -0.419321327986530E-01    0.361941058636570E-01
   -0.475334320258588E-01    0.320724690084556E-01
   -0.522855307829697E-01    0.277112386696245E-01
   -0.559716445113430E-01    0.232204352257771E-01
   -0.582626631796609E-01    0.186988436212479E-01
   -0.587891895028971E-01    0.143212902219276E-01
   -0.570871676495614E-01    0.102541626340384E-01
   -0.526773729617641E-01    0.667440281706026E-02
   -0.451077731074868E-01    0.378156184939120E-02
   -0.339581332779575E-01    0.161938212518273E-02
   -0.190002712201500E-01    0.401772624374082E-03
    0.000000000000000E+00    0.000000000000000E+00
    0.000000000000000E+00    0.000000000000000E+00
    0.107391574007729E-01    0.930454971032231E-03
    0.216778885135258E-01    0.359413938713971E-02
    0.324990268180880E-01    0.771562390636492E-02
    0.428159740154033E-01    0.130252799358204E-01
    0.522507947750041E-01    0.191822817607515E-01
    0.604171812750093E-01    0.258400651094239E-01
    0.670664729154927E-01    0.326834768409297E-01
    0.719772608408941E-01    0.393623507220127E-01
    0.751114470604917E-01    0.456743359042179E-01
    0.764555319261565E-01    0.513621731189396E-01
    0.761454711957976E-01    0.563596735764750E-01
    0.743088143701262E-01    0.605424534083546E-01
    0.711635375754666E-01    0.639475616053335E-01
    0.668791449813091E-01    0.665581287269931E-01
    0.616779216747346E-01    0.684601210482922E-01
    0.557044174057238E-01    0.696915884694632E-01
    0.491499179137036E-01    0.703418163900079E-01
    0.421139939371753E-01    0.704588139473309E-01
    0.347559242813641E-01    0.701098677123095E-01
    0.271391448324819E-01    0.693288804037357E-01
    0.194037014139132E-01    0.681533934787938E-01
    0.115922835400032E-01    0.665966972068339E-01
    0.383704316186998E-02    0.646694644547909E-01
   -0.383029671021826E-02    0.623681770185656E-01
   -0.112803670239716E-01    0.596850583861612E-01
   -0.184885405143079E-01    0.566093874224242E-01
   -0.253247393123101E-01    0.531278423447656E-01
   -0.317641935653890E-01    0.492381067957874E-01
   -0.376609879371787E-01    0.449403542347285E-01
   -0.429626466194250E-01    0.402650968790332E-01
   -0.474636424729552E-01    0.352530316594178E-01
   -0.510221127415546E-01    0.299991222876360E-01
   -0.533066562899274E-01    0.246121190260120E-01
   -0.540186570510657E-01    0.192680414740678E-01
   -0.526821477125756E-01    0.141608074732113E-01
   -0.488628986352370E-01    0.951818816784341E-02
   -0.420572035069334E-01    0.558763651343265E-02
   -0.318562005013081E-01    0.253931161365692E-02
   -0.179190056937213E-01    0.658143369220055E-03
    0.000000000000000E+00    0.000000000000000E+00
    0.000000000000000E+00    0.000000000000000E+00
    0.892582911287940E-02    0.892334217661494E-03
    0.182782127805570E-01    0.345178085953016E-02
    0.277538424343768E-01    0.747195354831227E-02
    0.370297792500683E-01    0.126997602988309E-01
    0.457205133593660E-01    0.188755345555000E-01
    0.535015607526971E-01    0.256467356109454E-01
    0.600543235743440E-01    0.327691204622897E-01
    0.651872253655381E-01    0.398516381931975E-01
    0.687479994427541E-01    0.467293404277392E-01
    0.707229787838340E-01    0.530851625827052E-01
    0.711321498487853E-01    0.588504464579173E-01
    0.700917628847653E-01    0.638473774824821E-01
    0.677350523831974E-01    0.680845040913804E-01
    0.642262626142019E-01    0.715129433237672E-01
    0.597413607699230E-01    0.741852414248373E-01
    0.544333393477401E-01    0.761277812352090E-01
    0.484732618865105E-01    0.774066659992981E-01
    0.419834856206132E-01    0.780694058008118E-01
    0.351115756266143E-01    0.781749893755303E-01
    0.279560051030995E-01    0.777591259791720E-01
    0.206403959731093E-01    0.768634381111538E-01
    0.132519641139019E-01    0.754999746369649E-01
    0.589542171755786E-02    0.736909881982544E-01
   -0.134709547154071E-02    0.714259893716337E-01
   -0.838591478959325E-02    0.687119849471771E-01
   -0.151454189581816E-01    0.655241750249489E-01
   -0.215466887899714E-01    0.618636737786597E-01
   -0.275215607071252E-01    0.577073216253952E-01
   -0.329866664029719E-01    0.530653365781239E-01
   -0.378637692538840E-01    0.479448964556170E-01
   -0.420220024115205E-01    0.423889523623299E-01
   -0.453180505748592E-01    0.364763339277826E-01
   -0.475011426062688E-01    0.303154993997528E-01
   -0.482894927995779E-01    0.240846019124445E-01
   -0.472732236377988E-01    0.180025438475331E-01
   -0.440274376527753E-01    0.123216857738584E-01
   -0.380808863030630E-01    0.739028435775671E-02
   -0.289843114986614E-01    0.341459115324165E-02
   -0.164077486924512E-01    0.908802471992875E-03
    0.000000000000000E+00    0.000000000000000E+00
    0.000000000000000E+00    0.000000000000000E+00
    0.723487251348281E-02    0.828098935067811E-03
    0.150516004640338E-01    0.323264603307820E-02
    0.231983140233139E-01    0.703713404849745E-02
    0.313748907875171E-01    0.120574095864168E-01
    0.392546582113451E-01    0.180504476865991E-01
    0.465036208746277E-01    0.247497211686865E-01
    0.528428002727779E-01    0.318921165483182E-01
    0.580204778179016E-01    0.391639941233731E-01
    0.618946574307219E-01    0.463515936915110E-01
    0.643577855906058E-01    0.531752874609554E-01
    0.654205043671837E-01    0.595137190077904E-01
    0.651057499338091E-01    0.651779314564615E-01
    0.635345799958835E-01    0.701419068645808E-01
    0.608028611148476E-01    0.743146390836981E-01
    0.570842167012769E-01    0.777376382837123E-01
    0.524916531072570E-01    0.803892378901459E-01
    0.472089574188140E-01    0.823408399274971E-01
    0.413360890110509E-01    0.836031847035292E-01
    0.350480631022949E-01    0.842463944293499E-01
    0.284251860676061E-01    0.842862954327846E-01
    0.216303643709393E-01    0.837735293513190E-01
    0.147276909160861E-01    0.827152255886508E-01
    0.786929478805528E-02    0.811360665891726E-01
    0.110504724878522E-02    0.790306678588770E-01
   -0.542432288166771E-02    0.764002260351919E-01
   -0.116853608078669E-01    0.732293845940176E-01
   -0.175508149698290E-01    0.695055171389183E-01
   -0.230052604092875E-01    0.652130249489333E-01
   -0.279288778649504E-01    0.603437984290198E-01
   -0.323091828091765E-01    0.549049013401693E-01
   -0.360003586283182E-01    0.489235196283256E-01
   -0.389408620486330E-01    0.424704481183524E-01
   -0.408899830579416E-01    0.356503893773230E-01
   -0.416589158438860E-01    0.286403385718577E-01
   -0.408619836000271E-01    0.216764198694607E-01
   -0.381636098769986E-01    0.150538844893295E-01
   -0.330982385500728E-01    0.916227370742101E-02
   -0.252927522489523E-01    0.433948035502306E-02
   -0.143581542727954E-01    0.116965242387758E-02
    0.000000000000000E+00    0.000000000000000E+00
    0.000000000000000E+00    0.000000000000000E+00
    0.565609120783748E-02    0.754825909388354E-03
    0.120324083121125E-01    0.295199052938628E-02
    0.188896386534799E-01    0.647302046362298E-02
    0.259807308517046E-01    0.111547684829218E-01
    0.329865980890880E-01    0.168338465543686E-01
    0.396362709766390E-01    0.232526595002109E-01
    0.456181640365720E-01    0.302303661374415E-01
    0.507263134704961E-01    0.374408018558844E-01
    0.547438652675385E-01    0.447265926263800E-01
    0.575829263023387E-01    0.517799377496247E-01
    0.591595367388282E-01    0.584915170549710E-01
    0.594986761531201E-01    0.646451990020277E-01
    0.586350643997253E-01    0.701843217977233E-01
    0.566634202789865E-01    0.750062805949761E-01
    0.536949520038554E-01    0.790968371315647E-01
    0.498491305757773E-01    0.824414950946468E-01
    0.452706438236145E-01    0.850519207033885E-01
    0.400783683098620E-01    0.869584238017264E-01
    0.344211966133411E-01    0.881822205839079E-01
    0.284115749414105E-01    0.887618031083537E-01
    0.221877612047214E-01    0.887156383504918E-01
    0.158579371917491E-01    0.880689465533683E-01
    0.954312323909471E-02    0.868306993510636E-01
    0.334710164585185E-02    0.850030611431109E-01
   -0.263106732585045E-02    0.825860525109434E-01
   -0.829837533441342E-02    0.795568467839854E-01
   -0.135807769802645E-01    0.759127676114211E-01
   -0.184066542383800E-01    0.716130028460423E-01
   -0.227220106480770E-01    0.666660171775259E-01
   -0.264766669593245E-01    0.610405414100915E-01
   -0.296049325539157E-01    0.547779460262206E-01
   -0.320436536605032E-01    0.479142204192078E-01
   -0.336450884283180E-01    0.405602998735013E-01
   -0.342616007205108E-01    0.328829984630846E-01
   -0.336010928890079E-01    0.251347621682754E-01
   -0.313953821716253E-01    0.176342091584372E-01
   -0.272600820054417E-01    0.108549598458427E-01
   -0.208633472175797E-01    0.517641984359798E-02
   -0.118898005390031E-01    0.141610110138453E-02
    0.000000000000000E+00    0.000000000000000E+00
    0.000000000000000E+00    0.000000000000000E+00
    0.424926189195303E-02    0.668382341801951E-03
    0.930324564841663E-02    0.263271611943184E-02
    0.149577066086215E-01    0.580227933388186E-02
    0.209840445414575E-01    0.100718798928105E-01
    0.271146820232955E-01    0.152995506148807E-01
    0.330851604778761E-01    0.213097145408419E-01
    0.386310303155146E-01    0.279186481030979E-01
    0.435195850371883E-01    0.348893123235128E-01
    0.475610083597425E-01    0.420356621352699E-01
    0.506090807711762E-01    0.491141038962853E-01
    0.525850795118783E-01    0.559764241820371E-01
    0.534436333225227E-01    0.624252519969779E-01
    0.532117867986944E-01    0.683733183642085E-01
    0.519230369608488E-01    0.736941091901689E-01
    0.496797598543130E-01    0.783606198025080E-01
    0.465593713557270E-01    0.823107512258187E-01
    0.427054287127860E-01    0.855597843640182E-01
    0.382115965616874E-01    0.880876921249278E-01
    0.332375191621696E-01    0.899281738321264E-01
    0.278788725000863E-01    0.910805755834466E-01
    0.222970996855269E-01    0.915761143444965E-01
    0.165834340091545E-01    0.914177009609932E-01
    0.108929701112701E-01    0.906203409807243E-01
    0.530731193937101E-02    0.891805710486782E-01
   -0.319869043020271E-04    0.870925881768805E-01
   -0.506264520715335E-02    0.843413645737325E-01
   -0.966503348790365E-02    0.809026424514459E-01
   -0.138097690272560E-01    0.767498680403292E-01
   -0.174053428197916E-01    0.718572460968490E-01
   -0.204597280384439E-01    0.662036376638661E-01
   -0.228946397730150E-01    0.597956445466589E-01
   -0.247276277082755E-01    0.526681137906643E-01
   -0.258380406655871E-01    0.449153904704340E-01
   -0.261821216089014E-01    0.367012015452085E-01
   -0.255356723237331E-01    0.282906184622698E-01
   -0.237542826459431E-01    0.200337330700313E-01
   -0.205343890816196E-01    0.124447569143332E-01
   -0.156833687907020E-01    0.602478814928960E-02
   -0.890870258136527E-02    0.165804118854788E-02
    0.000000000000000E+00    0.000000000000000E+00
    0.000000000000000E+00    0.000000000000000E+00
    0.300426707545179E-02    0.577157086172809E-03
    0.687959435835024E-02    0.228033554210480E-02
    0.114288101007665E-01    0.506500502448408E-02
    0.164594561681852E-01    0.884640474747732E-02
    0.217194071358991E-01    0.135499180463700E-01
    0.269941194807688E-01    0.190159928190513E-01
    0.320167896916890E-01    0.251365047568396E-01
    0.365982812165997E-01    0.316803060330999E-01
    0.405164786776136E-01    0.385230590120074E-01
    0.436512241845048E-01    0.454167130984886E-01
    0.458670779593733E-01    0.522409869881086E-01
    0.471286272186641E-01    0.587911156117934E-01
    0.473975506831856E-01    0.649664945276269E-01
    0.467103415727861E-01    0.706403018035926E-01
    0.451100027893878E-01    0.757384860637564E-01
    0.426795078959642E-01    0.802112729969929E-01
    0.395157392170454E-01    0.840098181453506E-01
    0.357262793468703E-01    0.871377776850306E-01
    0.314355055802642E-01    0.895644012819733E-01
    0.267632672676046E-01    0.913188541431081E-01
    0.218419287840030E-01    0.923781897536454E-01
    0.167973328888809E-01    0.927744118067044E-01
    0.117550802407604E-01    0.924841602318393E-01
    0.684274323115066E-02    0.915261465006137E-01
    0.216711788161270E-02    0.898722018701550E-01
   -0.215365082337581E-02    0.875142180233056E-01
   -0.604494147447475E-02    0.844219245170932E-01
   -0.941532958175913E-02    0.805483670306901E-01
   -0.122343061527037E-01    0.758793329288606E-01
   -0.144633717037086E-01    0.703414924089163E-01
   -0.161042456267099E-01    0.639624101696611E-01
   -0.171769811459657E-01    0.567169814392083E-01
   -0.176589469743138E-01    0.487153407594287E-01
   -0.175817710233612E-01    0.400981491523504E-01
   -0.168270000224144E-01    0.311383811918250E-01
   -0.153892376188872E-01    0.222148615048721E-01
   -0.130828848283709E-01    0.139044712508488E-01
   -0.985445781901776E-02    0.675736963936124E-02
   -0.555174253847518E-02    0.187890636987968E-02
    0.000000000000000E+00    0.000000000000000E+00
    0.000000000000000E+00    0.000000000000000E+00
    0.195200280306890E-02    0.480888399729958E-03
    0.480129189765764E-02    0.191483162962882E-02
    0.836970161131020E-02    0.428434730381882E-02
    0.124784711959266E-01    0.754961375623074E-02
    0.169132106111899E-01    0.116592011974737E-01
    0.214752349970845E-01    0.165199162738505E-01
    0.259403692920618E-01    0.220318508879903E-01
    0.301167939361981E-01    0.280421120667548E-01
    0.338162455300945E-01    0.344170080914117E-01
    0.368909802294254E-01    0.409758501248115E-01
    0.392240632826340E-01    0.475780354840388E-01
    0.407352111933219E-01    0.540550601336166E-01
    0.413907339280901E-01    0.602857124841325E-01
    0.411789246958366E-01    0.661421296726189E-01
    0.401400108619919E-01    0.715375385445240E-01
    0.383165652568451E-01    0.763926351175981E-01
    0.358025207762648E-01    0.806561816322801E-01
    0.326768905196386E-01    0.842898217196790E-01
    0.290661543153115E-01    0.872683375567199E-01
    0.250711575873627E-01    0.895811861922752E-01
    0.208337581938402E-01    0.912140599024438E-01
    0.164662760443109E-01    0.921704709884801E-01
    0.121129559313265E-01    0.924341852648555E-01
    0.788973301264330E-02    0.920119612275763E-01
    0.393283708981378E-02    0.908710995129958E-01
    0.343374181612194E-03    0.890089831746532E-01
   -0.276532014540203E-02    0.863706993082870E-01
   -0.532457852938124E-02    0.829285900296264E-01
   -0.726646032508319E-02    0.786146976868390E-01
   -0.859676901732375E-02    0.733731627125061E-01
   -0.930798733544100E-02    0.671676882518672E-01
   -0.949901678500017E-02    0.599762946866370E-01
   -0.919355593803228E-02    0.518716769888895E-01
   -0.854205342784747E-02    0.429920222175003E-01
   -0.754095753822545E-02    0.336193972584076E-01
   -0.633823275554113E-02    0.241531131354467E-01
   -0.491256297761365E-02    0.152218392615786E-01
   -0.339612641500893E-02    0.747567912683170E-02
   -0.175257199334255E-02    0.208550464424487E-02
    0.000000000000000E+00    0.000000000000000E+00
    0.000000000000000E+00    0.000000000000000E+00
    0.108515418591104E-02    0.382031446504208E-03
    0.307361599621357E-02    0.153536075030647E-02
    0.578738856247488E-02    0.348241167327010E-02
    0.907122475811289E-02    0.620314481656430E-02
    0.127294861097186E-01    0.969808400609911E-02
    0.165990998165427E-01    0.138937469399989E-01
    0.204721023211878E-01    0.187479253554125E-01
    0.241919064762285E-01    0.241242639337698E-01
    0.275688750656435E-01    0.299411116654717E-01
    0.304814092332724E-01    0.360281403257562E-01
    0.327899890012318E-01    0.422777763659250E-01
    0.344295022555289E-01    0.485258706384177E-01
    0.353277724373298E-01    0.546568374248830E-01
    0.354814278837711E-01    0.605450238098967E-01
    0.348854691173461E-01    0.660822623170798E-01
    0.335900033312923E-01    0.711942111083630E-01
    0.316450954193167E-01    0.757893204751058E-01
    0.291406199188340E-01    0.798404291436513E-01
    0.261655058478764E-01    0.832736350125877E-01
    0.228358316654371E-01    0.860967634044562E-01
    0.192633971498222E-01    0.882478989114478E-01
    0.155812674057968E-01    0.897557396566575E-01
    0.119099584798920E-01    0.905622527166579E-01
    0.839236166939133E-02    0.907080300545927E-01
    0.514621813276444E-02    0.901207417058112E-01
    0.231411615704751E-02    0.888255176781545E-01
   -0.186344180895223E-04    0.867432525735337E-01
   -0.171846128317090E-02    0.838517284836731E-01
   -0.275930879405727E-02    0.800659721594466E-01
   -0.308608461107782E-02    0.752713082284290E-01
   -0.277056880595549E-02    0.694466892225221E-01
   -0.191734501442034E-02    0.624697758614628E-01
   -0.658763502116000E-03    0.544378160140852E-01
    0.734151312362417E-03    0.454385345734027E-01
    0.214470155897006E-02    0.357690411326174E-01
    0.321677616381745E-02    0.258557897484289E-01
    0.382367193363927E-02    0.163860568649925E-01
    0.359305976092791E-02    0.806960553999705E-02
    0.236656725429562E-02    0.226715508306284E-02
    0.000000000000000E+00    0.000000000000000E+00
    0.000000000000000E+00    0.000000000000000E+00
    0.414789610166274E-03    0.284564961075853E-03
    0.170243945953675E-02    0.116341855263173E-02
    0.369618627068263E-02    0.268635237828530E-02
    0.625214680787327E-02    0.487039939027781E-02
    0.920205652228639E-02    0.773715230098529E-02
    0.124039512272376E-01    0.112627317280231E-01
    0.156846559231402E-01    0.154172141422608E-01
    0.188998825618622E-01    0.201232922618546E-01
    0.218937024386559E-01    0.253015907742334E-01
    0.245389202682205E-01    0.308381104043863E-01
    0.267223637449996E-01    0.366186679994060E-01
    0.283556341720214E-01    0.425189834757223E-01
    0.293833890041551E-01    0.484116059117058E-01
    0.297681472255020E-01    0.541869460557716E-01
    0.295137609891482E-01    0.597239789257100E-01
    0.286342018087102E-01    0.649424930993473E-01
    0.271835907238802E-01    0.697405730609998E-01
    0.252202917875635E-01    0.740715299997777E-01
    0.228349761661934E-01    0.778558275725720E-01
    0.201201156563860E-01    0.810769574280052E-01
    0.171889758393430E-01    0.836749994452231E-01
    0.141616205384869E-01    0.856570862800378E-01
    0.111636587144722E-01    0.869739669468291E-01
    0.832983336971476E-02    0.876542853895045E-01
    0.579005446177128E-02    0.876335350462096E-01
    0.368892965687843E-02    0.869364241641983E-01
    0.214319915864453E-02    0.854806327084962E-01
    0.129582087388190E-02    0.832668757549505E-01
    0.121693181328354E-02    0.801352824843669E-01
    0.194893565946864E-02    0.759942713740024E-01
    0.342851335999542E-02    0.707096214577870E-01
    0.547117383801171E-02    0.641556552053964E-01
    0.787037647074385E-02    0.563504960904715E-01
    0.101954795345861E-01    0.473761559149046E-01
    0.121626990310579E-01    0.375482877214724E-01
    0.132473276716576E-01    0.273087590534244E-01
    0.130839183862441E-01    0.174086496881462E-01
    0.110689864101666E-01    0.865122553400998E-02
    0.684993349105326E-02    0.243827819509428E-02
    0.000000000000000E+00    0.000000000000000E+00
    0.000000000000000E+00    0.000000000000000E+00
   -0.669491608167962E-04    0.187289051160440E-03
    0.684129892592314E-03    0.795758186486712E-03
    0.208578497125260E-02    0.191189612872668E-02
    0.401494143654451E-02    0.357158373756133E-02
    0.632447705537040E-02    0.583251269383119E-02
    0.889890078576115E-02    0.869052591304121E-02
    0.115898253081086E-01    0.121533831441694E-01
    0.142814485061491E-01    0.161639028571415E-01
    0.168331744549046E-01    0.206789180734772E-01
    0.191434833735643E-01    0.256010430228364E-01
    0.210983453943660E-01    0.308449010752068E-01
    0.226293897901092E-01    0.362949661023418E-01
    0.236636186557544E-01    0.418407420974010E-01
    0.241784814502529E-01    0.473721485310770E-01
    0.241475346956176E-01    0.527720561395639E-01
    0.235967438380010E-01    0.579530444065388E-01
    0.225438775361983E-01    0.628059449234485E-01
    0.210574496114960E-01    0.672756777665337E-01
    0.191928334880346E-01    0.712675819303706E-01
    0.170501816885364E-01    0.747617446343447E-01
    0.147138633044790E-01    0.776798534936856E-01
    0.123076620252885E-01    0.800429740431054E-01
    0.994350507801695E-02    0.817727338133153E-01
    0.775470810039698E-02    0.829310590613583E-01
    0.586708490452041E-02    0.834245298817458E-01
    0.444848283021142E-02    0.833314708628452E-01
    0.362175437477770E-02    0.825302384973149E-01
    0.357485486742306E-02    0.810933815084705E-01
    0.438860629802375E-02    0.787821566274952E-01
    0.622521986926221E-02    0.754713985240903E-01
    0.894972661835534E-02    0.709979976489563E-01
    0.123646850251240E-01    0.650594894547280E-01
    0.161217659912741E-01    0.577005807535144E-01
    0.196020533106827E-01    0.488876290683332E-01
    0.223555567439830E-01    0.390083816067696E-01
    0.235809626137485E-01    0.285511080991012E-01
    0.227664565240276E-01    0.182916385271172E-01
    0.189674745933164E-01    0.912054752925435E-02
    0.115796117956483E-01    0.260223301250000E-02
    0.000000000000000E+00    0.000000000000000E+00
    0.000000000000000E+00    0.000000000000000E+00
   -0.367315649408916E-03    0.998437052290299E-04
   -0.782514135256526E-05    0.461891453129904E-03
    0.926330168645794E-03    0.119696626775578E-02
    0.232701237332541E-02    0.237237621336554E-02
    0.407013616655004E-02    0.405975630603965E-02
    0.606417309725081E-02    0.628816852288487E-02
    0.818867959129683E-02    0.907596699247597E-02
    0.103485972026924E-01    0.124054254882032E-01
    0.124331777087765E-01    0.162396314643614E-01
    0.143502949800139E-01    0.205223177739046E-01
    0.160135011494391E-01    0.251678458462048E-01
    0.173486904278708E-01    0.300965243050439E-01
    0.183054202139219E-01    0.351900306070326E-01
    0.188417099267162E-01    0.403640697966105E-01
    0.189475529741138E-01    0.454870496450180E-01
    0.186209695548540E-01    0.504862016411311E-01
    0.178895560172026E-01    0.552346771687547E-01
    0.167918362461175E-01    0.596823979306634E-01
    0.153853916055666E-01    0.637198970552033E-01
    0.137454036479951E-01    0.673240486182313E-01
    0.119512172704032E-01    0.704144057088362E-01
    0.101105844073476E-01    0.730039712008169E-01
    0.831940867870018E-02    0.750286655111785E-01
    0.670484813954065E-02    0.765294680900907E-01
    0.537812199096596E-02    0.774719346384337E-01
    0.454722612294866E-02    0.779173908933342E-01
    0.435417979868494E-02    0.777927956741244E-01
    0.500296095117267E-02    0.771823061127931E-01
    0.664531123412718E-02    0.758208017652054E-01
    0.958086811766051E-02    0.736234926178115E-01
    0.137013950377870E-01    0.701753181846707E-01
    0.186854349005763E-01    0.651429470174969E-01
    0.240669243703886E-01    0.584016722889148E-01
    0.289549180025315E-01    0.499294823595424E-01
    0.327047309707414E-01    0.401279003038238E-01
    0.342832595303689E-01    0.295697378031408E-01
    0.328905579504476E-01    0.190477121804640E-01
    0.272985067475187E-01    0.954917922159143E-02
    0.166045753510145E-01    0.273371479748598E-02
    0.000000000000000E+00    0.000000000000000E+00
    0.000000000000000E+00    0.000000000000000E+00
   -0.498897303293015E-03    0.166661173624512E-04
   -0.391685994441415E-03    0.158206480987081E-03
    0.185453149952939E-03    0.558998835878166E-03
    0.114896109453299E-02    0.130105046443087E-02
    0.239880448940507E-02    0.247426047924407E-02
    0.386494292787152E-02    0.412169190675199E-02
    0.545330952396358E-02    0.628189175710388E-02
    0.709308840313921E-02    0.895377366310409E-02
    0.869561056176545E-02    0.121217913543408E-01
    0.101934231257925E-01    0.157453344191746E-01
    0.115110879091998E-01    0.197604227099644E-01
    0.125968325373782E-01    0.240956253396665E-01
    0.133968676609961E-01    0.286541565691001E-01
    0.138876512526106E-01    0.333480834613644E-01
    0.140424247694082E-01    0.380666828113885E-01
    0.138727424454226E-01    0.427219985414066E-01
    0.133804696888394E-01    0.472061627139418E-01
    0.126111566480637E-01    0.514476943342926E-01
    0.115939908286674E-01    0.553531499056233E-01
    0.104020660085129E-01    0.588819544359240E-01
    0.909154135776848E-02    0.619628329334158E-01
    0.775366933610232E-02    0.646098016660008E-01
    0.647621758996862E-02    0.667535827509863E-01
    0.536101790846235E-02    0.684483994778863E-01
    0.451540124757332E-02    0.696769619321539E-01
    0.412095745962845E-02    0.706125572901037E-01
    0.440706249377800E-02    0.710814312645990E-01
    0.555108592580969E-02    0.712826051022471E-01
    0.775543579223175E-02    0.709624466314261E-01
    0.116134890258063E-01    0.702113650878163E-01
    0.171505587597523E-01    0.682162666943029E-01
    0.239806101419912E-01    0.643165884668389E-01
    0.312992766973009E-01    0.585244261416392E-01
    0.379332113086418E-01    0.505465318369405E-01
    0.429673207014650E-01    0.409571462956459E-01
    0.450366170160596E-01    0.303912273456259E-01
    0.431834548634757E-01    0.196935001625097E-01
    0.358405648182576E-01    0.981322404488612E-02
    0.217895270532689E-01    0.277434698085535E-02
    0.000000000000000E+00    0.000000000000000E+00
    0.000000000000000E+00    0.000000000000000E+00
   -0.497216566900742E-03   -0.434291280829065E-04
   -0.529716467080125E-03   -0.753936417217529E-04
   -0.207439925001641E-03    0.482009953702740E-04
    0.408832221416748E-03    0.428453176471444E-03
    0.124003206144100E-02    0.115784094130915E-02
    0.224099991565293E-02    0.229320876902503E-02
    0.333875698002004E-02    0.387951322659269E-02
    0.448805976601072E-02    0.593421549124939E-02
    0.562225275343760E-02    0.844945903607435E-02
    0.669459377133930E-02    0.114075455258199E-01
    0.765049354594061E-02    0.147496967932370E-01
    0.844865055019325E-02    0.184302088742187E-01
    0.905308019068028E-02    0.223510545480546E-01
    0.943809723477440E-02    0.264507394166945E-01
    0.959006721139928E-02    0.306093557260221E-01
    0.950699845916857E-02    0.347636985266782E-01
    0.919706918870273E-02    0.387915528983973E-01
    0.868551558549258E-02    0.426412298720363E-01
    0.799830531270752E-02    0.462072731414444E-01
    0.718804620628465E-02    0.494600973589720E-01
    0.629331180089438E-02    0.523298708001510E-01
    0.538894402778231E-02    0.548251303183218E-01
    0.452278509824027E-02    0.569068066516064E-01
    0.380720513960223E-02    0.585909701906835E-01
    0.331476722102368E-02    0.599648207542363E-01
    0.324351609498702E-02    0.611781447749354E-01
    0.376517891557644E-02    0.621464360711242E-01
    0.504228077561654E-02    0.629629035805760E-01
    0.745011455374136E-02    0.638120519759653E-01
    0.121339117447875E-01    0.649140983291009E-01
    0.192668813503394E-01    0.646724182003882E-01
    0.282222795360433E-01    0.623882791878960E-01
    0.379023645503168E-01    0.577901002574859E-01
    0.466044898459082E-01    0.506123049419972E-01
    0.531907802522991E-01    0.413560108138625E-01
    0.559516074178541E-01    0.308475174438117E-01
    0.534637446386928E-01    0.201592013581622E-01
    0.442783639413853E-01    0.100496802121137E-01
    0.269051798168204E-01    0.280140113691008E-02
    0.000000000000000E+00    0.000000000000000E+00
    0.000000000000000E+00    0.000000000000000E+00
   -0.381431448324765E-03   -0.876654276845531E-04
   -0.464202870370878E-03   -0.238181317990396E-03
   -0.314219300712699E-03   -0.311818129140026E-03
    0.338700323231685E-04   -0.207889305465686E-03
    0.523602995185259E-03    0.167859335558719E-03
    0.112833244988550E-02    0.871058333619886E-03
    0.179792176451308E-02    0.195154980550014E-02
    0.250660142888782E-02    0.343422430997129E-02
    0.321124052890274E-02    0.531781233214768E-02
    0.388370870356269E-02    0.759774445944471E-02
    0.448799878690743E-02    0.102269190944859E-01
    0.499901759475348E-02    0.131716071273496E-01
    0.539068176163059E-02    0.163520456507419E-01
    0.564873048272912E-02    0.197115188870405E-01
    0.575968225167449E-02    0.231543594114230E-01
    0.572570524092260E-02    0.266129126579610E-01
    0.554705981831941E-02    0.299925286837623E-01
    0.524362225485045E-02    0.332306311060187E-01
    0.482911950677813E-02    0.362485670353701E-01
    0.433869255639814E-02    0.390068903277509E-01
    0.380006772830207E-02    0.414525955003475E-01
    0.325605708339060E-02    0.435872118163066E-01
    0.274493167884085E-02    0.453908181040914E-01
    0.233446129253950E-02    0.468941989935359E-01
    0.210104065970551E-02    0.481833218896590E-01
    0.214456598169377E-02    0.495100186877807E-01
    0.269820090093078E-02    0.506856177567725E-01
    0.388898552424581E-02    0.517571040001498E-01
    0.599875379900532E-02    0.534932607219615E-01
    0.104871326431288E-01    0.569275055271259E-01
    0.187372261340588E-01    0.590971292877998E-01
    0.303628799172662E-01    0.588192966443786E-01
    0.432055890309665E-01    0.560572629301517E-01
    0.546386523540583E-01    0.498099490995014E-01
    0.629792276050034E-01    0.412176074186231E-01
    0.666172619298338E-01    0.308885623825756E-01
    0.639331411725021E-01    0.202230118948616E-01
    0.531925045810443E-01    0.103142838126655E-01
    0.325771422429647E-01    0.289784635593985E-02
    0.000000000000000E+00    0.000000000000000E+00
    0.000000000000000E+00    0.000000000000000E+00
   -0.218643537390678E-03   -0.899022338965434E-04
   -0.286590901961237E-03   -0.286432807804132E-03
   -0.240237417431910E-03   -0.465390705471740E-03
   -0.825894257172952E-04   -0.534817075747728E-03
    0.142847601921767E-03   -0.409239054641720E-03
    0.435193604358708E-03   -0.489247858112932E-04
    0.754197557730535E-03    0.599432522916052E-03
    0.110189018012546E-02    0.155111526492888E-02
    0.144325145685703E-02    0.281680076757531E-02
    0.177738196264389E-02    0.439165038251062E-02
    0.207466944463169E-02    0.624504218674362E-02
    0.233250743870734E-02    0.835461949504706E-02
    0.252921409587685E-02    0.106557121744048E-01
    0.266359079630555E-02    0.131132002920844E-01
    0.272388293998003E-02    0.156417159976725E-01
    0.271377246064518E-02    0.182007260451478E-01
    0.263110470092818E-02    0.207017576624400E-01
    0.248754567981539E-02    0.231076536398628E-01
    0.228772107604126E-02    0.253458895212684E-01
    0.205308497736673E-02    0.273923777048269E-01
    0.179000154896937E-02    0.292052168313104E-01
    0.153012918788800E-02    0.307781611659246E-01
    0.128099608223512E-02    0.321191587697980E-01
    0.110835614352569E-02    0.332325180375093E-01
    0.102382185419939E-02    0.342459839281926E-01
    0.106297313367745E-02    0.353263292491623E-01
    0.122329986418206E-02    0.364125182600381E-01
    0.173370157914789E-02    0.371633964142046E-01
    0.296852034523417E-02    0.395312809023227E-01
    0.681810092529368E-02    0.445495078296889E-01
    0.154858332346169E-01    0.493508507212203E-01
    0.299597529158634E-01    0.530649137330183E-01
    0.474798259412136E-01    0.526977230484600E-01
    0.622773507539357E-01    0.474974297359463E-01
    0.719927963359272E-01    0.402564296887042E-01
    0.766482130156289E-01    0.307780753179126E-01
    0.744362559465446E-01    0.205045652204685E-01
    0.630174939572643E-01    0.113595821997288E-01
    0.399430183807647E-01    0.355301280987113E-02
    0.000000000000000E+00    0.000000000000000E+00
    0.000000000000000E+00    0.000000000000000E+00
   -0.571141224083092E-04   -0.571141224083107E-04
   -0.897653538896361E-04   -0.218376845421179E-03
   -0.878591006256654E-04   -0.381884745191056E-03
   -0.448897630113227E-04   -0.498658265950125E-03
    0.138602393067480E-04   -0.505619129435572E-03
    0.952783710536234E-04   -0.380649419776638E-03
    0.181572403956294E-03   -0.947909883170087E-04
    0.276778930154328E-03    0.372123466311085E-03
    0.371382749470896E-03    0.101314669706165E-02
    0.462764130423278E-03    0.184368380521710E-02
    0.547063248392147E-03    0.282881207372228E-02
    0.617027008145545E-03    0.397526188384653E-02
    0.674592833933684E-03    0.522761353834149E-02
    0.710039153862611E-03    0.658217505635770E-02
    0.729971382143791E-03    0.797455698550988E-02
    0.725158233927035E-03    0.939192993202610E-02
    0.704877641873053E-03    0.107738505416925E-01
    0.663282263502525E-03    0.121032660353642E-01
    0.610043752984673E-03    0.133351050611454E-01
    0.544270019188264E-03    0.144556144753408E-01
    0.472943743874346E-03    0.154420052324457E-01
    0.400929136237600E-03    0.162854025955233E-01
    0.329249750201447E-03    0.170062704277836E-01
    0.285866066895138E-03    0.176120775724441E-01
    0.289587767626167E-03    0.181511611847159E-01
    0.318625155372355E-03    0.187039816781379E-01
    0.285425528955731E-03    0.192953425405482E-01
    0.351137712428474E-03    0.194989712449599E-01
    0.581921082712243E-03    0.212932748744334E-01
    0.246965811285078E-02    0.266244884574786E-01
    0.903379933319642E-02    0.316913146487591E-01
    0.208801524583118E-01    0.369356749733791E-01
    0.472172747311492E-01    0.473306215162507E-01
    0.683111725493236E-01    0.445441947527421E-01
    0.806407660704389E-01    0.377703035263213E-01
    0.857675242137623E-01    0.305232660900573E-01
    0.838330012242730E-01    0.215421225756538E-01
    0.716847784444682E-01    0.135787658871574E-01
    0.458597104358804E-01    0.600225096851233E-02
    0.000000000000000E+00    0.000000000000000E+00
    0.000000000000000E+00    0.000000000000000E+00
    0.000000000000000E+00    0.000000000000000E+00
    0.000000000000000E+00    0.000000000000000E+00
    0.000000000000000E+00    0.000000000000000E+00
    0.000000000000000E+00    0.000000000000000E+00
    0.000000000000000E+00    0.000000000000000E+00
    0.000000000000000E+00    0.000000000000000E+00
    0.000000000000000E+00    0.000000000000000E+00
    0.000000000000000E+00    0.000000000000000E+00
    0.000000000000000E+00    0.000000000000000E+00
    0.000000000000000E+00    0.000000000000000E+00
    0.000000000000000E+00    0.000000000000000E+00
    0.000000000000000E+00    0.000000000000000E+00
    0.000000000000000E+00    0.000000000000000E+00
    0.000000000000000E+00    0.000000000000000E+00
    0.000000000000000E+00    0.000000000000000E+00
    0.000000000000000E+00    0.000000000000000E+00
    0.000000000000000E+00    0.000000000000000E+00
    0.000000000000000E+00    0.000000000000000E+00
    0.000000000000000E+00    0.000000000000000E+00
    0.000000000000000E+00    0.000000000000000E+00
    0.000000000000000E+00    0.000000000000000E+00
    0.000000000000000E+00    0.000000000000000E+00
    0.000000000000000E+00    0.000000000000000E+00
    0.000000000000000E+00    0.000000000000000E+00
    0.000000000000000E+00    0.000000000000000E+00
    0.000000000000000E+00    0.000000000000000E+00
    0.000000000000000E+00    0.000000000000000E+00
    0.000000000000000E+00    0.000000000000000E+00
    0.000000000000000E+00    0.000000000000000E+00
    0.000000000000000E+00    0.000000000000000E+00
    0.000000000000000E+00    0.000000000000000E+00
    0.000000000000000E+00    0.000000000000000E+00
    0.471245740145855E-01    0.404221448176086E-01
    0.691491238974606E-01    0.448087355333469E-01
    0.857099068174145E-01    0.360768522281172E-01
    0.942303453876709E-01    0.296498603327846E-01
    0.923647091085783E-01    0.220823603808846E-01
    0.798897249671014E-01    0.146597689938784E-01
    0.497247175257048E-01    0.783167100949630E-02
    0.000000000000000E+00    0.000000000000000E+00
