    0.000000000000000E+00    0.000000000000000E+00
    0.437500000000000E-01    0.000000000000000E+00
    0.750000000000000E-01    0.000000000000000E+00
    0.937500000000000E-01    0.000000000000000E+00
    0.100000000000000E+00    0.000000000000000E+00
    0.937500000000000E-01    0.000000000000000E+00
    0.750000000000000E-01    0.000000000000000E+00
    0.437500000000000E-01    0.000000000000000E+00
    0.000000000000000E+00    0.000000000000000E+00
    0.000000000000000E+00    0.000000000000000E+00
    0.000000000000000E+00    0.000000000000000E+00
    0.000000000000000E+00    0.000000000000000E+00
    0.000000000000000E+00    0.000000000000000E+00
    0.000000000000000E+00    0.000000000000000E+00
    0.000000000000000E+00    0.000000000000000E+00
    0.000000000000000E+00    0.000000000000000E+00
    0.000000000000000E+00    0.000000000000000E+00
    0.000000000000000E+00    0.000000000000000E+00
    0.000000000000000E+00    0.000000000000000E+00
    0.000000000000000E+00    0.000000000000000E+00
    0.000000000000000E+00    0.000000000000000E+00
    0.000000000000000E+00    0.000000000000000E+00
    0.000000000000000E+00    0.000000000000000E+00
    0.000000000000000E+00    0.000000000000000E+00
    0.000000000000000E+00    0.000000000000000E+00
    0.000000000000000E+00    0.000000000000000E+00
    0.000000000000000E+00    0.000000000000000E+00
    0.000000000000000E+00    0.000000000000000E+00
    0.000000000000000E+00    0.000000000000000E+00
    0.000000000000000E+00    0.000000000000000E+00
    0.000000000000000E+00    0.000000000000000E+00
    0.000000000000000E+00    0.000000000000000E+00
    0.000000000000000E+00    0.000000000000000E+00
    0.000000000000000E+00    0.000000000000000E+00
    0.000000000000000E+00    0.000000000000000E+00
    0.000000000000000E+00    0.000000000000000E+00
    0.000000000000000E+00    0.000000000000000E+00
    0.000000000000000E+00    0.000000000000000E+00
    0.000000000000000E+00    0.000000000000000E+00
    0.000000000000000E+00    0.000000000000000E+00
    0.000000000000000E+00    0.000000000000000E+00
    0.000000000000000E+00    0.000000000000000E+00
    0.429621950968607E-01    0.812237318961460E-03
    0.733879140576136E-01    0.340812322473537E-02
    0.918198124983929E-01    0.672210569556240E-02
    0.979584925804674E-01    0.105382969015119E-01
    0.911531088242384E-01    0.153097218373210E-01
    0.726966698486280E-01    0.177289950690770E-01
    0.428321610540977E-01    0.209213726672896E-01
    0.118767207281329E-01    0.168934352099613E-01
    0.179935539968161E-02    0.462113059247559E-02
    0.320235679827234E-03    0.266531226817073E-03
    0.673876448115390E-04    0.620555796755176E-03
    0.292017596456868E-03   -0.121782733974307E-03
    0.225776857103155E-03   -0.529036545786319E-03
    0.124789218201847E-03   -0.871449292985484E-03
    0.108302186329750E-03   -0.117458842776538E-02
    0.127299538892786E-03   -0.147416701826208E-02
    0.137055885902167E-03   -0.174023410834459E-02
    0.137587431796192E-03   -0.202751079901210E-02
    0.131576153864962E-03   -0.230139404629612E-02
    0.116547275704663E-03   -0.255190108664180E-02
    0.976478693162045E-04   -0.276740099645518E-02
    0.714083229407049E-04   -0.293543442581271E-02
    0.413390367066824E-04   -0.304851153607017E-02
    0.693700510984304E-05   -0.309592303565340E-02
   -0.291896401546918E-04   -0.307563756938298E-02
   -0.649722180010426E-04   -0.298387031518111E-02
   -0.999201626236831E-04   -0.282329005891494E-02
   -0.129524455419198E-03   -0.260047200583405E-02
   -0.155570269905425E-03   -0.232155416940876E-02
   -0.171911714412665E-03   -0.200417917161840E-02
   -0.182391912224299E-03   -0.165614077045494E-02
   -0.180476207018976E-03   -0.130464440332165E-02
   -0.171234596617112E-03   -0.956703503814450E-03
   -0.149666854224351E-03   -0.644458214854113E-03
   -0.121083941691583E-03   -0.372041870611707E-03
   -0.847375573162767E-04   -0.169618711618261E-03
   -0.454146150870770E-04   -0.334415191216816E-04
   -0.110638730094474E-04    0.243775599549814E-04
    0.167456740680706E-04    0.167456740680703E-04
    0.000000000000000E+00    0.000000000000000E+00
    0.000000000000000E+00    0.000000000000000E+00
    0.403174443594426E-01    0.166740212689556E-02
    0.692509151178683E-01    0.591001197079596E-02
    0.866521222361410E-01    0.117079408892118E-01
    0.924741370532917E-01    0.179944788489022E-01
    0.865817792071099E-01    0.243885967655692E-01
    0.698346260189205E-01    0.279276511117196E-01
    0.470952994535550E-01    0.281966812583225E-01
    0.232971228521746E-01    0.232203033703964E-01
    0.829218814791326E-02    0.129029112079888E-01
    0.339227607427496E-02    0.645606445175213E-02
    0.188167435236419E-02    0.429573611305923E-02
    0.134626742583868E-02    0.200808925176535E-02
    0.102205920672425E-02    0.270062166533330E-03
    0.765568013215743E-03   -0.832369849323642E-03
    0.664612127419049E-03   -0.166486049354605E-02
    0.631524178450214E-03   -0.242260340297749E-02
    0.619032311311731E-03   -0.311215330827498E-02
    0.585618628355269E-03   -0.375221621173991E-02
    0.541743322221721E-03   -0.433980206098217E-02
    0.472232573246690E-03   -0.485165684149236E-02
    0.387221714739501E-03   -0.528128157352093E-02
    0.280500421303721E-03   -0.561027345877929E-02
    0.159795597551392E-03   -0.582742077833558E-02
    0.272487318083009E-04   -0.592032608303800E-02
   -0.110950093931148E-03   -0.588302665040283E-02
   -0.246879088064582E-03   -0.571597494175935E-02
   -0.376691581034664E-03   -0.542165585681297E-02
   -0.489480963102202E-03   -0.501486309748037E-02
   -0.583489380354348E-03   -0.450810528026649E-02
   -0.648109043547000E-03   -0.392873836903324E-02
   -0.683162556295524E-03   -0.329865450044461E-02
   -0.681953137435655E-03   -0.265294299154168E-02
   -0.645044532228663E-03   -0.201989117151100E-02
   -0.573398858204288E-03   -0.143420341428442E-02
   -0.467848889681202E-03   -0.925983401682408E-03
   -0.341361703346774E-03   -0.519005012728659E-03
   -0.196622951652054E-03   -0.234774859660473E-03
   -0.678300064959038E-04   -0.666077992087127E-04
    0.249870538031253E-04   -0.104063741268473E-04
    0.000000000000000E+00    0.000000000000000E+00
    0.000000000000000E+00    0.000000000000000E+00
    0.367878550358663E-01    0.220388630609855E-02
    0.635250987462112E-01    0.739340042542838E-02
    0.797817880064977E-01    0.144061951132417E-01
    0.855843446822993E-01    0.214174453206229E-01
    0.805898248884033E-01    0.283508906276001E-01
    0.671025152774565E-01    0.318729580340789E-01
    0.486178644889160E-01    0.316821647511048E-01
    0.298954299652664E-01    0.275643138732277E-01
    0.167920289748496E-01    0.191911791918120E-01
    0.971142091622674E-02    0.125141538974898E-01
    0.581445513233720E-02    0.836987440426187E-02
    0.365733952721784E-02    0.487056274623429E-02
    0.256356639122470E-02    0.197736397255880E-02
    0.202285811522111E-02   -0.547371557402422E-04
    0.174334816181888E-02   -0.155648051213146E-02
    0.160742524850700E-02   -0.292393483890185E-02
    0.148999574345992E-02   -0.409767245026010E-02
    0.137081995114302E-02   -0.514899869108936E-02
    0.123299963536987E-02   -0.606482907725059E-02
    0.106488106153188E-02   -0.685602867388466E-02
    0.860415510444011E-03   -0.749874714287144E-02
    0.621776629085058E-03   -0.799032968386475E-02
    0.353969120451255E-03   -0.830965164118748E-02
    0.669404896896984E-04   -0.845200560662042E-02
   -0.229333918331783E-03   -0.840813669273622E-02
   -0.520243721730058E-03   -0.818372202243420E-02
   -0.794434905062712E-03   -0.778379096302218E-02
   -0.103567391966736E-02   -0.722834006742160E-02
   -0.123382951709609E-02   -0.653700557642928E-02
   -0.137458312457431E-02   -0.574399736509573E-02
   -0.145159325141285E-02   -0.488038992015574E-02
   -0.145609270855099E-02   -0.399074548626784E-02
   -0.138766367773466E-02   -0.311143127618472E-02
   -0.124704348339482E-02   -0.228921002960173E-02
   -0.104178091234291E-02   -0.155806915053725E-02
   -0.787629231146870E-03   -0.954066442065003E-03
   -0.504092283425474E-03   -0.498522910838122E-03
   -0.235720728792962E-03   -0.193110096313090E-03
   -0.314732458064834E-04   -0.435423518407916E-04
    0.000000000000000E+00    0.000000000000000E+00
    0.000000000000000E+00    0.000000000000000E+00
    0.327474561161575E-01    0.227716141295414E-02
    0.570451991299229E-01    0.779284416663089E-02
    0.723972502240867E-01    0.150918433012503E-01
    0.783317690477814E-01    0.224377102383224E-01
    0.755499513959707E-01    0.288245802726272E-01
    0.651182830144859E-01    0.324023289482569E-01
    0.507882619441108E-01    0.324457670202022E-01
    0.358461768601793E-01    0.292020101897723E-01
    0.233955807797328E-01    0.233673087781759E-01
    0.154713732160129E-01    0.172161637382324E-01
    0.103740995764876E-01    0.119303779905030E-01
    0.709930953349826E-02    0.753754754379748E-02
    0.523194850125316E-02    0.392788246599182E-02
    0.417266690738651E-02    0.111901324014209E-02
    0.354168554604645E-02   -0.107713205416092E-02
    0.314400012154900E-02   -0.304463573914632E-02
    0.283538775724720E-02   -0.474423517629873E-02
    0.254555177392995E-02   -0.621300465208558E-02
    0.224587046705537E-02   -0.746853386834975E-02
    0.190866356817252E-02   -0.853368181169051E-02
    0.152619503669789E-02   -0.939314359248946E-02
    0.109532269656699E-02   -0.100426014162539E-01
    0.625942255137672E-03   -0.104675202575683E-01
    0.130285878739694E-03   -0.106633428870542E-01
   -0.374210611559245E-03   -0.106258234472660E-01
   -0.866649170719129E-03   -0.103622108976937E-01
   -0.132740896187603E-02   -0.988316561459209E-02
   -0.173275765706390E-02   -0.921122236078327E-02
   -0.206508832205865E-02   -0.837349983107877E-02
   -0.230384447944478E-02   -0.740707875227976E-02
   -0.243734509715329E-02   -0.635285941926633E-02
   -0.245415846539744E-02   -0.525748456436240E-02
   -0.235201134600460E-02   -0.416933216380128E-02
   -0.213431389888297E-02   -0.313578229491358E-02
   -0.181209412185439E-02   -0.220358880939515E-02
   -0.140978521432449E-02   -0.140890229386740E-02
   -0.959975599540718E-03   -0.783821710771497E-03
   -0.518360217307367E-03   -0.337356477348373E-03
   -0.163190785905516E-03   -0.822613453291969E-04
    0.000000000000000E+00    0.000000000000000E+00
    0.000000000000000E+00    0.000000000000000E+00
    0.284922531991838E-01    0.216095855924048E-02
    0.504436862285501E-01    0.736949345953294E-02
    0.647712212614625E-01    0.144571419682810E-01
    0.713069378676233E-01    0.214162925520615E-01
    0.702672998526324E-01    0.275338657866742E-01
    0.631227349350764E-01    0.311512677025398E-01
    0.522584453458514E-01    0.317498471598853E-01
    0.402593980298655E-01    0.295924177117831E-01
    0.294291484497602E-01    0.251381901050921E-01
    0.210513416060445E-01    0.198556919562913E-01
    0.151797935594681E-01    0.144798384609706E-01
    0.111851922441008E-01    0.980588117984267E-02
    0.865437067271975E-02    0.573176436382018E-02
    0.707124356544031E-02    0.232016634445810E-02
    0.598539699369412E-02   -0.483817924680721E-03
    0.521409708153817E-02   -0.296481882357551E-02
    0.461334151996600E-02   -0.512610177771796E-02
    0.408209336169242E-02   -0.698316419487485E-02
    0.355274265406553E-02   -0.855663817043225E-02
    0.299013018502989E-02   -0.988550818009836E-02
    0.237138859957796E-02   -0.109479067352419E-01
    0.169794105736106E-02   -0.117517020246763E-01
    0.976843890716382E-03   -0.122788841580698E-01
    0.227715667478248E-03   -0.125354271740867E-01
   -0.528144906260477E-03   -0.125147078175233E-01
   -0.126146319713158E-02   -0.122317219473494E-01
   -0.194428389142147E-02   -0.116976126959806E-01
   -0.254579173943930E-02   -0.109402997640222E-01
   -0.303882427218937E-02   -0.998993342631648E-02
   -0.339821970768954E-02   -0.888765941582990E-02
   -0.360467126526641E-02   -0.767888526448476E-02
   -0.364531351083713E-02   -0.641426701675141E-02
   -0.351508866028592E-02   -0.514707319476032E-02
   -0.321985094940488E-02   -0.392958736124059E-02
   -0.277464145070989E-02   -0.281380401297365E-02
   -0.221142814043484E-02   -0.184183154082585E-02
   -0.157285168875639E-02   -0.105474985990863E-02
   -0.928608628971525E-03   -0.470181988921530E-03
   -0.363822037700756E-03   -0.119351492790662E-03
    0.000000000000000E+00    0.000000000000000E+00
    0.000000000000000E+00    0.000000000000000E+00
    0.247543968020598E-01    0.190441354431775E-02
    0.443288915352969E-01    0.666574218797393E-02
    0.578681765736793E-01    0.130614666303656E-01
    0.647350889088423E-01    0.195584709625893E-01
    0.654468154970039E-01    0.251811450811074E-01
    0.608218861097440E-01    0.287829731988954E-01
    0.527753029042807E-01    0.299443493996091E-01
    0.433137814710770E-01    0.286163111994012E-01
    0.340019108426144E-01    0.252878080754551E-01
    0.261355304538596E-01    0.208805434457289E-01
    0.200418964221952E-01    0.159669057897895E-01
    0.156122974450212E-01    0.113449807745774E-01
    0.125025566992537E-01    0.714808930116855E-02
    0.103900623549424E-01    0.337601756516231E-02
    0.887191312121364E-02    0.103608931940817E-03
    0.771663821500094E-02   -0.278825988707129E-02
    0.678480115407848E-02   -0.531194555282729E-02
    0.595178254331525E-02   -0.749313813484702E-02
    0.513757764603730E-02   -0.934365387885294E-02
    0.429123713944705E-02   -0.109014126091710E-01
    0.338848344312174E-02   -0.121496461438571E-01
    0.242409768610689E-02   -0.130922670818239E-01
    0.140945362792030E-02   -0.137197966265367E-01
    0.366198400452285E-03   -0.140378529005295E-01
   -0.677085620642909E-03   -0.140467062710054E-01
   -0.168416505416967E-02   -0.137606611646463E-01
   -0.261951180327545E-02   -0.131965487080317E-01
   -0.344278527413212E-02   -0.123824000316055E-01
   -0.412111008670990E-02   -0.113527649860583E-01
   -0.461978608655672E-02   -0.101496738035469E-01
   -0.491707996340621E-02   -0.882238868475491E-02
   -0.499303754965138E-02   -0.742319753326375E-02
   -0.484464096313398E-02   -0.600959868975534E-02
   -0.447489027811362E-02   -0.463689564467790E-02
   -0.390663614846737E-02   -0.336217211757823E-02
   -0.317304998047665E-02   -0.223426270083070E-02
   -0.233144033454621E-02   -0.130040191854680E-02
   -0.145204514433373E-02   -0.593712744084686E-03
   -0.637592132107865E-03   -0.152623959094110E-03
    0.000000000000000E+00    0.000000000000000E+00
    0.000000000000000E+00    0.000000000000000E+00
    0.213702432612487E-01    0.162070891833734E-02
    0.389159527229662E-01    0.571622845204400E-02
    0.515300567481120E-01    0.114000141311173E-01
    0.588154279390575E-01    0.171958484091794E-01
    0.608199604763685E-01    0.223973242684895E-01
    0.583494252976483E-01    0.259276785999485E-01
    0.526354705745435E-01    0.274542419519689E-01
    0.452266548349842E-01    0.268690952374099E-01
    0.375045944510190E-01    0.244042149937477E-01
    0.304455478294781E-01    0.208176954919928E-01
    0.246315883198417E-01    0.165029787519855E-01
    0.200756775186735E-01    0.121562619337389E-01
    0.166190989668502E-01    0.799248539923711E-02
    0.140401312206268E-01    0.411039251955759E-02
    0.120874655369998E-01    0.581180930727580E-03
    0.105460983112593E-01   -0.256342933017582E-02
    0.925985852990071E-02   -0.534785360096494E-02
    0.809601834547262E-02   -0.777528143280581E-02
    0.695391084478850E-02   -0.984652449041653E-02
    0.578367755250588E-02   -0.115906277113211E-01
    0.455481166739807E-02   -0.129916986445966E-01
    0.326433004129228E-02   -0.140562889005856E-01
    0.192139325829032E-02   -0.147733701459196E-01
    0.553744458991269E-03   -0.151555517369582E-01
   -0.805469519902796E-03   -0.152010082015078E-01
   -0.211285963997860E-02   -0.149295336332557E-01
   -0.332393412651210E-02   -0.143571825176448E-01
   -0.439262237816163E-02   -0.135147407103260E-01
   -0.527529387308099E-02   -0.124375998283490E-01
   -0.593414558536114E-02   -0.111680204173033E-01
   -0.633752446939378E-02   -0.975793578116991E-02
   -0.646576538067891E-02   -0.825871552747347E-02
   -0.630922486537708E-02   -0.673259524047781E-02
   -0.587518409943520E-02   -0.523458637751242E-02
   -0.518439260470181E-02   -0.382951631959366E-02
   -0.427873117081616E-02   -0.256831235530993E-02
   -0.321607839702298E-02   -0.151082287945178E-02
   -0.207872045406490E-02   -0.696553571163740E-03
   -0.965971177150253E-03   -0.181769085751444E-03
    0.000000000000000E+00    0.000000000000000E+00
    0.000000000000000E+00    0.000000000000000E+00
    0.185696837217377E-01    0.136023489894531E-02
    0.342018628466951E-01    0.486618696013377E-02
    0.460411691396456E-01    0.971353979420085E-02
    0.534458179105278E-01    0.148309335145919E-01
    0.565553927536105E-01    0.194801201242684E-01
    0.557473278247047E-01    0.228449736358267E-01
    0.520196727440418E-01    0.245741240043422E-01
    0.464840953702725E-01    0.245134204698175E-01
    0.402129014397521E-01    0.228200349090069E-01
    0.341389692229025E-01    0.199684281931576E-01
    0.287194649217752E-01    0.163265431502080E-01
    0.242488198543381E-01    0.123746749685410E-01
    0.206291468676673E-01    0.838632454058672E-02
    0.177610275994203E-01    0.454108347890427E-02
    0.154721169559878E-01    0.944826125317044E-03
    0.135821350725406E-01   -0.232546414486463E-02
    0.119412501911582E-01   -0.524948108271616E-02
    0.104271443809618E-01   -0.783584547095149E-02
    0.893894466501979E-02   -0.100620857656757E-01
    0.742008583582076E-02   -0.119417053181044E-01
    0.584152269413080E-02   -0.134597983266260E-01
    0.419890220903251E-02   -0.146206628747811E-01
    0.250482138870064E-02   -0.154171723408345E-01
    0.790713218882632E-03   -0.158594212944695E-01
   -0.904891280696080E-03   -0.159505370731075E-01
   -0.253046434967949E-02   -0.157076444329852E-01
   -0.403660314078492E-02   -0.151501435911301E-01
   -0.536601194296898E-02   -0.143070589655097E-01
   -0.647219801114027E-02   -0.132146585914817E-01
   -0.730512103075752E-02   -0.119145720560729E-01
   -0.783329368803230E-02   -0.104579796677615E-01
   -0.802591384634064E-02   -0.889745526318828E-02
   -0.787726709743410E-02   -0.729432572300611E-02
   -0.738616387539188E-02   -0.570778791920342E-02
   -0.658160779693267E-02   -0.420311012130304E-02
   -0.549962277456697E-02   -0.284020863644484E-02
   -0.421011698074281E-02   -0.168181589755146E-02
   -0.278949426897288E-02   -0.782873643709312E-03
   -0.134873910199128E-02   -0.204645625669058E-03
    0.000000000000000E+00    0.000000000000000E+00
    0.000000000000000E+00    0.000000000000000E+00
    0.162003141696683E-01    0.111066920528024E-02
    0.302505714570739E-01    0.401578184698340E-02
    0.412562197522808E-01    0.814402005726974E-02
    0.487586353896552E-01    0.125579623907061E-01
    0.526225701351264E-01    0.167041234474338E-01
    0.531822925800149E-01    0.198418374791896E-01
    0.510667781656613E-01    0.216660281248863E-01
    0.471364398245875E-01    0.219899690197117E-01
    0.422562115079849E-01    0.208755588443938E-01
    0.371520701621493E-01    0.186526188378289E-01
    0.323369417540577E-01    0.155979081973052E-01
    0.280785419667682E-01    0.121014691551929E-01
    0.244606587034061E-01    0.840171797843959E-02
    0.214325872798195E-01    0.473594518359369E-02
    0.188993959703380E-01    0.120829537426545E-02
    0.167167560129920E-01   -0.206079526379660E-02
    0.147482528862459E-01   -0.503216332665558E-02
    0.128869422566381E-01   -0.768508968204691E-02
    0.110431566938740E-01   -0.999456779391100E-02
    0.916498728251215E-02   -0.119532842216009E-01
    0.722266842896575E-02   -0.135473639827553E-01
    0.521526297696652E-02   -0.147787667087077E-01
    0.315664904875462E-02   -0.156380958396870E-01
    0.108352967543462E-02   -0.161373486810862E-01
   -0.959420960365474E-03   -0.162776192331329E-01
   -0.291584623756946E-02   -0.160777425871956E-01
   -0.472675092971008E-02   -0.155553892917260E-01
   -0.633144209695252E-02   -0.147387600045853E-01
   -0.767156409055625E-02   -0.136636054485970E-01
   -0.869585541448087E-02   -0.123678617589032E-01
   -0.936056575370385E-02   -0.109042264383692E-01
   -0.963630273678161E-02   -0.932006429072785E-02
   -0.950654543696303E-02   -0.768100270729887E-02
   -0.897451050745292E-02   -0.604171067266948E-02
   -0.806086900603832E-02   -0.447539487130010E-02
   -0.680915485126111E-02   -0.304047446111768E-02
   -0.528259890690224E-02   -0.181174782620622E-02
   -0.356703460683288E-02   -0.847179885168216E-03
   -0.176592083239420E-02   -0.223482716874064E-03
    0.000000000000000E+00    0.000000000000000E+00
    0.000000000000000E+00    0.000000000000000E+00
    0.142719830448267E-01    0.914052197582536E-03
    0.269124445595279E-01    0.333222074452311E-02
    0.372227359881169E-01    0.676660393185106E-02
    0.446484063812995E-01    0.105490491397663E-01
    0.491131433902329E-01    0.141609965307322E-01
    0.507074002142615E-01    0.170280300177690E-01
    0.499246518204554E-01    0.188493623846243E-01
    0.473734524115081E-01    0.194221340156868E-01
    0.437106449465063E-01    0.187710289979186E-01
    0.395838610593187E-01    0.170777923541672E-01
    0.354068790026145E-01    0.145635694052153E-01
    0.315131925801355E-01    0.115318030497739E-01
    0.280130146218358E-01    0.819709073103768E-02
    0.249425808215403E-01    0.479172334053006E-02
    0.222374582640891E-01    0.144591719026256E-02
    0.198144548197192E-01   -0.172692658799204E-02
    0.175556300798990E-01   -0.465358621144291E-02
    0.153728858099361E-01   -0.729729860374440E-02
    0.131893389649883E-01   -0.961970607266738E-02
    0.109582150173848E-01   -0.116047993287385E-01
    0.865465783502960E-02   -0.132339935001144E-01
    0.628202515516065E-02   -0.145067569152439E-01
    0.385819826262601E-02   -0.154140455125931E-01
    0.142562208332422E-02   -0.159632235860160E-01
   -0.967586168302927E-03   -0.161578638142331E-01
   -0.325576522170671E-02   -0.160129529183074E-01
   -0.537789931742678E-02   -0.155466563918878E-01
   -0.726094853796016E-02   -0.147838874833127E-01
   -0.884640791570930E-02   -0.137580448051515E-01
   -0.100688065511010E-01   -0.125050290366786E-01
   -0.108863932696225E-01   -0.110729456103058E-01
   -0.112552269998192E-01   -0.950932016907626E-02
   -0.111631474738680E-01   -0.787459411459828E-02
   -0.105998846012964E-01   -0.622691700321214E-02
   -0.959301519547665E-02   -0.463573453776360E-02
   -0.817426177936628E-02   -0.316742344004693E-02
   -0.641579859106267E-02   -0.189607405815127E-02
   -0.439284542795188E-02   -0.892374813168633E-03
   -0.221756210124718E-02   -0.235440324634440E-03
    0.000000000000000E+00    0.000000000000000E+00
    0.000000000000000E+00    0.000000000000000E+00
    0.126871235392524E-01    0.735653836208067E-03
    0.241775074563718E-01    0.271362504597798E-02
    0.338052691113946E-01    0.558507521527613E-02
    0.411484940901871E-01    0.879196302018194E-02
    0.459954695071099E-01    0.119375789116152E-01
    0.484161697495591E-01    0.145223460000531E-01
    0.486947108428056E-01    0.162857260095969E-01
    0.472899665233408E-01    0.170201726730209E-01
    0.447167704665221E-01    0.167050355233111E-01
    0.414769616598386E-01    0.154505756219826E-01
    0.379798233175004E-01    0.134105025025132E-01
    0.345086490885002E-01    0.108285471702693E-01
    0.312335596103342E-01    0.788761874985157E-02
    0.282081805676831E-01    0.480069330697962E-02
    0.254196404101097E-01    0.170068541995804E-02
    0.228124993119789E-01   -0.129119240642129E-02
    0.203077095981853E-01   -0.409623278538038E-02
    0.178357153525718E-01   -0.665537960481188E-02
    0.153346689825634E-01   -0.892826716959239E-02
    0.127682540493312E-01   -0.108883599700878E-01
    0.101160078487117E-01   -0.125132916119876E-01
    0.738826270432920E-02   -0.137998687314446E-01
    0.460824249322540E-02   -0.147360792332273E-01
    0.182299273472925E-02   -0.153287977922284E-01
   -0.912371866116543E-03   -0.155787808828744E-01
   -0.352943016228835E-02   -0.155002843058760E-01
   -0.595737967992533E-02   -0.151087152256013E-01
   -0.812202604924774E-02   -0.144253412414957E-01
   -0.995247355562146E-02   -0.134818693998896E-01
   -0.113837043720348E-01   -0.123072920246572E-01
   -0.123599819063216E-01   -0.109498176407218E-01
   -0.128393084600968E-01   -0.944807128429164E-02
   -0.127951999646083E-01   -0.786512145550665E-02
   -0.122208904084550E-01   -0.625062538530745E-02
   -0.111304334363224E-01   -0.467977208182074E-02
   -0.956073012784990E-02   -0.321357035978859E-02
   -0.757173579952756E-02   -0.193517238720507E-02
   -0.524510744382777E-02   -0.914639397862008E-03
   -0.268217142405013E-02   -0.243530339600657E-03
    0.000000000000000E+00    0.000000000000000E+00
    0.000000000000000E+00    0.000000000000000E+00
    0.113971211926113E-01    0.604316877229846E-03
    0.218915878432278E-01    0.223836705540233E-02
    0.309487104169524E-01    0.461425703886193E-02
    0.381254961728571E-01    0.733032953980537E-02
    0.432559546017414E-01    0.100391139005083E-01
    0.462870409723991E-01    0.123456525738885E-01
    0.474298295509469E-01    0.140108370016728E-01
    0.469900268776102E-01    0.148372812711070E-01
    0.453594128876099E-01    0.147824532542600E-01
    0.429542761580649E-01    0.138952979431571E-01
    0.401023934653910E-01    0.122860680178844E-01
    0.370947660220520E-01    0.101368785863347E-01
    0.340806386929697E-01    0.760526305930052E-02
    0.311653180759500E-01    0.487194562044725E-02
    0.283493712881116E-01    0.206881396641208E-02
    0.256183151351884E-01   -0.684468301609563E-03
    0.229164123775639E-01   -0.330288154559997E-02
    0.201960626790893E-01   -0.571989165126141E-02
    0.174103972411941E-01   -0.788805533002475E-02
    0.145353755179107E-01   -0.977802227592731E-02
    0.115589770800316E-01   -0.113636711517523E-01
    0.849848594413599E-02   -0.126369290389768E-01
    0.538216585380468E-02   -0.135865056568487E-01
    0.226409986571995E-02   -0.142144090403501E-01
   -0.798601567138186E-03   -0.145223192477874E-01
   -0.372807407755446E-02   -0.145199978747671E-01
   -0.645371652605698E-02   -0.142214126001833E-01
   -0.888913534604644E-02   -0.136435190522330E-01
   -0.109652902609588E-01   -0.128133035766828E-01
   -0.126024687056397E-01   -0.117564486474658E-01
   -0.137479079773972E-01   -0.105134905077902E-01
   -0.143432787649071E-01   -0.912145786770017E-02
   -0.143658320402445E-01   -0.763444106838012E-02
   -0.137919864708765E-01   -0.610312327448303E-02
   -0.126402410660403E-01   -0.459474045057061E-02
   -0.109313009063908E-01   -0.317483193389598E-02
   -0.873027418884442E-02   -0.192191574594758E-02
   -0.610410978811990E-02   -0.914539821483978E-03
   -0.315945593043798E-02   -0.243803702554703E-03
    0.000000000000000E+00    0.000000000000000E+00
    0.000000000000000E+00    0.000000000000000E+00
    0.103451458712150E-01    0.488248804822083E-03
    0.200243608694853E-01    0.183034444630475E-02
    0.285500249786622E-01    0.381597339779922E-02
    0.355691960432643E-01    0.611768254496292E-02
    0.408585796206695E-01    0.846298098821200E-02
    0.443632896414976E-01    0.105220152854593E-01
    0.461817103537443E-01    0.120838823388234E-01
    0.465334627245321E-01    0.129699806816904E-01
    0.457149212867252E-01    0.131153000982013E-01
    0.440424265752659E-01    0.125382139963720E-01
    0.418108143393983E-01    0.113091113324477E-01
    0.392561515633670E-01    0.956449905632234E-02
    0.365466064814065E-01    0.743565178684791E-02
    0.337799859313229E-01    0.507381967435704E-02
    0.309946278465560E-01    0.260196536999596E-02
    0.281909876982329E-01    0.132597898940186E-03
    0.253418721469166E-01   -0.224837204172170E-02
    0.224178206612972E-01   -0.447408231172324E-02
    0.193866636945180E-01   -0.649182082607842E-02
    0.162379959049335E-01   -0.827225182843010E-02
    0.129689557290758E-01   -0.978438447209148E-02
    0.960507655781610E-02   -0.110203547799987E-01
    0.618110096732906E-02   -0.119648441067276E-01
    0.275518455588567E-02   -0.126206775326213E-01
   -0.608806182795073E-03   -0.129854376377365E-01
   -0.383177596301596E-02   -0.130677938449338E-01
   -0.683408922408236E-02   -0.128780746191262E-01
   -0.953011395889471E-02   -0.124283917040627E-01
   -0.118391168684365E-01   -0.117429155664595E-01
   -0.136832517716970E-01   -0.108385149851567E-01
   -0.149955126312438E-01   -0.975401926667522E-02
   -0.157197420326813E-01   -0.851482440059599E-02
   -0.158170674535386E-01   -0.717476244829073E-02
   -0.152659543456786E-01   -0.577255454557255E-02
   -0.140680229005200E-01   -0.437694121053566E-02
   -0.122458973890172E-01   -0.304423151371426E-02
   -0.984827944878995E-02   -0.185684598115373E-02
   -0.694423702681838E-02   -0.889075936637556E-03
   -0.362579174388702E-02   -0.239737006455609E-03
    0.000000000000000E+00    0.000000000000000E+00
    0.000000000000000E+00    0.000000000000000E+00
    0.947621801885432E-02    0.406787851518457E-03
    0.184538048905644E-01    0.152721868434150E-02
    0.265290978037650E-01    0.319010800551276E-02
    0.333564313373690E-01    0.515504277133844E-02
    0.387488145611793E-01    0.719120797322643E-02
    0.425935592414616E-01    0.903377703543031E-02
    0.449518259040391E-01    0.104992854279182E-01
    0.459555946724241E-01    0.114233146565602E-01
    0.458220726576779E-01    0.117390639411370E-01
    0.448048104966618E-01    0.114337160325025E-01
    0.431303581017222E-01    0.105539503330896E-01
    0.410213521621377E-01    0.919591956571195E-02
    0.386167424365978E-01    0.746428500477816E-02
    0.360332270301664E-01    0.548687895757484E-02
    0.333126957534081E-01    0.336937867438963E-02
    0.304814655065301E-01    0.121784389144485E-02
    0.275275851610002E-01   -0.888625225677610E-03
    0.244420539184006E-01   -0.288310617222133E-02
    0.212074345179082E-01   -0.471516199926798E-02
    0.178252272464242E-01   -0.635146579107529E-02
    0.143033955490103E-01   -0.776384964964200E-02
    0.106745969155031E-01   -0.893926458093467E-02
    0.697916032740907E-02   -0.986532325162001E-02
    0.328173397057982E-02   -0.105401419339814E-01
   -0.352409222425180E-03   -0.109625548998870E-01
   -0.383640724131150E-02   -0.111363844870261E-01
   -0.709202326324584E-02   -0.110701100421816E-01
   -0.100234717069207E-01   -0.107712338573563E-01
   -0.125529870847286E-01   -0.102579606175784E-01
   -0.145897723986187E-01   -0.954301465094650E-02
   -0.160700707932222E-01   -0.865536987561400E-02
   -0.169221346864588E-01   -0.761692254080515E-02
   -0.171095944512570E-01   -0.646927605894424E-02
   -0.165933695185622E-01   -0.524875970071825E-02
   -0.153763124499911E-01   -0.401198969227014E-02
   -0.134626021719548E-01   -0.281476253731857E-02
   -0.109011356183252E-01   -0.173044372715016E-02
   -0.774283456793224E-02   -0.836054527135123E-03
   -0.407953920522828E-02   -0.226171488345940E-03
    0.000000000000000E+00    0.000000000000000E+00
    0.000000000000000E+00    0.000000000000000E+00
    0.875859694568175E-02    0.336382079734957E-03
    0.171493443358092E-01    0.127850288500919E-02
    0.248115204496439E-01    0.269654704553625E-02
    0.314587445328711E-01    0.439694997027618E-02
    0.368845485296065E-01    0.619258621629948E-02
    0.409824212078849E-01    0.786860932893757E-02
    0.437542709949087E-01    0.925991084035441E-02
    0.452825283329797E-01    0.102278024519588E-01
    0.457237669660495E-01    0.106936867952537E-01
    0.452622783406304E-01    0.106370555134597E-01
    0.440937602428149E-01    0.100778862772919E-01
    0.423912292889930E-01    0.908587884020319E-02
    0.402959439959109E-01    0.774278609022008E-02
    0.379075534290882E-01    0.615004455048419E-02
    0.352866504249401E-01    0.440286968975981E-02
    0.324653501902916E-01    0.258860198830227E-02
    0.294509843416391E-01    0.786283644857180E-03
    0.262484616161875E-01   -0.949140399393753E-03
    0.228546923494933E-01   -0.256280500399968E-02
    0.192839512938259E-01   -0.402903989028892E-02
    0.155528795041991E-01   -0.531420704070509E-02
    0.117025140802678E-01   -0.641122479147395E-02
    0.777860044230506E-02   -0.730208428758803E-02
    0.384961293608067E-02   -0.798890116632441E-02
   -0.138619765469309E-04   -0.846545435641485E-02
   -0.372479987169769E-02   -0.873592654004744E-02
   -0.719816617402828E-02   -0.880451944652934E-02
   -0.103403886736617E-01   -0.867446268560296E-02
   -0.130643922721854E-01   -0.836025208807002E-02
   -0.152824772349159E-01   -0.786543221084898E-02
   -0.169184817063451E-01   -0.721549913846105E-02
   -0.179031452184746E-01   -0.641924647896707E-02
   -0.181846594639111E-01   -0.551462598443692E-02
   -0.177245654127239E-01   -0.452335195139261E-02
   -0.165079869153536E-01   -0.349799842944892E-02
   -0.145372316740518E-01   -0.248154321164639E-02
   -0.118423052243786E-01   -0.154401764328093E-02
   -0.847027103949083E-02   -0.754549209852679E-03
   -0.449439394897110E-02   -0.207529560089296E-03
    0.000000000000000E+00    0.000000000000000E+00
    0.000000000000000E+00    0.000000000000000E+00
    0.814605747178439E-02    0.290116688884372E-03
    0.160224062442862E-01    0.110293871454191E-02
    0.233217661010870E-01    0.233241673898588E-02
    0.297733754110076E-01    0.383195546027462E-02
    0.351976216613114E-01    0.544527505356364E-02
    0.394636273786717E-01    0.699513763521493E-02
    0.425542665141582E-01    0.834288379135023E-02
    0.445040257920921E-01    0.935997979305464E-02
    0.454185695687557E-01    0.997599634553398E-02
    0.454395937486171E-01    0.101540105807743E-01
    0.447113630765696E-01    0.990252323222662E-02
    0.433888960681878E-01    0.926594457261762E-02
    0.415837785501564E-01    0.830489072549694E-02
    0.394010500950524E-01    0.710185504753391E-02
    0.368956343435974E-01    0.573198425897611E-02
    0.341152930496156E-01    0.427438216273568E-02
    0.310762963583471E-01    0.279290417211445E-02
    0.277978053727209E-01    0.134274787329740E-02
    0.242900296569465E-01   -0.326438716112579E-04
    0.205763557538072E-01   -0.130323094852911E-02
    0.166841904657708E-01   -0.244418211717270E-02
    0.126599759108360E-01   -0.344329815568925E-02
    0.855550697532192E-02   -0.428893794194612E-02
    0.444309720093080E-02   -0.497806608572224E-02
    0.395070885071421E-03   -0.550779664533354E-02
   -0.349733457190568E-02   -0.587755379778115E-02
   -0.715057023293619E-02   -0.609063013974976E-02
   -0.104650764530984E-01   -0.614597571922158E-02
   -0.133569364402682E-01   -0.605212631186570E-02
   -0.157298036558100E-01   -0.580832989980720E-02
   -0.175105717482742E-01   -0.542918324123836E-02
   -0.186181730629477E-01   -0.491856454745839E-02
   -0.190019668962550E-01   -0.429982121077518E-02
   -0.186085490865666E-01   -0.358876423149226E-02
   -0.174208720005426E-01   -0.282201298550114E-02
   -0.154235774691983E-01   -0.203603596955155E-02
   -0.126408908533253E-01   -0.128695040867481E-02
   -0.910000478418888E-02   -0.639004763521260E-03
   -0.486582809215743E-02   -0.177299112364055E-03
    0.000000000000000E+00    0.000000000000000E+00
    0.000000000000000E+00    0.000000000000000E+00
    0.762073229608486E-02    0.251738023902984E-03
    0.150473105451510E-01    0.968473843696492E-03
    0.220074348005652E-01    0.206502198201247E-02
    0.282688318376797E-01    0.342342808125320E-02
    0.336489286665225E-01    0.491153727267834E-02
    0.380245763732103E-01    0.638742684973782E-02
    0.413485394839122E-01    0.772305255132416E-02
    0.436267302501983E-01    0.881395378342480E-02
    0.449281641783201E-01    0.958219120828323E-02
    0.453476196405108E-01    0.999382348491256E-02
    0.450055750948931E-01    0.100388920672723E-01
    0.440170217263866E-01    0.974733648340723E-02
    0.424890730487145E-01    0.916201268113587E-02
    0.405072222542424E-01    0.834360719772655E-02
    0.381355023252225E-01    0.735745372712652E-02
    0.354209635862535E-01    0.626159274108003E-02
    0.323930132279470E-01    0.511840853845233E-02
    0.290800155567489E-01    0.396576343628943E-02
    0.255025934514100E-01    0.285105454251810E-02
    0.216950385756213E-01    0.179032193134421E-02
    0.176907738699054E-01    0.814748961870048E-03
    0.135442774217773E-01   -0.745311185629159E-04
    0.931058029825991E-02   -0.859357165436264E-03
    0.506574395811703E-02   -0.154416522070810E-02
    0.884417233765876E-03   -0.212043781734899E-02
   -0.314236357433134E-02   -0.259062989070875E-02
   -0.692801886165081E-02   -0.295338040968607E-02
   -0.103759843522661E-01   -0.320533768609093E-02
   -0.133972059596163E-01   -0.335089322372880E-02
   -0.158994896262689E-01   -0.338125028457818E-02
   -0.178014967578542E-01   -0.330629786052733E-02
   -0.190253873898644E-01   -0.311677770153298E-02
   -0.195086662674937E-01   -0.282935724356563E-02
   -0.191978986673806E-01   -0.244368418635334E-02
   -0.180606330768829E-01   -0.198643455566487E-02
   -0.160762365008289E-01   -0.147820509204411E-02
   -0.132502443662335E-01   -0.962777560570373E-03
   -0.959897744350381E-02   -0.492802380285601E-03
   -0.516607227513031E-02   -0.141290218418306E-03
    0.000000000000000E+00    0.000000000000000E+00
    0.000000000000000E+00    0.000000000000000E+00
    0.714709479627811E-02    0.229776700972472E-03
    0.141618585823201E-01    0.883601907184725E-03
    0.208064383814692E-01    0.189014639812262E-02
    0.268648866393777E-01    0.315569473192479E-02
    0.321737673221986E-01    0.456930410572936E-02
    0.366010540376371E-01    0.600941618301826E-02
    0.400902567868337E-01    0.736937020354099E-02
    0.426212533595489E-01    0.855032509986604E-02
    0.442308568781904E-01    0.948517009911916E-02
    0.449864651655186E-01    0.101298269370654E-01
    0.449712513269739E-01    0.104703469446238E-01
    0.442848217443618E-01    0.105193970599044E-01
    0.430083953412448E-01    0.103047111924362E-01
    0.412267370197377E-01    0.987264066740017E-02
    0.389954166605214E-01    0.926895557168849E-02
    0.363691403442677E-01    0.854529987678709E-02
    0.333823134639162E-01    0.774495891050787E-02
    0.300718455584458E-01    0.690651382804138E-02
    0.264690032151362E-01    0.606084001225412E-02
    0.226135623929913E-01    0.522861166490181E-02
    0.185491619447979E-01    0.442750595481628E-02
    0.143321949722786E-01    0.366463560683430E-02
    0.100246251809472E-01    0.294792362389275E-02
    0.570219729768373E-02    0.227858301887015E-02
    0.144251229918371E-02    0.165896901192604E-02
   -0.266424981922818E-02    0.109113900198571E-02
   -0.653194161746647E-02    0.575353401389939E-03
   -0.100639914247111E-01    0.118598892366227E-03
   -0.131738451944578E-01   -0.278854593495701E-03
   -0.157672344145237E-01   -0.604454478812049E-03
   -0.177655063829532E-01   -0.857514991547635E-03
   -0.190857208272650E-01   -0.102332328844901E-02
   -0.196657768223057E-01   -0.110283914833271E-02
   -0.194435028181010E-01   -0.108695034045370E-02
   -0.183817203964398E-01   -0.983350537510035E-03
   -0.164468384419044E-01   -0.799883624515133E-03
   -0.136327107322550E-01   -0.561430445999086E-03
   -0.993740026651198E-02   -0.306256785766836E-03
   -0.538611698116186E-02   -0.917460209045528E-04
    0.000000000000000E+00    0.000000000000000E+00
    0.000000000000000E+00    0.000000000000000E+00
    0.671527171670552E-02    0.213290697766753E-03
    0.133465375424750E-01    0.828102103695901E-03
    0.196834256755166E-01    0.178264645586042E-02
    0.255349457599230E-01    0.300012665081001E-02
    0.307410383308144E-01    0.438218213665504E-02
    0.351767291125155E-01    0.583061259317657E-02
    0.387704061100579E-01    0.724436509330356E-02
    0.414857697220025E-01    0.854305289794924E-02
    0.433374518213980E-01    0.965456003558533E-02
    0.443620231387444E-01    0.105401416580672E-01
    0.446255386663622E-01    0.111733715681365E-01
    0.441977159237890E-01    0.115584243231460E-01
    0.431538544241289E-01    0.117099726935199E-01
    0.415611176267142E-01    0.116570516999979E-01
    0.394787028390067E-01    0.114374227894071E-01
    0.369579830424211E-01    0.110824221686626E-01
    0.340406695217823E-01    0.106341316313074E-01
    0.307698026560139E-01    0.101114565429424E-01
    0.271826072438031E-01    0.954937028612649E-02
    0.233281182975452E-01    0.895112158193532E-02
    0.192526413015561E-01    0.834104947929238E-02
    0.150204512921244E-01    0.771190065562008E-02
    0.106932105730718E-01    0.707855206365130E-02
    0.635108038404870E-02    0.643154458777794E-02
    0.206973686381648E-02    0.577924533514340E-02
   -0.206012451004962E-02    0.511756315957062E-02
   -0.595432498879483E-02    0.445153109126146E-02
   -0.951914539793051E-02    0.378746225041935E-02
   -0.126686383415365E-01    0.312979260500652E-02
   -0.153134257210890E-01    0.249655843343840E-02
   -0.173728930808759E-01    0.189362725482694E-02
   -0.187687356941843E-01    0.134735470547837E-02
   -0.194334071615204E-01    0.865445174071852E-03
   -0.193056992203794E-01    0.473434697232975E-03
   -0.183389338816193E-01    0.178797185038229E-03
   -0.164927140326849E-01   -0.810359287245386E-05
   -0.137462667363576E-01   -0.898611126662284E-04
   -0.100803975249337E-01   -0.893731099280367E-04
   -0.549946968630447E-02   -0.361016596655720E-04
    0.000000000000000E+00    0.000000000000000E+00
    0.000000000000000E+00    0.000000000000000E+00
    0.629987114834690E-02    0.207296594744167E-03
    0.125599291899881E-01    0.804139853266347E-03
    0.185925392654414E-01    0.173632203894358E-02
    0.242210055015851E-01    0.293871061008550E-02
    0.292989600914889E-01    0.432679669726848E-02
    0.336989025497885E-01    0.581270334551392E-02
    0.373455598527235E-01    0.731080143093383E-02
    0.401878692390651E-01    0.874306382460567E-02
    0.422210843084807E-01    0.100467750093217E-01
    0.434637530989280E-01    0.111762727615609E-01
    0.439568873574089E-01    0.121039030331665E-01
    0.437575780877920E-01    0.128220988785169E-01
    0.429217831389351E-01    0.133341886211518E-01
    0.415127511103560E-01    0.136590626543689E-01
    0.395820061519249E-01    0.138169126862510E-01
    0.371831472534376E-01    0.138345823881334E-01
    0.343609451785392E-01    0.137345581197644E-01
    0.311618847559301E-01    0.135372502564922E-01
    0.276322592282290E-01    0.132587832418708E-01
    0.238221431319763E-01    0.129078994562313E-01
    0.197881046523353E-01    0.124923312608718E-01
    0.155919880897327E-01    0.120116726529703E-01
    0.113037855773069E-01    0.114674672250787E-01
    0.699843736299989E-02    0.108563832620148E-01
    0.275668347153918E-02    0.101776814404691E-01
   -0.133754308098414E-02    0.943172659142741E-02
   -0.519842102660563E-02    0.861961034778250E-02
   -0.873920846510002E-02    0.775059797654356E-02
   -0.118751343071021E-01    0.683121569138893E-02
   -0.145227388170038E-01    0.588226229690185E-02
   -0.166038896246523E-01    0.491830222228691E-02
   -0.180440649344776E-01    0.397074028437225E-02
   -0.187766711593744E-01    0.306252140764676E-02
   -0.187412382530737E-01    0.222961853004818E-02
   -0.178860748112151E-01    0.150033589915394E-02
   -0.161669847921708E-01    0.903487916250744E-03
   -0.135476325554507E-01    0.460105075787167E-03
   -0.999716430317992E-02    0.172561988769166E-03
   -0.549142862510265E-02    0.343605074672541E-04
    0.000000000000000E+00    0.000000000000000E+00
    0.000000000000000E+00    0.000000000000000E+00
    0.589591030518869E-02    0.204770674026706E-03
    0.117888418897334E-01    0.798952128032681E-03
    0.175120578140707E-01    0.173215503495282E-02
    0.229052820833065E-01    0.294864224227179E-02
    0.278270220181669E-01    0.437042299777918E-02
    0.321560680778717E-01    0.592396415805238E-02
    0.358090553722165E-01    0.752681819624345E-02
    0.387267141619489E-01    0.911291797824072E-02
    0.408900190675910E-01    0.106167335693982E-01
    0.422986819752528E-01    0.119961896973550E-01
    0.429809310281512E-01    0.132159902215492E-01
    0.429737253341152E-01    0.142619130734279E-01
    0.423264344256244E-01    0.151288315895732E-01
    0.410892580420894E-01    0.158209287544544E-01
    0.393132647610508E-01    0.163531906831457E-01
    0.370491107836623E-01    0.167335788891359E-01
    0.343438879264240E-01    0.169844688923333E-01
    0.312491299540494E-01    0.171065838192743E-01
    0.278125444936001E-01    0.171203489256203E-01
    0.240929668963692E-01    0.170161100379289E-01
    0.201454277415180E-01    0.168082885316995E-01
    0.160404345555228E-01    0.164804670094487E-01
    0.118433229628827E-01    0.160412360167030E-01
    0.763521206712429E-02    0.154743273561730E-01
    0.349000908044467E-02    0.147850844264085E-01
   -0.505843119252704E-03    0.139647120406693E-01
   -0.427427533329151E-02    0.130190482580950E-01
   -0.773007825583835E-02    0.119529073354038E-01
   -0.107958524003784E-01    0.107768218468156E-01
   -0.133932649125614E-01    0.951307776750595E-02
   -0.154499483808177E-01    0.818125991348827E-02
   -0.168982528404972E-01    0.682127289350787E-02
   -0.176748111587604E-01    0.546541579981905E-02
   -0.177236336774746E-01    0.416495913732856E-02
   -0.169929224348844E-01    0.296707005276646E-02
   -0.154338705787461E-01    0.192037423529315E-02
   -0.130043461364389E-01    0.107789739953275E-02
   -0.965298966575060E-02    0.461252747272108E-03
   -0.534023629430095E-02    0.110675502721806E-03
    0.000000000000000E+00    0.000000000000000E+00
    0.000000000000000E+00    0.000000000000000E+00
    0.548762587054921E-02    0.207913571020567E-03
    0.110091450202247E-01    0.810700705198461E-03
    0.164133002664650E-01    0.176172396230920E-02
    0.215511244024638E-01    0.301048526544409E-02
    0.262914713116775E-01    0.448768343094404E-02
    0.305125091626492E-01    0.612506875384821E-02
    0.341310288182114E-01    0.785021650014972E-02
    0.370781723035759E-01    0.959812216357253E-02
    0.393249063582481E-01    0.113094501941590E-01
    0.408577574400354E-01    0.129377748127220E-01
    0.416902462775375E-01    0.144464681275251E-01
    0.418481840098429E-01    0.158137971855309E-01
    0.413688439090800E-01    0.170251983098869E-01
    0.402961841534138E-01    0.180782532609430E-01
    0.386766607687524E-01    0.189724485899778E-01
    0.365586373743846E-01    0.197132860100067E-01
    0.339926665610502E-01    0.203045671469972E-01
    0.310287950523045E-01    0.207495281450945E-01
    0.277236877378425E-01    0.210495346621766E-01
    0.241326434755454E-01    0.212010564412871E-01
    0.203216909040757E-01    0.212007684283022E-01
    0.163544717651102E-01    0.210396744433524E-01
    0.123066160950146E-01    0.207111278527664E-01
    0.824915533764472E-02    0.202055010305494E-01
    0.426387637395658E-02    0.195163276326036E-01
    0.424717155662521E-03    0.186394286162927E-01
   -0.318579812164533E-02    0.175732286957794E-01
   -0.649634104600689E-02    0.163250190007597E-01
   -0.942894009143783E-02    0.149034964624563E-01
   -0.119194846434719E-01    0.133325851135544E-01
   -0.138983898575898E-01    0.116369714083672E-01
   -0.153117201637592E-01    0.986036396471129E-02
   -0.160996890200241E-01    0.804817770937298E-02
   -0.162189038921401E-01    0.626230434470107E-02
   -0.156160493460980E-01    0.457132795851526E-02
   -0.142521094081800E-01    0.304669458013564E-02
   -0.120699447194085E-01    0.176932546824236E-02
   -0.901943678810811E-02    0.797405886679664E-03
   -0.502500266741767E-02    0.202183727029201E-03
    0.000000000000000E+00    0.000000000000000E+00
    0.000000000000000E+00    0.000000000000000E+00
    0.507309134482735E-02    0.212748972935365E-03
    0.102138005272693E-01    0.831435605045451E-03
    0.152858035604348E-01    0.181106149049768E-02
    0.201513612143877E-01    0.310584877436713E-02
    0.246834441543021E-01    0.465064338104005E-02
    0.287664755472348E-01    0.638523282800354E-02
    0.323119292502705E-01    0.824002226046855E-02
    0.352486139448409E-01    0.101563075390932E-01
    0.375369277189346E-01    0.120743249982301E-01
    0.391539209682058E-01    0.139481611803210E-01
    0.401022439020076E-01    0.157377276444389E-01
    0.403964493956597E-01    0.174143493308317E-01
    0.400660451509285E-01    0.189592109369236E-01
    0.391476739581212E-01    0.203565408319117E-01
    0.376836387441953E-01    0.216034930068490E-01
    0.357218475748597E-01    0.226884198718909E-01
    0.333103948253795E-01    0.236162648887350E-01
    0.305051745293561E-01    0.243720200194061E-01
    0.273594969035356E-01    0.249614458852119E-01
    0.239382099877848E-01    0.253635641958372E-01
    0.203013534435855E-01    0.255812859218533E-01
    0.165229616015547E-01    0.255898975796236E-01
    0.126695926634095E-01    0.253892185025581E-01
    0.882124008652234E-02    0.249558927503024E-01
    0.504796572134579E-02    0.242890759245795E-01
    0.142950475985317E-02    0.233729344863341E-01
   -0.196518798263164E-02    0.222103897493570E-01
   -0.506366434463137E-02    0.207998524395419E-01
   -0.780234879395163E-02    0.191538121578016E-01
   -0.101217948616948E-01    0.172920161592855E-01
   -0.119666167052556E-01    0.152437580573210E-01
   -0.132928728726335E-01    0.130560976944242E-01
   -0.140540972470900E-01    0.107834081528330E-01
   -0.142182589039986E-01    0.850029260810482E-02
   -0.137441560713078E-01    0.629585442591681E-02
   -0.125960686943295E-01    0.426244337086637E-02
   -0.107250111727852E-01    0.252125844181942E-02
   -0.806315613579012E-02    0.115386332087620E-02
   -0.453160606498036E-02    0.298760482953249E-03
    0.000000000000000E+00    0.000000000000000E+00
    0.000000000000000E+00    0.000000000000000E+00
    0.464566243686192E-02    0.219247115979615E-03
    0.939348038091948E-02    0.857067484539596E-03
    0.141180185247681E-01    0.187011044024253E-02
    0.186895069893226E-01    0.321529038510730E-02
    0.229895412074782E-01    0.483285806969105E-02
    0.269018658123634E-01    0.666625184788972E-02
    0.303411698019328E-01    0.865176228332149E-02
    0.332288496483361E-01    0.107321954925244E-01
    0.355223623372274E-01    0.128506815938654E-01
    0.371878236242051E-01    0.149595869341122E-01
    0.382215696819465E-01    0.170162250403921E-01
    0.386273318662140E-01    0.189880221881341E-01
    0.384294133643164E-01    0.208474612018591E-01
    0.376559643766220E-01    0.225752809637010E-01
    0.363487470134099E-01    0.241549735051821E-01
    0.345493678015274E-01    0.255742620777555E-01
    0.323111199924182E-01    0.268215015996755E-01
    0.296839288956785E-01    0.278848921424967E-01
    0.267308727291355E-01    0.287526644303017E-01
    0.235090904483537E-01    0.294101299568562E-01
    0.200907913222145E-01    0.298431892410057E-01
    0.165393645404257E-01    0.300347200355275E-01
    0.129338292917806E-01    0.299688458817354E-01
    0.934028815496124E-02    0.296292036791292E-01
    0.583975600186764E-02    0.290010209738038E-01
    0.249508249304274E-02    0.280734214032965E-01
   -0.617113194355480E-03    0.268378660973320E-01
   -0.344385474921907E-02    0.252951000172191E-01
   -0.591907232089594E-02    0.234502518013674E-01
   -0.800494314470202E-02    0.213235805654344E-01
   -0.964994528223045E-02    0.189438851959765E-01
   -0.108337229277790E-01    0.163600815035258E-01
   -0.115186029335833E-01    0.136357156943415E-01
   -0.116986092596881E-01    0.108547004419786E-01
   -0.113394993385450E-01    0.812701981305274E-02
   -0.104330949837492E-01    0.557035102240948E-02
   -0.892273671068659E-02    0.333788548314905E-02
   -0.676185758480977E-02    0.155837384461872E-02
   -0.383333460935439E-02    0.410185896222687E-03
    0.000000000000000E+00    0.000000000000000E+00
    0.000000000000000E+00    0.000000000000000E+00
    0.420526304926519E-02    0.225875473464606E-03
    0.854688601524843E-02    0.882881198042231E-03
    0.129087608878202E-01    0.192934360849688E-02
    0.171692730892680E-01    0.332428347091759E-02
    0.212123964152810E-01    0.501215495136905E-02
    0.249288372261821E-01    0.694048398636226E-02
    0.282287411279572E-01    0.904949610546662E-02
    0.310359561808258E-01    0.112843045931690E-01
    0.332989018140505E-01    0.135901145831118E-01
    0.349817023012325E-01    0.159172176834617E-01
    0.360702698401849E-01    0.182229008829160E-01
    0.365647670441453E-01    0.204670911423488E-01
    0.364800655710935E-01    0.226213560646322E-01
    0.358428529548708E-01    0.246542558899110E-01
    0.346871396033621E-01    0.265492325670016E-01
    0.330575293774644E-01    0.282790987575021E-01
    0.310003239605051E-01    0.298341555650871E-01
    0.285730979137555E-01    0.311871220092156E-01
    0.258311027968574E-01    0.323301284703411E-01
    0.228424557813484E-01    0.332339406522879E-01
    0.196693981949149E-01    0.338894123975019E-01
    0.163878205833032E-01    0.342662901981329E-01
    0.130640683613938E-01    0.343535171745939E-01
    0.977650887893278E-02    0.341223475691512E-01
    0.659061717723599E-02    0.335621477904754E-01
    0.357940759845824E-02    0.326491799538633E-01
    0.801176352861439E-03    0.313783806932487E-01
   -0.168584765069264E-02    0.297368443716496E-01
   -0.383639649549573E-02    0.277329840828929E-01
   -0.561586689676704E-02    0.253751317606116E-01
   -0.699537996782004E-02    0.226961918917961E-01
   -0.796872937102354E-02    0.197406439766116E-01
   -0.852228033250157E-02    0.165797854539461E-01
   -0.867243183164155E-02    0.133058363087256E-01
   -0.841143703945349E-02    0.100492356998487E-01
   -0.774960951114493E-02    0.694918876751761E-02
   -0.665756855649602E-02    0.420567363981909E-02
   -0.508268179661713E-02    0.197548590779519E-02
   -0.292464478393394E-02    0.525633742834901E-03
    0.000000000000000E+00    0.000000000000000E+00
    0.000000000000000E+00    0.000000000000000E+00
    0.375349085602270E-02    0.230921671073443E-03
    0.767705343601003E-02    0.903896532458370E-03
    0.116623367716326E-01    0.197810350577727E-02
    0.155922216759902E-01    0.341511380171218E-02
    0.193585874339722E-01    0.516309924951633E-02
    0.228508395826429E-01    0.717377186335673E-02
    0.259848792883421E-01    0.939061917935911E-02
    0.286783515391302E-01    0.117619171819288E-01
    0.308820032708559E-01    0.142332992987781E-01
    0.325503987094019E-01    0.167561062894346E-01
    0.336695480644392E-01    0.192837938954949E-01
    0.342288435390346E-01    0.217755755207737E-01
    0.342436446093864E-01    0.241947476644186E-01
    0.337302928222535E-01    0.265090166242113E-01
    0.327260807377306E-01    0.286900065944032E-01
    0.312660315675957E-01    0.307113708877319E-01
    0.294035867876079E-01    0.325494911165040E-01
    0.271866606083328E-01    0.341806063447281E-01
    0.246811391469504E-01    0.355822803772111E-01
    0.219442969900394E-01    0.367312059761442E-01
    0.190513967916563E-01    0.376038604614598E-01
    0.160653863418783E-01    0.381772430963221E-01
    0.130667490667704E-01    0.384259497548871E-01
    0.101182768057648E-01    0.383283420810458E-01
    0.729921228897594E-02    0.378588441083515E-01
    0.466408018537655E-02    0.369992168931338E-01
    0.228224258071465E-02    0.357283854796216E-01
    0.189668645993541E-03    0.340360376634447E-01
   -0.156370981834146E-02    0.319154329964843E-01
   -0.297033738945781E-02    0.293744062494522E-01
   -0.400695445190347E-02    0.264365503242395E-01
   -0.470065413638653E-02    0.231457472309821E-01
   -0.505456668583159E-02    0.195760875720505E-01
   -0.512613911114921E-02    0.158263155225198E-01
   -0.492882764502427E-02    0.120466886516687E-01
   -0.452194096115604E-02    0.840216860269652E-02
   -0.388438793185699E-02    0.512926236407998E-02
   -0.301281422021794E-02    0.244143938765877E-02
   -0.177389220626944E-02    0.655652116111164E-03
    0.000000000000000E+00    0.000000000000000E+00
    0.000000000000000E+00    0.000000000000000E+00
    0.329133364172579E-02    0.234771044771248E-03
    0.678784691918579E-02    0.917562831914179E-03
    0.103850365587796E-01    0.201069962233301E-02
    0.139720683854182E-01    0.347677413345442E-02
    0.174411894498777E-01    0.526976179997902E-02
    0.206898701469096E-01    0.734346632593164E-02
    0.236297395149294E-01    0.964720821087145E-02
    0.261847948997355E-01    0.121294820553917E-01
    0.282977478165772E-01    0.147402661393203E-01
    0.299269583539283E-01    0.174276442661909E-01
    0.310482215904937E-01    0.201475223880206E-01
    0.316534821213218E-01    0.228519048547165E-01
    0.317472143080464E-01    0.255053799803357E-01
    0.313492996075929E-01    0.280652662594110E-01
    0.304862513230630E-01    0.305044726599251E-01
    0.291992899084062E-01    0.327847749264058E-01
    0.275310853359799E-01    0.348845728416841E-01
    0.255388659550555E-01    0.367685878324436E-01
    0.232770966800617E-01    0.384172068039956E-01
    0.208150415930085E-01    0.397973582112719E-01
    0.182153423727640E-01    0.408882688870367E-01
    0.155547624321152E-01    0.416590705259569E-01
    0.128994458045479E-01    0.420862493503500E-01
    0.103273784116841E-01    0.421402801116279E-01
    0.790089535541468E-02    0.417967161013317E-01
    0.568969913897398E-02    0.410261388628541E-01
    0.374280133922835E-02    0.398079739571423E-01
    0.210747085673902E-02    0.381143147305585E-01
    0.808256671898254E-03    0.359396863958194E-01
   -0.147277910328911E-03    0.332697410609280E-01
   -0.766692622248236E-03    0.301308928801939E-01
   -0.109612203034301E-02    0.265501650537798E-01
   -0.117480086523771E-02    0.226086536838458E-01
   -0.109787120489147E-02    0.184054139768028E-01
   -0.921980377749426E-03    0.141110935727785E-01
   -0.749105819588461E-03    0.991256024456513E-02
   -0.608999285756640E-03    0.609759253863440E-02
   -0.515714135435477E-03    0.291370401620766E-02
   -0.382471811448125E-03    0.789191492718322E-03
    0.000000000000000E+00    0.000000000000000E+00
    0.000000000000000E+00    0.000000000000000E+00
    0.282736757126518E-02    0.234502124024322E-03
    0.589189895932829E-02    0.918937151476233E-03
    0.909438739959291E-02    0.201686214904511E-02
    0.123250026013053E-01    0.349471703719379E-02
    0.154836504159022E-01    0.530991102316446E-02
    0.184661823624252E-01    0.742212977286593E-02
    0.211919321292443E-01    0.978281697997131E-02
    0.235802281490936E-01    0.123457406783308E-01
    0.255797524945910E-01    0.150600611362429E-01
    0.271410447466310E-01    0.178774654656729E-01
    0.282443918518271E-01    0.207494913750594E-01
    0.288716214908872E-01    0.236300988768516E-01
    0.290316804098185E-01    0.264762699790619E-01
    0.287331582880282E-01    0.292466787698333E-01
    0.280085352740779E-01    0.319043557045713E-01
    0.268872472015739E-01    0.344131498797826E-01
    0.254202109085529E-01    0.367406551637132E-01
    0.236525744601689E-01    0.388551801983866E-01
    0.216494019909603E-01    0.407266506786150E-01
    0.194674319728179E-01    0.423273076972864E-01
    0.171819835530108E-01    0.436263572976900E-01
    0.148563410566115E-01    0.445994985131636E-01
    0.125711153199253E-01    0.452128707105329E-01
    0.103903182340591E-01    0.454439175349363E-01
    0.839209563111450E-02    0.452545553090228E-01
    0.663025625917137E-02    0.446217897533695E-01
    0.516871829448858E-02    0.435046145270688E-01
    0.403471207505649E-02    0.418787351921142E-01
    0.326051762776151E-02    0.397122484596423E-01
    0.282474099922581E-02    0.369891841157660E-01
    0.271180422909815E-02    0.337123037987077E-01
    0.283255890861792E-02    0.299040176594429E-01
    0.311987098919795E-02    0.256386678019852E-01
    0.342008422146501E-02    0.210177034910956E-01
    0.363564783080774E-02    0.162293192307516E-01
    0.358761621852992E-02    0.114866709463795E-01
    0.321332649798271E-02    0.711850761116732E-02
    0.241086490786533E-02    0.343860251755540E-02
    0.128614976408044E-02    0.937962964749133E-03
    0.000000000000000E+00    0.000000000000000E+00
    0.000000000000000E+00    0.000000000000000E+00
    0.236323318663542E-02    0.231876106400615E-03
    0.499778034537552E-02    0.906667549186771E-03
    0.780265827817691E-02    0.199378667035140E-02
    0.106731943011187E-01    0.346077217813766E-02
    0.135078810050778E-01    0.527340534735577E-02
    0.162118481876972E-01    0.739300241957545E-02
    0.187009761183089E-01    0.977881968779576E-02
    0.209038457271835E-01    0.123844601288948E-01
    0.227627784718845E-01    0.151650017335021E-01
    0.242360785543287E-01    0.180692058766789E-01
    0.252948468170546E-01    0.210524571557671E-01
    0.259276107569625E-01    0.240628741089709E-01
    0.261320087100174E-01    0.270599089151106E-01
    0.259235285468229E-01    0.299943051393498E-01
    0.253220552430413E-01    0.328310059019777E-01
    0.243651429938606E-01    0.355254247979589E-01
    0.230904186957685E-01    0.380470716991826E-01
    0.215527819879022E-01    0.403572735673736E-01
    0.198037612258412E-01    0.424276374815805E-01
    0.179112985518451E-01    0.442267638522404E-01
    0.159374466854631E-01    0.457240468961287E-01
    0.139585641542568E-01    0.468946719759271E-01
    0.120416817493310E-01    0.477039219519241E-01
    0.102673034720435E-01    0.481301319757768E-01
    0.869973707094783E-02    0.481311855951070E-01
    0.741231227143202E-02    0.476803824254613E-01
    0.645172378605801E-02    0.467311785111803E-01
    0.586607999490481E-02    0.452418733429943E-01
    0.566207632738018E-02    0.431750505968934E-01
    0.582549436041026E-02    0.404795840645644E-01
    0.630208744942285E-02    0.371568441606059E-01
    0.697858821755389E-02    0.331914423703548E-01
    0.773610955252726E-02    0.286653401152240E-01
    0.836103628270533E-02    0.236676045923662E-01
    0.869342449354988E-02    0.184064546987474E-01
    0.847664893368012E-02    0.131173547913909E-01
    0.756746724048083E-02    0.818645278651529E-02
    0.581219768596679E-02    0.396655145305601E-02
    0.322650265696710E-02    0.109019500034086E-02
    0.000000000000000E+00    0.000000000000000E+00
    0.000000000000000E+00    0.000000000000000E+00
    0.191314907794828E-02    0.223177495266048E-03
    0.412468539242299E-02    0.876519229314561E-03
    0.653689591524491E-02    0.193240790401398E-02
    0.904286779472068E-02    0.336449276282675E-02
    0.115488145360764E-01    0.514296430161827E-02
    0.139589448368687E-01    0.723700014129895E-02
    0.161981623404172E-01    0.960814159524482E-02
    0.181929845657080E-01    0.122168806415658E-01
    0.198938409761629E-01    0.150175170233812E-01
    0.212539397097455E-01    0.179640791839963E-01
    0.222513437537332E-01    0.210080206621168E-01
    0.228661560953807E-01    0.241012549927361E-01
    0.231026015440487E-01    0.271967595803127E-01
    0.229651143821955E-01    0.302483777107307E-01
    0.224806010924573E-01    0.332131977443980E-01
    0.216739856049117E-01    0.360498139572542E-01
    0.205907905878733E-01    0.387201792403370E-01
    0.192728100651317E-01    0.411894426661451E-01
    0.177804539333366E-01    0.434232766447750E-01
    0.161685065746651E-01    0.453949431041387E-01
    0.145088746945941E-01    0.470703303647615E-01
    0.128664726091385E-01    0.484294315539203E-01
    0.113205301974764E-01    0.494360034662355E-01
    0.994287840881137E-02    0.500747116610277E-01
    0.881424197042472E-02    0.502955861485987E-01
    0.799911573948744E-02    0.500794178370085E-01
    0.756412564833638E-02    0.493594803873368E-01
    0.754993629050754E-02    0.481003704031056E-01
    0.797734255653275E-02    0.462212586363941E-01
    0.880832764283846E-02    0.436681410451678E-01
    0.997903715198626E-02    0.403929147000203E-01
    0.113216876343087E-01    0.363694693481518E-01
    0.126764303432783E-01    0.316534083761233E-01
    0.137396889176989E-01    0.263345763861340E-01
    0.142872234394840E-01    0.206325098254120E-01
    0.139456669809948E-01    0.148124415435984E-01
    0.125042533741939E-01    0.931093217316719E-02
    0.967865835768224E-02    0.455556363601738E-02
    0.547832650312392E-02    0.125953269097342E-02
    0.000000000000000E+00    0.000000000000000E+00
    0.000000000000000E+00    0.000000000000000E+00
    0.147927347927985E-02    0.211035340902821E-03
    0.328588748546499E-02    0.827333925916975E-03
    0.531433018470279E-02    0.183167209697503E-02
    0.746288820358604E-02    0.319980163081854E-02
    0.963543088041409E-02    0.491329150877293E-02
    0.117468639075648E-01    0.694364758153923E-02
    0.137207293421261E-01    0.926140183226891E-02
    0.154946361322666E-01    0.118278049743436E-01
    0.170156116837232E-01    0.146033968266639E-01
    0.182466878518077E-01    0.175407752538046E-01
    0.191591000209108E-01    0.205955091830561E-01
    0.197415968007710E-01    0.237157554166591E-01
    0.199881530091505E-01    0.268574528562466E-01
    0.199113538686635E-01    0.299690924827175E-01
    0.195252913474761E-01    0.330102809367153E-01
    0.188630138610017E-01    0.359342336351786E-01
    0.179558578898256E-01    0.387053188993058E-01
    0.168536875871687E-01    0.412858246993448E-01
    0.156030269309103E-01    0.436425592643450E-01
    0.142664293126384E-01    0.457504107239556E-01
    0.129031655545571E-01    0.475753893795012E-01
    0.115875598237614E-01    0.491051717071752E-01
    0.103891440809303E-01    0.503006911450642E-01
    0.939162994044273E-02    0.511624091538424E-01
    0.867166647699061E-02    0.516286356729451E-01
    0.831580254259023E-02    0.516921393374807E-01
    0.838328981758180E-02    0.512752835462617E-01
    0.895012294343512E-02    0.503395542611269E-01
    0.100253435372668E-01    0.487764514367694E-01
    0.115955565186527E-01    0.464848423170934E-01
    0.135506728709000E-01    0.434019987030445E-01
    0.156949279416404E-01    0.394271550048647E-01
    0.177910109085560E-01    0.346224929096054E-01
    0.194414353598937E-01    0.290384677660998E-01
    0.203266527396823E-01    0.229290218356713E-01
    0.199565133222740E-01    0.165732609500290E-01
    0.180001109270331E-01    0.104884430042582E-01
    0.140733279262927E-01    0.514773045191507E-02
    0.804260920077085E-02    0.143247144750353E-02
    0.000000000000000E+00    0.000000000000000E+00
    0.000000000000000E+00    0.000000000000000E+00
    0.108050842155131E-02    0.191406625426344E-03
    0.250385983301017E-02    0.756686831457348E-03
    0.416704453760536E-02    0.168507975074674E-02
    0.596412545685897E-02    0.296163449662551E-02
    0.780739496994518E-02    0.457423787744554E-02
    0.961338312174339E-02    0.650351871906528E-02
    0.113153967959226E-01    0.872350574969704E-02
    0.128530132199168E-01    0.112023071850422E-01
    0.141820876340138E-01    0.139010508957540E-01
    0.152643426194643E-01    0.167775239559951E-01
    0.160786492947411E-01    0.197850368515851E-01
    0.166080626946663E-01    0.228760233878260E-01
    0.168534014842607E-01    0.260018796926900E-01
    0.168176676333015E-01    0.291151395385200E-01
    0.165212753326313E-01    0.321698904283176E-01
    0.159851952329301E-01    0.351234039277813E-01
    0.152465302622711E-01    0.379356445685604E-01
    0.143420689637964E-01    0.405729673538010E-01
    0.133229224060184E-01    0.430010747960646E-01
    0.122394324265888E-01    0.451976271759148E-01
    0.111549784187042E-01    0.471347381726698E-01
    0.101367181306047E-01    0.488023781310245E-01
    0.926079792152995E-02    0.501715054253640E-01
    0.860437483312725E-02    0.512472161196158E-01
    0.825721869915450E-02    0.519775309592586E-01
    0.831346989879364E-02    0.523604673339047E-01
    0.885940868894697E-02    0.523154692104200E-01
    0.998929362936383E-02    0.518179275998502E-01
    0.117436406163790E-01    0.506927974966843E-01
    0.141134257122251E-01    0.488376824632517E-01
    0.169795589087845E-01    0.460882532167855E-01
    0.200751075369756E-01    0.423193145368861E-01
    0.230998826143009E-01    0.375250910956608E-01
    0.255007958522899E-01    0.317534312235518E-01
    0.268649345147582E-01    0.252752917031922E-01
    0.265445890126789E-01    0.184101214682843E-01
    0.241065934028695E-01    0.117333545549885E-01
    0.189719897772625E-01    0.582117938308431E-02
    0.109699510134717E-01    0.163090777995422E-02
    0.000000000000000E+00    0.000000000000000E+00
    0.000000000000000E+00    0.000000000000000E+00
    0.719114628675440E-03    0.167218929364926E-03
    0.179645216212164E-02    0.662728135792129E-03
    0.311596695365971E-02    0.149299894334464E-02
    0.457967283821957E-02    0.264692928365724E-02
    0.609858109834160E-02    0.412604662781693E-02
    0.760187110376929E-02    0.591480662900358E-02
    0.902527871472760E-02    0.799538307539921E-02
    0.103201884105095E-01    0.103386048673421E-01
    0.114432932790178E-01    0.129102585305794E-01
    0.123662432300200E-01    0.156692214634581E-01
    0.130646906137115E-01    0.185719084605330E-01
    0.135300276986771E-01    0.215697398607849E-01
    0.137553854751327E-01    0.246170032148928E-01
    0.137509152968467E-01    0.276635377711661E-01
    0.135257465973417E-01    0.306667064301042E-01
    0.131067794815425E-01    0.335810011466056E-01
    0.125178893512552E-01    0.363697117245137E-01
    0.117999374233770E-01    0.389989727434722E-01
    0.109910043139601E-01    0.414367699580903E-01
    0.101434528940963E-01    0.436652342789190E-01
    0.930926124720464E-02    0.456594349548836E-01
    0.855587256175667E-02    0.474267048119421E-01
    0.795713207924536E-02    0.489295691125219E-01
    0.758969585664270E-02    0.501998459444676E-01
    0.754495923103159E-02    0.511839858630027E-01
    0.794245253748856E-02    0.519166913149115E-01
    0.888574255961429E-02    0.522986309726857E-01
    0.105062467491905E-01    0.523487882112338E-01
    0.128781666230313E-01    0.518275101183076E-01
    0.160799223006649E-01    0.505949589194477E-01
    0.199537133385391E-01    0.484156121522792E-01
    0.241904150335082E-01    0.450169742912858E-01
    0.283594592525789E-01    0.403947070268574E-01
    0.317554233306751E-01    0.344931603894070E-01
    0.337971134280799E-01    0.276868132386647E-01
    0.336772548670262E-01    0.203179219052659E-01
    0.308167391458910E-01    0.130397320993187E-01
    0.244688382553764E-01    0.649891035698191E-02
    0.142420601038195E-01    0.184905795406928E-02
    0.000000000000000E+00    0.000000000000000E+00
    0.000000000000000E+00    0.000000000000000E+00
    0.416871615243142E-03    0.135300438515392E-03
    0.118444158156932E-02    0.547798048100501E-03
    0.219177982786173E-02    0.125535871977235E-02
    0.333838596564247E-02    0.225988189781678E-02
    0.454556169151743E-02    0.357110772167308E-02
    0.574942613424226E-02    0.518162489899164E-02
    0.689547567447548E-02    0.707902968681229E-02
    0.794236694493279E-02    0.923825641141492E-02
    0.885478292351687E-02    0.116285449496514E-01
    0.960754498443084E-02    0.142116406296016E-01
    0.101827968175748E-01    0.169450954224635E-01
    0.105697824296581E-01    0.197834481457133E-01
    0.107669089056619E-01    0.226798843157436E-01
    0.107774000201974E-01    0.255881220109871E-01
    0.106143116117714E-01    0.284633446608955E-01
    0.102943307526158E-01    0.312643111316977E-01
    0.984317378290697E-02    0.339533732169599E-01
    0.929004542513205E-02    0.364999852143147E-01
    0.867166256148772E-02    0.388760943289613E-01
    0.803064933769785E-02    0.410640171864947E-01
    0.741551128461455E-02    0.430529492034154E-01
    0.688593746689774E-02    0.448496680468591E-01
    0.650711248613273E-02    0.464390619526130E-01
    0.635180523534215E-02    0.478410153703841E-01
    0.651104322708219E-02    0.490634756425579E-01
    0.714510688521845E-02    0.501371537249531E-01
    0.838838990906473E-02    0.509936929441100E-01
    0.103893205379145E-01    0.516727853193946E-01
    0.133025448959420E-01    0.519092915698319E-01
    0.173608760220454E-01    0.515858350591197E-01
    0.224168015632569E-01    0.502038515184438E-01
    0.280219383504048E-01    0.474375369567994E-01
    0.336451342373232E-01    0.431234906194268E-01
    0.382777675836789E-01    0.372228567435131E-01
    0.412394866397229E-01    0.301194407657325E-01
    0.414676636650180E-01    0.222908066842564E-01
    0.382560629623566E-01    0.143948749662177E-01
    0.305877176945307E-01    0.722377487404530E-02
    0.179364913118907E-01    0.206774778515726E-02
    0.000000000000000E+00    0.000000000000000E+00
    0.000000000000000E+00    0.000000000000000E+00
    0.175527099573115E-03    0.982942082733785E-04
    0.688989307737402E-03    0.409838046320841E-03
    0.141659755642683E-02    0.976780142805422E-03
    0.227352064112580E-02    0.180656135018556E-02
    0.318443699865353E-02    0.292147549222237E-02
    0.410029044300081E-02    0.431962330981853E-02
    0.497434798811740E-02    0.599240592305795E-02
    0.577609198890714E-02    0.792058816550990E-02
    0.647591563431838E-02    0.100741849847012E-01
    0.705649438298975E-02    0.124201889096175E-01
    0.750113016169900E-02    0.149168975580323E-01
    0.780482159429203E-02    0.175222402721854E-01
    0.796219727191709E-02    0.201914394957111E-01
    0.798040632724132E-02    0.228796019301981E-01
    0.786465642298581E-02    0.255453306131063E-01
    0.763333088054549E-02    0.281479923643823E-01
    0.730186874247391E-02    0.306537256656555E-01
    0.689807735232910E-02    0.330336895949572E-01
    0.644761299885871E-02    0.352639274949206E-01
    0.598775833076620E-02    0.373333660265958E-01
    0.555796187856402E-02    0.392327953579212E-01
    0.520594482220309E-02    0.409873004024865E-01
    0.499472203744218E-02    0.425752646364022E-01
    0.498667765459826E-02    0.440339769176109E-01
    0.526532588283879E-02    0.454063049680946E-01
    0.598861436973171E-02    0.468182083081803E-01
    0.736924255399866E-02    0.481177158041928E-01
    0.955474433402254E-02    0.494286489069073E-01
    0.127650543713255E-01    0.505547270920589E-01
    0.175081515443996E-01    0.515078687770162E-01
    0.238073812014437E-01    0.513402066944641E-01
    0.311157066212912E-01    0.494214164280640E-01
    0.385404740076625E-01    0.457029973531827E-01
    0.448220190498160E-01    0.398773492148068E-01
    0.489773174178222E-01    0.325585717614750E-01
    0.497398488660309E-01    0.242601417265132E-01
    0.462237874981917E-01    0.157770676472264E-01
    0.372453906946968E-01    0.786450889362371E-02
    0.219772787820924E-01    0.221829509532608E-02
    0.000000000000000E+00    0.000000000000000E+00
    0.000000000000000E+00    0.000000000000000E+00
    0.145070833555581E-04    0.576217354264495E-04
    0.320826874371326E-03    0.262756055122682E-03
    0.809465318591043E-03    0.673020339231453E-03
    0.140351523451769E-02    0.131018808363389E-02
    0.204014014718075E-02    0.220474816360417E-02
    0.268554600782618E-02    0.335711357303321E-02
    0.330059209100439E-02    0.476674086019197E-02
    0.386776831185247E-02    0.641242102664799E-02
    0.436212123453057E-02    0.827272691204742E-02
    0.477423760918043E-02    0.103132869124186E-01
    0.509040591125088E-02    0.124997290093161E-01
    0.530782320963194E-02    0.147906757077347E-01
    0.542282771288843E-02    0.171465410722343E-01
    0.543958750814045E-02    0.195251117642376E-01
    0.536339713967661E-02    0.218885407870931E-01
    0.520577331741636E-02    0.241996008219170E-01
    0.497952742379589E-02    0.264282954396757E-01
    0.470381032470764E-02    0.285474012936320E-01
    0.439780079148117E-02    0.305407473004942E-01
    0.409033291286729E-02    0.323950886765412E-01
    0.380741241950810E-02    0.341171783355935E-01
    0.358734231241053E-02    0.357206382316165E-01
    0.346716852711049E-02    0.372202749021924E-01
    0.352103488847352E-02    0.386192194929614E-01
    0.382115147140684E-02    0.400518225399093E-01
    0.452612187879692E-02    0.416481601159182E-01
    0.582459855240287E-02    0.433150121642228E-01
    0.784058056127814E-02    0.451073463116742E-01
    0.109977763121188E-01    0.472414133180460E-01
    0.163744843519648E-01    0.498858576900774E-01
    0.241384632921634E-01    0.512684580507125E-01
    0.334952184739606E-01    0.506844816077697E-01
    0.432635138954531E-01    0.477782696248561E-01
    0.515246441582888E-01    0.422977081707272E-01
    0.572012653110539E-01    0.347745250775650E-01
    0.586285750694425E-01    0.260230841579984E-01
    0.546176586669949E-01    0.170531865412330E-01
    0.441348671206337E-01    0.850688345203794E-02
    0.261788713443677E-01    0.236506570861534E-02
    0.000000000000000E+00    0.000000000000000E+00
    0.000000000000000E+00    0.000000000000000E+00
   -0.706697221620190E-04    0.165886910734010E-04
    0.939100332943831E-04    0.109152543701321E-03
    0.383296903750250E-03    0.362807331646102E-03
    0.749915380592786E-03    0.802480839644967E-03
    0.114374777770639E-02    0.146153754873513E-02
    0.154464823895749E-02    0.234721749982786E-02
    0.192682694901436E-02    0.345394459119556E-02
    0.227896188879955E-02    0.477186779371381E-02
    0.258646684342939E-02    0.627438804720123E-02
    0.284254566270044E-02    0.794012353818296E-02
    0.303966177967182E-02    0.973179540749610E-02
    0.317538272145235E-02    0.116200022249979E-01
    0.324785827784240E-02    0.135650231971122E-01
    0.325961270699656E-02    0.155343867819326E-01
    0.321395841567268E-02    0.174921624371913E-01
    0.311841314003357E-02    0.194086014767757E-01
    0.298097814258527E-02    0.212564081062267E-01
    0.281389679063684E-02    0.230142764186545E-01
    0.262968347724355E-02    0.246685407456164E-01
    0.244594360528683E-02    0.262129587246854E-01
    0.228201838481327E-02    0.276502624635634E-01
    0.215884164543975E-02    0.289983792782203E-01
    0.210186983248530E-02    0.302806326298800E-01
    0.216375862491809E-02    0.315183290255825E-01
    0.240938472295999E-02    0.328434518809223E-01
    0.293339301138335E-02    0.344822174428032E-01
    0.395491040041746E-02    0.362400962351583E-01
    0.560789409211851E-02    0.381247280447345E-01
    0.820833235182843E-02    0.410186411719520E-01
    0.132053255441005E-01    0.458201603398489E-01
    0.220077549747040E-01    0.494079050611085E-01
    0.340572128036625E-01    0.505862183075265E-01
    0.470777299377982E-01    0.491065307369115E-01
    0.581620431393064E-01    0.439535061264780E-01
    0.655398314881153E-01    0.365111133682004E-01
    0.678307098717557E-01    0.273433244146121E-01
    0.636598770281934E-01    0.178971830768385E-01
    0.518502823163342E-01    0.915729977307501E-02
    0.311169537942634E-01    0.256911963846755E-02
    0.000000000000000E+00    0.000000000000000E+00
    0.000000000000000E+00    0.000000000000000E+00
   -0.785750088103259E-04   -0.132687267627335E-04
   -0.103923366292030E-04   -0.125281344863499E-04
    0.122817748797150E-03    0.973545235846651E-04
    0.305224287909035E-03    0.345234241085225E-03
    0.495313871842138E-03    0.768787967203278E-03
    0.695421906047018E-03    0.136372244809801E-02
    0.880473183487350E-03    0.213724636115128E-02
    0.105569850879740E-02    0.306998570920971E-02
    0.120481962668862E-02    0.415197472397827E-02
    0.133228094980602E-02    0.535689316364878E-02
    0.142827865464589E-02    0.666427907071926E-02
    0.149626569697308E-02    0.804409499974966E-02
    0.153207396835968E-02    0.947155725505997E-02
    0.153892890227979E-02    0.109165425743429E-01
    0.151749643427980E-02    0.123554843208875E-01
    0.147166594174632E-02    0.137616862191356E-01
    0.140565058130352E-02    0.151181510899419E-01
    0.132533388106402E-02    0.164045447787692E-01
    0.123701066858277E-02    0.176165039222955E-01
    0.114986365894647E-02    0.187438807192394E-01
    0.107022801951953E-02    0.197986941294173E-01
    0.101205663988069E-02    0.207808966782106E-01
    0.985352743203006E-03    0.217336566730155E-01
    0.103733702390224E-02    0.226571659077248E-01
    0.118820706411135E-02    0.237012579441069E-01
    0.145084473916568E-02    0.250274008998546E-01
    0.183402990677342E-02    0.265627399361097E-01
    0.256315965863745E-02    0.279442508701616E-01
    0.405209089951894E-02    0.312061185481489E-01
    0.820837949026799E-02    0.373436466830033E-01
    0.173311213281407E-01    0.433613388371599E-01
    0.324358979020946E-01    0.483825675337960E-01
    0.505593351455999E-01    0.488029808856410E-01
    0.650980745559702E-01    0.440316796168173E-01
    0.737046484536387E-01    0.372561397579964E-01
    0.768878550860904E-01    0.283523028366912E-01
    0.731168979920245E-01    0.188089348983359E-01
    0.607341138779975E-01    0.104307832096892E-01
    0.378477381157527E-01    0.326848879676371E-02
    0.000000000000000E+00    0.000000000000000E+00
    0.000000000000000E+00    0.000000000000000E+00
   -0.302353992949242E-04   -0.302353992949249E-04
   -0.128169925987658E-04   -0.788251699304291E-04
    0.199839249857763E-04   -0.658706976815041E-04
    0.697620634789461E-04    0.324249921340516E-04
    0.122376944289427E-03    0.227581885284260E-03
    0.177447624987259E-03    0.530998896943550E-03
    0.229348652960507E-03    0.930942699541353E-03
    0.276708619343067E-03    0.143212740838437E-02
    0.318856259168609E-03    0.201190952240314E-02
    0.352749359120819E-03    0.267114406341025E-02
    0.380342619883833E-03    0.338241009135996E-02
    0.397820011890571E-03    0.414247430990331E-02
    0.408730941881109E-03    0.492407208505890E-02
    0.409483383918496E-03    0.572092261092939E-02
    0.404411034124288E-03    0.650980649623491E-02
    0.390946694812029E-03    0.728299381355901E-02
    0.373267497016468E-03    0.802480364864992E-02
    0.350778584019182E-03    0.872794496341739E-02
    0.326903876682235E-03    0.938723162183217E-02
    0.303339541903101E-03    0.999861791470022E-02
    0.281277942313093E-03    0.105684302419337E-01
    0.265383260294616E-03    0.110923811686239E-01
    0.252543486659594E-03    0.116094829570915E-01
    0.270676706354420E-03    0.121251333482262E-01
    0.338590249303228E-03    0.126945706693639E-01
    0.428558875563158E-03    0.133983815999952E-01
    0.448900468210127E-03    0.142541379503459E-01
    0.570415275179350E-03    0.148087645551246E-01
    0.861520968904817E-03    0.171290368894637E-01
    0.287998617721791E-02    0.231964913473608E-01
    0.969271621931001E-02    0.291076105393971E-01
    0.220604425589306E-01    0.354121165479582E-01
    0.499170308167912E-01    0.462247316301371E-01
    0.712094004839270E-01    0.428351380276939E-01
    0.822881456191526E-01    0.358361186563231E-01
    0.855671016226157E-01    0.287911725474043E-01
    0.819037946358056E-01    0.201475747893964E-01
    0.687564759646979E-01    0.127127512767810E-01
    0.433240572655161E-01    0.561257323756744E-02
    0.000000000000000E+00    0.000000000000000E+00
    0.000000000000000E+00    0.000000000000000E+00
    0.000000000000000E+00    0.000000000000000E+00
    0.000000000000000E+00    0.000000000000000E+00
    0.000000000000000E+00    0.000000000000000E+00
    0.000000000000000E+00    0.000000000000000E+00
    0.000000000000000E+00    0.000000000000000E+00
    0.000000000000000E+00    0.000000000000000E+00
    0.000000000000000E+00    0.000000000000000E+00
    0.000000000000000E+00    0.000000000000000E+00
    0.000000000000000E+00    0.000000000000000E+00
    0.000000000000000E+00    0.000000000000000E+00
    0.000000000000000E+00    0.000000000000000E+00
    0.000000000000000E+00    0.000000000000000E+00
    0.000000000000000E+00    0.000000000000000E+00
    0.000000000000000E+00    0.000000000000000E+00
    0.000000000000000E+00    0.000000000000000E+00
    0.000000000000000E+00    0.000000000000000E+00
    0.000000000000000E+00    0.000000000000000E+00
    0.000000000000000E+00    0.000000000000000E+00
    0.000000000000000E+00    0.000000000000000E+00
    0.000000000000000E+00    0.000000000000000E+00
    0.000000000000000E+00    0.000000000000000E+00
    0.000000000000000E+00    0.000000000000000E+00
    0.000000000000000E+00    0.000000000000000E+00
    0.000000000000000E+00    0.000000000000000E+00
    0.000000000000000E+00    0.000000000000000E+00
    0.000000000000000E+00    0.000000000000000E+00
    0.000000000000000E+00    0.000000000000000E+00
    0.000000000000000E+00    0.000000000000000E+00
    0.000000000000000E+00    0.000000000000000E+00
    0.000000000000000E+00    0.000000000000000E+00
    0.000000000000000E+00    0.000000000000000E+00
    0.000000000000000E+00    0.000000000000000E+00
    0.509478451645689E-01    0.407811620261971E-01
    0.725164170717712E-01    0.439783252482157E-01
    0.874808877633731E-01    0.345206538336195E-01
    0.937624072236434E-01    0.280851054485949E-01
    0.900339864691692E-01    0.207633786914617E-01
    0.764534888125431E-01    0.137613141748227E-01
    0.469278235267939E-01    0.733172924643758E-02
    0.000000000000000E+00    0.000000000000000E+00
