    0.000000000000000E+00    0.000000000000000E+00
    0.437500000000000E-01    0.000000000000000E+00
    0.750000000000000E-01    0.000000000000000E+00
    0.937500000000000E-01    0.000000000000000E+00
    0.100000000000000E+00    0.000000000000000E+00
    0.937500000000000E-01    0.000000000000000E+00
    0.750000000000000E-01    0.000000000000000E+00
    0.437500000000000E-01    0.000000000000000E+00
    0.000000000000000E+00    0.000000000000000E+00
    0.000000000000000E+00    0.000000000000000E+00
    0.000000000000000E+00    0.000000000000000E+00
    0.000000000000000E+00    0.000000000000000E+00
    0.000000000000000E+00    0.000000000000000E+00
    0.000000000000000E+00    0.000000000000000E+00
    0.000000000000000E+00    0.000000000000000E+00
    0.000000000000000E+00    0.000000000000000E+00
    0.000000000000000E+00    0.000000000000000E+00
    0.000000000000000E+00    0.000000000000000E+00
    0.000000000000000E+00    0.000000000000000E+00
    0.000000000000000E+00    0.000000000000000E+00
    0.000000000000000E+00    0.000000000000000E+00
    0.000000000000000E+00    0.000000000000000E+00
    0.000000000000000E+00    0.000000000000000E+00
    0.000000000000000E+00    0.000000000000000E+00
    0.000000000000000E+00    0.000000000000000E+00
    0.000000000000000E+00    0.000000000000000E+00
    0.000000000000000E+00    0.000000000000000E+00
    0.000000000000000E+00    0.000000000000000E+00
    0.000000000000000E+00    0.000000000000000E+00
    0.000000000000000E+00    0.000000000000000E+00
    0.000000000000000E+00    0.000000000000000E+00
    0.000000000000000E+00    0.000000000000000E+00
    0.000000000000000E+00    0.000000000000000E+00
    0.000000000000000E+00    0.000000000000000E+00
    0.000000000000000E+00    0.000000000000000E+00
    0.000000000000000E+00    0.000000000000000E+00
    0.000000000000000E+00    0.000000000000000E+00
    0.000000000000000E+00    0.000000000000000E+00
    0.000000000000000E+00    0.000000000000000E+00
    0.000000000000000E+00    0.000000000000000E+00
    0.000000000000000E+00    0.000000000000000E+00
    0.000000000000000E+00    0.000000000000000E+00
    0.429526005159249E-01    0.822055198164022E-03
    0.733648815526091E-01    0.345767056407290E-02
    0.917899076607952E-01    0.682325811303828E-02
    0.979283396044103E-01    0.106970783101680E-01
    0.911243857032367E-01    0.155325943816985E-01
    0.726767885899013E-01    0.179908682678304E-01
    0.428255704401982E-01    0.212149119762267E-01
    0.118770606694157E-01    0.172138427791975E-01
    0.179076880911810E-02    0.494765362806373E-02
    0.307509403498814E-03    0.613722464823801E-03
    0.485948560941150E-04    0.100306282120929E-02
    0.267143811455113E-03    0.306777367332202E-03
    0.192993576990645E-03   -0.427853202377932E-04
    0.847519617001473E-04   -0.311831656542384E-03
    0.619561187064186E-04   -0.530526196233366E-03
    0.777053565514233E-04   -0.736781016302089E-03
    0.855113340940047E-04   -0.904118048507564E-03
    0.877302078142968E-04   -0.109383027767480E-02
    0.851724792408422E-04   -0.127435813886939E-02
    0.771454756158241E-04   -0.144332026717287E-02
    0.669583748320171E-04   -0.159136803889448E-02
    0.520359888805690E-04   -0.171291197750082E-02
    0.344504184627168E-04   -0.180145024195650E-02
    0.136139059677318E-04   -0.185062193474824E-02
   -0.859547786255216E-05   -0.185797267588380E-02
   -0.311805493452848E-04   -0.182047158320232E-02
   -0.535756018014315E-04   -0.173894372537490E-02
   -0.731409357640716E-04   -0.161664589725879E-02
   -0.907875956380540E-04   -0.145677820716430E-02
   -0.102662552801166E-03   -0.126973337922999E-02
   -0.111065705318287E-03   -0.106001270412897E-02
   -0.111679142011614E-03   -0.844522401759150E-03
   -0.107695123305859E-03   -0.627634626369881E-03
   -0.955716188331774E-04   -0.430072271787718E-03
   -0.788122758603098E-04   -0.254787762279362E-03
   -0.564306515512164E-04   -0.122164881517758E-03
   -0.317147095956739E-04   -0.303153887315880E-04
   -0.924978233877159E-05    0.112161771311540E-04
    0.975355259965361E-05    0.975355259965397E-05
    0.000000000000000E+00    0.000000000000000E+00
    0.000000000000000E+00    0.000000000000000E+00
    0.402676737218382E-01    0.169200725046326E-02
    0.691613374709626E-01    0.600342440205226E-02
    0.865371180570927E-01    0.118981704779529E-01
    0.923557126454191E-01    0.182952426714672E-01
    0.864759012008251E-01    0.248045052545801E-01
    0.697524688019741E-01    0.284404021096041E-01
    0.470411745708671E-01    0.287934620671628E-01
    0.232564589589859E-01    0.238924741887804E-01
    0.824691807438896E-02    0.136332304525925E-01
    0.332956327722668E-02    0.725309764589678E-02
    0.179715343213620E-02    0.517742761678812E-02
    0.123937832555345E-02    0.299075197937267E-02
    0.888581109326686E-03    0.137224296109964E-02
    0.609320268238554E-03    0.410845798723611E-03
    0.488236616657929E-03   -0.262543158677277E-03
    0.444422104768742E-03   -0.849682812587054E-03
    0.427762947743651E-03   -0.136291982928149E-02
    0.401679915821460E-03   -0.183067582891159E-02
    0.373585850896446E-03   -0.225754513147772E-02
    0.330692792058454E-03   -0.263026490001237E-02
    0.280179805048542E-03   -0.294973361461960E-02
    0.215633498748565E-03   -0.320521202838548E-02
    0.142311389253570E-03   -0.339092783669433E-02
    0.600369257903840E-04   -0.349776819278066E-02
   -0.267106701542538E-04   -0.352205639476875E-02
   -0.113800725346689E-03   -0.346235166105883E-02
   -0.198322458097895E-03   -0.331951083155878E-02
   -0.273699975718341E-03   -0.310139160284805E-02
   -0.338432967271785E-03   -0.281487784463259E-02
   -0.385597971861640E-03   -0.247644769377965E-02
   -0.414798073947489E-03   -0.209907469157124E-02
   -0.421108174821711E-03   -0.170509996133364E-02
   -0.404709095083157E-03   -0.131210134596013E-02
   -0.365216690146942E-03   -0.943223864529663E-03
   -0.303103617527954E-03   -0.618064524326832E-03
   -0.225606673409798E-03   -0.353741094996107E-03
   -0.134465143638273E-03   -0.165226152310522E-03
   -0.509721943407435E-04   -0.504409881064637E-04
    0.116079574734791E-04   -0.889516104231705E-05
    0.000000000000000E+00    0.000000000000000E+00
    0.000000000000000E+00    0.000000000000000E+00
    0.366825150792776E-01    0.223885822144206E-02
    0.633354555753752E-01    0.752199951826197E-02
    0.795391356376650E-01    0.146664846491406E-01
    0.853251423400950E-01    0.218339051902863E-01
    0.803450728926523E-01    0.289365998883166E-01
    0.668957336108917E-01    0.326196895333426E-01
    0.484527352152316E-01    0.325828673395049E-01
    0.297566645700825E-01    0.286136508209793E-01
    0.166528803476568E-01    0.203679919294943E-01
    0.954366016272683E-02    0.138181368569716E-01
    0.561229247219278E-02    0.982224897400078E-02
    0.341158970895989E-02    0.648757335808073E-02
    0.226854889758807E-02    0.377674397950519E-02
    0.168448015904320E-02    0.194932563469691E-02
    0.136956270404063E-02    0.671477394542114E-03
    0.121414967351768E-02   -0.461372534769234E-03
    0.109342925307534E-02   -0.139882347467783E-02
    0.991560757139867E-03   -0.222196831589229E-02
    0.890720293910848E-03   -0.292991972152879E-02
    0.779796500453111E-03   -0.354439847123554E-02
    0.649760068407610E-03   -0.405235838167551E-02
    0.500175028065133E-03   -0.445953086447640E-02
    0.331962292250953E-03   -0.475218644285352E-02
    0.150354872475087E-03   -0.492903871650425E-02
   -0.392794113822254E-04   -0.498317230042357E-02
   -0.228068446150256E-03   -0.491787471864036E-02
   -0.409198035318740E-03   -0.473470111300368E-02
   -0.572040613080339E-03   -0.444555747312183E-02
   -0.710181147354943E-03   -0.406124226790180E-02
   -0.813582212928858E-03   -0.360313161404476E-02
   -0.877950819751786E-03   -0.308979471404145E-02
   -0.896322785011920E-03   -0.255005468389325E-02
   -0.867931083182853E-03   -0.200682000046864E-02
   -0.791683672392093E-03   -0.149126865361200E-02
   -0.671782752668641E-03   -0.102601810671634E-02
   -0.516916545740820E-03   -0.636278192645036E-03
   -0.339067430635263E-03   -0.337629140300514E-03
   -0.166118603351654E-03   -0.133645418214848E-03
   -0.295824609237973E-04   -0.309074636961476E-04
    0.000000000000000E+00    0.000000000000000E+00
    0.000000000000000E+00    0.000000000000000E+00
    0.325708317196908E-01    0.231687512732917E-02
    0.567287533306905E-01    0.794305574691005E-02
    0.719884217158508E-01    0.154033721802853E-01
    0.778836467917265E-01    0.229478983626863E-01
    0.751079493558350E-01    0.295567921525265E-01
    0.647165946618463E-01    0.333615583161666E-01
    0.504352814474312E-01    0.336341205943180E-01
    0.355277319519848E-01    0.306135544588626E-01
    0.230823958285706E-01    0.249901355294379E-01
    0.151303676797437E-01    0.190496716457897E-01
    0.998474793187513E-02    0.139843214758842E-01
    0.664644879540548E-02    0.982311801611033E-02
    0.471019821367994E-02    0.646062469018226E-02
    0.358855573772627E-02    0.391755637083863E-02
    0.290892410056672E-02    0.200242667731405E-02
    0.248735293659814E-02    0.321557625112389E-03
    0.218130439642299E-02   -0.109548150323874E-02
    0.192728516769175E-02   -0.229699655776662E-02
    0.169476242917155E-02   -0.331362797794278E-02
    0.145720360878495E-02   -0.418092328057720E-02
    0.120139030542641E-02   -0.489532313266007E-02
    0.920477142159642E-03   -0.546183973974562E-02
    0.616938209217345E-03   -0.587361780888330E-02
    0.296002107281354E-03   -0.612979752804997E-02
   -0.330205656613699E-04   -0.622786601304957E-02
   -0.357856740902908E-03   -0.617227438434598E-02
   -0.666588488709859E-03   -0.596876018230139E-02
   -0.943949491027567E-03   -0.563086959727274E-02
   -0.117843705149263E-02   -0.517466760738366E-02
   -0.135591941491670E-02   -0.462340622837662E-02
   -0.146805593146862E-02   -0.400247540386335E-02
   -0.150592362434760E-02   -0.334214139842190E-02
   -0.146679915113076E-02   -0.267356006283385E-02
   -0.135095688535142E-02   -0.202849975206094E-02
   -0.116412697068948E-02   -0.143826900302005E-02
   -0.920194868428161E-03   -0.928377010611030E-03
   -0.639144788579560E-03   -0.521785607110113E-03
   -0.355629281921785E-03   -0.227169265472332E-03
   -0.119979599635228E-03   -0.560752026383832E-04
    0.000000000000000E+00    0.000000000000000E+00
    0.000000000000000E+00    0.000000000000000E+00
    0.282328048244815E-01    0.220384398110628E-02
    0.499785243594558E-01    0.753446884019676E-02
    0.641629556394198E-01    0.148058223166584E-01
    0.706248001122136E-01    0.219986005150846E-01
    0.695701458764648E-01    0.283874114597278E-01
    0.624584192911716E-01    0.322944627762073E-01
    0.516425974885900E-01    0.331961516883173E-01
    0.396827743373016E-01    0.313449232140565E-01
    0.288658628916358E-01    0.271872390477933E-01
    0.204570763911297E-01    0.222019491047288E-01
    0.145301037232796E-01    0.171257982344407E-01
    0.104578919325548E-01    0.127540970751348E-01
    0.784358936046081E-02    0.899349625692199E-02
    0.618583861765991E-02    0.590328050660996E-02
    0.504499275411015E-02    0.343083524193401E-02
    0.425095397339932E-02    0.127941933739923E-02
    0.366617745523427E-02   -0.565007714311508E-03
    0.319634436381787E-02   -0.212809651641697E-02
    0.277387420735656E-02   -0.344517675371069E-02
    0.236225113441086E-02   -0.456685300420878E-02
    0.193317219672718E-02   -0.548526365378024E-02
    0.148059476284305E-02   -0.621547812835587E-02
    0.100248895203520E-02   -0.674916343208598E-02
    0.507580816339566E-03   -0.709393872277105E-02
    0.587918220279215E-05   -0.724575276061899E-02
   -0.485091852538646E-03   -0.721532094233212E-02
   -0.949076974276129E-03   -0.700843032055667E-02
   -0.136565340686230E-02   -0.664328439739989E-02
   -0.171776953884667E-02   -0.613752850191333E-02
   -0.198732108111829E-02   -0.551823301531545E-02
   -0.216134084463797E-02   -0.481336167140704E-02
   -0.222887713840271E-02   -0.405683263245407E-02
   -0.218540651768086E-02   -0.328278310070385E-02
   -0.203182243497112E-02   -0.252690725775160E-02
   -0.177619009463865E-02   -0.182391014742700E-02
   -0.143658953451235E-02   -0.120358102872857E-02
   -0.103908981621085E-02   -0.694902676829932E-03
   -0.627036991059075E-03   -0.312386385046687E-03
   -0.254685351275570E-03   -0.799871602727248E-04
    0.000000000000000E+00    0.000000000000000E+00
    0.000000000000000E+00    0.000000000000000E+00
    0.244096206770838E-01    0.194820031051442E-02
    0.437029092505164E-01    0.683887093663368E-02
    0.570362863405656E-01    0.134355982183216E-01
    0.637804319573045E-01    0.201960430659515E-01
    0.644421249073983E-01    0.261318352134158E-01
    0.598265513334776E-01    0.300797055004246E-01
    0.518170173304234E-01    0.316118634115464E-01
    0.423922600091503E-01    0.306649629780786E-01
    0.330939956022169E-01    0.277185348168289E-01
    0.252033650756673E-01    0.236923419977446E-01
    0.190538217953775E-01    0.191566793221690E-01
    0.145420238603906E-01    0.149110702078031E-01
    0.113437281636256E-01    0.110913459717222E-01
    0.915197351084088E-02    0.769643214520277E-02
    0.758055208431977E-02    0.479883014225435E-02
    0.641283032626267E-02    0.227039940498759E-02
    0.551900427037586E-02    0.886769587791427E-04
    0.478222931270290E-02   -0.178269707638728E-02
    0.412266215610459E-02   -0.336901323594076E-02
    0.348790307051921E-02   -0.472062977973775E-02
    0.284570956661170E-02   -0.583282060368240E-02
    0.218182830147718E-02   -0.671779002354241E-02
    0.149485963076613E-02   -0.737352569093278E-02
    0.792730715058451E-03   -0.780839239136073E-02
    0.891771393010979E-04   -0.802332754268316E-02
   -0.595048412313104E-03   -0.802897602676045E-02
   -0.123871726682829E-02   -0.783559236519054E-02
   -0.181600821671138E-02   -0.746157125798363E-02
   -0.230539254405131E-02   -0.692841975648346E-02
   -0.268308104179559E-02   -0.626369713243517E-02
   -0.293342072783672E-02   -0.549895438189872E-02
   -0.304115205679504E-02   -0.466898840934409E-02
   -0.300195339863284E-02   -0.381160106859715E-02
   -0.281491110959474E-02   -0.296428061057624E-02
   -0.249224583897676E-02   -0.216562794707589E-02
   -0.205258009626824E-02   -0.144972108615347E-02
   -0.153089406381105E-02   -0.849861777749074E-03
   -0.970401484671369E-03   -0.390721267654661E-03
   -0.436415064933612E-03   -0.101126441816935E-03
    0.000000000000000E+00    0.000000000000000E+00
    0.000000000000000E+00    0.000000000000000E+00
    0.209360379224013E-01    0.166546916672250E-02
    0.381186112029719E-01    0.589488769155441E-02
    0.504539181797489E-01    0.117915173775501E-01
    0.575559302551510E-01    0.178720941072009E-01
    0.594617178554369E-01    0.234211639258290E-01
    0.569666385023277E-01    0.273438890338025E-01
    0.512681614623882E-01    0.293002659775466E-01
    0.438862931767245E-01    0.291658640719842E-01
    0.361770698201629E-01    0.271583763844490E-01
    0.290957437782750E-01    0.240316327471333E-01
    0.232303811557163E-01    0.201697287455255E-01
    0.185955035211488E-01    0.162672091473284E-01
    0.150554803466405E-01    0.125414182505886E-01
    0.124028966207250E-01    0.908511578016288E-02
    0.104090616025363E-01    0.596889354118166E-02
    0.887522461609483E-02    0.321433460294948E-02
    0.765863379046753E-02    0.789041486992045E-03
    0.663432193252357E-02   -0.132085859965082E-02
    0.570328700813686E-02   -0.312855916757609E-02
    0.481176371936197E-02   -0.467332973226896E-02
    0.392134084762415E-02   -0.595236401831465E-02
    0.301629540688657E-02   -0.697719840401205E-02
    0.209104328521924E-02   -0.774569022761177E-02
    0.115595516653970E-02   -0.827055346886873E-02
    0.225881160142596E-03   -0.855169280798690E-02
   -0.673897500228272E-03   -0.860389676073368E-02
   -0.151760177370211E-02   -0.843692955878859E-02
   -0.227489572220044E-02   -0.807218725855426E-02
   -0.291822375598774E-02   -0.753138754414209E-02
   -0.342050798096063E-02   -0.684373958426504E-02
   -0.376037260827587E-02   -0.604200429347453E-02
   -0.392141176046502E-02   -0.516181218477421E-02
   -0.389547170076936E-02   -0.424345491460393E-02
   -0.368327863953908E-02   -0.332531042932139E-02
   -0.329583737244368E-02   -0.245047450081915E-02
   -0.275655778171459E-02   -0.165499956695334E-02
   -0.210056861231592E-02   -0.980073300500212E-03
   -0.137828580403121E-02   -0.454733008359081E-03
   -0.652307398918174E-03   -0.119431083987705E-03
    0.000000000000000E+00    0.000000000000000E+00
    0.000000000000000E+00    0.000000000000000E+00
    0.180457861187522E-01    0.140496459783342E-02
    0.332280740261173E-01    0.504707018988288E-02
    0.447086304400544E-01    0.101148948746228E-01
    0.518582755979399E-01    0.155335206249287E-01
    0.548098291944820E-01    0.205548815539404E-01
    0.539288974952522E-01    0.243491713745957E-01
    0.501835314279052E-01    0.265546528269747E-01
    0.446555533157324E-01    0.269995843636885E-01
    0.383896814481113E-01    0.258275735370183E-01
    0.322975178107036E-01    0.235013751588335E-01
    0.268346000372056E-01    0.203779090341758E-01
    0.222977079442268E-01    0.169325914127226E-01
    0.186084872744276E-01    0.134342926612230E-01
    0.156849698908503E-01    0.100580778769350E-01
    0.133787614227071E-01    0.690477257283208E-02
    0.115274201014655E-01    0.404495861174991E-02
    0.999736556676882E-02    0.149003253169164E-02
    0.867456057437846E-02   -0.777573723753453E-03
    0.746027507856817E-02   -0.274634419863258E-02
    0.629344823676159E-02   -0.443909856704357E-02
    0.513533486392550E-02   -0.585088058961206E-02
    0.396678692296638E-02   -0.699174911457922E-02
    0.278303244852003E-02   -0.786035177520857E-02
    0.159474043463842E-02   -0.846810942634118E-02
    0.419950204917296E-03   -0.881778603010944E-02
   -0.712402730863740E-03   -0.892260008894219E-02
   -0.177266418178958E-02   -0.879509460689630E-02
   -0.272445821409623E-02   -0.845553725824051E-02
   -0.353707338861497E-02   -0.792734659991995E-02
   -0.417651714589685E-02   -0.723905546692419E-02
   -0.462006506673298E-02   -0.642422417797829E-02
   -0.484491164407075E-02   -0.551882101733409E-02
   -0.484415912590485E-02   -0.456362653296228E-02
   -0.461357889492826E-02   -0.359921023651067E-02
   -0.416850256861994E-02   -0.266962407863456E-02
   -0.352868025814617E-02   -0.181624935934391E-02
   -0.273624642439610E-02   -0.108242479788089E-02
   -0.183750050109293E-02   -0.506884888405278E-03
   -0.902023376985195E-03   -0.133281448421914E-03
    0.000000000000000E+00    0.000000000000000E+00
    0.000000000000000E+00    0.000000000000000E+00
    0.155856505873957E-01    0.115554619418495E-02
    0.290958673575117E-01    0.419755428759494E-02
    0.396565289973491E-01    0.855013973740177E-02
    0.468254077832523E-01    0.132733475879049E-01
    0.504615497841759E-01    0.178086654662772E-01
    0.508929824946728E-01    0.213993479775130E-01
    0.487169295208210E-01    0.237344364025945E-01
    0.447686343356527E-01    0.246058706637407E-01
    0.398817716072650E-01    0.240617553445324E-01
    0.347603727036298E-01    0.224173747348450E-01
    0.299128496461959E-01    0.199338011539545E-01
    0.256047070017147E-01    0.169936930489509E-01
    0.219403222676690E-01    0.138266411177891E-01
    0.188838214835231E-01    0.106630148747931E-01
    0.163676315455940E-01    0.760157484306143E-02
    0.142648313030400E-01    0.475530744016324E-02
    0.124579065460445E-01    0.215666894900793E-02
    0.108469493882125E-01   -0.181783490225401E-03
    0.934636146772494E-02   -0.224479785464060E-02
    0.789748905778891E-02   -0.403111105181320E-02
    0.646071596527531E-02   -0.553685031187843E-02
    0.501751442655097E-02   -0.676631428429909E-02
    0.356227836000865E-02   -0.771662890779153E-02
    0.210859149320160E-02   -0.839858889086652E-02
    0.677088013946903E-03   -0.881389928853610E-02
   -0.699716850692035E-03   -0.897672482730223E-02
   -0.198725412073599E-02   -0.889839972639371E-02
   -0.314574389203789E-02   -0.859962999099839E-02
   -0.413793801718402E-02   -0.810302769165059E-02
   -0.492755842946989E-02   -0.743622170809543E-02
   -0.548498923935728E-02   -0.663299124474428E-02
   -0.578694344714950E-02   -0.572746366062823E-02
   -0.582042590202382E-02   -0.476224393453148E-02
   -0.558292158214069E-02   -0.377617368430807E-02
   -0.508494686708882E-02   -0.281743944711074E-02
   -0.435018186868677E-02   -0.192711077746925E-02
   -0.341652616535844E-02   -0.115553838041747E-02
   -0.233557312397195E-02   -0.543519306900362E-03
   -0.117166632398329E-02   -0.144240247926095E-03
    0.000000000000000E+00    0.000000000000000E+00
    0.000000000000000E+00    0.000000000000000E+00
    0.135676746095886E-01    0.958106578907545E-03
    0.255775073152975E-01    0.351197196626539E-02
    0.353545459072244E-01    0.717070267313448E-02
    0.423624800378062E-01    0.112663403651009E-01
    0.465247348514069E-01    0.152738640544649E-01
    0.479247762873753E-01    0.186082185847323E-01
    0.470318060220266E-01    0.209590222906210E-01
    0.444272464496808E-01    0.221053225231017E-01
    0.407402653090255E-01    0.220565155530363E-01
    0.365947518048172E-01    0.209769405325325E-01
    0.323963299089509E-01    0.190712474976984E-01
    0.284761844453209E-01    0.166307953704703E-01
    0.249597967109303E-01    0.138581024835784E-01
    0.218991269587933E-01    0.109778668631489E-01
    0.192551726849347E-01    0.811165151891378E-02
    0.169633296253663E-01    0.536738169137769E-02
    0.149242102939822E-01    0.281047747106774E-02
    0.130578233208201E-01    0.471906689453691E-03
    0.112906533386855E-01   -0.161785901451472E-02
    0.956882146957582E-02   -0.344752686671396E-02
    0.785642614240818E-02   -0.500520446857879E-02
    0.613724853505855E-02   -0.629299282064930E-02
    0.440854937415056E-02   -0.730523151959018E-02
    0.268611712989161E-02   -0.804906594923664E-02
    0.993695277459681E-03   -0.852686861645396E-02
   -0.631714349034939E-03   -0.875018512151819E-02
   -0.215275025545449E-02   -0.873091179511492E-02
   -0.352308207594443E-02   -0.848735991273943E-02
   -0.470359137417337E-02   -0.804158841242828E-02
   -0.565016281238831E-02   -0.741940726993481E-02
   -0.633282269608672E-02   -0.665283241628031E-02
   -0.672012977454012E-02   -0.577539990458398E-02
   -0.680058993623019E-02   -0.482739492683845E-02
   -0.656399791386810E-02   -0.384906507552300E-02
   -0.602430173239772E-02   -0.288676910774669E-02
   -0.519813198362644E-02   -0.198582836055589E-02
   -0.412827763457736E-02   -0.119622272563800E-02
   -0.285942716160465E-02   -0.566244958387106E-03
   -0.146079281182752E-02   -0.150221134456908E-03
    0.000000000000000E+00    0.000000000000000E+00
    0.000000000000000E+00    0.000000000000000E+00
    0.118941412453211E-01    0.778988149111119E-03
    0.226631186461550E-01    0.288969860893426E-02
    0.316676608277239E-01    0.598202050535781E-02
    0.385072278132927E-01    0.949742108394470E-02
    0.429713229589691E-01    0.130378490793400E-01
    0.451297108033663E-01    0.160897377192513E-01
    0.452413107266872E-01    0.183893598486467E-01
    0.437454318391023E-01    0.197068211885290E-01
    0.411258799534158E-01    0.200095770977138E-01
    0.378639340919224E-01    0.193871841901173E-01
    0.343567048500415E-01    0.179755791561326E-01
    0.308835518547440E-01    0.160042077580445E-01
    0.276278400364711E-01    0.136405833412099E-01
    0.246559081690386E-01    0.110890480129226E-01
    0.219806906763561E-01    0.847209055806678E-02
    0.195623499457876E-01    0.590581342186988E-02
    0.173423521608825E-01    0.346102096281935E-02
    0.152566903608707E-01    0.119346406709449E-02
    0.132484748657721E-01   -0.864020732909356E-03
    0.112720970745845E-01   -0.268590747754891E-02
    0.929587061803385E-02   -0.425648504108616E-02
    0.730884065997926E-02   -0.557166187608481E-02
    0.531180116784852E-02   -0.662343833532677E-02
    0.332438641040774E-02   -0.741609584421619E-02
    0.137399821063016E-02   -0.795004289339353E-02
   -0.499237603074687E-03   -0.823582428117635E-02
   -0.225276532831469E-02   -0.828310630042512E-02
   -0.383780240060725E-02   -0.810851381467955E-02
   -0.520841087908539E-02   -0.773227762435756E-02
   -0.631910349872288E-02   -0.717703520190017E-02
   -0.713214136176715E-02   -0.647384117225455E-02
   -0.761598628033581E-02   -0.565189967826804E-02
   -0.775115484391752E-02   -0.475193355268004E-02
   -0.752869127603668E-02   -0.380982662924348E-02
   -0.695482113628338E-02   -0.287427910485758E-02
   -0.604865928643147E-02   -0.198766522674762E-02
   -0.484555840377801E-02   -0.120456047537873E-02
   -0.339348647127356E-02   -0.572696836385496E-03
   -0.175448369569867E-02   -0.153384982817429E-03
    0.000000000000000E+00    0.000000000000000E+00
    0.000000000000000E+00    0.000000000000000E+00
    0.105187378416178E-01    0.645675451628476E-03
    0.202041842344248E-01    0.240717444411635E-02
    0.285504375002783E-01    0.499583555323287E-02
    0.351373457664186E-01    0.801154604065834E-02
    0.398054873178536E-01    0.111033696619848E-01
    0.425009972546460E-01    0.138684308878142E-01
    0.434186073302335E-01    0.160600604866109E-01
    0.428425112191343E-01    0.174643050255348E-01
    0.411404977523358E-01    0.180240800435764E-01
    0.387056376906025E-01    0.177685084599925E-01
    0.358546203252592E-01    0.167893915678827E-01
    0.328717418536715E-01    0.152520598990404E-01
    0.299162914708229E-01    0.132977885032202E-01
    0.271047887266489E-01    0.110966102642610E-01
    0.244594867302468E-01    0.876918499107491E-02
    0.219819310255045E-01    0.642968694717368E-02
    0.196336373750574E-01    0.415589674026287E-02
    0.173734220078415E-01    0.201203475933381E-02
    0.151574115988451E-01    0.404692536149835E-04
    0.129522847263192E-01   -0.172982095101582E-02
    0.107338534315604E-01   -0.327603964054953E-02
    0.849661446921947E-02   -0.458939281589009E-02
    0.624655136100652E-02   -0.565964514955813E-02
    0.400721004151626E-02   -0.648706072515911E-02
    0.180930768896027E-02   -0.707147995329415E-02
   -0.302097861710588E-03   -0.742007067105346E-02
   -0.228237714018609E-02   -0.754155228803922E-02
   -0.407623140223900E-02   -0.744912745031808E-02
   -0.563682513915690E-02   -0.716070696829259E-02
   -0.691062124876969E-02   -0.669600843135154E-02
   -0.786011828555150E-02   -0.608212381342801E-02
   -0.844473977440023E-02   -0.534627051026050E-02
   -0.864622658136314E-02   -0.452423382411674E-02
   -0.844620248770968E-02   -0.365143798462031E-02
   -0.785289027543485E-02   -0.277186011802236E-02
   -0.687599295123731E-02   -0.192957163048172E-02
   -0.555336088528660E-02   -0.117593294190096E-02
   -0.392376174262589E-02   -0.562987263916687E-03
   -0.205185041127733E-02   -0.150929028053312E-03
    0.000000000000000E+00    0.000000000000000E+00
    0.000000000000000E+00    0.000000000000000E+00
    0.938499603297774E-02    0.527416156415683E-03
    0.181709590640207E-01    0.198906498947388E-02
    0.259007955538171E-01    0.417542363594735E-02
    0.322467953301006E-01    0.675893403923755E-02
    0.369935812976004E-01    0.946864628422135E-02
    0.400920314722585E-01    0.119630566771978E-01
    0.416237204447112E-01    0.140308195113872E-01
    0.417954900835620E-01    0.154722642298381E-01
    0.408768555940035E-01    0.162136093395931E-01
    0.391670984636454E-01    0.162499878658033E-01
    0.369455008120044E-01    0.156351916179630E-01
    0.344425374085530E-01    0.144873810981243E-01
    0.318323787632772E-01    0.129200957405296E-01
    0.292213070291698E-01    0.110740731672100E-01
    0.266674949879179E-01    0.905871272018171E-02
    0.241834339495268E-01    0.698292135802685E-02
    0.217594656167342E-01    0.492370037193969E-02
    0.193691444047308E-01    0.294909163713724E-02
    0.169840261580729E-01    0.110579140721160E-02
    0.145822330370003E-01   -0.573088029883936E-03
    0.121487112073074E-01   -0.206069570200108E-02
    0.968546729244933E-02   -0.334465754872780E-02
    0.720358553029340E-02   -0.441163089878553E-02
    0.473135814085049E-02   -0.526040893601149E-02
    0.230344607552926E-02   -0.588753704115585E-02
   -0.320656677486688E-04   -0.629900017526219E-02
   -0.222557864224049E-02   -0.650032496585164E-02
   -0.422013700489777E-02   -0.650208394129060E-02
   -0.596248511468835E-02   -0.631929594703194E-02
   -0.739851601150788E-02   -0.596703902588935E-02
   -0.848289480451260E-02   -0.547000621593207E-02
   -0.917521987532380E-02   -0.484906171222406E-02
   -0.944834787711312E-02   -0.413834438089269E-02
   -0.928447223741847E-02   -0.336641492786751E-02
   -0.868232898442668E-02   -0.257661071115895E-02
   -0.765226861675314E-02   -0.180726492420145E-02
   -0.622240371716347E-02   -0.111062868123520E-02
   -0.443213390276404E-02   -0.535453222702798E-03
   -0.233672533083836E-02   -0.145359359279945E-03
    0.000000000000000E+00    0.000000000000000E+00
    0.000000000000000E+00    0.000000000000000E+00
    0.844106285570335E-02    0.442186957264811E-03
    0.164479483134740E-01    0.167148707675800E-02
    0.236487762210831E-01    0.351752554440128E-02
    0.297239811222010E-01    0.574174316866790E-02
    0.344991030737288E-01    0.811257508832258E-02
    0.378667473661676E-01    0.103596578754836E-01
    0.398799556356752E-01    0.122946028869212E-01
    0.406560919963932E-01    0.137389816168926E-01
    0.403943413001506E-01    0.146138732612270E-01
    0.393279453677974E-01    0.148871676925012E-01
    0.376723239166422E-01    0.145881214962641E-01
    0.356404911308864E-01    0.137944428258780E-01
    0.333762774427963E-01    0.125938230290389E-01
    0.310017090393545E-01    0.111014418172157E-01
    0.285742455938110E-01    0.941096234916571E-02
    0.261309193365635E-01    0.762299596388128E-02
    0.236729603119089E-01    0.581013443157039E-02
    0.211944317912739E-01    0.403949699482086E-02
    0.186787463374463E-01    0.235880427300875E-02
    0.161161059054947E-01    0.804472757990351E-03
    0.135013416342008E-01   -0.595878273159048E-03
    0.108427340464543E-01   -0.182542857217589E-02
    0.815785115005767E-02   -0.287088509285041E-02
    0.547926016930373E-02   -0.372726139423046E-02
    0.284533552916598E-02   -0.439103361668360E-02
    0.308419162087681E-03   -0.486420544145089E-02
   -0.208015976910593E-02   -0.515115211194202E-02
   -0.425798872609899E-02   -0.525845963024651E-02
   -0.617154521259408E-02   -0.519789488785688E-02
   -0.775966276549222E-02   -0.498071363130883E-02
   -0.897758023602623E-02   -0.462603511950866E-02
   -0.977637328647471E-02   -0.415118366846567E-02
   -0.101296490672064E-01   -0.358302879530876E-02
   -0.100099609889916E-01   -0.294717896529148E-02
   -0.941634940863501E-02   -0.227927183197556E-02
   -0.834870462681477E-02   -0.161577966861602E-02
   -0.683472863571735E-02   -0.100250623759521E-02
   -0.490276565805301E-02   -0.488384360301258E-03
   -0.260725960433872E-02   -0.133096895179083E-03
    0.000000000000000E+00    0.000000000000000E+00
    0.000000000000000E+00    0.000000000000000E+00
    0.765571040416892E-02    0.367502292921390E-03
    0.150057652979096E-01    0.140445555903860E-02
    0.217215639725898E-01    0.298378689873319E-02
    0.275445891652831E-01    0.491196825540728E-02
    0.322818336818663E-01    0.700601031673175E-02
    0.358379455421058E-01    0.904203829115316E-02
    0.382065218951682E-01    0.108570436576522E-01
    0.394640184820513E-01    0.122942891976248E-01
    0.397467293306670E-01    0.132697239008184E-01
    0.392260641784182E-01    0.137407260480866E-01
    0.380823061593194E-01    0.137136223458873E-01
    0.364817991019914E-01    0.132388908918743E-01
    0.345657983175864E-01    0.123815692513151E-01
    0.324376915691671E-01    0.112316679118941E-01
    0.301701040778493E-01    0.987039539549676E-02
    0.278020231893128E-01    0.838261756928665E-02
    0.253524957525968E-01    0.683826946110234E-02
    0.228258235501467E-01    0.529668033834080E-02
    0.202196425493104E-01    0.380765629258659E-02
    0.175348569984894E-01    0.240452757038855E-02
    0.147749400654585E-01    0.111847082841305E-02
    0.119564531541411E-01   -0.357300621026398E-04
    0.910150329455647E-02   -0.104059142309291E-02
    0.624807458641186E-02   -0.189280319038994E-02
    0.343788517246426E-02   -0.258466361220726E-02
    0.726175332675462E-03   -0.311835018708246E-02
   -0.183202396911697E-02   -0.349427230111381E-02
   -0.417332929441551E-02   -0.371684772664078E-02
   -0.623924250351671E-02   -0.379399246805280E-02
   -0.796882998777265E-02   -0.373192404511821E-02
   -0.931066632231062E-02   -0.354591818014369E-02
   -0.102164422690964E-01   -0.324567287742448E-02
   -0.106514603098140E-01   -0.285399957232999E-02
   -0.105883373715574E-01   -0.238751807879118E-02
   -0.100163921608015E-01   -0.187744490558731E-02
   -0.893419444890050E-02   -0.135173924848792E-02
   -0.735847378442881E-02   -0.852128573058145E-03
   -0.531471021450035E-02   -0.421406247505156E-03
   -0.284556977656520E-02   -0.117247266447286E-03
    0.000000000000000E+00    0.000000000000000E+00
    0.000000000000000E+00    0.000000000000000E+00
    0.698660056160687E-02    0.315324204590759E-03
    0.137627086365531E-01    0.120616966683409E-02
    0.200538090037967E-01    0.256927162727892E-02
    0.256172402483108E-01    0.426040269256010E-02
    0.302906716398955E-01    0.612542724557347E-02
    0.339541041278213E-01    0.798404159520180E-02
    0.365898221956667E-01    0.969570099213750E-02
    0.382249140959380E-01    0.111212083062148E-01
    0.389536057875239E-01    0.121814490501251E-01
    0.389017462039751E-01    0.128228894727468E-01
    0.382040041820369E-01    0.130397105405541E-01
    0.370044616484718E-01    0.128588827419138E-01
    0.354154012170279E-01    0.123259657218994E-01
    0.335413788734230E-01    0.115107549686260E-01
    0.314460984070370E-01    0.104774085199654E-01
    0.291815482833435E-01    0.929996550641285E-02
    0.267712669009351E-01    0.803697801363535E-02
    0.242330696717441E-01    0.674537530117293E-02
    0.215745835218721E-01    0.546772536792225E-02
    0.188059905985637E-01    0.423954159390392E-02
    0.159403886884669E-01    0.308713720264746E-02
    0.129996638219261E-01    0.202872041088130E-02
    0.100128983364239E-01    0.107835369612608E-02
    0.702099234424021E-02    0.243308125809782E-03
    0.406981975092114E-02   -0.470757951741073E-03
    0.121693817340069E-02   -0.106188737094001E-02
   -0.148094099729023E-02   -0.153031914064736E-02
   -0.395734540522154E-02   -0.187635258488517E-02
   -0.615383850447902E-02   -0.210474166103785E-02
   -0.800494934435282E-02   -0.221735700772279E-02
   -0.946008294223366E-02   -0.222310535524242E-02
   -0.104647228240306E-01   -0.212682688941486E-02
   -0.109845835822391E-01   -0.194223948308974E-02
   -0.109844200703715E-01   -0.168038563057219E-02
   -0.104522489232409E-01   -0.136188877504816E-02
   -0.937698931996523E-02   -0.100863798957394E-02
   -0.777159715044473E-02   -0.652273403183371E-03
   -0.564967516320463E-02   -0.330471155781231E-03
   -0.304801197984533E-02   -0.932960976951791E-04
    0.000000000000000E+00    0.000000000000000E+00
    0.000000000000000E+00    0.000000000000000E+00
    0.641614678388336E-02    0.270403357161982E-03
    0.126944753916150E-01    0.104491451881032E-02
    0.185946704625798E-01    0.224355312658980E-02
    0.239139852746438E-01    0.374936842451710E-02
    0.284877155988447E-01    0.543701277883332E-02
    0.322085750034044E-01    0.715886578084215E-02
    0.350288389238098E-01    0.879140287953684E-02
    0.369547370994226E-01    0.102165685215241E-01
    0.380422780129513E-01    0.113542109886083E-01
    0.383777831743234E-01    0.121520631420492E-01
    0.380685019843258E-01    0.125902705926457E-01
    0.372223888451821E-01    0.126816397674729E-01
    0.359424252982259E-01    0.124551775360832E-01
    0.343131630970956E-01    0.119611796346579E-01
    0.324031283740494E-01    0.112523531261715E-01
    0.302603876136536E-01    0.103855120477436E-01
    0.279191412670765E-01    0.941456370166546E-02
    0.254029155848443E-01    0.838382289798057E-02
    0.227290313558172E-01    0.733635775035279E-02
    0.199165537037003E-01    0.629849181647265E-02
    0.169846294523519E-01    0.529994075248727E-02
    0.139631797551464E-01    0.435183505078873E-02
    0.108843574649543E-01    0.347269594753147E-02
    0.779458093771768E-02    0.266473387954872E-02
    0.474120793476525E-02    0.193817952538549E-02
    0.178455059752816E-02    0.129234207116104E-02
   -0.101735931487473E-02    0.731459985992661E-03
   -0.359763788777278E-02    0.255759167208038E-03
   -0.589549877594755E-02   -0.135037421464055E-03
   -0.784661701873460E-02   -0.438500002922481E-03
   -0.939638489831845E-02   -0.658556826452230E-03
   -0.104917959354330E-01   -0.792097077164350E-03
   -0.110926420889474E-01   -0.846515461652396E-03
   -0.111639026596476E-01   -0.822333684516712E-03
   -0.106856187234464E-01   -0.731638381374299E-03
   -0.964383098989966E-02   -0.585190067888428E-03
   -0.804096267277173E-02   -0.404376194934317E-03
   -0.588369550633850E-02   -0.217693842368517E-03
   -0.319528185584771E-02   -0.652187454462997E-04
    0.000000000000000E+00    0.000000000000000E+00
    0.000000000000000E+00    0.000000000000000E+00
    0.591269560381727E-02    0.240616047941492E-03
    0.117449088192913E-01    0.929937867547145E-03
    0.172910695554166E-01    0.200215785514130E-02
    0.223645434681719E-01    0.336735546968197E-02
    0.268228538719672E-01    0.491997580030318E-02
    0.305499062800174E-01    0.653836122214516E-02
    0.334950520501030E-01    0.811740201321305E-02
    0.356378227792128E-01    0.955161868622758E-02
    0.370097062866542E-01    0.107692840473636E-01
    0.376675537293019E-01    0.117138627096691E-01
    0.376870626897122E-01    0.123613650572113E-01
    0.371572173950079E-01    0.127101475169863E-01
    0.361566497370774E-01    0.127763995617084E-01
    0.347651517090646E-01    0.125955374646125E-01
    0.330403835366009E-01    0.122046740927977E-01
    0.310351571619022E-01    0.116513522918895E-01
    0.287845312922789E-01    0.109751380690190E-01
    0.263195514970815E-01    0.102173187623032E-01
    0.236646512661721E-01    0.940928204682498E-02
    0.208448050681854E-01    0.857846023283197E-02
    0.178876682264439E-01    0.774534132966633E-02
    0.148259968843413E-01    0.692431747172520E-02
    0.116990873960916E-01    0.612673868704206E-02
    0.855372415038483E-02    0.535883657874697E-02
    0.544185977291417E-02    0.462601116598048E-02
    0.242309455342324E-02    0.393155751856700E-02
   -0.442582658536521E-03    0.327794268897828E-02
   -0.308884197612032E-02    0.266933758305949E-02
   -0.545502914652599E-02    0.210745862760734E-02
   -0.747635068590068E-02    0.159909294099854E-02
   -0.909939484177865E-02    0.114649293705705E-02
   -0.102692023264416E-01    0.758389808055011E-03
   -0.109461794654777E-01    0.437560828588803E-03
   -0.110915761692949E-01    0.191351325363389E-03
   -0.106832070686151E-01    0.208697307702300E-04
   -0.970081434996984E-02   -0.740736485748200E-04
   -0.813979342137462E-02   -0.100777264196453E-03
   -0.599620246804154E-02   -0.760021437589384E-04
   -0.328099212424289E-02   -0.274988227264081E-04
    0.000000000000000E+00    0.000000000000000E+00
    0.000000000000000E+00    0.000000000000000E+00
    0.546618566548635E-02    0.215796604968044E-03
    0.108953882721912E-01    0.841231248685906E-03
    0.161082160513364E-01    0.182261401840017E-02
    0.209441995141422E-01    0.308634060325057E-02
    0.252647112011128E-01    0.454358718289547E-02
    0.289647025758666E-01    0.609461728780698E-02
    0.319789282777685E-01    0.764533346506978E-02
    0.342770590645499E-01    0.910730599698576E-02
    0.358677152635598E-01    0.104093223053085E-01
    0.367833482625746E-01    0.115000053546475E-01
    0.370800117466943E-01    0.123468943737725E-01
    0.368206613345184E-01    0.129415366984434E-01
    0.360740961268661E-01    0.132883278618383E-01
    0.349026264378642E-01    0.134088045451522E-01
    0.333636640641466E-01    0.133304525641225E-01
    0.315040388326138E-01    0.130851499358353E-01
    0.293636667063063E-01    0.127076546386686E-01
    0.269763870990584E-01    0.122247413440266E-01
    0.243719453083039E-01    0.116676223242350E-01
    0.215822750409597E-01    0.110512400937559E-01
    0.186382481558815E-01    0.103989240941084E-01
    0.155799555425027E-01    0.971467339912288E-02
    0.124472689212513E-01    0.901409207706760E-02
    0.929251247166419E-02    0.829517118568493E-02
    0.616631432666524E-02    0.756796966838731E-02
    0.313113051820254E-02    0.683020359541114E-02
    0.245011722596056E-03    0.608894879713449E-02
   -0.242562943696027E-02    0.534636588140850E-02
   -0.482154901891274E-02    0.460885769545925E-02
   -0.688011752521639E-02    0.388561392390008E-02
   -0.854803894368215E-02    0.318447944545805E-02
   -0.977346153110340E-02    0.252136163662674E-02
   -0.105151752321262E-01    0.190705212355697E-02
   -0.107360963027812E-01    0.136018051257907E-02
   -0.104102068029157E-01    0.894321355554210E-03
   -0.951412780434751E-02    0.522772570746620E-03
   -0.803569061839863E-02    0.255619051304888E-03
   -0.596028819028453E-02    0.885878985691782E-04
   -0.328541654845499E-02    0.147953962628142E-04
    0.000000000000000E+00    0.000000000000000E+00
    0.000000000000000E+00    0.000000000000000E+00
    0.505399341551546E-02    0.200922424090132E-03
    0.101083573559399E-01    0.782899135234017E-03
    0.150064896110598E-01    0.170040328817869E-02
    0.196018558989970E-01    0.289440331441230E-02
    0.237718243530002E-01    0.428914219687912E-02
    0.274093882699496E-01    0.580009311180795E-02
    0.304503548426788E-01    0.734686666464186E-02
    0.328499705471090E-01    0.884938584358574E-02
    0.346033427814409E-01    0.102447014532060E-01
    0.357241705232389E-01    0.114798622130972E-01
    0.362480653445849E-01    0.125219495441868E-01
    0.362232745990282E-01    0.133537112193120E-01
    0.357006117470905E-01    0.139711795910680E-01
    0.347357172954440E-01    0.143855269844126E-01
    0.333762672038579E-01    0.146112599931459E-01
    0.316692276682738E-01    0.146728473455801E-01
    0.296536181717078E-01    0.145907653423630E-01
    0.273662911026045E-01    0.143889244578716E-01
    0.248421451648512E-01    0.140849244541348E-01
    0.221153931508937E-01    0.136947205249634E-01
    0.192245195900593E-01    0.132295017117834E-01
    0.162094080281463E-01    0.126965269833172E-01
    0.131171672099422E-01    0.121011729891350E-01
    0.999738872692704E-02    0.114453976119590E-01
    0.690595243161982E-02    0.107315033963945E-01
    0.390087793168897E-02    0.996102107245309E-02
    0.104284693579133E-02    0.913654397715477E-02
   -0.160681126803917E-02    0.826375658941417E-02
   -0.398883368807508E-02    0.734881974986417E-02
   -0.604543225129893E-02    0.640477626719352E-02
   -0.772515840494528E-02    0.544431107487250E-02
   -0.898024949864543E-02    0.448897822682554E-02
   -0.977132081372195E-02    0.355984244352308E-02
   -0.100641912077650E-01    0.268496311641670E-02
   -0.983122224391465E-02    0.189322294029722E-02
   -0.904929698000837E-02    0.121287246859503E-02
   -0.769715045871679E-02    0.672368676921865E-03
   -0.575415783928884E-02    0.287042406574340E-03
   -0.319854685152358E-02    0.681966768689200E-04
    0.000000000000000E+00    0.000000000000000E+00
    0.000000000000000E+00    0.000000000000000E+00
    0.467045060653116E-02    0.189343691889574E-03
    0.937040200565671E-02    0.742254122146419E-03
    0.139629736870938E-01    0.161916489377495E-02
    0.183189237175568E-01    0.277057190988004E-02
    0.223211025432855E-01    0.413044750780856E-02
    0.258715887321619E-01    0.562836549544285E-02
    0.288992168374602E-01    0.719118415239926E-02
    0.313555935154651E-01    0.875100150396289E-02
    0.332219782041615E-01    0.102461469842640E-01
    0.344980419041579E-01    0.116287630076161E-01
    0.352056254211577E-01    0.128612079876818E-01
    0.353758237885883E-01    0.139227242218198E-01
    0.350506221045583E-01    0.148015674239617E-01
    0.342726027210418E-01    0.154987647601936E-01
    0.330865547465425E-01    0.160216999985284E-01
    0.315339730067040E-01    0.163813292356916E-01
    0.296548295622636E-01    0.165940901162369E-01
    0.274875221538190E-01    0.166696803531009E-01
    0.250686504684440E-01    0.166252451257955E-01
    0.224382098947402E-01    0.164632595323400E-01
    0.196348013314487E-01    0.161972160843827E-01
    0.167053095678693E-01    0.158221604286075E-01
    0.136944851460981E-01    0.153473070190724E-01
    0.106578697175353E-01    0.147639814923837E-01
    0.764682804485769E-02    0.140788427288322E-01
    0.472285704789252E-02    0.132849509450634E-01
    0.194086048506077E-02    0.123892734536824E-01
   -0.637606288022309E-03    0.113922031040886E-01
   -0.295930990863015E-02    0.103044156047644E-01
   -0.496963510467432E-02    0.913822550067342E-02
   -0.662262185678875E-02    0.791193631418770E-02
   -0.787610204193057E-02    0.665219096329509E-02
   -0.869522285697981E-02    0.538894234399053E-02
   -0.905086834991394E-02    0.416133054991633E-02
   -0.891838440374298E-02    0.301397944516492E-02
   -0.827384215833881E-02    0.199067662698746E-02
   -0.709481655596826E-02    0.114490502587200E-02
   -0.534803449966582E-02    0.508163181584033E-03
   -0.300163959930268E-02    0.126445573301814E-03
    0.000000000000000E+00    0.000000000000000E+00
    0.000000000000000E+00    0.000000000000000E+00
    0.430048920728632E-02    0.183843754566746E-03
    0.865804022812598E-02    0.720113527636541E-03
    0.129509923757143E-01    0.157365992009660E-02
    0.170611889010104E-01    0.270264450308178E-02
    0.208831703765406E-01    0.404945719647493E-02
    0.243194900493111E-01    0.555269885724428E-02
    0.273020875918239E-01    0.714872183040891E-02
    0.297743726788295E-01    0.877529834102432E-02
    0.317113481246779E-01    0.103771734969888E-01
    0.331003480167267E-01    0.119063711088928E-01
    0.339513751258577E-01    0.133257511389330E-01
    0.342842484570994E-01    0.146094888758310E-01
    0.341293196316447E-01    0.157400420477665E-01
    0.335221709177222E-01    0.167116157157825E-01
    0.325006855641882E-01    0.175210602239321E-01
    0.311036912802975E-01    0.181740461470081E-01
    0.293705132191356E-01    0.186739445065866E-01
    0.273390248102415E-01    0.190284658471945E-01
    0.250503086537051E-01    0.192409538196549E-01
    0.225433767527822E-01    0.193151451944747E-01
    0.198640707583571E-01    0.192511207695138E-01
    0.170561325415762E-01    0.190472747061404E-01
    0.141719825536846E-01    0.187004960976817E-01
    0.112613324897004E-01    0.182061602763671E-01
    0.838188682814713E-02    0.175603555294155E-01
    0.558694054144568E-02    0.167598430667177E-01
    0.293516315317935E-02    0.158037679267333E-01
    0.478241603135331E-03    0.146955168543877E-01
   -0.173018473043396E-02    0.134420862554342E-01
   -0.364638042347128E-02    0.120587380336797E-01
   -0.522731351620817E-02    0.105658637115948E-01
   -0.644235139755401E-02    0.899495655969750E-02
   -0.726117443549184E-02    0.738515183498149E-02
   -0.766661370019870E-02    0.578554636747800E-02
   -0.763554385546707E-02    0.425755575307560E-02
   -0.715464350414722E-02    0.286376176225567E-02
   -0.619299639950901E-02    0.168055097475064E-02
   -0.472068648124652E-02    0.767886532047382E-03
   -0.268037324552196E-02    0.197111484238518E-03
    0.000000000000000E+00    0.000000000000000E+00
    0.000000000000000E+00    0.000000000000000E+00
    0.394117032550739E-02    0.180303479437796E-03
    0.796256626998133E-02    0.708416971344217E-03
    0.119568750234987E-01    0.155197571162357E-02
    0.158174521362066E-01    0.267444708310594E-02
    0.194438444220840E-01    0.402425475787634E-02
    0.227462015995754E-01    0.554867974562801E-02
    0.256529155819534E-01    0.718938968374757E-02
    0.281076203553840E-01    0.889198771102977E-02
    0.300764077919887E-01    0.106032578454607E-01
    0.315399200968514E-01    0.122786533342598E-01
    0.324981040195455E-01    0.138791636942508E-01
    0.329610322957948E-01    0.153763796140468E-01
    0.329512141726601E-01    0.167483812601275E-01
    0.324961560766224E-01    0.179814220878763E-01
    0.316293171897609E-01    0.190678021961673E-01
    0.303861755753871E-01    0.200018204585362E-01
    0.288041174438957E-01    0.207840454291116E-01
    0.269228782995167E-01    0.214094028030896E-01
    0.247820932951871E-01    0.218809135108834E-01
    0.224264356347903E-01    0.221894335801601E-01
    0.198989578596379E-01    0.223368685479086E-01
    0.172507635031178E-01    0.223091921597299E-01
    0.145291467955515E-01    0.221064148931691E-01
    0.117908583355123E-01    0.217120894546635E-01
    0.908598932141860E-02    0.211259303822794E-01
    0.647277740950569E-02    0.203336993032489E-01
    0.400020062840859E-02    0.193382833232021E-01
    0.172113225605197E-02    0.181338504352521E-01
   -0.321850796260161E-03    0.167313522618533E-01
   -0.208892794380120E-02    0.151406783613441E-01
   -0.354888362564350E-02    0.133873959499997E-01
   -0.468011697780965E-02    0.115042157409841E-01
   -0.546463161853355E-02    0.953922348946743E-02
   -0.589641778171006E-02    0.755113984655259E-02
   -0.596488661470085E-02    0.561938437735877E-02
   -0.566230242720935E-02    0.382382423716082E-02
   -0.496727505707117E-02    0.227356002096749E-02
   -0.383894486851291E-02    0.104891381954330E-02
   -0.221822535052922E-02    0.272756131412180E-03
    0.000000000000000E+00    0.000000000000000E+00
    0.000000000000000E+00    0.000000000000000E+00
    0.358401783650498E-02    0.179760168141119E-03
    0.727177044009269E-02    0.705793102661591E-03
    0.109661370008740E-01    0.154789317644033E-02
    0.145685014355145E-01    0.267359470195561E-02
    0.179872608960843E-01    0.403673414554371E-02
    0.211333627588834E-01    0.559047482897347E-02
    0.239395728208703E-01    0.728271421351969E-02
    0.263443175903022E-01    0.906350226754689E-02
    0.283123974048872E-01    0.108838393617631E-01
    0.298157731462919E-01    0.127002611745251E-01
    0.308490952914823E-01    0.144738813033797E-01
    0.314134283488717E-01    0.161740235363051E-01
    0.315253596616117E-01    0.177741616837630E-01
    0.312053479284791E-01    0.192567058824325E-01
    0.304834876851818E-01    0.206053089478867E-01
    0.293906707018521E-01    0.218111350263318E-01
    0.279650906605754E-01    0.228634119635880E-01
    0.262432324461228E-01    0.237562199640404E-01
    0.242695469945596E-01    0.244798321117088E-01
    0.220850282302736E-01    0.250268673946808E-01
    0.197402587803323E-01    0.253859641908786E-01
    0.172807977625717E-01    0.255467488942875E-01
    0.147625192097602E-01    0.254958846538361E-01
    0.122339380531625E-01    0.252212515953557E-01
    0.975307034773689E-02    0.247095327636434E-01
    0.736699923302555E-02    0.239502798140241E-01
    0.513015756842566E-02    0.229345636411017E-01
    0.308136947554131E-02    0.216590909435693E-01
    0.126429487605922E-02    0.201261487706700E-01
   -0.298138053096976E-03    0.183473092307512E-01
   -0.157925322522641E-02    0.163456087061838E-01
   -0.257736749279744E-02    0.141569476590691E-01
   -0.328361830629641E-02    0.118358812349694E-01
   -0.371546717848166E-02    0.945047408999825E-02
   -0.387051020007664E-02    0.709761926595025E-02
   -0.376642015087701E-02    0.487898385270962E-02
   -0.337832086527414E-02    0.293151045094413E-02
   -0.268435693444417E-02    0.137351528706736E-02
   -0.159609272660976E-02    0.362124319762487E-03
    0.000000000000000E+00    0.000000000000000E+00
    0.000000000000000E+00    0.000000000000000E+00
    0.322788976772026E-02    0.180020244168464E-03
    0.658133193831568E-02    0.707176336278471E-03
    0.997268691928743E-02    0.155280158879248E-02
    0.133109936949606E-01    0.268719445053528E-02
    0.165081748407199E-01    0.406876977787328E-02
    0.194819111361681E-01    0.565582046948284E-02
    0.221626788343909E-01    0.740101924919254E-02
    0.244918403312785E-01    0.925894647856357E-02
    0.264278592002035E-01    0.111835865363408E-01
    0.279413555658150E-01    0.131330467047532E-01
    0.290190739314978E-01    0.150688240600264E-01
    0.296583115291807E-01    0.169576263507234E-01
    0.298683620889575E-01    0.187713062194785E-01
    0.296663891734352E-01    0.204856716428746E-01
    0.290768424759873E-01    0.220821757551424E-01
    0.281301094372271E-01    0.235426233178761E-01
    0.268601016435213E-01    0.248548011220313E-01
    0.253064397219758E-01    0.260021519686908E-01
    0.235095043786535E-01    0.269749266085432E-01
    0.215166162572487E-01    0.277548481975728E-01
    0.193731813524946E-01    0.283318782229201E-01
    0.171330935223996E-01    0.286847795087982E-01
    0.148450042481477E-01    0.288022487515921E-01
    0.125662709357298E-01    0.286608316800030E-01
    0.103450123369156E-01    0.282495220317692E-01
    0.823583377944685E-02    0.275453095095034E-01
    0.628030080515383E-02    0.265416596287806E-01
    0.452069680270179E-02    0.252216832767374E-01
    0.298477595793331E-02    0.235904597889215E-01
    0.169154620959697E-02    0.216475385677925E-01
    0.648905645098970E-03    0.194201869429573E-01
   -0.154967198009822E-03    0.169391145222326E-01
   -0.732786822328367E-03    0.142670661706999E-01
   -0.112274383130238E-02    0.114784181736401E-01
   -0.134746638934666E-02    0.868949998179660E-02
   -0.144220135639666E-02    0.602044962313118E-02
   -0.140755407502845E-02    0.364871098203367E-02
   -0.121843413998840E-02    0.171779178084878E-02
   -0.799951759010040E-03    0.456635519950934E-03
    0.000000000000000E+00    0.000000000000000E+00
    0.000000000000000E+00    0.000000000000000E+00
    0.287027799812514E-02    0.180686918146576E-03
    0.588842523795124E-02    0.709761147285271E-03
    0.897339101797585E-02    0.155958298171216E-02
    0.120390355863413E-01    0.270302656431687E-02
    0.150043055347424E-01    0.410225361844290E-02
    0.177871236290632E-01    0.572030052226857E-02
    0.203232663523228E-01    0.751388647206559E-02
    0.225504039820483E-01    0.944188950441899E-02
    0.244291636264598E-01    0.114606783512270E-01
    0.259237017247402E-01    0.135306518095775E-01
    0.270202812282693E-01    0.156126850129779E-01
    0.277086853939483E-01    0.176734574392019E-01
    0.279969311429324E-01    0.196807549991064E-01
    0.278951252772077E-01    0.216090125819937E-01
    0.274277291102831E-01    0.234325612729983E-01
    0.266191333563610E-01    0.251320664420854E-01
    0.255059096773391E-01    0.266859629144099E-01
    0.241223096106687E-01    0.280780875516175E-01
    0.225143389871485E-01    0.292879865336789E-01
    0.207236849429642E-01    0.302997895323093E-01
    0.188038917202001E-01    0.310917945019261E-01
    0.168018680865662E-01    0.316469016253448E-01
    0.147760216531464E-01    0.319408735175119E-01
    0.127744891917081E-01    0.319551460796367E-01
    0.108553679097968E-01    0.316640488165909E-01
    0.906111755400398E-02    0.310488774960579E-01
    0.744120220804140E-02    0.300866315457600E-01
    0.602158952339529E-02    0.287627872730497E-01
    0.483239865558772E-02    0.270664713943867E-01
    0.387067474440612E-02    0.249974102186294E-01
    0.313780824280615E-02    0.225724929311951E-01
    0.259254371333283E-02    0.198231690282035E-01
    0.220629492034549E-02    0.168134153553382E-01
    0.190284700811038E-02    0.136250671252136E-01
    0.164029443234394E-02    0.103919754300183E-01
    0.133817003176966E-02    0.725805693690884E-02
    0.988106568153834E-03    0.443423384738718E-02
    0.572219443913171E-03    0.211230765482949E-02
    0.194569521012060E-03    0.566723667845887E-03
    0.000000000000000E+00    0.000000000000000E+00
    0.000000000000000E+00    0.000000000000000E+00
    0.251129535441914E-02    0.181089772156596E-03
    0.519299506958052E-02    0.710405167998076E-03
    0.796866655650553E-02    0.156208741778566E-02
    0.107571879358349E-01    0.271043823632590E-02
    0.134790922137042E-01    0.412235247767861E-02
    0.160587317410393E-01    0.576391653283799E-02
    0.184299432226814E-01    0.759702685653023E-02
    0.205354142670073E-01    0.958297625412531E-02
    0.223309388040186E-01    0.116821086576317E-01
    0.237832474736802E-01    0.138550763408296E-01
    0.248720533929315E-01    0.160648046464404E-01
    0.255879539295174E-01    0.182752784707542E-01
    0.259319488655432E-01    0.204547157799009E-01
    0.259148683813945E-01    0.225720734355831E-01
    0.255545053954239E-01    0.246013749119191E-01
    0.248774692031475E-01    0.265159799043326E-01
    0.239141562215864E-01    0.282941170661404E-01
    0.227034144044033E-01    0.299116723898884E-01
    0.212850971575374E-01    0.313486349100354E-01
    0.197080282894817E-01    0.325815152973864E-01
    0.180190532910513E-01    0.335893405872852E-01
    0.162743403601423E-01    0.343478043372579E-01
    0.145242983243915E-01    0.348332186176710E-01
    0.128281155327148E-01    0.350187344834190E-01
    0.112335068583000E-01    0.348788935473940E-01
    0.979426010747995E-02    0.343831992383726E-01
    0.854592101389980E-02    0.335081792837408E-01
    0.752234792898078E-02    0.322218036897549E-01
    0.673416366209203E-02    0.305132141972574E-01
    0.617620615389560E-02    0.283609235713688E-01
    0.582365602812722E-02    0.257838088993015E-01
    0.561651266418109E-02    0.227971809391976E-01
    0.549289697233458E-02    0.194725576405007E-01
    0.534242189128528E-02    0.158910311400896E-01
    0.508187582845991E-02    0.122078477180552E-01
    0.459361968194829E-02    0.858594157732820E-02
    0.382212678595748E-02    0.528436823866272E-02
    0.273576414458307E-02    0.252621616990017E-02
    0.140003835195432E-02    0.682777722094668E-03
    0.000000000000000E+00    0.000000000000000E+00
    0.000000000000000E+00    0.000000000000000E+00
    0.215398339080999E-02    0.179625928000494E-03
    0.450007521413993E-02    0.705452182139413E-03
    0.696563884791847E-02    0.155258467554432E-02
    0.947103539543048E-02    0.269790200475310E-02
    0.119426950924853E-01    0.411155741358943E-02
    0.143045731810584E-01    0.576451120638514E-02
    0.164965234449960E-01    0.762160141264504E-02
    0.184587475795883E-01    0.964882157150499E-02
    0.201515192890861E-01    0.118078058375063E-01
    0.215369083577264E-01    0.140625158060747E-01
    0.225974229336076E-01    0.163747858369423E-01
    0.233174312414008E-01    0.187102021359486E-01
    0.236999862914836E-01    0.210334053051830E-01
    0.237490012268990E-01    0.233138646546061E-01
    0.234848565406546E-01    0.255199328163050E-01
    0.229271638459266E-01    0.276254771734998E-01
    0.221104162584045E-01    0.296017131745874E-01
    0.210666450899934E-01    0.314259686688273E-01
    0.198418611213228E-01    0.330706193975610E-01
    0.184780757732383E-01    0.345152471629024E-01
    0.170305524488301E-01    0.357304108099637E-01
    0.155480000875151E-01    0.366965034516057E-01
    0.140914609753764E-01    0.373798145201819E-01
    0.127123101313205E-01    0.377591703177004E-01
    0.114705719405957E-01    0.377948835531434E-01
    0.104101674228831E-01    0.374620133215037E-01
    0.957826618720647E-02    0.367159152498838E-01
    0.899434632655229E-02    0.355275336917032E-01
    0.867403543075028E-02    0.338591403226320E-01
    0.858774493104184E-02    0.316875177034149E-01
    0.870176889891252E-02    0.290076976932854E-01
    0.891591569757868E-02    0.258313616504996E-01
    0.914294057768016E-02    0.222226514922885E-01
    0.921565898674326E-02    0.182668548386709E-01
    0.901596562139961E-02    0.141352168525289E-01
    0.835259062181480E-02    0.100173600358006E-01
    0.714408238260548E-02    0.621121092295661E-02
    0.527957795075909E-02    0.300059778199803E-02
    0.284763489640684E-02    0.817321137098184E-03
    0.000000000000000E+00    0.000000000000000E+00
    0.000000000000000E+00    0.000000000000000E+00
    0.179940645484858E-02    0.176825158385161E-03
    0.381400874045107E-02    0.692838996885358E-03
    0.597058021318508E-02    0.152666697743941E-02
    0.819283888597669E-02    0.265625879250146E-02
    0.104068269943934E-01    0.405786451019067E-02
    0.125431452696848E-01    0.570461670746786E-02
    0.145400510730867E-01    0.756734489472832E-02
    0.163443964339481E-01    0.961350002513296E-02
    0.179130178463673E-01    0.118093661699147E-01
    0.192132523657251E-01    0.141186878541446E-01
    0.202223379274277E-01    0.165062730620753E-01
    0.209285958794166E-01    0.189353611546285E-01
    0.213284569781642E-01    0.213722830789090E-01
    0.214293746992274E-01    0.237822904764207E-01
    0.212443902054625E-01    0.261347490912192E-01
    0.207972260637297E-01    0.283983155952345E-01
    0.201147676283714E-01    0.305451832641659E-01
    0.192344648699879E-01    0.325477841341132E-01
    0.181947879537256E-01    0.343794880514421E-01
    0.170447251689512E-01    0.360167372940272E-01
    0.158324298396423E-01    0.374302153852712E-01
    0.146158583479222E-01    0.385986503730785E-01
    0.134486953944246E-01    0.394881842831643E-01
    0.123951635613965E-01    0.400762471493811E-01
    0.115078736397845E-01    0.403198957822947E-01
    0.108463379174861E-01    0.401882039814262E-01
    0.104470866753994E-01    0.396310416974111E-01
    0.103460193147488E-01    0.386013096548539E-01
    0.105396008766889E-01    0.370539347100497E-01
    0.110016177936551E-01    0.349323512270407E-01
    0.116644611255504E-01    0.322278943798128E-01
    0.124036216811985E-01    0.289168059164278E-01
    0.130821220956826E-01    0.250709250222221E-01
    0.134785568830271E-01    0.207628338313772E-01
    0.134127640923455E-01    0.161870904721672E-01
    0.126266183205911E-01    0.115523714619083E-01
    0.109614460295258E-01    0.721530228008603E-02
    0.826595875324431E-02    0.349600338536539E-02
    0.454962728924734E-02    0.959018146496570E-03
    0.000000000000000E+00    0.000000000000000E+00
    0.000000000000000E+00    0.000000000000000E+00
    0.145586650695245E-02    0.170121091362467E-03
    0.314614099197944E-02    0.668729736001639E-03
    0.499929943299838E-02    0.147660871158760E-02
    0.693733432215573E-02    0.257554246196582E-02
    0.889169787286178E-02    0.394561865149265E-02
    0.107925974160391E-01    0.556560969101296E-02
    0.125848598231900E-01    0.740917910303648E-02
    0.142145572642572E-01    0.944875874269948E-02
    0.156443514934680E-01    0.116517467171224E-01
    0.168389874099498E-01    0.139855582877634E-01
    0.177803576430166E-01    0.164141302188169E-01
    0.184520662607178E-01    0.189030595387663E-01
    0.188544765007369E-01    0.214159810654180E-01
    0.189886085637161E-01    0.239197403872525E-01
    0.188713955835630E-01    0.263797422418464E-01
    0.185191264393734E-01    0.287661401143219E-01
    0.179631668386838E-01    0.310469441070374E-01
    0.172333363067183E-01    0.331967204706531E-01
    0.163736706835267E-01    0.351851178228757E-01
    0.154254287150116E-01    0.369919035881826E-01
    0.144437973885041E-01    0.385850415702612E-01
    0.134805934877783E-01    0.399473596367121E-01
    0.125994504876725E-01    0.410427824615454E-01
    0.118608697623797E-01    0.418550121593511E-01
    0.113318612365023E-01    0.423316014199153E-01
    0.110679615245981E-01    0.424490667277989E-01
    0.111233086200860E-01    0.421357018024012E-01
    0.115310176507982E-01    0.413499530700920E-01
    0.122990017087322E-01    0.400028690555398E-01
    0.133806371678154E-01    0.380339332554969E-01
    0.146978228480964E-01    0.353855676097761E-01
    0.160724392858269E-01    0.320234627885122E-01
    0.173307594023747E-01    0.279932611245684E-01
    0.181602787251451E-01    0.233708863895723E-01
    0.183269625139443E-01    0.183608982906205E-01
    0.174566495951279E-01    0.132051332717030E-01
    0.153369435787328E-01    0.830892041608221E-02
    0.116940152325221E-01    0.406616538667490E-02
    0.654374469843908E-02    0.112303036680861E-02
    0.000000000000000E+00    0.000000000000000E+00
    0.000000000000000E+00    0.000000000000000E+00
    0.112517828312038E-02    0.160968694492534E-03
    0.250558140940735E-02    0.631401413402291E-03
    0.406347759915110E-02    0.139927790144021E-02
    0.572394585229696E-02    0.244796772682236E-02
    0.741665937282812E-02    0.376576328440254E-02
    0.907932160314157E-02    0.533373169398308E-02
    0.106562401023001E-01    0.713201932740871E-02
    0.121013499235409E-01    0.913462910663887E-02
    0.133758101778352E-01    0.113134396567587E-01
    0.144511363846896E-01    0.136361354557542E-01
    0.153056521383071E-01    0.160695653096797E-01
    0.159285291329159E-01    0.185779834362065E-01
    0.163143774308045E-01    0.211270834327221E-01
    0.164690625009706E-01    0.236810330998182E-01
    0.164020725298725E-01    0.262070361885507E-01
    0.161343432711554E-01    0.286721455865521E-01
    0.156888345318751E-01    0.310463932863352E-01
    0.151001077960876E-01    0.333026869196344E-01
    0.144040692623972E-01    0.354119812456648E-01
    0.136469863095475E-01    0.373551873135777E-01
    0.128767404382244E-01    0.391017404509739E-01
    0.121525668250889E-01    0.406397895000215E-01
    0.115333815271883E-01    0.419327953185539E-01
    0.110898689055079E-01    0.429761521700710E-01
    0.108898864073190E-01    0.437088140575687E-01
    0.110086829376314E-01    0.441148026752756E-01
    0.114987955725564E-01    0.441136534649631E-01
    0.124241663226876E-01    0.436578821322361E-01
    0.137874722942543E-01    0.426295703382699E-01
    0.155613076577077E-01    0.409228431469302E-01
    0.176260103423897E-01    0.384613189815000E-01
    0.197742026766232E-01    0.351402471600595E-01
    0.217551583158148E-01    0.310107317074573E-01
    0.231701802007704E-01    0.261097725829256E-01
    0.236872665513297E-01    0.206818680607616E-01
    0.228309062512089E-01    0.149788385698327E-01
    0.202695542969128E-01    0.949272440148375E-02
    0.156478985037237E-01    0.466024467737992E-02
    0.884988329757238E-02    0.129528354487803E-02
    0.000000000000000E+00    0.000000000000000E+00
    0.000000000000000E+00    0.000000000000000E+00
    0.820657229675731E-03    0.146247765490808E-03
    0.190792291918819E-02    0.578129376825903E-03
    0.318507018794788E-02    0.128850706689793E-02
    0.457334250721719E-02    0.226706455425869E-02
    0.600820703244013E-02    0.350727265625784E-02
    0.742846451557236E-02    0.499645592071430E-02
    0.878537030999789E-02    0.671829748824925E-02
    0.100348111199252E-01    0.865112534504786E-02
    0.111441602759185E-01    0.107687706637623E-01
    0.120850107454981E-01    0.130417674426515E-01
    0.128408155004238E-01    0.154373107595725E-01
    0.133980142806645E-01    0.179216082241201E-01
    0.137554878236354E-01    0.204593171712713E-01
    0.139137404464070E-01    0.230162385792894E-01
    0.138859440642516E-01    0.255578861305483E-01
    0.136859010396860E-01    0.280529707194136E-01
    0.133398827000011E-01    0.304705151076820E-01
    0.128744048281451E-01    0.327854739154734E-01
    0.123280769277685E-01    0.349698743941381E-01
    0.117395680542456E-01    0.370061656745084E-01
    0.111599842575874E-01    0.388704591867753E-01
    0.106452717785057E-01    0.405533207799416E-01
    0.102610105651762E-01    0.420264791739405E-01
    0.100740744720625E-01    0.432913902092271E-01
    0.101661466992935E-01    0.442940966104368E-01
    0.106231697155846E-01    0.450254602315394E-01
    0.115243852427088E-01    0.453988866615181E-01
    0.129548270364748E-01    0.453810800640209E-01
    0.149468738649080E-01    0.447866311836650E-01
    0.174801521513147E-01    0.435063915291655E-01
    0.204245052008224E-01    0.413628024224722E-01
    0.234995234127094E-01    0.382257924856120E-01
    0.263971475151657E-01    0.340793290000841E-01
    0.285577434310265E-01    0.289609757442130E-01
    0.295706883374367E-01    0.231310092390555E-01
    0.287990429368907E-01    0.168881038812902E-01
    0.258287039609385E-01    0.107807408746058E-01
    0.201137718004081E-01    0.535307968874470E-02
    0.115207575683061E-01    0.149934189917909E-02
    0.000000000000000E+00    0.000000000000000E+00
    0.000000000000000E+00    0.000000000000000E+00
    0.544342136261447E-03    0.127969439238612E-03
    0.136693321144737E-02    0.506975362230499E-03
    0.238007092717455E-02    0.114284485765766E-02
    0.351036474416259E-02    0.202808976194310E-02
    0.469179732086045E-02    0.316616931666362E-02
    0.587226463475221E-02    0.454756200327033E-02
    0.700488346911719E-02    0.616157627616643E-02
    0.805400915840207E-02    0.798921738485532E-02
    0.898826929443230E-02    0.100072084410178E-01
    0.978619397650608E-02    0.121879473519793E-01
    0.104300154762582E-01    0.145002757204748E-01
    0.109117045689019E-01    0.169110169299184E-01
    0.112259934976566E-01    0.193863020322222E-01
    0.113778270350471E-01    0.218914095257655E-01
    0.113737080660477E-01    0.243937661890384E-01
    0.112309057368690E-01    0.268614010935531E-01
    0.109674819938687E-01    0.292656118596825E-01
    0.106121721135261E-01    0.315823856561610E-01
    0.101952428128937E-01    0.337857549564422E-01
    0.975659351088691E-02    0.358623092995173E-01
    0.933967186492981E-02    0.377924512691031E-01
    0.900118533919532E-02    0.395817388721053E-01
    0.880711510873640E-02    0.411959763648473E-01
    0.882531260871151E-02    0.426586612632534E-01
    0.914105198426708E-02    0.439198552393624E-01
    0.986659304905041E-02    0.450007883348850E-01
    0.111020981661231E-01    0.458005724847965E-01
    0.129676431326319E-01    0.463227061636770E-01
    0.155350388556961E-01    0.463204758392166E-01
    0.188641620261920E-01    0.456465743682980E-01
    0.227919673993141E-01    0.440447632981823E-01
    0.269918956705285E-01    0.412438034676476E-01
    0.310232605997118E-01    0.372267185468289E-01
    0.341833195563471E-01    0.319286668811353E-01
    0.358863127482888E-01    0.257218487380466E-01
    0.353551177631946E-01    0.189225924904591E-01
    0.320260873062408E-01    0.121680416625818E-01
    0.252083594999171E-01    0.607032351519736E-02
    0.145549911710760E-01    0.172790872275430E-02
    0.000000000000000E+00    0.000000000000000E+00
    0.000000000000000E+00    0.000000000000000E+00
    0.313084349591395E-03    0.103557378247943E-03
    0.898409624458560E-03    0.419179619914905E-03
    0.167159963868419E-02    0.961458223360663E-03
    0.255651942386750E-02    0.173244643707473E-02
    0.349448764226813E-02    0.274203736798187E-02
    0.443832909127723E-02    0.398618472815082E-02
    0.534806175711119E-02    0.545890337925752E-02
    0.619379270700752E-02    0.714317232738319E-02
    0.694960261096696E-02    0.901957492188460E-02
    0.759728279363545E-02    0.110611557555241E-01
    0.812322002873929E-02    0.132395836465132E-01
    0.851915928291148E-02    0.155221489377266E-01
    0.878290185496656E-02    0.178767365797385E-01
    0.891587645466718E-02    0.202694014273539E-01
    0.892655600757425E-02    0.226688954029975E-01
    0.882621889895108E-02    0.250442904312945E-01
    0.863336851767870E-02    0.273692454871311E-01
    0.836929481114063E-02    0.296203044602061E-01
    0.806249681364389E-02    0.317776981893083E-01
    0.774664205055261E-02    0.338266343983353E-01
    0.746270356368861E-02    0.357618840378497E-01
    0.726149059203634E-02    0.375891020516239E-01
    0.720277714438015E-02    0.392941573580507E-01
    0.735115019353525E-02    0.408910811892497E-01
    0.779517782868230E-02    0.423882125872761E-01
    0.868833209458514E-02    0.438072373489424E-01
    0.101641062975781E-01    0.450716176082992E-01
    0.123600102963504E-01    0.462096589653362E-01
    0.154297175337855E-01    0.469473502272422E-01
    0.195905815657453E-01    0.471579003303456E-01
    0.246868319954576E-01    0.463191110740601E-01
    0.302463884318789E-01    0.441043883118191E-01
    0.357343312773627E-01    0.403390048453239E-01
    0.401335761918159E-01    0.349786191257715E-01
    0.427777949779817E-01    0.284033613059696E-01
    0.426249851818641E-01    0.210762894156690E-01
    0.390076663591846E-01    0.136363147972299E-01
    0.309645583572319E-01    0.685137833254728E-02
    0.180357234658189E-01    0.196286978639814E-02
    0.000000000000000E+00    0.000000000000000E+00
    0.000000000000000E+00    0.000000000000000E+00
    0.128393211444466E-03    0.750763293099547E-04
    0.519235116712305E-03    0.313063103738055E-03
    0.107727236658140E-02    0.747343542215147E-03
    0.173809375081697E-02    0.138408311417475E-02
    0.244493382704898E-02    0.224243597051085E-02
    0.316157892560666E-02    0.332255207653345E-02
    0.385367695096197E-02    0.462067971791194E-02
    0.449914040692709E-02    0.612458468343054E-02
    0.507663303797253E-02    0.781447329276511E-02
    0.557336944176996E-02    0.966831657027181E-02
    0.597741847319061E-02    0.116570801604363E-01
    0.628424316006204E-02    0.137521692130079E-01
    0.649000101763294E-02    0.159215254255759E-01
    0.659840576275262E-02    0.181342105430329E-01
    0.661333504135825E-02    0.203600559426317E-01
    0.654671424752432E-02    0.225706890365357E-01
    0.641039652045465E-02    0.247412847286677E-01
    0.622414345022212E-02    0.268515861932766E-01
    0.600853644676240E-02    0.288844374394963E-01
    0.579304294286362E-02    0.308320303171814E-01
    0.561151476459673E-02    0.326905495856797E-01
    0.550547383917718E-02    0.344826841535440E-01
    0.553266337991625E-02    0.361892339730236E-01
    0.575151532062416E-02    0.378385963459121E-01
    0.624172772993829E-02    0.394801357026654E-01
    0.715982064179655E-02    0.412243985989241E-01
    0.871588712022185E-02    0.429163351752428E-01
    0.110507692565075E-01    0.446610300544283E-01
    0.143874433580833E-01    0.462664002318862E-01
    0.192126776639209E-01    0.477251394203974E-01
    0.255492563974872E-01    0.480555325431620E-01
    0.328184925548503E-01    0.466322226471311E-01
    0.401165135914683E-01    0.433931287023038E-01
    0.461834425574002E-01    0.380247565505934E-01
    0.500388938446880E-01    0.311508991688474E-01
    0.504576562003978E-01    0.232649498361373E-01
    0.465859193422947E-01    0.151583403240265E-01
    0.373184451934519E-01    0.756216747215451E-02
    0.218973451106025E-01    0.213334802629133E-02
    0.000000000000000E+00    0.000000000000000E+00
    0.000000000000000E+00    0.000000000000000E+00
    0.580964562587430E-05    0.436035349389538E-04
    0.238051429182775E-03    0.199485017429108E-03
    0.612376499431901E-03    0.512860425052959E-03
    0.106986879436435E-02    0.100088772262044E-02
    0.156300369401226E-02    0.168878466729700E-02
    0.206684609717844E-02    0.257792788519068E-02
    0.255233499986158E-02    0.367077570211816E-02
    0.300732024470106E-02    0.495258772039089E-02
    0.341333534803347E-02    0.641075945761399E-02
    0.376418797288664E-02    0.802073218854468E-02
    0.404938581644481E-02    0.976053161838490E-02
    0.426719352677487E-02    0.116000728169951E-01
    0.441412127612029E-02    0.135135166239407E-01
    0.449312655708562E-02    0.154695131295803E-01
    0.450716661580557E-02    0.174434098236633E-01
    0.446447894567860E-02    0.194067622983614E-01
    0.437393470167285E-02    0.213407424983880E-01
    0.424992006894630E-02    0.232236098359311E-01
    0.410723026366415E-02    0.250474273635392E-01
    0.396928926027893E-02    0.268005024090645E-01
    0.385849064467844E-02    0.284946938547146E-01
    0.380760841873534E-02    0.301415966991854E-01
    0.385199177902226E-02    0.317569942639691E-01
    0.406143212848476E-02    0.333378063371794E-01
    0.450916610203453E-02    0.350201375189848E-01
    0.534847592793704E-02    0.369270199441035E-01
    0.677166999573258E-02    0.389548215456731E-01
    0.889508062900203E-02    0.411486908872440E-01
    0.121500899309684E-01    0.437244270089259E-01
    0.176000272089368E-01    0.468374575895232E-01
    0.254093706553305E-01    0.486720593836078E-01
    0.347458636399789E-01    0.485215964530932E-01
    0.444191667710265E-01    0.460137569543850E-01
    0.524835221298063E-01    0.408980753511294E-01
    0.578878608474393E-01    0.337136097353041E-01
    0.589959415347274E-01    0.252752993915470E-01
    0.546723854042042E-01    0.165876205441492E-01
    0.439673208044345E-01    0.828079318893868E-02
    0.259608554115651E-01    0.230201005364065E-02
    0.000000000000000E+00    0.000000000000000E+00
    0.000000000000000E+00    0.000000000000000E+00
   -0.582061177311177E-04    0.118366468106617E-04
    0.659443745168767E-04    0.807534025573708E-04
    0.287144063397466E-03    0.273136939916879E-03
    0.569017305287204E-03    0.608401882894527E-03
    0.873390358971154E-03    0.111366956910517E-02
    0.118550934737165E-02    0.179523303189789E-02
    0.148614696928404E-02    0.265107351220711E-02
    0.176746416828640E-02    0.367508311209445E-02
    0.201885930938444E-02    0.484967386379833E-02
    0.223565534267239E-02    0.616073006707090E-02
    0.241242081647795E-02    0.758257943069699E-02
    0.254725487292616E-02    0.909547874423904E-02
    0.263873625142163E-02    0.106716004192139E-01
    0.268822572387505E-02    0.122887993343162E-01
    0.269798060760587E-02    0.139217221280834E-01
    0.267296779440309E-02    0.155496937097776E-01
    0.261898794329917E-02    0.171537411867074E-01
    0.254502645359184E-02    0.187186687010120E-01
    0.246073067186067E-02    0.202366184457022E-01
    0.238063264146514E-02    0.217034563217047E-01
    0.232109204006515E-02    0.231252587330350E-01
    0.230073764533311E-02    0.245181373861517E-01
    0.234233191289836E-02    0.259065896558238E-01
    0.249854717857305E-02    0.273055730197501E-01
    0.283241406324477E-02    0.288506158734539E-01
    0.343993746309144E-02    0.307599014209597E-01
    0.453711453098976E-02    0.328302396627671E-01
    0.625931411289099E-02    0.350599954409803E-01
    0.892819629779965E-02    0.383508793467715E-01
    0.139883627404504E-01    0.435714069266482E-01
    0.228542593449330E-01    0.475558573792187E-01
    0.349220924131934E-01    0.491040290183136E-01
    0.478958474964372E-01    0.479334962733684E-01
    0.588327830333668E-01    0.430237119088096E-01
    0.659589502545078E-01    0.358061676527017E-01
    0.679532928945755E-01    0.268380525593217E-01
    0.634955767004454E-01    0.175785051456375E-01
    0.515093920591529E-01    0.900470491879716E-02
    0.307982764390744E-01    0.252652766849087E-02
    0.000000000000000E+00    0.000000000000000E+00
    0.000000000000000E+00    0.000000000000000E+00
   -0.624644737544343E-04   -0.110973037098355E-04
   -0.114330238682349E-04   -0.127656865353255E-04
    0.901674498331523E-04    0.687030281410076E-04
    0.230122515592205E-03    0.256008346537115E-03
    0.376726794173671E-03    0.578860943513620E-03
    0.532036570924510E-03    0.103458711793559E-02
    0.677082751642598E-03    0.163024371360520E-02
    0.816429978948792E-03    0.235192677521928E-02
    0.937677293520831E-03    0.319441230007870E-02
    0.104493155593139E-02    0.413874829792005E-02
    0.113031534275324E-02    0.517241433435343E-02
    0.119722436803169E-02    0.627351673849696E-02
    0.124158498802875E-02    0.742666253879099E-02
    0.126660990206523E-02    0.860935120213861E-02
    0.127155214151359E-02    0.980724610208796E-02
    0.126012056449736E-02    0.109995792963156E-01
    0.123421333174541E-02    0.121770828622828E-01
    0.119923563214938E-02    0.133228118260577E-01
    0.115902794742845E-02    0.144378228411069E-01
    0.112194430910467E-02    0.155125615863345E-01
    0.109239569266975E-02    0.165618035235743E-01
    0.108326262721982E-02    0.175834674454245E-01
    0.110372567866729E-02    0.186214628279030E-01
    0.120046143899050E-02    0.196718307157733E-01
    0.139407783432524E-02    0.208850701697464E-01
    0.169582082330370E-02    0.224190624355590E-01
    0.211444674741678E-02    0.241952035255158E-01
    0.287789220314952E-02    0.258426690541392E-01
    0.440549756123686E-02    0.294130878543626E-01
    0.861015162071311E-02    0.358944522133558E-01
    0.178057656672051E-01    0.422462976304290E-01
    0.329961881272333E-01    0.475891933241604E-01
    0.511796952299766E-01    0.482115487073933E-01
    0.656153659127330E-01    0.435509214124036E-01
    0.739679321253644E-01    0.368712824575354E-01
    0.768576548536331E-01    0.280581800453485E-01
    0.728066864675966E-01    0.186120204859129E-01
    0.602759627283224E-01    0.103298159636077E-01
    0.374593319871996E-01    0.323932750002008E-02
    0.000000000000000E+00    0.000000000000000E+00
    0.000000000000000E+00    0.000000000000000E+00
   -0.237648926367403E-04   -0.237648926367415E-04
   -0.109029360065909E-04   -0.627828456030658E-04
    0.139588714145854E-04   -0.550584140234424E-04
    0.520740828377844E-04    0.177364735672653E-04
    0.924963943210809E-04    0.165193148050616E-03
    0.135140467515498E-03    0.395889416526740E-03
    0.175576982429278E-03    0.702121311046173E-03
    0.213137816285791E-03    0.108752198394102E-02
    0.247105502067521E-03    0.153652961234288E-02
    0.275607268814495E-03    0.205023211782226E-02
    0.299797409733652E-03    0.260961422141265E-02
    0.317201646579635E-03    0.321303767737076E-02
    0.330092383486757E-03    0.384141709099708E-02
    0.336084725182165E-03    0.449099792231878E-02
    0.338025137970029E-03    0.514532880589895E-02
    0.334209545803204E-03    0.579944654643776E-02
    0.327400403873628E-03    0.644227695674364E-02
    0.317435399319686E-03    0.706879875341657E-02
    0.306643181346008E-03    0.767605246536928E-02
    0.296723525662553E-03    0.826129749275399E-02
    0.288194350577159E-03    0.883086625670862E-02
    0.285432406696935E-03    0.938049584896766E-02
    0.285049639260466E-03    0.994817239639623E-02
    0.315162520158166E-03    0.105384701844612E-01
    0.395042548114557E-03    0.112043409672614E-01
    0.495707817596994E-03    0.120273921189591E-01
    0.524383880199016E-03    0.130203389305963E-01
    0.654681456158599E-03    0.137252717255986E-01
    0.955737140805806E-03    0.162263900046957E-01
    0.299935577807680E-02    0.225198942205830E-01
    0.986470235733783E-02    0.286564161252455E-01
    0.223238563646811E-01    0.351974471360581E-01
    0.504286277263861E-01    0.461447242557398E-01
    0.717199757376863E-01    0.426778937732273E-01
    0.825422218288219E-01    0.356460376320322E-01
    0.854785354431794E-01    0.286310537676110E-01
    0.815228605636146E-01    0.200175633954960E-01
    0.682285033176651E-01    0.126412316040433E-01
    0.428923763733984E-01    0.558268892263017E-02
    0.000000000000000E+00    0.000000000000000E+00
    0.000000000000000E+00    0.000000000000000E+00
    0.000000000000000E+00    0.000000000000000E+00
    0.000000000000000E+00    0.000000000000000E+00
    0.000000000000000E+00    0.000000000000000E+00
    0.000000000000000E+00    0.000000000000000E+00
    0.000000000000000E+00    0.000000000000000E+00
    0.000000000000000E+00    0.000000000000000E+00
    0.000000000000000E+00    0.000000000000000E+00
    0.000000000000000E+00    0.000000000000000E+00
    0.000000000000000E+00    0.000000000000000E+00
    0.000000000000000E+00    0.000000000000000E+00
    0.000000000000000E+00    0.000000000000000E+00
    0.000000000000000E+00    0.000000000000000E+00
    0.000000000000000E+00    0.000000000000000E+00
    0.000000000000000E+00    0.000000000000000E+00
    0.000000000000000E+00    0.000000000000000E+00
    0.000000000000000E+00    0.000000000000000E+00
    0.000000000000000E+00    0.000000000000000E+00
    0.000000000000000E+00    0.000000000000000E+00
    0.000000000000000E+00    0.000000000000000E+00
    0.000000000000000E+00    0.000000000000000E+00
    0.000000000000000E+00    0.000000000000000E+00
    0.000000000000000E+00    0.000000000000000E+00
    0.000000000000000E+00    0.000000000000000E+00
    0.000000000000000E+00    0.000000000000000E+00
    0.000000000000000E+00    0.000000000000000E+00
    0.000000000000000E+00    0.000000000000000E+00
    0.000000000000000E+00    0.000000000000000E+00
    0.000000000000000E+00    0.000000000000000E+00
    0.000000000000000E+00    0.000000000000000E+00
    0.000000000000000E+00    0.000000000000000E+00
    0.000000000000000E+00    0.000000000000000E+00
    0.000000000000000E+00    0.000000000000000E+00
    0.516270311653658E-01    0.409539162689563E-01
    0.730797884421089E-01    0.439812417183811E-01
    0.877506713127228E-01    0.343983419883800E-01
    0.936466593034850E-01    0.279554397697833E-01
    0.896157168548811E-01    0.206533635473958E-01
    0.758791269285207E-01    0.136923732375139E-01
    0.464722417756568E-01    0.729506088130890E-02
    0.000000000000000E+00    0.000000000000000E+00
