    0.000000000000000E+00    0.000000000000000E+00
    0.437500000000000E-01    0.000000000000000E+00
    0.750000000000000E-01    0.000000000000000E+00
    0.937500000000000E-01    0.000000000000000E+00
    0.100000000000000E+00    0.000000000000000E+00
    0.937500000000000E-01    0.000000000000000E+00
    0.750000000000000E-01    0.000000000000000E+00
    0.437500000000000E-01    0.000000000000000E+00
    0.000000000000000E+00    0.000000000000000E+00
    0.000000000000000E+00    0.000000000000000E+00
    0.000000000000000E+00    0.000000000000000E+00
    0.000000000000000E+00    0.000000000000000E+00
    0.000000000000000E+00    0.000000000000000E+00
    0.000000000000000E+00    0.000000000000000E+00
    0.000000000000000E+00    0.000000000000000E+00
    0.000000000000000E+00    0.000000000000000E+00
    0.000000000000000E+00    0.000000000000000E+00
    0.000000000000000E+00    0.000000000000000E+00
    0.000000000000000E+00    0.000000000000000E+00
    0.000000000000000E+00    0.000000000000000E+00
    0.000000000000000E+00    0.000000000000000E+00
    0.000000000000000E+00    0.000000000000000E+00
    0.000000000000000E+00    0.000000000000000E+00
    0.000000000000000E+00    0.000000000000000E+00
    0.000000000000000E+00    0.000000000000000E+00
    0.000000000000000E+00    0.000000000000000E+00
    0.000000000000000E+00    0.000000000000000E+00
    0.000000000000000E+00    0.000000000000000E+00
    0.000000000000000E+00    0.000000000000000E+00
    0.000000000000000E+00    0.000000000000000E+00
    0.000000000000000E+00    0.000000000000000E+00
    0.000000000000000E+00    0.000000000000000E+00
    0.000000000000000E+00    0.000000000000000E+00
    0.000000000000000E+00    0.000000000000000E+00
    0.000000000000000E+00    0.000000000000000E+00
    0.000000000000000E+00    0.000000000000000E+00
    0.000000000000000E+00    0.000000000000000E+00
    0.000000000000000E+00    0.000000000000000E+00
    0.000000000000000E+00    0.000000000000000E+00
    0.000000000000000E+00    0.000000000000000E+00
    0.000000000000000E+00    0.000000000000000E+00
    0.000000000000000E+00    0.000000000000000E+00
    0.429416870882363E-01    0.833150002316775E-03
    0.733387633718779E-01    0.351360235786575E-02
    0.917558693275561E-01    0.693770748374506E-02
    0.978936115473147E-01    0.108773676637018E-01
    0.910906906997313E-01    0.157869119968671E-01
    0.726524979670837E-01    0.182917984418246E-01
    0.428160594926063E-01    0.215550715369887E-01
    0.118755223362496E-01    0.175882013603966E-01
    0.177936838666485E-02    0.533211438403308E-02
    0.292761080531006E-03    0.102272024461620E-02
    0.286762817322372E-04    0.145120083733478E-02
    0.242264688418406E-03    0.802297075090823E-03
    0.161130438686804E-03    0.509960304127684E-03
    0.461072323621089E-04    0.312605250210848E-03
    0.172673846161839E-04    0.175757092738358E-03
    0.295288353183105E-04    0.604547978279169E-04
    0.348467810855703E-04   -0.995377337630717E-05
    0.379136688421281E-04   -0.102386938391268E-03
    0.378511450137001E-04   -0.188275115328552E-03
    0.359771462532653E-04   -0.272677885292042E-03
    0.337538546572514E-04   -0.348693865104387E-03
    0.298185535663285E-04   -0.418394478553042E-03
    0.246228075962236E-04   -0.476459042179191E-03
    0.177610644890780E-04   -0.522175906624506E-03
    0.101507911371123E-04   -0.552819480209468E-03
    0.182655340320026E-05   -0.567326420853613E-03
   -0.673118550160475E-05   -0.564781237950828E-03
   -0.148560106290524E-04   -0.545771498229350E-03
   -0.226053125290724E-04   -0.510594955229764E-03
   -0.287418712296058E-04   -0.462211990383697E-03
   -0.338860396439607E-04   -0.401731810317263E-03
   -0.364304951708023E-04   -0.334665621840476E-03
   -0.374228771269379E-04   -0.262461278135516E-03
   -0.353017026561960E-04   -0.192558923600977E-03
   -0.314143748392070E-04   -0.126312737169404E-03
   -0.247591717497450E-04   -0.721867685399138E-04
   -0.166799722505003E-04   -0.300900751825582E-04
   -0.787584033236717E-05   -0.589033795994916E-05
    0.111237473273690E-05    0.111237473273704E-05
    0.000000000000000E+00    0.000000000000000E+00
    0.000000000000000E+00    0.000000000000000E+00
    0.402115605515813E-01    0.171962884482345E-02
    0.690601247236748E-01    0.610834429429468E-02
    0.864065940531875E-01    0.121123230727268E-01
    0.922199618968750E-01    0.186349134344708E-01
    0.863525815868386E-01    0.252761301497153E-01
    0.696541791716075E-01    0.290249895300005E-01
    0.469736914148014E-01    0.294776048166985E-01
    0.232044938143283E-01    0.246667487560675E-01
    0.819196571696584E-02    0.144768678269147E-01
    0.325891615512652E-02    0.817293606930871E-02
    0.170776988676458E-02    0.618972424168671E-02
    0.113093747094063E-02    0.410878951939825E-02
    0.756596260831227E-03    0.261154730577658E-02
    0.456279368221730E-03    0.179128965586670E-02
    0.315741375745054E-03    0.127601502836406E-02
    0.260258557777776E-03    0.858844894763496E-03
    0.237380765995468E-03    0.522560824732606E-03
    0.215661929956983E-03    0.230054429163240E-03
    0.200087025069497E-03   -0.304189435838093E-04
    0.180838077132049E-03   -0.255725580774263E-03
    0.162576050859356E-03   -0.454488705818763E-03
    0.139152931766900E-03   -0.624873016163750E-03
    0.113532835760136E-03   -0.767465306630198E-03
    0.832971837451077E-04   -0.878089541042437E-03
    0.512152245478896E-04   -0.956511171811412E-03
    0.172555365167917E-04   -0.100068868492889E-02
   -0.166658773248203E-04   -0.101085479170865E-02
   -0.490488754198507E-04   -0.988303444897824E-03
   -0.786972712779461E-04   -0.934810546697608E-03
   -0.103358314758647E-03   -0.855187861010129E-03
   -0.122434418823478E-03   -0.753258069265015E-03
   -0.133784747766964E-03   -0.636745038915920E-03
   -0.137207323308750E-03   -0.511419954742984E-03
   -0.131628311453005E-03   -0.386373944965169E-03
   -0.117080038748640E-03   -0.268872395058245E-03
   -0.947313463061431E-04   -0.167139807277684E-03
   -0.649064019776056E-04   -0.879680368948705E-04
   -0.336981003545042E-04   -0.336195954137396E-04
   -0.577350969274215E-05   -0.779060032081925E-05
    0.000000000000000E+00    0.000000000000000E+00
    0.000000000000000E+00    0.000000000000000E+00
    0.365640865297522E-01    0.227792148672439E-02
    0.631220378076318E-01    0.766542830672597E-02
    0.792647526058422E-01    0.149575514372361E-01
    0.850296725091362E-01    0.223007343104651E-01
    0.800624870200684E-01    0.295954689967956E-01
    0.666527043316743E-01    0.334631347506351E-01
    0.482548198197711E-01    0.336040411591040E-01
    0.295892215425477E-01    0.298070133674743E-01
    0.164893496471677E-01    0.217081167718620E-01
    0.935560649754318E-02    0.153014213700284E-01
    0.539623622248221E-02    0.114682199142142E-01
    0.315838945520894E-02    0.830862216349489E-02
    0.197149572109553E-02    0.578727133366398E-02
    0.134760298720558E-02    0.416945065321635E-02
    0.998196810921999E-03    0.311982644823424E-02
    0.821549861477885E-03    0.222621192863019E-02
    0.693227596453619E-03    0.153162268309444E-02
    0.602915329425726E-03    0.945962345934185E-03
    0.532615685683091E-03    0.458652488148764E-03
    0.473341212773066E-03    0.364197267216200E-04
    0.413693714427931E-03   -0.318730849107376E-03
    0.351829490778792E-03   -0.623069938290514E-03
    0.284735813068186E-03   -0.871227242617136E-03
    0.213290737095012E-03   -0.106804767688631E-02
    0.137980169122527E-03   -0.121015925839948E-02
    0.613931212632456E-04   -0.130059652006890E-02
   -0.146820184788283E-04   -0.133840255732402E-02
   -0.864851138980937E-04   -0.132809828473069E-02
   -0.151837263869528E-03   -0.127195804672009E-02
   -0.206643753774504E-03   -0.117749330275592E-02
   -0.249126482908145E-03   -0.105012399300090E-02
   -0.275761363222253E-03   -0.900412506807603E-03
   -0.285740867087834E-03   -0.736122869535211E-03
   -0.277165856569375E-03   -0.569554968443619E-03
   -0.250724361348037E-03   -0.409521704173445E-03
   -0.207580863188207E-03   -0.267440012327520E-03
   -0.150804363605874E-03   -0.151030263964014E-03
   -0.883169958953948E-04   -0.651038695474096E-04
   -0.300352811366514E-04   -0.165620016932817E-04
    0.000000000000000E+00    0.000000000000000E+00
    0.000000000000000E+00    0.000000000000000E+00
    0.323734036246511E-01    0.236072313992913E-02
    0.563743645561411E-01    0.810888536256153E-02
    0.715287176609453E-01    0.157480676792664E-01
    0.773759921281246E-01    0.235139257484911E-01
    0.746022840387194E-01    0.303717124482131E-01
    0.642512954310982E-01    0.344331360849493E-01
    0.500221500199208E-01    0.349659745922140E-01
    0.351545829435836E-01    0.321998388138174E-01
    0.227216789005400E-01    0.268162758809706E-01
    0.147499875804312E-01    0.211121636258135E-01
    0.956595003163731E-02    0.162899623429679E-01
    0.617363599025732E-02    0.123790631862416E-01
    0.417678928270845E-02    0.927922059661014E-02
    0.299764297719600E-02    0.701536266570913E-02
    0.227050209762258E-02    0.539420278185583E-02
    0.182175936263518E-02    0.401348749602727E-02
    0.151151016985367E-02    0.289466160016575E-02
    0.128414736293707E-02    0.197909669081881E-02
    0.110919301083190E-02    0.122346965369446E-02
    0.963053952513003E-03    0.578862324399808E-03
    0.828778715724990E-03    0.360641596642450E-04
    0.697057281778507E-03   -0.421382401388224E-03
    0.563791149297433E-03   -0.796290427146937E-03
    0.427224774342777E-03   -0.109416405420773E-02
    0.288395115547636E-03   -0.131632475543101E-02
    0.149761341030920E-03   -0.146649841268317E-02
    0.146517927502671E-04   -0.154686944315776E-02
   -0.112127809239220E-03   -0.156262260075210E-02
   -0.226469591043460E-03   -0.151882629401649E-02
   -0.322935860130812E-03   -0.142379282047354E-02
   -0.397903445141928E-03   -0.128592640660431E-02
   -0.446930802685898E-03   -0.111652233765784E-02
   -0.467904526756006E-03   -0.926702204294689E-03
   -0.458963853623398E-03   -0.729252781607571E-03
   -0.420582911196752E-03   -0.536502752448653E-03
   -0.355203335175944E-03   -0.360197623570932E-03
   -0.267979718852050E-03   -0.211184735592743E-03
   -0.168382441031874E-03   -0.964364266495019E-04
   -0.721386348258191E-04   -0.250282041835402E-04
    0.000000000000000E+00    0.000000000000000E+00
    0.000000000000000E+00    0.000000000000000E+00
    0.279443325188766E-01    0.225055055179340E-02
    0.494606528783770E-01    0.771407202735624E-02
    0.634828921026105E-01    0.151867205967196E-01
    0.698571609455514E-01    0.226366486546773E-01
    0.687788189075686E-01    0.293259854284240E-01
    0.616971119790438E-01    0.335565908747274E-01
    0.509316385394616E-01    0.347984152965941E-01
    0.390168599858431E-01    0.332925755841122E-01
    0.282229501224425E-01    0.294689992335267E-01
    0.197941045420693E-01    0.248171033130609E-01
    0.138250793816623E-01    0.200740065978399E-01
    0.968797937860046E-02    0.160341155508568E-01
    0.700094337086970E-02    0.126141464680064E-01
    0.527511147384766E-02    0.986999430286542E-02
    0.408016919652341E-02    0.775416928131995E-02
    0.325875302221579E-02    0.595772611927191E-02
    0.268020309049870E-02    0.445810184101559E-02
    0.225963247447827E-02    0.321933953482620E-02
    0.193124633813276E-02    0.219251791895828E-02
    0.166068539606786E-02    0.131335854491061E-02
    0.141588777107103E-02    0.575243106070989E-03
    0.118575833878340E-02   -0.475076807705918E-04
    0.959836877156287E-03   -0.557949625653404E-03
    0.736265566497336E-03   -0.968982851415624E-03
    0.513196548641417E-03   -0.128118137708424E-02
    0.294652599471798E-03   -0.150340915042258E-02
    0.837708478365148E-04   -0.163757637991798E-02
   -0.112544348857589E-03   -0.169246669847150E-02
   -0.289137740646645E-03   -0.167341460923551E-02
   -0.438543111699888E-03   -0.159146967676050E-02
   -0.555845363796616E-03   -0.145572376187155E-02
   -0.635088275913821E-03   -0.127975559662649E-02
   -0.673429332047748E-03   -0.107564422097895E-02
   -0.668394256627889E-03   -0.858240671636490E-03
   -0.620866288454532E-03   -0.641086994073232E-03
   -0.533967467198091E-03   -0.437878237546660E-03
   -0.414324019679498E-03   -0.261725327539092E-03
   -0.273633569342358E-03   -0.122071972884708E-03
   -0.127832056467468E-03   -0.324396208561093E-04
    0.000000000000000E+00    0.000000000000000E+00
    0.000000000000000E+00    0.000000000000000E+00
    0.240291672897944E-01    0.199498026873699E-02
    0.430107563609288E-01    0.702427021958662E-02
    0.561127649523326E-01    0.138379147340256E-01
    0.627138131957986E-01    0.208846085066121E-01
    0.633109920209170E-01    0.271631379134734E-01
    0.586967020609395E-01    0.314932635514578E-01
    0.507225701980750E-01    0.334376528024600E-01
    0.413388696465451E-01    0.329172434664452E-01
    0.320638557408724E-01    0.303996522199081E-01
    0.241623738330168E-01    0.268012500489815E-01
    0.179728934535465E-01    0.226889280835284E-01
    0.133942326809655E-01    0.188626085698983E-01
    0.101203511397223E-01    0.154613491822860E-01
    0.785663291807016E-02    0.124832810115456E-01
    0.623276946258234E-02    0.100004868185790E-01
    0.504609935514710E-02    0.787605551607595E-02
    0.417837412471003E-02    0.607896587136488E-02
    0.352276033800767E-02    0.456216799906631E-02
    0.300319175293100E-02    0.328701596039813E-02
    0.256930318958833E-02    0.218891173850968E-02
    0.218403763737785E-02    0.125897059228509E-02
    0.182651173837373E-02    0.473548016455138E-03
    0.148379880220503E-02   -0.175456517392593E-03
    0.115015717508110E-02   -0.702643837912971E-03
    0.823506160982759E-03   -0.111213192669561E-02
    0.506881922140037E-03   -0.141334318423425E-02
    0.204617767942470E-03   -0.161121499102224E-02
   -0.756319388047497E-04   -0.171497699442602E-02
   -0.327009017355913E-03   -0.173243931133470E-02
   -0.540592358384877E-03   -0.167501607544641E-02
   -0.709956789876338E-03   -0.155392943857031E-02
   -0.827776350384075E-03   -0.138312816444133E-02
   -0.890499119121872E-03   -0.117661834940954E-02
   -0.894861511805181E-03   -0.949875101809043E-03
   -0.842375783979440E-03   -0.718213681279461E-03
   -0.735926178668017E-03   -0.496822453276456E-03
   -0.584452416437494E-03   -0.300544379390624E-03
   -0.398784947749169E-03   -0.142500790054934E-03
   -0.197590887089930E-03   -0.379487651040458E-04
    0.000000000000000E+00    0.000000000000000E+00
    0.000000000000000E+00    0.000000000000000E+00
    0.204606888262474E-01    0.171228709677601E-02
    0.372438578306215E-01    0.608251592378030E-02
    0.492679290009516E-01    0.122052798476713E-01
    0.561590230798038E-01    0.185910368705387E-01
    0.579438804805233E-01    0.245159994237019E-01
    0.554093059904223E-01    0.288678267944864E-01
    0.497188735208843E-01    0.312978611054058E-01
    0.423642232258874E-01    0.316649735229866E-01
    0.346756620122218E-01    0.301692592601925E-01
    0.275849515161540E-01    0.275598128622074E-01
    0.216851431930518E-01    0.242087287250686E-01
    0.169879934203112E-01    0.208080952988809E-01
    0.133786646556608E-01    0.175779159087645E-01
    0.106603765741570E-01    0.146040658184375E-01
    0.862540665897923E-02    0.119586517512525E-01
    0.709151009612224E-02    0.965195940428600E-02
    0.593042036366495E-02    0.764586592094695E-02
    0.502921499774233E-02    0.591389550779607E-02
    0.429368146773420E-02    0.443160340512338E-02
    0.367160174508728E-02    0.314588110868370E-02
    0.311969155637500E-02    0.204564620889471E-02
    0.261299090328433E-02    0.110989762379136E-02
    0.213225467478544E-02    0.329706804692383E-03
    0.167040603127648E-02   -0.311875864385719E-03
    0.122269870134923E-02   -0.818933918911685E-03
    0.792889335497123E-03   -0.120348133043440E-02
    0.385024927085579E-03   -0.147050963324753E-02
    0.830009769968449E-05   -0.163159124980853E-02
   -0.329483064264027E-03   -0.169452962586061E-02
   -0.617715437857370E-03   -0.167252513541626E-02
   -0.848599168676860E-03   -0.157695908284951E-02
   -0.101359462675605E-02   -0.142306781478179E-02
   -0.110804454489091E-02   -0.122535808081658E-02
   -0.112837239917106E-02   -0.100031727304397E-02
   -0.107556549546516E-02   -0.764431181131168E-03
   -0.953296358270767E-03   -0.533976596909328E-03
   -0.770097092858624E-03   -0.326215008174893E-03
   -0.538347260497790E-03   -0.155962345177212E-03
   -0.274920799504484E-03   -0.421318713522140E-04
    0.000000000000000E+00    0.000000000000000E+00
    0.000000000000000E+00    0.000000000000000E+00
    0.174774968725999E-01    0.145065733036410E-02
    0.321685177214172E-01    0.523319531138355E-02
    0.432515734764752E-01    0.105312295513263E-01
    0.501105550948432E-01    0.162681910919792E-01
    0.528733246718288E-01    0.216873641737869E-01
    0.518955177491163E-01    0.259466828650886E-01
    0.481167673623471E-01    0.286734960252073E-01
    0.425899420066302E-01    0.296781425062689E-01
    0.363319572362061E-01    0.290887956393198E-01
    0.302316451064255E-01    0.273549696648848E-01
    0.247404082418240E-01    0.248207469867453E-01
    0.201534346557918E-01    0.219550553766601E-01
    0.164084425294809E-01    0.190217737921539E-01
    0.134368645710857E-01    0.161901855984408E-01
    0.111129123914583E-01    0.135568527572021E-01
    0.929128194204363E-02    0.111849501544564E-01
    0.785736512143682E-02    0.907764531704425E-02
    0.670897943568142E-02    0.720678756334100E-02
    0.575465759215123E-02    0.557243625033855E-02
    0.493410182190237E-02    0.413938562307277E-02
    0.420325450248442E-02    0.290056998615470E-02
    0.353168421966971E-02    0.183615437498302E-02
    0.289847923775755E-02    0.938804897240590E-03
    0.229340170801590E-02    0.191896637384401E-03
    0.171160155851453E-02   -0.409406154307182E-03
    0.115579381258852E-02   -0.876712138466021E-03
    0.630950082703772E-03   -0.121648289237693E-02
    0.146879508856025E-03   -0.144014320900279E-02
   -0.287274345082178E-03   -0.155678426993818E-02
   -0.659444977219143E-03   -0.157936336362914E-02
   -0.960709061000593E-03   -0.152023297094684E-02
   -0.118085436918748E-02   -0.139453330934314E-02
   -0.131483139809849E-02   -0.121744584741254E-02
   -0.135756171126410E-02   -0.100585528044386E-02
   -0.131065955064938E-02   -0.776810932063671E-03
   -0.117640416479703E-02   -0.548008625751852E-03
   -0.964822610409715E-03   -0.337430915032471E-03
   -0.686368540780000E-03   -0.162841489641108E-03
   -0.359157672895469E-03   -0.439777327047207E-04
    0.000000000000000E+00    0.000000000000000E+00
    0.000000000000000E+00    0.000000000000000E+00
    0.149252552438544E-01    0.120027821891925E-02
    0.278504923478944E-01    0.438065181240608E-02
    0.379211194515649E-01    0.896358297000213E-02
    0.447126356774078E-01    0.140092493769877E-01
    0.480802559802928E-01    0.189557616456444E-01
    0.483488728510484E-01    0.230328281409813E-01
    0.460860211686467E-01    0.259232246457026E-01
    0.421037073104212E-01    0.273986118702870E-01
    0.372047837535202E-01    0.274910628867082E-01
    0.320697719539041E-01    0.265010571141935E-01
    0.272005045902123E-01    0.246712004929869E-01
    0.228555082822708E-01    0.223756376293892E-01
    0.191561061039899E-01    0.198337602794263E-01
    0.160770521819098E-01    0.172670269066909E-01
    0.135759470696111E-01    0.147691847550013E-01
    0.115437583666208E-01    0.124430134243848E-01
    0.988357148144217E-02    0.103153517683761E-01
    0.850795802124985E-02    0.838675900169350E-02
    0.734002245768570E-02    0.666301058240183E-02
    0.632125815203668E-02    0.513440410823685E-02
    0.540651103231281E-02    0.379355124954181E-02
    0.456373277865256E-02    0.262864247488175E-02
    0.376905767448092E-02    0.163365343787976E-02
    0.301202709423706E-02    0.794902501387414E-03
    0.228671909258369E-02    0.107673247976866E-03
    0.159637441761677E-02   -0.439135305878893E-03
    0.945961847627554E-03   -0.851681401854271E-03
    0.346476820665170E-03   -0.114179011336867E-02
   -0.191924095169109E-03   -0.131807992035105E-02
   -0.655861412418749E-03   -0.139383501711316E-02
   -0.103490744984099E-02   -0.138099972008943E-02
   -0.131792283343899E-02   -0.129475018810753E-02
   -0.149831793278730E-02   -0.115016001431169E-02
   -0.157076205998663E-02   -0.963979232479564E-03
   -0.153544051127400E-02   -0.753800463433770E-03
   -0.139508316008787E-02   -0.537350782965917E-03
   -0.115809931169332E-02   -0.334146044949672E-03
   -0.835736120566146E-03   -0.162466891395019E-03
   -0.443859707126481E-03   -0.444560114886589E-04
    0.000000000000000E+00    0.000000000000000E+00
    0.000000000000000E+00    0.000000000000000E+00
    0.128183986661632E-01    0.100100627955089E-02
    0.241501579975851E-01    0.368941342333882E-02
    0.333436625586391E-01    0.757477292108888E-02
    0.398817178176107E-01    0.119927401037242E-01
    0.436904577947486E-01    0.164141297650285E-01
    0.448496713507776E-01    0.202462690070785E-01
    0.438076158047953E-01    0.231698310807914E-01
    0.411212839577988E-01    0.249469021595576E-01
    0.373930949173815E-01    0.255707779122679E-01
    0.332228640198080E-01    0.251875664993364E-01
    0.290052531121088E-01    0.239837528640857E-01
    0.250654516675694E-01    0.222365864755326E-01
    0.215396228768669E-01    0.201349398748692E-01
    0.184914103390890E-01    0.178933633739861E-01
    0.159052126418233E-01    0.156236615258595E-01
    0.137348572361152E-01    0.134254530803337E-01
    0.119024286572440E-01    0.113553326063693E-01
    0.103408856001896E-01    0.943498977080203E-02
    0.898612906583645E-02    0.768533008386639E-02
    0.778389925927120E-02    0.610868465994834E-02
    0.669224047340005E-02    0.470766137892064E-02
    0.567960378438696E-02    0.347297715156504E-02
    0.472324699836047E-02    0.240402928007232E-02
    0.381159998361158E-02    0.149014347252355E-02
    0.293970991815680E-02    0.728108642122586E-03
    0.211057268725425E-02    0.108112685455236E-03
    0.133027132300116E-02   -0.375610465539930E-03
    0.610539621109242E-03   -0.733823097414622E-03
   -0.372799060603666E-04   -0.975018574723682E-03
   -0.598334080088776E-03   -0.111145661631575E-02
   -0.106130675673563E-02   -0.115474494433761E-02
   -0.141319620805941E-02   -0.111924076436286E-02
   -0.164708427568955E-02   -0.101937229855553E-02
   -0.175564105066406E-02   -0.871532737768645E-03
   -0.173933481884894E-02   -0.692558000240040E-03
   -0.159874030939485E-02   -0.500654175501953E-03
   -0.134294319867031E-02   -0.314762102860269E-03
   -0.980643055569894E-03   -0.154744245737615E-03
   -0.528229310396174E-03   -0.423917173035806E-04
    0.000000000000000E+00    0.000000000000000E+00
    0.000000000000000E+00    0.000000000000000E+00
    0.110588043925304E-01    0.820270883584666E-03
    0.210578869551640E-01    0.306038291423473E-02
    0.293840441110468E-01    0.637260833692789E-02
    0.356597202797023E-01    0.102021499892561E-01
    0.396788448792493E-01    0.141518597408609E-01
    0.415152344852775E-01    0.176984097216808E-01
    0.414065691624156E-01    0.205754780635891E-01
    0.397763805077746E-01    0.225333837348834E-01
    0.370792344670244E-01    0.235267634323475E-01
    0.337760592777182E-01    0.236248662535053E-01
    0.302497983541102E-01    0.229437684035296E-01
    0.267722192039672E-01    0.216970560105991E-01
    0.235355809061477E-01    0.200345888262340E-01
    0.206152304582653E-01    0.181488318192664E-01
    0.180472978965671E-01    0.161502288692441E-01
    0.158083899489232E-01    0.141452422631971E-01
    0.138625933134055E-01    0.121957333098488E-01
    0.121575694971714E-01    0.103486364758106E-01
    0.106470317468293E-01    0.862804772253135E-02
    0.928359211850158E-02    0.705259957816262E-02
    0.802939341706357E-02    0.562943109506804E-02
    0.685610335780799E-02    0.435819123298660E-02
    0.574298267176311E-02    0.324039117508555E-02
    0.468002492338812E-02    0.227081489404091E-02
    0.366275914253196E-02    0.144726517701918E-02
    0.269535091979988E-02    0.762208196761283E-03
    0.178444939939229E-02    0.211032581780777E-03
    0.943046373698287E-03   -0.215829774636499E-03
    0.183643905152927E-03   -0.525704596913351E-03
   -0.477811699332934E-03   -0.729804863322703E-03
   -0.102842965129150E-02   -0.838537007366783E-03
   -0.145446836228260E-02   -0.864988991785257E-03
   -0.174718368055975E-02   -0.822522793720717E-03
   -0.189892283600536E-02   -0.726079298246976E-03
   -0.190812699682155E-02   -0.591826202533639E-03
   -0.177534839500393E-02   -0.436647901569051E-03
   -0.150731430590330E-02   -0.279508602781155E-03
   -0.111276791913378E-02   -0.139388272088031E-03
   -0.605464043834802E-03   -0.389696367181786E-04
    0.000000000000000E+00    0.000000000000000E+00
    0.000000000000000E+00    0.000000000000000E+00
    0.960190494164672E-02    0.684407470168918E-03
    0.184296306013932E-01    0.256835921394855E-02
    0.260059033674496E-01    0.536642889841272E-02
    0.319349069874574E-01    0.868445344235745E-02
    0.360676848850968E-01    0.121709290857767E-01
    0.383541480096219E-01    0.154192416206156E-01
    0.389775857891831E-01    0.181768041277428E-01
    0.382053092906882E-01    0.202156144655435E-01
    0.363836178523089E-01    0.214643698076252E-01
    0.338839680749614E-01    0.219325602841980E-01
    0.310100688238058E-01    0.216924295942867E-01
    0.280372848753332E-01    0.208905225593994E-01
    0.251304770425593E-01    0.196495615074902E-01
    0.224143750916220E-01    0.181252548646041E-01
    0.199305425708143E-01    0.164241451054251E-01
    0.176972937437406E-01    0.146502590159940E-01
    0.156960982380481E-01    0.128711146089657E-01
    0.138979778326629E-01    0.111434301177119E-01
    0.122681345957161E-01    0.950140757790245E-02
    0.107714969213664E-01    0.796841213192606E-02
    0.937638600173822E-02    0.656080260450739E-02
    0.805886555768817E-02    0.528338914120983E-02
    0.680205238874293E-02    0.414261217949940E-02
    0.559725775357302E-02    0.313671312580563E-02
    0.444227558666403E-02    0.226611170274112E-02
    0.334202064993781E-02    0.152532380775427E-02
    0.230478359633832E-02    0.911278479088684E-03
    0.134446487588494E-02    0.416368595763568E-03
    0.474786007223625E-03    0.344999458204655E-04
   -0.286928572955358E-03   -0.243706976793146E-03
   -0.927012439173889E-03   -0.427105488339151E-03
   -0.142994491593376E-02   -0.527013855361997E-03
   -0.178660130657624E-02   -0.554786716280324E-03
   -0.198722512543554E-02   -0.523812244556143E-03
   -0.203009524690227E-02   -0.447984758109495E-03
   -0.191326630667539E-02   -0.343139435259733E-03
   -0.164328787287189E-02   -0.226088765482449E-03
   -0.122588067805168E-02   -0.115609320593242E-03
   -0.674467728378280E-03   -0.326919126988628E-04
    0.000000000000000E+00    0.000000000000000E+00
    0.000000000000000E+00    0.000000000000000E+00
    0.839143082315683E-02    0.563606666433952E-03
    0.162360655566377E-01    0.213910927048799E-02
    0.231073516669263E-01    0.452135490739262E-02
    0.287046393791560E-01    0.738779565463058E-02
    0.328246932738355E-01    0.104712722690007E-01
    0.354292468433898E-01    0.134238781491781E-01
    0.365886263567111E-01    0.160350587982438E-01
    0.365023863294222E-01    0.180877910507339E-01
    0.354166616256414E-01    0.194998079864816E-01
    0.336161907315222E-01    0.202441238600904E-01
    0.313639238838393E-01    0.203568964333132E-01
    0.288833204035518E-01    0.199362043318740E-01
    0.263507954606921E-01    0.190754858748316E-01
    0.238789362238848E-01    0.179006776136940E-01
    0.215433268806854E-01    0.165045682087638E-01
    0.193700848644582E-01    0.149863676084197E-01
    0.173693343898767E-01    0.134111458682449E-01
    0.155239579265617E-01    0.118412969345330E-01
    0.138150862627324E-01    0.103147091692848E-01
    0.122166139007343E-01    0.886184208515576E-02
    0.107062618453194E-01    0.750268322414491E-02
    0.926554748460887E-02    0.624910354395820E-02
    0.788188992282073E-02    0.510984616889491E-02
    0.654982481116273E-02    0.408748686669862E-02
    0.526873940812872E-02    0.318457210167488E-02
    0.404571620857384E-02    0.239806430759723E-02
    0.289011158562098E-02    0.172683359473352E-02
    0.181731759399998E-02    0.116513031897202E-02
    0.842147102150351E-03    0.708829019126524E-03
   -0.171225421769350E-04    0.350468421723816E-03
   -0.745453275203235E-03    0.833560995949324E-04
   -0.132677603701344E-02   -0.101436495163525E-03
   -0.175024206413946E-02   -0.212938146672370E-03
   -0.200572691472483E-02   -0.261723877458399E-03
   -0.208935212887449E-02   -0.259319644759298E-03
   -0.199864417415223E-02   -0.218692132595582E-03
   -0.173739233102230E-02   -0.154601341486258E-03
   -0.131041005498645E-02   -0.833748925439354E-04
   -0.727860733628387E-03   -0.248933735717454E-04
    0.000000000000000E+00    0.000000000000000E+00
    0.000000000000000E+00    0.000000000000000E+00
    0.737747675017586E-02    0.474702828530923E-03
    0.143664110818308E-01    0.180713678013844E-02
    0.206269080533457E-01    0.383140812805477E-02
    0.258674113675041E-01    0.631543226572663E-02
    0.299304312170748E-01    0.902968530980585E-02
    0.327193442674026E-01    0.117028479751473E-01
    0.342851008238448E-01    0.141437447161383E-01
    0.347367703841144E-01    0.161633172330479E-01
    0.342596791323926E-01    0.176717420153284E-01
    0.330706716560553E-01    0.186187311273749E-01
    0.313739543111826E-01    0.190157203042741E-01
    0.293731285573863E-01    0.189203334398733E-01
    0.272137821178757E-01    0.184008705802884E-01
    0.250222551244666E-01    0.175556608588745E-01
    0.228696779590154E-01    0.164623623913848E-01
    0.208057274036885E-01    0.152102320894523E-01
    0.188472475401869E-01    0.138608090837667E-01
    0.169976307727367E-01    0.124750000575817E-01
    0.152464895489245E-01    0.110935651810561E-01
    0.135802007607421E-01    0.975015788092990E-02
    0.119840419214729E-01    0.846830296241321E-02
    0.104456117800077E-01    0.726406613999149E-02
    0.895752577517356E-02    0.614902914158409E-02
    0.751713160571681E-02    0.512868864076499E-02
    0.612718282092803E-02    0.420766466420409E-02
    0.479596212953815E-02    0.338557064467750E-02
    0.353502313384730E-02    0.266279535500219E-02
    0.236052407633016E-02    0.203609899426922E-02
    0.128856459954050E-02    0.150307882573707E-02
    0.338314301762023E-03    0.105881766096150E-02
   -0.474540035977791E-03    0.699058052000085E-03
   -0.113274368252924E-02    0.417655483782992E-03
   -0.162508426792380E-02    0.208872057601313E-03
   -0.193983143833573E-02    0.651343626832483E-04
   -0.207254699078694E-02   -0.211376167799200E-04
   -0.201846096273482E-02   -0.599052672582442E-04
   -0.178020925435921E-02   -0.618935305817839E-04
   -0.135925680261583E-02   -0.409798431369607E-04
   -0.764039229128356E-03   -0.136886102739950E-04
    0.000000000000000E+00    0.000000000000000E+00
    0.000000000000000E+00    0.000000000000000E+00
    0.652934365457291E-02    0.396118388617177E-03
    0.127921920552447E-01    0.152334660671800E-02
    0.184927132769454E-01    0.325999538661740E-02
    0.234021476622682E-01    0.541764386106670E-02
    0.273457103573010E-01    0.781908403151136E-02
    0.302446897459699E-01    0.102367295896998E-01
    0.320909984976972E-01    0.125110638178488E-01
    0.329619096576106E-01    0.144714723574234E-01
    0.329785904836580E-01    0.160295562737191E-01
    0.323044234600553E-01    0.171222065026094E-01
    0.311054875853146E-01    0.177421063594548E-01
    0.295428859493052E-01    0.179188438432388E-01
    0.277558751149811E-01    0.176989101718971E-01
    0.258517734673094E-01    0.171560236191375E-01
    0.239138199687123E-01    0.163539215011130E-01
    0.219905675278636E-01    0.153679614945781E-01
    0.201151501267046E-01    0.142548558940383E-01
    0.182974161960698E-01    0.130707748952254E-01
    0.165410700052749E-01    0.118565816166212E-01
    0.148399545762109E-01    0.106467832780448E-01
    0.131884169490878E-01    0.946673260643621E-02
    0.115801801904235E-01    0.833455177810741E-02
    0.100123213214237E-01    0.726437437264343E-02
    0.848658619396645E-02    0.626321775783746E-02
    0.700782274628556E-02    0.533826717570107E-02
    0.558719153107791E-02    0.449042426916419E-02
    0.423716991413043E-02    0.372257038998581E-02
    0.297556565590445E-02    0.303286414858288E-02
    0.181901545544159E-02    0.242161130278012E-02
    0.787411302117993E-03    0.188597402073614E-02
   -0.102913147799531E-03    0.142481504717780E-02
   -0.834543932595022E-03    0.103510460189216E-02
   -0.139527908638485E-02    0.714844917311544E-03
   -0.177320951043057E-02    0.460525064136499E-03
   -0.196227358296055E-02    0.269014971231978E-03
   -0.195676839944189E-02    0.134879095220708E-03
   -0.175660877756441E-02    0.521433843657471E-04
   -0.136110889147493E-02    0.111321204529425E-04
   -0.774627611147173E-03   -0.692891605194858E-06
    0.000000000000000E+00    0.000000000000000E+00
    0.000000000000000E+00    0.000000000000000E+00
    0.580708659992880E-02    0.338813628002109E-03
    0.114365947107487E-01    0.130483449383014E-02
    0.166473664433240E-01    0.280004076475966E-02
    0.212269065006387E-01    0.468650642786881E-02
    0.250346987886898E-01    0.681423482724857E-02
    0.279674135510458E-01    0.900398423813117E-02
    0.300133690717380E-01    0.111153504215219E-01
    0.311997339495611E-01    0.130020001938558E-01
    0.316149331531215E-01    0.145777673082776E-01
    0.313750636514849E-01    0.157741862435907E-01
    0.306073697540964E-01    0.165713394791466E-01
    0.294480167831714E-01    0.169776404145723E-01
    0.280091681295564E-01    0.170215261573735E-01
    0.263963865260441E-01    0.167559861175952E-01
    0.246816372119322E-01    0.162299997239600E-01
    0.229244030808906E-01    0.155062973067198E-01
    0.211579291677770E-01    0.146329973406600E-01
    0.194049695770369E-01    0.136619635992500E-01
    0.176748853012649E-01    0.126301211003976E-01
    0.159712511863551E-01    0.115726011260215E-01
    0.142949525129259E-01    0.105134760396552E-01
    0.126456422024755E-01    0.947292036144910E-02
    0.110258334336066E-01    0.846489764999650E-02
    0.944006747320190E-02    0.749898012164259E-02
    0.789719231698540E-02    0.658242874068576E-02
    0.640923289126545E-02    0.571883520495236E-02
    0.499118017865203E-02    0.491158294150379E-02
    0.366085371002229E-02    0.416152976054336E-02
    0.243612309423683E-02    0.347042065252731E-02
    0.133662985202589E-02    0.283845784799133E-02
    0.379047241120615E-03    0.226729949850208E-02
   -0.419390851181841E-03    0.175758889164153E-02
   -0.104640316554095E-02    0.131168105006714E-02
   -0.148986370473687E-02    0.930592185830408E-03
   -0.174297621755679E-02    0.616896942035492E-03
   -0.179878917451659E-02    0.370471383866063E-03
   -0.165499081816516E-02    0.191616614692623E-03
   -0.130764644761896E-02    0.759730537079404E-04
   -0.757203502761066E-03    0.165240004862011E-04
    0.000000000000000E+00    0.000000000000000E+00
    0.000000000000000E+00    0.000000000000000E+00
    0.519367499655547E-02    0.288396360121932E-03
    0.102765608291410E-01    0.112064997831161E-02
    0.150414270119938E-01    0.242301971603327E-02
    0.193167590158853E-01    0.408357822442858E-02
    0.229604611345358E-01    0.598435545691023E-02
    0.258864764092410E-01    0.797644794134236E-02
    0.280536397844906E-01    0.994193961637602E-02
    0.294760219971023E-01    0.117529726313011E-01
    0.302031130660771E-01    0.133286651771106E-01
    0.303196117395824E-01    0.146000956826961E-01
    0.299229754087265E-01    0.155383855428438E-01
    0.291184532190910E-01    0.161376966409518E-01
    0.280053651080614E-01    0.164122894431739E-01
    0.266701956246154E-01    0.163972215860312E-01
    0.251862282656993E-01    0.161296686478983E-01
    0.236065603043287E-01    0.156580963502355E-01
    0.219728322178299E-01    0.150238826700421E-01
    0.203096129532652E-01    0.142703190919374E-01
    0.186353492717846E-01    0.134320605044976E-01
    0.169589131121084E-01    0.125397267266529E-01
    0.152877587940043E-01    0.116180086587856E-01
    0.136272381898243E-01    0.106845678652675E-01
    0.119836413165333E-01    0.975530823750363E-02
    0.103661642096885E-01    0.883831014802386E-02
    0.878515830965329E-02    0.794325763390896E-02
    0.725579393925369E-02    0.707287533191519E-02
    0.579307630658155E-02    0.623330915921439E-02
    0.441641674542478E-02    0.542543055429245E-02
    0.314303556034266E-02    0.465416390910333E-02
    0.199279333788594E-02    0.392117619010667E-02
    0.981543802484456E-03    0.323203346342576E-02
    0.125876404471118E-03    0.259066468028344E-02
   -0.562553744393328E-03    0.200456236873819E-02
   -0.107214035181868E-02    0.147980684720181E-02
   -0.139596396670786E-02    0.102578747795226E-02
   -0.152608899503355E-02    0.648620573166137E-03
   -0.145830612514760E-02    0.356799708201520E-03
   -0.118506706369676E-02    0.152179321642596E-03
   -0.702061013610305E-03    0.359150940840146E-04
    0.000000000000000E+00    0.000000000000000E+00
    0.000000000000000E+00    0.000000000000000E+00
    0.465996327489128E-02    0.252028206575364E-03
    0.926036959910075E-02    0.979746777196608E-03
    0.136287444884861E-01    0.212351329821312E-02
    0.176095900037064E-01    0.359966257790028E-02
    0.210855736971827E-01    0.530872626526669E-02
    0.239619887324037E-01    0.713188566480435E-02
    0.262007305566108E-01    0.896694984362153E-02
    0.277888805369117E-01    0.107047608330566E-01
    0.287593587477975E-01    0.122705326114084E-01
    0.291661662208159E-01    0.135970292320269E-01
    0.290819788718340E-01    0.146508464508783E-01
    0.285907280752246E-01    0.154154337069165E-01
    0.277703969756438E-01    0.158940244731638E-01
    0.266997844325945E-01    0.161076523546997E-01
    0.254401163883557E-01    0.160811970358270E-01
    0.240468563701500E-01    0.158524701507992E-01
    0.225585897082067E-01    0.154526019250927E-01
    0.210064545090823E-01    0.149193880315581E-01
    0.194114766897731E-01    0.142802244790542E-01
    0.177889952335250E-01    0.135641732251155E-01
    0.161513600333119E-01    0.127910338173293E-01
    0.145081804378503E-01    0.119792816070618E-01
    0.128708496548989E-01    0.111413293675592E-01
    0.112502882391064E-01    0.102872115192969E-01
    0.966093752416827E-02    0.942413451175109E-02
    0.811775385592802E-02    0.855714214678395E-02
    0.663829903549398E-02    0.769108205503892E-02
    0.524051135698372E-02    0.682944401389252E-02
    0.394258077307616E-02    0.597748037317990E-02
    0.276216451653298E-02    0.514005095844645E-02
    0.171481826670367E-02    0.432523169644781E-02
    0.814573939245326E-03    0.354122710567624E-02
    0.723919643021455E-04    0.280058077919849E-02
   -0.502541060511979E-03    0.211533874560803E-02
   -0.902891730687493E-03    0.150237787182264E-02
   -0.112185651150015E-02    0.975736321786958E-03
   -0.115202543713949E-02    0.552867925148020E-03
   -0.983677755831376E-03    0.244640043873055E-03
   -0.605542429553459E-03    0.606386829564830E-04
    0.000000000000000E+00    0.000000000000000E+00
    0.000000000000000E+00    0.000000000000000E+00
    0.419624724468750E-02    0.220264198054973E-03
    0.837056310027624E-02    0.862778365772199E-03
    0.123756664823787E-01    0.188113932198809E-02
    0.160828390386583E-01    0.320712712219189E-02
    0.193790478416507E-01    0.476076138471500E-02
    0.221839521950945E-01    0.644351802173956E-02
    0.244454966486698E-01    0.816872173030068E-02
    0.261469480174372E-01    0.984254046931830E-02
    0.272981931360400E-01    0.113961523283905E-01
    0.279357344848181E-01    0.127667215920683E-01
    0.281110426502178E-01    0.139172553606832E-01
    0.278870739303544E-01    0.148252570964247E-01
    0.273291634139710E-01    0.154850653523258E-01
    0.265001449710326E-01    0.159063659933385E-01
    0.254578648527936E-01    0.161047397121915E-01
    0.242499692376183E-01    0.161062148712095E-01
    0.229176720190357E-01    0.159352515414058E-01
    0.214912451230400E-01    0.156199315923924E-01
    0.199964199171646E-01    0.151843360493643E-01
    0.184517540162793E-01    0.146502198265828E-01
    0.168737043915473E-01    0.140367155815987E-01
    0.152765653725679E-01    0.133568048215858E-01
    0.136739503038396E-01    0.126238982752012E-01
    0.120811863334873E-01    0.118436638346175E-01
    0.105128518228491E-01    0.110252903866486E-01
    0.898701408400948E-02    0.101703975659122E-01
    0.751976390541680E-02    0.928644733779345E-02
    0.613032449368642E-02    0.837487692375834E-02
    0.483435708964864E-02    0.744420681578930E-02
    0.364887388824602E-02    0.649931973498368E-02
    0.258627226392488E-02    0.555267377101587E-02
    0.165851165402059E-02    0.461523192918779E-02
    0.873189895056564E-03    0.370588320537047E-02
    0.237402608699700E-03    0.284235693560423E-02
   -0.244267872121874E-03    0.205090051816221E-02
   -0.564768932545285E-03    0.135353307204471E-02
   -0.716973509122472E-03    0.780234832534092E-03
   -0.686151587740974E-03    0.350474757616397E-03
   -0.456314613376902E-03    0.880356918014415E-04
    0.000000000000000E+00    0.000000000000000E+00
    0.000000000000000E+00    0.000000000000000E+00
    0.378189568965934E-02    0.197770696398999E-03
    0.757270686751421E-02    0.774420997399245E-03
    0.112475841548848E-01    0.169184123504484E-02
    0.146913200842299E-01    0.289768983572780E-02
    0.178085065455993E-01    0.432420996190879E-02
    0.205171825520085E-01    0.589153266114026E-02
    0.227705766788628E-01    0.752487761410779E-02
    0.245377819300705E-01    0.914393713523140E-02
    0.258211807810056E-01    0.106866341000906E-01
    0.266380684627155E-01    0.120940537803175E-01
    0.270250508425152E-01    0.133288323655501E-01
    0.270289076484161E-01    0.143637721613774E-01
    0.266999010962657E-01    0.151870122602953E-01
    0.260920316760360E-01    0.157995181217344E-01
    0.252527814435631E-01    0.162077388139924E-01
    0.242280240896704E-01    0.164294612268905E-01
    0.230546891616274E-01    0.164796779729409E-01
    0.217654226074406E-01    0.163810450000448E-01
    0.203866229369784E-01    0.161491588376047E-01
    0.189401864703046E-01    0.158034699324501E-01
    0.174461316007478E-01    0.153558424986363E-01
    0.159209620731016E-01    0.148192590963641E-01
    0.143827596597496E-01    0.142009388486549E-01
    0.128470902527138E-01    0.135078093407551E-01
    0.113324467444885E-01    0.127439272192564E-01
    0.985509957320951E-02    0.119127613589204E-01
    0.843358432200512E-02    0.110180364944304E-01
    0.708357582443781E-02    0.100634285925942E-01
    0.582122839380025E-02    0.905584579931853E-02
    0.465857571699716E-02    0.800309150995454E-02
    0.360665251029469E-02    0.691904910134060E-02
    0.267127328220700E-02    0.581913247665916E-02
    0.185782833696822E-02    0.472744531443621E-02
    0.116668896511744E-02    0.366886917471857E-02
    0.601632573783843E-03    0.267888651176917E-02
    0.164185747238163E-03    0.179031173393516E-02
   -0.134860822404343E-03    0.104534836026605E-02
   -0.281510043426721E-03    0.477252847482233E-03
   -0.248959530376110E-03    0.122231658345189E-03
    0.000000000000000E+00    0.000000000000000E+00
    0.000000000000000E+00    0.000000000000000E+00
    0.341128313843194E-02    0.178369236908523E-03
    0.685399363333465E-02    0.702519772806795E-03
    0.102217602948195E-01    0.154136500841942E-02
    0.134169387030402E-01    0.265172745991910E-02
    0.163498910336985E-01    0.397775723199762E-02
    0.189498796717280E-01    0.545286523156790E-02
    0.211639976886759E-01    0.701295817083979E-02
    0.229619000045898E-01    0.858926229991277E-02
    0.243325599589539E-01    0.101252188421620E-01
    0.252843474417081E-01    0.115673764137850E-01
    0.258395022422029E-01    0.128776659806693E-01
    0.260316511576063E-01    0.140272764635288E-01
    0.259005566606378E-01    0.149991933174497E-01
    0.254884846727714E-01    0.157876680563253E-01
    0.248379549216933E-01    0.163924877502295E-01
    0.239877776904627E-01    0.168225426713301E-01
    0.229744208263468E-01    0.170870753665747E-01
    0.218285748651686E-01    0.171998276422919E-01
    0.205784217957768E-01    0.171726986613336E-01
    0.192477060029864E-01    0.170171020003621E-01
    0.178582960402442E-01    0.167433231319208E-01
    0.164305140211261E-01    0.163571595564063E-01
    0.149829466915088E-01    0.158659154500879E-01
    0.135352581914041E-01    0.152699285959385E-01
    0.121045474950009E-01    0.145744634618818E-01
    0.107100979674442E-01    0.137770485887230E-01
    0.936713764781344E-02    0.128834244234010E-01
    0.809222964313779E-02    0.118925668809318E-01
    0.689653536645016E-02    0.108142808441464E-01
    0.579024266200671E-02    0.965402934140157E-02
    0.477798478161744E-02    0.843009040619535E-02
    0.386126057237176E-02    0.715918632976470E-02
    0.303799573824654E-02    0.587264248348503E-02
    0.230357283342134E-02    0.460104992357638E-02
    0.165425046740366E-02    0.339194317491585E-02
    0.108961236075745E-02    0.228784334323562E-02
    0.615808639318686E-03    0.134889015022176E-02
    0.252597618031758E-03    0.619869256422532E-03
    0.298341356871115E-04    0.159757882133153E-03
    0.000000000000000E+00    0.000000000000000E+00
    0.000000000000000E+00    0.000000000000000E+00
    0.307016519534666E-02    0.164980458330907E-03
    0.619197421911924E-02    0.649151698375568E-03
    0.927366294219462E-02    0.142617290933555E-02
    0.122281533347421E-01    0.246172885108468E-02
    0.149782922778468E-01    0.370796591729179E-02
    0.174543789943329E-01    0.510997874784911E-02
    0.196091600884068E-01    0.661224407423254E-02
    0.214049072150990E-01    0.815566503642635E-02
    0.228282220186998E-01    0.968956990334113E-02
    0.238755768483004E-01    0.111648739935299E-01
    0.245611486064154E-01    0.125448301708650E-01
    0.249069881119981E-01    0.137992411976983E-01
    0.249431976173621E-01    0.149079009399170E-01
    0.247041524514172E-01    0.158600372920257E-01
    0.242247091919387E-01    0.166490779461640E-01
    0.235402704034153E-01    0.172781293226269E-01
    0.226834567122315E-01    0.177485092617380E-01
    0.216847919889132E-01    0.180695249894826E-01
    0.205724527020791E-01    0.182447080039188E-01
    0.193712406702457E-01    0.182831761418177E-01
    0.181057707376998E-01    0.181869107918900E-01
    0.167968805786779E-01    0.179613128644965E-01
    0.154671810124896E-01    0.176055862069471E-01
    0.141351707985336E-01    0.171208899302265E-01
    0.128218050937226E-01    0.165047714567908E-01
    0.115429576601950E-01    0.157561230861099E-01
    0.103162494337512E-01    0.148739662032536E-01
    0.915237087007454E-02    0.138588643998575E-01
    0.806240446235491E-02    0.127160829905022E-01
    0.704806759024764E-02    0.114532657610228E-01
    0.611109362664707E-02    0.100879468865118E-01
    0.524189428677713E-02    0.864087318865754E-02
    0.443364816994095E-02    0.714797729057809E-02
    0.366855986114929E-02    0.564774168871840E-02
    0.293941274399485E-02    0.419855671856450E-02
    0.223290934131779E-02    0.285684599805216E-02
    0.155814476225321E-02    0.169898003834802E-02
    0.928115239755578E-03    0.789710183005249E-03
    0.387938929351934E-03    0.206040824693146E-03
    0.000000000000000E+00    0.000000000000000E+00
    0.000000000000000E+00    0.000000000000000E+00
    0.275534190750387E-02    0.153611238379781E-03
    0.557764751210773E-02    0.606603876794166E-03
    0.838841403289256E-02    0.133616391626097E-02
    0.111120112529517E-01    0.231335163786600E-02
    0.136765973906952E-01    0.349778484113303E-02
    0.160210416931731E-01    0.484312000659507E-02
    0.180956323773794E-01    0.630143837466087E-02
    0.198652059738478E-01    0.782181451958163E-02
    0.213085258942694E-01    0.935850487028780E-02
    0.224184269422469E-01    0.108672634127966E-01
    0.231994963827696E-01    0.123123061324872E-01
    0.236664389656357E-01    0.136636555364456E-01
    0.238412485407962E-01    0.148986226771572E-01
    0.237507038627833E-01    0.160026133603618E-01
    0.234246947657975E-01    0.169647385139167E-01
    0.228934180595639E-01    0.177817952963833E-01
    0.221875894626305E-01    0.184506664756678E-01
    0.213359746196745E-01    0.189733484114411E-01
    0.203666984906841E-01    0.193499329209891E-01
    0.193059418784547E-01    0.195820337328534E-01
    0.181785741598250E-01    0.196695863927840E-01
    0.170088835534139E-01    0.196104162285070E-01
    0.158187305319378E-01    0.194029349403869E-01
    0.146307396413434E-01    0.190404461109512E-01
    0.134632143161962E-01    0.185206399752795E-01
    0.123352907329979E-01    0.178342164355462E-01
    0.112595033166228E-01    0.169811127070834E-01
    0.102472934339932E-01    0.159540145625253E-01
    0.930197182819326E-02    0.147600809042002E-01
    0.842205605425556E-02    0.134010562592106E-01
    0.759871239541191E-02    0.118983027687339E-01
    0.681485747489586E-02    0.102710300860033E-01
    0.605045769727532E-02    0.856283967946828E-02
    0.527789999985325E-02    0.681700379502180E-02
    0.447517120406837E-02    0.510669352994414E-02
    0.362235967310154E-02    0.349967691950128E-02
    0.271623797939314E-02    0.209701100523578E-02
    0.177470432093282E-02    0.978628847095354E-03
    0.841216735843268E-03    0.256572271942235E-03
    0.000000000000000E+00    0.000000000000000E+00
    0.000000000000000E+00    0.000000000000000E+00
    0.245756115753040E-02    0.145851367376189E-03
    0.499732630024766E-02    0.575137840078901E-03
    0.755017228653621E-02    0.126764207652075E-02
    0.100481073895457E-01    0.219930520268105E-02
    0.124281330754403E-01    0.333504648548351E-02
    0.146307038907749E-01    0.463610939590859E-02
    0.166114661966822E-01    0.606062516266482E-02
    0.183313279882855E-01    0.756479287454574E-02
    0.197696012598946E-01    0.910748866344466E-02
    0.209116940668633E-01    0.106487116663506E-01
    0.217587131184854E-01    0.121544007429867E-01
    0.223172510959677E-01    0.135950746237130E-01
    0.226039949234638E-01    0.149465088108106E-01
    0.226392617709656E-01    0.161917050647042E-01
    0.224482047557041E-01    0.173155028915721E-01
    0.220572332458026E-01    0.183111253225404E-01
    0.214945338059590E-01    0.191693023813864E-01
    0.207873980485534E-01    0.198889229392784E-01
    0.199641827944567E-01    0.204627267622281E-01
    0.190507382040362E-01    0.208905966278551E-01
    0.180745740351261E-01    0.211642315177096E-01
    0.170594568129019E-01    0.212812115926344E-01
    0.160313617165794E-01    0.212307812729064E-01
    0.150109576818478E-01    0.210070050284310E-01
    0.140208072689785E-01    0.205975097316022E-01
    0.130756397475054E-01    0.199940180149311E-01
    0.121907317573925E-01    0.191861415470356E-01
    0.113696563771734E-01    0.181673323108347E-01
    0.106151914570920E-01    0.169359062723127E-01
    0.991353526423723E-02    0.154944436797617E-01
    0.925093119219287E-02    0.138597988062408E-01
    0.859280720049313E-02    0.120539441811409E-01
    0.791054318217889E-02    0.101231909526800E-01
    0.715392406183701E-02    0.811886228491416E-02
    0.629270576629417E-02    0.612621809511387E-02
    0.528234521647145E-02    0.423031249631305E-02
    0.411966345319701E-02    0.255342167373552E-02
    0.280476034732126E-02    0.120345482463883E-02
    0.140096036126200E-02    0.318568662442481E-03
    0.000000000000000E+00    0.000000000000000E+00
    0.000000000000000E+00    0.000000000000000E+00
    0.217521304689096E-02    0.139247735406784E-03
    0.444536125009689E-02    0.549808313814512E-03
    0.675017374014131E-02    0.121321106307613E-02
    0.902890702611800E-02    0.210848699834411E-02
    0.112225429821349E-01    0.320566954812604E-02
    0.132781095642984E-01    0.447149150099414E-02
    0.151502907225684E-01    0.586993112259520E-02
    0.168034894223002E-01    0.736275898487867E-02
    0.182123036170487E-01    0.891336770116932E-02
    0.193618059746684E-01    0.104854705802121E-01
    0.202466605090115E-01    0.120469960862866E-01
    0.208702892073186E-01    0.135692388062149E-01
    0.212432574137080E-01    0.150274047874619E-01
    0.213818541676124E-01    0.164023638215607E-01
    0.213067603630799E-01    0.176766605564508E-01
    0.210413958179137E-01    0.188392795976379E-01
    0.206114570344891E-01    0.198780032429369E-01
    0.200434131789624E-01    0.207863198901782E-01
    0.193645863938600E-01    0.215542401516640E-01
    0.186024720637390E-01    0.221756257786414E-01
    0.177839948270848E-01    0.226400968127175E-01
    0.169366250545808E-01    0.229385786620012E-01
    0.160851117031959E-01    0.230587569885119E-01
    0.152549273203928E-01    0.229868219803780E-01
    0.144655554542750E-01    0.227092128451764E-01
    0.137360901992043E-01    0.222078835206197E-01
    0.130756776353320E-01    0.214715252480247E-01
    0.124893573152210E-01    0.204820890257787E-01
    0.119694956910423E-01    0.192378117729747E-01
    0.114980119690727E-01    0.177301285893033E-01
    0.110455455988387E-01    0.159782406937422E-01
    0.105657467580570E-01    0.139976076739012E-01
    0.100090367316934E-01    0.118419450226252E-01
    0.930783649345362E-02    0.956481696811434E-02
    0.840632700723669E-02    0.726925717649182E-02
    0.724494949567208E-02    0.505280746487417E-02
    0.579546035436042E-02    0.307119350977508E-02
    0.405882442483140E-02    0.145200581516904E-02
    0.208670898034658E-02    0.386175232490819E-03
    0.000000000000000E+00    0.000000000000000E+00
    0.000000000000000E+00    0.000000000000000E+00
    0.190331999578984E-02    0.134289156172862E-03
    0.391497161344810E-02    0.529511556019015E-03
    0.598033801657488E-02    0.116863728947184E-02
    0.804342236387110E-02    0.203347027361266E-02
    0.100514863945082E-01    0.309780941656141E-02
    0.119527410569128E-01    0.433374304697125E-02
    0.137067774052361E-01    0.570961076035231E-02
    0.152758103787360E-01    0.719274872904484E-02
    0.166366560026652E-01    0.875004461325738E-02
    0.177697044462680E-01    0.103492121097647E-01
    0.186691630378079E-01    0.119597991593285E-01
    0.193327877581756E-01    0.135546621725219E-01
    0.197690984083864E-01    0.151083965223665E-01
    0.199892527934794E-01    0.166012575224913E-01
    0.200117990024849E-01    0.180131333653841E-01
    0.198564805839977E-01    0.193312594708249E-01
    0.195480576999256E-01    0.205391073907198E-01
    0.191108775748166E-01    0.216284675697156E-01
    0.185732619878657E-01    0.225837475272637E-01
    0.179617291069704E-01    0.233980009577383E-01
    0.173063171531607E-01    0.240538293152179E-01
    0.166337192194159E-01    0.245425770921012E-01
    0.159735395304804E-01    0.248428406761362E-01
    0.153495842480615E-01    0.249420565043872E-01
    0.147868196658185E-01    0.248148544427019E-01
    0.143004311450115E-01    0.244443283346656E-01
    0.139035905976628E-01    0.238045021244466E-01
    0.135928734468966E-01    0.228772918060428E-01
    0.133602613263118E-01    0.216455998120708E-01
    0.131718083516922E-01    0.200996932981308E-01
    0.129909186671052E-01    0.182475053320944E-01
    0.127452744105294E-01    0.161050007482768E-01
    0.123713061589643E-01    0.137243801784517E-01
    0.117651407469610E-01    0.111665734585779E-01
    0.108550184342805E-01    0.854747822580593E-02
    0.953897720492543E-02    0.598558354953764E-02
    0.778228016702847E-02    0.366401767495519E-02
    0.554902561681121E-02    0.174901941878536E-02
    0.291470376378936E-02    0.469225463685263E-03
    0.000000000000000E+00    0.000000000000000E+00
    0.000000000000000E+00    0.000000000000000E+00
    0.164142481493692E-02    0.129688821713882E-03
    0.340377349243584E-02    0.511020511818846E-03
    0.523711126730992E-02    0.112827068567003E-02
    0.708976132754302E-02    0.196504498014493E-02
    0.891124694601760E-02    0.299937015919184E-02
    0.106550114684686E-01    0.420694832697262E-02
    0.122801305247981E-01    0.556113522330996E-02
    0.137528122938240E-01    0.703305252543288E-02
    0.150469474977794E-01    0.859384808419937E-02
    0.161446800952222E-01    0.102139391448360E-01
    0.170358350068807E-01    0.118654440175768E-01
    0.177178929421397E-01    0.135220705829681E-01
    0.181947148374920E-01    0.151591526746460E-01
    0.184762095519213E-01    0.167558640083869E-01
    0.185769749244335E-01    0.182914136966975E-01
    0.185157816336467E-01    0.197505125923876E-01
    0.183146611895040E-01    0.211151566184752E-01
    0.179982937783580E-01    0.223737827759622E-01
    0.175934242933058E-01    0.235092174204596E-01
    0.171288427486061E-01    0.245108310161093E-01
    0.166338634410072E-01    0.253594701529498E-01
    0.161394714866157E-01    0.260422958421471E-01
    0.156746007242075E-01    0.265358391049467E-01
    0.152693426727580E-01    0.268215440173216E-01
    0.149466615884955E-01    0.268713359171791E-01
    0.147285815259709E-01    0.266586478018753E-01
    0.146230007287734E-01    0.261535410262326E-01
    0.146305940635567E-01    0.253229550075177E-01
    0.147313995314023E-01    0.241458260537686E-01
    0.148873062414445E-01    0.225937426271492E-01
    0.150402848911992E-01    0.206734891452490E-01
    0.151008877662318E-01    0.183855455798844E-01
    0.149735472728903E-01    0.157890054015064E-01
    0.145260861842858E-01    0.129409904452756E-01
    0.136452849795088E-01    0.997954689091795E-02
    0.121999277613770E-01    0.703599637654419E-02
    0.101107260847042E-01    0.433783478925805E-02
    0.733241452346720E-02    0.207684034577028E-02
    0.390984392566957E-02    0.560246372819946E-03
    0.000000000000000E+00    0.000000000000000E+00
    0.000000000000000E+00    0.000000000000000E+00
    0.138857284645867E-02    0.124983070531568E-03
    0.291076299409405E-02    0.492274299192451E-03
    0.451953115805896E-02    0.108730972191909E-02
    0.616508263261652E-02    0.189571164906586E-02
    0.780148632646011E-02    0.289865863763806E-02
    0.938271001371000E-02    0.407619505730089E-02
    0.108723384844359E-01    0.540510828233810E-02
    0.122354424598044E-01    0.686113475586510E-02
    0.134490441195418E-01    0.841819676853631E-02
    0.144924748824644E-01    0.100503461054425E-01
    0.153569652312278E-01    0.117312245937657E-01
    0.160361129487882E-01    0.134365299572806E-01
    0.165339353620262E-01    0.151416869440640E-01
    0.168562808867277E-01    0.168263138928466E-01
    0.170175486873852E-01    0.184683896634115E-01
    0.170330059938137E-01    0.200521677198711E-01
    0.169250534867234E-01    0.215574242694447E-01
    0.167159679431249E-01    0.229720361320668E-01
    0.164342683241599E-01    0.242758395279597E-01
    0.161074915315731E-01    0.254584817663974E-01
    0.157687463926964E-01    0.264963139977975E-01
    0.154484120984257E-01    0.273779838220346E-01
    0.151814930052798E-01    0.280731600532449E-01
    0.149983977347857E-01    0.285656559583070E-01
    0.149298886869959E-01    0.288154547258315E-01
    0.149970567720243E-01    0.287982452172263E-01
    0.152149846983526E-01    0.284647517024591E-01
    0.155788359743731E-01    0.277817282631109E-01
    0.160699420030437E-01    0.267025709900873E-01
    0.166326094737685E-01    0.251948496308195E-01
    0.171988715518663E-01    0.232418333413133E-01
    0.176423881759341E-01    0.208399351401560E-01
    0.178458926063008E-01    0.180392440822015E-01
    0.176211244431127E-01    0.149023351849270E-01
    0.168280225988936E-01    0.115793158419093E-01
    0.152644653940830E-01    0.822829100058999E-02
    0.128336496691086E-01    0.511032228909711E-02
    0.942084656248495E-02    0.247108579871825E-02
    0.509633928875713E-02    0.672324552589160E-03
    0.000000000000000E+00    0.000000000000000E+00
    0.000000000000000E+00    0.000000000000000E+00
    0.114519238793870E-02    0.119815232352333E-03
    0.243698185857778E-02    0.471047841439842E-03
    0.382878586541602E-02    0.104129692458309E-02
    0.527327015026202E-02    0.181746763235210E-02
    0.672500660478562E-02    0.278516670659826E-02
    0.814251898475222E-02    0.392708771208133E-02
    0.948902117518797E-02    0.522471665125678E-02
    0.107339380088770E-01    0.665655684618877E-02
    0.118525979391759E-01    0.820046628577396E-02
    0.128273659398749E-01    0.983260138183479E-02
    0.136465694309756E-01    0.115292693966240E-01
    0.143053680282198E-01    0.132671169405406E-01
    0.148041950178003E-01    0.150229775084415E-01
    0.151495129151381E-01    0.167762479495179E-01
    0.153521553695223E-01    0.185053042814468E-01
    0.154278465612714E-01    0.201933771682538E-01
    0.153959888548147E-01    0.218201893857960E-01
    0.152800363067928E-01    0.233724838286718E-01
    0.151065648286237E-01    0.248297640048843E-01
    0.149055818777374E-01    0.261812774969492E-01
    0.147097677763941E-01    0.274022385343616E-01
    0.145543197791978E-01    0.284810190376050E-01
    0.144747303712386E-01    0.293861653967900E-01
    0.145097296613933E-01    0.301004171743645E-01
    0.146918167871332E-01    0.305791005061806E-01
    0.150526808001804E-01    0.307922241118754E-01
    0.156067293230596E-01    0.306824348664999E-01
    0.163600130090328E-01    0.302004131302869E-01
    0.172842406631769E-01    0.292871320212257E-01
    0.183228211738695E-01    0.278809938830624E-01
    0.193800294928011E-01    0.259562840735475E-01
    0.203061195784203E-01    0.234773074418922E-01
    0.209350446659528E-01    0.205005717216650E-01
    0.210330944848592E-01    0.170740494300067E-01
    0.203961766881838E-01    0.133750278304356E-01
    0.187699512067748E-01    0.957388609799069E-02
    0.159829010620597E-01    0.599198005177537E-02
    0.118932220478515E-01    0.290540185205205E-02
    0.650529703701762E-02    0.795352812547251E-03
    0.000000000000000E+00    0.000000000000000E+00
    0.000000000000000E+00    0.000000000000000E+00
    0.914287236887693E-03    0.112955381510917E-03
    0.198622724693197E-02    0.444929787443053E-03
    0.317026224230528E-02    0.985318760252182E-03
    0.441830888622283E-02    0.172344446932039E-02
    0.568852964763361E-02    0.264818148379674E-02
    0.693963474261353E-02    0.374628169660766E-02
    0.813908643164717E-02    0.500235648549619E-02
    0.925622683415238E-02    0.639875072781463E-02
    0.102699023165401E-01    0.791586772335991E-02
    0.111612630990333E-01    0.953281746767152E-02
    0.119209636867592E-01    0.112276282813488E-01
    0.125417473416287E-01    0.129787145871761E-01
    0.130253644754500E-01    0.147638063533829E-01
    0.133750836890680E-01    0.165630323477197E-01
    0.136025285040085E-01    0.183550644837061E-01
    0.137201201364925E-01    0.201231926397982E-01
    0.137482133535624E-01    0.218474036072272E-01
    0.137076171664331E-01    0.235145709673671E-01
    0.136267894899090E-01    0.251044391380100E-01
    0.135337498454014E-01    0.266072460466545E-01
    0.134647509449888E-01    0.279986127316903E-01
    0.134555689882759E-01    0.292686350419570E-01
    0.135484823100444E-01    0.303855540708143E-01
    0.137859901697669E-01    0.313361468397181E-01
    0.142118000097755E-01    0.320672407494597E-01
    0.148621967275365E-01    0.325536582053655E-01
    0.157654071102392E-01    0.327175533518501E-01
    0.169335637107771E-01    0.325116375099844E-01
    0.183456315694048E-01    0.318344924797312E-01
    0.199314176936754E-01    0.306170110952167E-01
    0.215831342521923E-01    0.287861254514553E-01
    0.230994195726567E-01    0.262943145352709E-01
    0.242830637754971E-01    0.231714823570413E-01
    0.248068958630266E-01    0.194715773791241E-01
    0.244266077977002E-01    0.153783447610828E-01
    0.227716720050967E-01    0.110995858819024E-01
    0.196337572282840E-01    0.700041447174235E-02
    0.147588523560243E-01    0.342921615403999E-02
    0.817049566071299E-02    0.946252635159421E-03
    0.000000000000000E+00    0.000000000000000E+00
    0.000000000000000E+00    0.000000000000000E+00
    0.696917247456846E-03    0.104800322083766E-03
    0.156316552245857E-02    0.412173994527187E-03
    0.254944560770778E-02    0.915985947333313E-03
    0.360959163037300E-02    0.160696717183795E-02
    0.470094262268782E-02    0.247930687319765E-02
    0.578681875551205E-02    0.352212981509490E-02
    0.683473558943541E-02    0.472443886053764E-02
    0.781870134711680E-02    0.607100211776147E-02
    0.871708237445685E-02    0.754543577448755E-02
    0.951468637476098E-02    0.912890117098505E-02
    0.102005645759338E-01    0.108015532796212E-01
    0.107698953308268E-01    0.125431754666496E-01
    0.112217529436939E-01    0.143328292652982E-01
    0.115608879806434E-01    0.161513541512303E-01
    0.117956159170889E-01    0.179782942123773E-01
    0.119393800000726E-01    0.197973720186560E-01
    0.120091599949312E-01    0.215895411809208E-01
    0.120268399043970E-01    0.233429976186877E-01
    0.120185116411583E-01    0.250378040769222E-01
    0.120138831257126E-01    0.266669414406523E-01
    0.120481734486284E-01    0.282074796417762E-01
    0.121618480975626E-01    0.296545772295891E-01
    0.123995579472961E-01    0.309767509954164E-01
    0.128113064303574E-01    0.321701767936415E-01
    0.134498514962404E-01    0.331746867363485E-01
    0.143675748366987E-01    0.339697617905286E-01
    0.156013157607263E-01    0.344688462043343E-01
    0.171875598219652E-01    0.346177544117857E-01
    0.191112141876019E-01    0.342816003090196E-01
    0.213141012992148E-01    0.333505853086446E-01
    0.236544313317347E-01    0.317245477715411E-01
    0.259005330326478E-01    0.292923145750685E-01
    0.277780388500247E-01    0.260861247290890E-01
    0.288849561787256E-01    0.221207389165762E-01
    0.288733114309976E-01    0.176271008761255E-01
    0.272922002109698E-01    0.128154212086427E-01
    0.238140560159425E-01    0.814556108189735E-02
    0.181262443942628E-01    0.400265516560299E-02
    0.101354375087557E-01    0.111103690877577E-02
    0.000000000000000E+00    0.000000000000000E+00
    0.000000000000000E+00    0.000000000000000E+00
    0.499862065384418E-03    0.936975834881802E-04
    0.117498859741684E-02    0.371107693091009E-03
    0.197656082859130E-02    0.829504363664439E-03
    0.285596342545938E-02    0.146348342799465E-02
    0.377406125383357E-02    0.227103732858146E-02
    0.469495263273258E-02    0.324525137214874E-02
    0.559026881901110E-02    0.437835500396898E-02
    0.643545010544449E-02    0.565789003730552E-02
    0.721229163179545E-02    0.707026178034043E-02
    0.790606702509538E-02    0.859837319762280E-02
    0.850822447647744E-02    0.102247191915606E-01
    0.901293824858953E-02    0.119299533489033E-01
    0.942072385900368E-02    0.136951218886307E-01
    0.973402286729434E-02    0.155012824588923E-01
    0.996187392897962E-02    0.173299984932120E-01
    0.101147251884348E-01    0.191647863988366E-01
    0.102099698329515E-01    0.209893867109695E-01
    0.102662722964283E-01    0.227919703434620E-01
    0.103099454161727E-01    0.245567968455643E-01
    0.103683459222927E-01    0.262764428936317E-01
    0.104783480596140E-01    0.279366792804676E-01
    0.106826245542697E-01    0.295340550669043E-01
    0.110317658737057E-01    0.310450560453484E-01
    0.115772281584810E-01    0.324718438708737E-01
    0.123855675406579E-01    0.337605402585497E-01
    0.135268796445677E-01    0.348971919835412E-01
    0.150631679757955E-01    0.357873259558249E-01
    0.170592311176572E-01    0.363888058111105E-01
    0.195262061391178E-01    0.365003166711143E-01
    0.224201480974188E-01    0.360038536728988E-01
    0.255858335942912E-01    0.346996125138784E-01
    0.287176659505135E-01    0.324486212640809E-01
    0.314912618265353E-01    0.292167267784358E-01
    0.333359225699424E-01    0.250232977072388E-01
    0.338450029698148E-01    0.201116720075250E-01
    0.323997881006203E-01    0.147481510412510E-01
    0.286157618510158E-01    0.944400842978504E-02
    0.219961304845717E-01    0.469763096912667E-02
    0.124536624801512E-01    0.131571655910486E-02
    0.000000000000000E+00    0.000000000000000E+00
    0.000000000000000E+00    0.000000000000000E+00
    0.324306542356224E-03    0.805515458866260E-04
    0.829656893303961E-03    0.320112648507527E-03
    0.146029415867168E-02    0.724066979803678E-03
    0.217093840162903E-02    0.128902331220183E-02
    0.292150266565952E-02    0.201910108164366E-02
    0.368147538695950E-02    0.290990864546699E-02
    0.442369741538824E-02    0.395712630224431E-02
    0.512840741521104E-02    0.515093576950612E-02
    0.577842517715208E-02    0.647950050415636E-02
    0.636259705030011E-02    0.792834257168343E-02
    0.687215539913114E-02    0.948080328898203E-02
    0.730361667156952E-02    0.111198401305874E-01
    0.765580617121679E-02    0.128269990780036E-01
    0.793248527947073E-02    0.145852675832440E-01
    0.813975509425411E-02    0.163768282136960E-01
    0.828858564395281E-02    0.181872255987064E-01
    0.839276385025303E-02    0.200010373889428E-01
    0.847074634052361E-02    0.218096552581848E-01
    0.854544728404478E-02    0.235982860312128E-01
    0.864405858797572E-02    0.253644061038745E-01
    0.880057917728854E-02    0.270986182526209E-01
    0.905836909012412E-02    0.288110523603636E-01
    0.947308628684877E-02    0.304738377472582E-01
    0.100982504418467E-01    0.321069533845262E-01
    0.110088487652457E-01    0.336664488303464E-01
    0.123015956337820E-01    0.351621978703097E-01
    0.140676744095196E-01    0.364893854257867E-01
    0.164029991583464E-01    0.376351814054267E-01
    0.193695966654211E-01    0.383398566782715E-01
    0.229927137505747E-01    0.384485272410768E-01
    0.270954901593588E-01    0.376687414744431E-01
    0.313203374361708E-01    0.357313209385459E-01
    0.352073018032476E-01    0.325957300038364E-01
    0.380561054640894E-01    0.281803930753549E-01
    0.392735249736412E-01    0.228523539779269E-01
    0.381279039611421E-01    0.168859305432226E-01
    0.340787600519137E-01    0.108971122273796E-01
    0.265153480468378E-01    0.544596250252716E-02
    0.151489920201062E-01    0.155159613820011E-02
    0.000000000000000E+00    0.000000000000000E+00
    0.000000000000000E+00    0.000000000000000E+00
    0.179613087030754E-03    0.640644125798589E-04
    0.534927397559688E-03    0.260248828219496E-03
    0.101236613479991E-02    0.599563641046002E-03
    0.156479723582260E-02    0.108452403464679E-02
    0.215656106298556E-02    0.172340836202461E-02
    0.276001699495635E-02    0.251505154475660E-02
    0.335191975497994E-02    0.345858530430579E-02
    0.391602909522332E-02    0.454516294105569E-02
    0.443792870614624E-02    0.576639401412668E-02
    0.490874237912404E-02    0.710775963292446E-02
    0.532134845972389E-02    0.855602055034778E-02
    0.567274513441784E-02    0.100936162791830E-01
    0.596239741992002E-02    0.117054846051212E-01
    0.619286265876426E-02    0.133738068630999E-01
    0.636994355110602E-02    0.150844937555910E-01
    0.650212006239284E-02    0.168220490579835E-01
    0.660178998152306E-02    0.185759217288182E-01
    0.668405014187773E-02    0.203359013522455E-01
    0.676912831313971E-02    0.220952955242942E-01
    0.688214299428956E-02    0.238487085016343E-01
    0.705513710275494E-02    0.256013047526268E-01
    0.732868676374022E-02    0.273638770537615E-01
    0.775441151460613E-02    0.291263602229775E-01
    0.838532887589337E-02    0.309013855876157E-01
    0.930351104520137E-02    0.327005748868515E-01
    0.106504122092492E-01    0.345386918110081E-01
    0.125527669429670E-01    0.363280328659602E-01
    0.151283675162496E-01    0.380839608768559E-01
    0.185222802295308E-01    0.395195338583807E-01
    0.229253272019224E-01    0.404954846936624E-01
    0.281625442778655E-01    0.404501480331172E-01
    0.337243819124002E-01    0.390549781393349E-01
    0.390650364772547E-01    0.361136099209163E-01
    0.431538850031915E-01    0.315702009402462E-01
    0.453435774635018E-01    0.257961396941746E-01
    0.446222937047163E-01    0.192298017034219E-01
    0.403784360488259E-01    0.124821553810198E-01
    0.317318608175650E-01    0.628443180326903E-02
    0.183105445541759E-01    0.180305708353090E-02
    0.000000000000000E+00    0.000000000000000E+00
    0.000000000000000E+00    0.000000000000000E+00
    0.664555397173352E-04    0.452571547585727E-04
    0.300604806199153E-03    0.190276101009691E-03
    0.642382732050638E-03    0.457583414217985E-03
    0.105206091637043E-02    0.852301033198007E-03
    0.149499874568462E-02    0.138817741887264E-02
    0.195003338530057E-02    0.206674961113405E-02
    0.239715872663942E-02    0.288830821511414E-02
    0.282443527431635E-02    0.384736092186951E-02
    0.322024211536247E-02    0.493495483308052E-02
    0.357828632291463E-02    0.614048873696268E-02
    0.389277177160141E-02    0.744970594333319E-02
    0.416197719331458E-02    0.884898609210492E-02
    0.438495447822072E-02    0.103224076163879E-01
    0.456446676653728E-02    0.118558296998280E-01
    0.470426891589637E-02    0.134347134734061E-01
    0.481194770369117E-02    0.150472444091828E-01
    0.489657953646305E-02    0.166825469294444E-01
    0.497109733353030E-02    0.183345030660523E-01
    0.505117478932215E-02    0.199976705125301E-01
    0.515847648737398E-02    0.216736268433351E-01
    0.532061935318698E-02    0.233686890701224E-01
    0.557151996744739E-02    0.251090360604692E-01
    0.596203649431141E-02    0.268809566676160E-01
    0.654384397431117E-02    0.287078477810038E-01
    0.739033421068622E-02    0.306503689262053E-01
    0.865266489977241E-02    0.328034807244269E-01
    0.105345850977979E-01    0.350076846808967E-01
    0.131626609841317E-01    0.373454016294368E-01
    0.167613474772290E-01    0.396303338074003E-01
    0.217798505709808E-01    0.418288504878441E-01
    0.282375884910097E-01    0.429025156839533E-01
    0.355060037314922E-01    0.422362086411058E-01
    0.426613806734321E-01    0.397390028902297E-01
    0.484417925286849E-01    0.350866934628145E-01
    0.518678731231798E-01    0.289138663689578E-01
    0.517748998463795E-01    0.216784069804293E-01
    0.473533708198703E-01    0.141689170036362E-01
    0.376131112396132E-01    0.707721212273005E-02
    0.218925816734631E-01    0.199679891959245E-02
    0.000000000000000E+00    0.000000000000000E+00
    0.000000000000000E+00    0.000000000000000E+00
   -0.674953714495223E-05    0.251783330923277E-04
    0.130049081379580E-03    0.117449546200537E-03
    0.357503985618526E-03    0.306459827734638E-03
    0.639231415292923E-03    0.604113177149569E-03
    0.946249283807847E-03    0.102761415363967E-02
    0.126397545764754E-02    0.157905080679540E-02
    0.157534001246440E-02    0.226244357754467E-02
    0.187420598040937E-02    0.307044753157749E-02
    0.215015062385269E-02    0.399878380492203E-02
    0.240089235211445E-02    0.503471547952724E-02
    0.262068840462329E-02    0.616910750743609E-02
    0.280987407862071E-02    0.738641031752122E-02
    0.296662097545912E-02    0.867591089563923E-02
    0.309393209885917E-02    0.100216724218788E-01
    0.319364943174852E-02    0.114144944230254E-01
    0.327198878330163E-02    0.128404586592093E-01
    0.333455148199601E-02    0.142948462612759E-01
    0.339191081922248E-02    0.157679581793720E-01
    0.345438973399859E-02    0.172634096417177E-01
    0.354040320559271E-02    0.187778095772721E-01
    0.366782142732655E-02    0.203314935842910E-01
    0.386341311039493E-02    0.219403397844561E-01
    0.415927432360113E-02    0.236234396787444E-01
    0.461979426166982E-02    0.253759053144055E-01
    0.531725604945766E-02    0.273386959571699E-01
    0.639663153918982E-02    0.296303052100832E-01
    0.805195507358179E-02    0.321333349604018E-01
    0.103874485360803E-01    0.348820861987658E-01
    0.138421413533487E-01    0.380923766886472E-01
    0.194527313666705E-01    0.418996294686358E-01
    0.273753483920720E-01    0.444223200382520E-01
    0.367262265867025E-01    0.449511055647320E-01
    0.462971379707562E-01    0.430789960297401E-01
    0.540968295087652E-01    0.385568557800906E-01
    0.591126690101100E-01    0.319293320515441E-01
    0.597462109014244E-01    0.240101261695565E-01
    0.549407279991779E-01    0.157936904587698E-01
    0.438690055577436E-01    0.789293404745486E-02
    0.257271544811286E-01    0.219345362796677E-02
    0.000000000000000E+00    0.000000000000000E+00
    0.000000000000000E+00    0.000000000000000E+00
   -0.425623358744420E-04    0.526369151222876E-05
    0.290619941940031E-04    0.431168126247026E-04
    0.162299121224386E-03    0.155658732356621E-03
    0.334764611175462E-03    0.356008568352473E-03
    0.523033577890428E-03    0.662299054462040E-03
    0.718565105445784E-03    0.107924567848130E-02
    0.909937102598606E-03    0.160788080420244E-02
    0.109325246273829E-02    0.224584868943221E-02
    0.126262279856686E-02    0.298534407818165E-02
    0.141611838799848E-02    0.382001285897430E-02
    0.155100961183953E-02    0.473766303096145E-02
    0.166686088348311E-02    0.572944017227830E-02
    0.176323483082472E-02    0.678224776599349E-02
    0.184145402151642E-02    0.788649098525534E-02
    0.190316534217695E-02    0.903098489468584E-02
    0.195185747525929E-02    0.102074774440155E-01
    0.199134044873472E-02    0.114093231627701E-01
    0.202811032955730E-02    0.126317663116892E-01
    0.206880283042345E-02    0.138768090914576E-01
    0.212520607713341E-02    0.151472923559424E-01
    0.221010642843621E-02    0.164562982417809E-01
    0.233960011705120E-02    0.178229582588691E-01
    0.253262073236175E-02    0.192757851184278E-01
    0.284175261333027E-02    0.208266542172646E-01
    0.332645398742850E-02    0.226186033155852E-01
    0.408374747226192E-02    0.248629099381926E-01
    0.532293723630881E-02    0.273451038844277E-01
    0.718069105185895E-02    0.300544995425848E-01
    0.998684025288049E-02    0.339216391902638E-01
    0.151738839345456E-01    0.397643962689420E-01
    0.241623323821868E-01    0.443586489233340E-01
    0.362834948083778E-01    0.465050237146363E-01
    0.492185030120305E-01    0.458425146796199E-01
    0.599625061650724E-01    0.413473585295057E-01
    0.667293013284512E-01    0.345219462454303E-01
    0.682835801562761E-01    0.259079248620407E-01
    0.633834387999528E-01    0.169854877771251E-01
    0.511047548775512E-01    0.871464909171140E-02
    0.303817857116282E-01    0.244489566686177E-02
    0.000000000000000E+00    0.000000000000000E+00
    0.000000000000000E+00    0.000000000000000E+00
   -0.417259866333335E-04   -0.847481366943882E-05
   -0.130627939404974E-04   -0.136322619300990E-04
    0.476015738966773E-04    0.305543626554336E-04
    0.132716429524092E-03    0.139151818261603E-03
    0.222947801112343E-03    0.331258660216028E-03
    0.319591265645218E-03    0.605990148170296E-03
    0.411352160507819E-03    0.969178250200564E-03
    0.501344823589086E-03    0.141344836876545E-02
    0.582371103382931E-03    0.193780899020514E-02
    0.657444294028825E-03    0.253236839683032E-02
    0.721911236848822E-03    0.319244920514494E-02
    0.778531298681067E-03    0.390685067899053E-02
    0.824554104768113E-03    0.466987200631637E-02
    0.862854074047898E-03    0.547015911261622E-02
    0.892234480400478E-03    0.630335744326744E-02
    0.916195990686312E-03    0.715906658025225E-02
    0.934789742012885E-03    0.803692396721835E-02
    0.953223554886350E-03    0.892843338174902E-02
    0.972692314319136E-03    0.984155674367988E-02
    0.100126951231129E-02    0.107725683084172E-01
    0.104052043732685E-02    0.117404986966800E-01
    0.110302178596317E-02    0.127460409705814E-01
    0.119560654794528E-02    0.138352214735978E-01
    0.136560317728415E-02    0.150036561817101E-01
    0.163206149357144E-02    0.164040190139396E-01
    0.200526050301739E-02    0.181933404755869E-01
    0.249125613128011E-02    0.202856110772030E-01
    0.332268099661132E-02    0.223035213435182E-01
    0.492396265291981E-02    0.263207847682517E-01
    0.921311827903723E-02    0.333075438539511E-01
    0.185240292613611E-01    0.401755728391355E-01
    0.338592777825263E-01    0.460454635300923E-01
    0.521640875593343E-01    0.470079897571109E-01
    0.664681461019927E-01    0.425558182587949E-01
    0.744545714575734E-01    0.360628059903455E-01
    0.769048484594567E-01    0.274363118454911E-01
    0.724170329193125E-01    0.181910919876182E-01
    0.596368559779702E-01    0.101062546624283E-01
    0.368913310419779E-01    0.317231681984334E-02
    0.000000000000000E+00    0.000000000000000E+00
    0.000000000000000E+00    0.000000000000000E+00
   -0.153297901977867E-04   -0.153297901977860E-04
   -0.843458555295622E-05   -0.419428062855584E-04
    0.617762913278135E-05   -0.411343027164794E-04
    0.292752741372427E-04   -0.124837059178624E-05
    0.539794968338949E-04    0.844805097275806E-04
    0.804179075599106E-04    0.221200604068520E-03
    0.105728476425911E-03    0.405523124559239E-03
    0.129869129159078E-03    0.639710695602854E-03
    0.152221703098110E-03    0.916053631374895E-03
    0.172124272452385E-03    0.123558776798730E-02
    0.189962261264840E-03    0.158898017164110E-02
    0.204810782617354E-03    0.197602510997384E-02
    0.217584535158406E-03    0.238762242816134E-02
    0.227484462515526E-03    0.282265432328982E-02
    0.235634794182046E-03    0.327373557398499E-02
    0.241722877445169E-03    0.373920367464904E-02
    0.246686858919004E-03    0.421518811101765E-02
    0.251422359324901E-03    0.469995138966999E-02
    0.256597869740685E-03    0.519535958531908E-02
    0.264551844764862E-03    0.570142811134979E-02
    0.274432009241329E-03    0.622670874647018E-02
    0.290909705563778E-03    0.676858555124306E-02
    0.309530391018069E-03    0.736585355529075E-02
    0.359408014668232E-03    0.802389553047188E-02
    0.459627009617161E-03    0.879412355397892E-02
    0.579945340210112E-03    0.976185208125346E-02
    0.625348461464020E-03    0.109330946482702E-01
    0.773589983308740E-03    0.118454112745909E-01
    0.109298755260144E-02    0.146063075668959E-01
    0.317615152473721E-02    0.212240312710855E-01
    0.101096760382490E-01    0.277066168636460E-01
    0.227080944604390E-01    0.346514211987637E-01
    0.512180841205216E-01    0.457875617497617E-01
    0.725357718660300E-01    0.422007308453945E-01
    0.829779440785918E-01    0.351469464163180E-01
    0.853910548021378E-01    0.282114765714939E-01
    0.809736212317879E-01    0.196895029549604E-01
    0.674317249577040E-01    0.124469062780125E-01
    0.422207122216652E-01    0.549892467262604E-02
    0.000000000000000E+00    0.000000000000000E+00
    0.000000000000000E+00    0.000000000000000E+00
    0.000000000000000E+00    0.000000000000000E+00
    0.000000000000000E+00    0.000000000000000E+00
    0.000000000000000E+00    0.000000000000000E+00
    0.000000000000000E+00    0.000000000000000E+00
    0.000000000000000E+00    0.000000000000000E+00
    0.000000000000000E+00    0.000000000000000E+00
    0.000000000000000E+00    0.000000000000000E+00
    0.000000000000000E+00    0.000000000000000E+00
    0.000000000000000E+00    0.000000000000000E+00
    0.000000000000000E+00    0.000000000000000E+00
    0.000000000000000E+00    0.000000000000000E+00
    0.000000000000000E+00    0.000000000000000E+00
    0.000000000000000E+00    0.000000000000000E+00
    0.000000000000000E+00    0.000000000000000E+00
    0.000000000000000E+00    0.000000000000000E+00
    0.000000000000000E+00    0.000000000000000E+00
    0.000000000000000E+00    0.000000000000000E+00
    0.000000000000000E+00    0.000000000000000E+00
    0.000000000000000E+00    0.000000000000000E+00
    0.000000000000000E+00    0.000000000000000E+00
    0.000000000000000E+00    0.000000000000000E+00
    0.000000000000000E+00    0.000000000000000E+00
    0.000000000000000E+00    0.000000000000000E+00
    0.000000000000000E+00    0.000000000000000E+00
    0.000000000000000E+00    0.000000000000000E+00
    0.000000000000000E+00    0.000000000000000E+00
    0.000000000000000E+00    0.000000000000000E+00
    0.000000000000000E+00    0.000000000000000E+00
    0.000000000000000E+00    0.000000000000000E+00
    0.000000000000000E+00    0.000000000000000E+00
    0.000000000000000E+00    0.000000000000000E+00
    0.000000000000000E+00    0.000000000000000E+00
    0.526997010506932E-01    0.410599424765226E-01
    0.739890392173788E-01    0.437670902282134E-01
    0.881913373686435E-01    0.340140897490561E-01
    0.934755628463307E-01    0.275852564093207E-01
    0.889626898942139E-01    0.203525435323811E-01
    0.749632494333394E-01    0.134955548666568E-01
    0.457408797961551E-01    0.718974994510832E-02
    0.000000000000000E+00    0.000000000000000E+00
