    0.000000000000000E+00    0.000000000000000E+00
    0.437500000000000E-01    0.000000000000000E+00
    0.750000000000000E-01    0.000000000000000E+00
    0.937500000000000E-01    0.000000000000000E+00
    0.100000000000000E+00    0.000000000000000E+00
    0.937500000000000E-01    0.000000000000000E+00
    0.750000000000000E-01    0.000000000000000E+00
    0.437500000000000E-01    0.000000000000000E+00
    0.000000000000000E+00    0.000000000000000E+00
    0.000000000000000E+00    0.000000000000000E+00
    0.000000000000000E+00    0.000000000000000E+00
    0.000000000000000E+00    0.000000000000000E+00
    0.000000000000000E+00    0.000000000000000E+00
    0.000000000000000E+00    0.000000000000000E+00
    0.000000000000000E+00    0.000000000000000E+00
    0.000000000000000E+00    0.000000000000000E+00
    0.000000000000000E+00    0.000000000000000E+00
    0.000000000000000E+00    0.000000000000000E+00
    0.000000000000000E+00    0.000000000000000E+00
    0.000000000000000E+00    0.000000000000000E+00
    0.000000000000000E+00    0.000000000000000E+00
    0.000000000000000E+00    0.000000000000000E+00
    0.000000000000000E+00    0.000000000000000E+00
    0.000000000000000E+00    0.000000000000000E+00
    0.000000000000000E+00    0.000000000000000E+00
    0.000000000000000E+00    0.000000000000000E+00
    0.000000000000000E+00    0.000000000000000E+00
    0.000000000000000E+00    0.000000000000000E+00
    0.000000000000000E+00    0.000000000000000E+00
    0.000000000000000E+00    0.000000000000000E+00
    0.000000000000000E+00    0.000000000000000E+00
    0.000000000000000E+00    0.000000000000000E+00
    0.000000000000000E+00    0.000000000000000E+00
    0.000000000000000E+00    0.000000000000000E+00
    0.000000000000000E+00    0.000000000000000E+00
    0.000000000000000E+00    0.000000000000000E+00
    0.000000000000000E+00    0.000000000000000E+00
    0.000000000000000E+00    0.000000000000000E+00
    0.000000000000000E+00    0.000000000000000E+00
    0.000000000000000E+00    0.000000000000000E+00
    0.000000000000000E+00    0.000000000000000E+00
    0.000000000000000E+00    0.000000000000000E+00
    0.429390233573784E-01    0.835845645378162E-03
    0.733323883921072E-01    0.352720984808881E-02
    0.917475353673515E-01    0.696560634909546E-02
    0.978850413431722E-01    0.109214375752942E-01
    0.910822799216889E-01    0.158492900215892E-01
    0.726462883576682E-01    0.183659476324438E-01
    0.428134153878547E-01    0.216393365213145E-01
    0.118748387416475E-01    0.176814239106041E-01
    0.177630139241446E-02    0.542832944853129E-02
    0.289083745614726E-03    0.112514775947421E-02
    0.240116055597569E-04    0.156308804704846E-02
    0.236739078895499E-03    0.924973753460991E-03
    0.154283756102826E-03    0.645204801162335E-03
    0.379425068944280E-04    0.463229797620673E-03
    0.793311316625220E-05    0.343652938584988E-03
    0.195070128608995E-04    0.247422977753883E-03
    0.243031856176482E-04    0.197278610716873E-03
    0.274919019133140E-04    0.125263293085256E-03
    0.278677642176900E-04    0.593368272644403E-04
    0.271955504538565E-04   -0.704251663633792E-05
    0.265571261533990E-04   -0.675132093365593E-04
    0.248953893898366E-04   -0.125820452904662E-03
    0.222993404841683E-04   -0.176937346064359E-03
    0.184571501679318E-04   -0.221522050066308E-03
    0.140448394191195E-04   -0.256841069071142E-03
    0.892727508228954E-05   -0.282456304323703E-03
    0.352986347342533E-05   -0.297124395656199E-03
   -0.190726961336692E-05   -0.301002756790567E-03
   -0.727688460018564E-05   -0.293792148347988E-03
   -0.119566730868767E-04   -0.276848368780519E-03
   -0.161936761202848E-04   -0.250541393915601E-03
   -0.190600471026149E-04   -0.217722077953946E-03
   -0.210957952947510E-04   -0.179157038221813E-03
   -0.212729256018615E-04   -0.139032985141157E-03
   -0.204052766722295E-04   -0.982841656996871E-04
   -0.175195656378452E-04   -0.623698281548477E-04
   -0.134442391868642E-04   -0.315903785357979E-04
   -0.789506586036112E-05   -0.108541699736256E-04
   -0.119669207979761E-05   -0.119669207979687E-05
    0.000000000000000E+00    0.000000000000000E+00
    0.000000000000000E+00    0.000000000000000E+00
    0.401979211491546E-01    0.172632485670402E-02
    0.690354642283481E-01    0.613380594955566E-02
    0.863746760601333E-01    0.121643934604827E-01
    0.921865422540277E-01    0.187177066391729E-01
    0.863219082949724E-01    0.253914219631446E-01
    0.696293280654158E-01    0.291684198860072E-01
    0.469562051972344E-01    0.296460866554461E-01
    0.231908223897261E-01    0.248580463363756E-01
    0.817788896034920E-02    0.146857261379224E-01
    0.324165229568278E-02    0.840056768234956E-02
    0.168693491829236E-02    0.643941218035509E-02
    0.110661630488399E-02    0.438283443656654E-02
    0.727853682272865E-03    0.291265597147110E-02
    0.423539178161712E-03    0.212329308086925E-02
    0.279256799386216E-03    0.164210639245713E-02
    0.221475025433967E-03    0.126132045715375E-02
    0.197283688031047E-03    0.962779786244601E-03
    0.176306907096402E-03    0.707747051760130E-03
    0.163092839512060E-03    0.483034276219417E-03
    0.148528077020687E-03    0.289716289208518E-03
    0.136811981590527E-03    0.117503818771536E-03
    0.121957105954290E-03   -0.337536847481054E-04
    0.106478488472205E-03   -0.166135226418824E-03
    0.875509644692173E-04   -0.276735566320881E-03
    0.675794970250320E-04   -0.366271557834866E-03
    0.456375923181116E-04   -0.432799177758459E-03
    0.234005259947973E-04   -0.476640061456402E-03
    0.118295623789225E-05   -0.497783846823487E-03
   -0.199250749647666E-04   -0.497053821322743E-03
   -0.388505083327333E-04   -0.476640215677104E-03
   -0.549931383647357E-04   -0.438383927264074E-03
   -0.670163331892475E-04   -0.386506523207657E-03
   -0.746638828863179E-04   -0.324024875798420E-03
   -0.768456021132299E-04   -0.256488887114842E-03
   -0.734891063377176E-04   -0.188134403024799E-03
   -0.643504243709671E-04   -0.124816382646362E-03
   -0.493207982103244E-04   -0.712549957477285E-04
   -0.306718390016894E-04   -0.306440173026870E-04
   -0.108167934422435E-04   -0.786614386428978E-05
    0.000000000000000E+00    0.000000000000000E+00
    0.000000000000000E+00    0.000000000000000E+00
    0.365353422251028E-01    0.228736675679642E-02
    0.630701551831609E-01    0.770009768840507E-02
    0.791977967052747E-01    0.150280570394304E-01
    0.849571622107655E-01    0.224140417301933E-01
    0.799925519104743E-01    0.297558045665702E-01
    0.665918737555123E-01    0.336689847975980E-01
    0.482046618230252E-01    0.338539361109370E-01
    0.295465783529418E-01    0.300996841119907E-01
    0.164483192230805E-01    0.220371254619986E-01
    0.930987002131240E-02    0.156653323316461E-01
    0.534555764322315E-02    0.118710049917453E-01
    0.310094293401446E-02    0.875217444241086E-02
    0.190582751620416E-02    0.627391116266870E-02
    0.127448251143121E-02    0.470286623278206E-02
    0.918496662228669E-03    0.370357114149422E-02
    0.737760196267470E-03    0.286226269841793E-02
    0.607839722578659E-03    0.222062715855301E-02
    0.519685830031980E-03    0.168681838954554E-02
    0.455333071092984E-03    0.124797490513540E-02
    0.406463824736098E-03    0.868367435172371E-03
    0.361281172565036E-03    0.547681136692356E-03
    0.317878764721184E-03    0.267164128949971E-03
    0.272478535083627E-03    0.302847784363140E-04
    0.225173184698747E-03   -0.169510101688977E-03
    0.175405548792630E-03   -0.329822073791797E-03
    0.124402152382353E-03   -0.454024264493802E-03
    0.728010323103652E-04   -0.540840152290971E-03
    0.226975729177970E-04   -0.593401222938858E-03
   -0.247641024464345E-04   -0.612264458558341E-03
   -0.670883888414603E-04   -0.601831052784097E-03
   -0.103181859412629E-03   -0.564602858285294E-03
   -0.130614205080775E-03   -0.506743954059602E-03
   -0.148677546855001E-03   -0.432424597977261E-03
   -0.155522642911114E-03   -0.349201840301175E-03
   -0.151049514413489E-03   -0.262404835139651E-03
   -0.134663702405891E-03   -0.179865224854984E-03
   -0.107155833994843E-03   -0.107189663048838E-03
   -0.713573828728277E-04   -0.493598274006361E-04
   -0.315639804477512E-04   -0.134009320281996E-04
    0.000000000000000E+00    0.000000000000000E+00
    0.000000000000000E+00    0.000000000000000E+00
    0.323256424774429E-01    0.237125181748802E-02
    0.562884501440187E-01    0.814872538088179E-02
    0.714168990394375E-01    0.158310396304705E-01
    0.772518522940767E-01    0.236504734108218E-01
    0.744777981733765E-01    0.305687780215835E-01
    0.641358009928057E-01    0.346929725868944E-01
    0.499188908823801E-01    0.352896874277340E-01
    0.350611959708799E-01    0.325861396589890E-01
    0.226323545336430E-01    0.272614147064278E-01
    0.146578443394713E-01    0.216147806764546E-01
    0.946733336545415E-02    0.168509085880369E-01
    0.606529532144885E-02    0.129989913887750E-01
    0.405739296435054E-02    0.995995234099363E-02
    0.286758053167964E-02    0.775976171317263E-02
    0.213155433086024E-02    0.620491402950175E-02
    0.167768439571713E-02    0.489140180101997E-02
    0.136664308778181E-02    0.383916819196094E-02
    0.114453105034154E-02    0.298758161289552E-02
    0.981115147369603E-03    0.229073270090249E-02
    0.853655847871974E-03    0.169686321659383E-02
    0.744707076110849E-03    0.119396407068119E-02
    0.644694183753633E-03    0.762912567681871E-03
    0.548347267479720E-03    0.398551471625053E-03
    0.452547009551950E-03    0.936239143213288E-04
    0.356628033551686E-03   -0.154393716035846E-03
    0.260852773413047E-03   -0.349459206189060E-03
    0.166589021188917E-03   -0.493317949582705E-03
    0.760804584981269E-04   -0.589545894716744E-03
   -0.842337600862884E-05   -0.640953593768015E-03
   -0.838136240864510E-04   -0.652495722449200E-03
   -0.147822860309514E-03   -0.628701606626232E-03
   -0.197432985020830E-03   -0.576291959020190E-03
   -0.230941617230820E-03   -0.501524917817934E-03
   -0.246280248029794E-03   -0.412386865829975E-03
   -0.242799088697337E-03   -0.316369828034979E-03
   -0.220250156800971E-03   -0.221568310955411E-03
   -0.180023914036778E-03   -0.135599493252261E-03
   -0.125147669151412E-03   -0.647959576663912E-04
   -0.623280848564300E-04   -0.175808146508332E-04
    0.000000000000000E+00    0.000000000000000E+00
    0.000000000000000E+00    0.000000000000000E+00
    0.278747615863964E-01    0.226167010895480E-02
    0.493355399477466E-01    0.775684786431530E-02
    0.633180251389657E-01    0.152776874428434E-01
    0.696701731555154E-01    0.227894023656701E-01
    0.685849022521500E-01    0.295512921275353E-01
    0.615093383574609E-01    0.338604500049350E-01
    0.507553942475787E-01    0.351851200696591E-01
    0.388516979814654E-01    0.337636798333691E-01
    0.280646932926371E-01    0.300216612509796E-01
    0.196335406940705E-01    0.254508371794674E-01
    0.136580317899366E-01    0.207880622722940E-01
    0.950966251402031E-02    0.168272825914539E-01
    0.680973149489592E-02    0.134875644140581E-01
    0.507171217308110E-02    0.108239536395336E-01
    0.386698331758494E-02    0.879050438602050E-02
    0.304075152364985E-02    0.707551830009856E-02
    0.246371667389508E-02    0.565497010750934E-02
    0.205324797754365E-02    0.449072776983207E-02
    0.174407766512019E-02    0.353123313896829E-02
    0.150281210865486E-02    0.270906164903656E-02
    0.129685997495150E-02    0.201455006901967E-02
    0.111455519009526E-02    0.141929238083345E-02
    0.943858034055354E-03    0.917595625829704E-03
    0.780898785077483E-03    0.494827138991685E-03
    0.621321795470810E-03    0.149074642211803E-03
    0.466118983947532E-03   -0.128640434380101E-03
    0.315419895362976E-03   -0.339722989262631E-03
    0.172718447267960E-03   -0.491120814768259E-03
    0.402424520667362E-04   -0.585644166675597E-03
   -0.775618787946977E-04   -0.630637663277647E-03
   -0.177953176437171E-03   -0.630911196168666E-03
   -0.256770430739017E-03   -0.594993223346909E-03
   -0.311872672526627E-03   -0.529618470054397E-03
   -0.340464076984212E-03   -0.444248034311946E-03
   -0.341861721539025E-03   -0.347004961964746E-03
   -0.315698239420665E-03   -0.247267920780781E-03
   -0.263685349401447E-03   -0.153886277671386E-03
   -0.189382592322526E-03   -0.747906977343347E-04
   -0.986436390392390E-04   -0.206685612751660E-04
    0.000000000000000E+00    0.000000000000000E+00
    0.000000000000000E+00    0.000000000000000E+00
    0.239378347511067E-01    0.200597995738307E-02
    0.428442283405020E-01    0.706796407175665E-02
    0.558898249547456E-01    0.139330422800790E-01
    0.624551093966062E-01    0.210479614548585E-01
    0.630351538540953E-01    0.274086101150046E-01
    0.584196164308781E-01    0.318308970088503E-01
    0.504530378392195E-01    0.338751045905264E-01
    0.410792676291588E-01    0.334583888104936E-01
    0.318112813470790E-01    0.310452175854270E-01
    0.239101187962527E-01    0.275509043747438E-01
    0.177153162844526E-01    0.235412467324723E-01
    0.131257420779374E-01    0.198159983600875E-01
    0.983916825432632E-02    0.165149290098302E-01
    0.756308264340825E-02    0.136359181425083E-01
    0.593038531269447E-02    0.112512105579292E-01
    0.474103719817718E-02    0.922196748445520E-02
    0.387936329603492E-02    0.751559484560357E-02
    0.324074841612366E-02    0.608279678484408E-02
    0.275038054099538E-02    0.488218675718657E-02
    0.235876914190685E-02    0.384593435425849E-02
    0.202839912541267E-02    0.296210892895743E-02
    0.173746302520624E-02    0.220420395000911E-02
    0.147098556847548E-02    0.156156945365971E-02
    0.122052704697055E-02    0.101769440453976E-02
    0.980672323315329E-03    0.567302562214760E-03
    0.750454422956831E-03    0.200726174452703E-03
    0.530230432061423E-03   -0.861790686277786E-04
    0.323139053922537E-03   -0.300884812168696E-03
    0.132231541536555E-03   -0.448274981300362E-03
   -0.376194919236151E-04   -0.536068927019592E-03
   -0.182725971996823E-03   -0.570694128599978E-03
   -0.298290427885047E-03   -0.560962187673635E-03
   -0.381489653071749E-03   -0.514925736176070E-03
   -0.429017983002085E-03   -0.442386934814034E-03
   -0.440096831192256E-03   -0.352563645419250E-03
   -0.413959555079227E-03   -0.255590930084450E-03
   -0.352991499557697E-03   -0.161286451209196E-03
   -0.259673870734272E-03   -0.795595118974980E-04
   -0.140305275940879E-03   -0.219290292198429E-04
    0.000000000000000E+00    0.000000000000000E+00
    0.000000000000000E+00    0.000000000000000E+00
    0.203471333397601E-01    0.172314158620689E-02
    0.370344043043594E-01    0.612616961256137E-02
    0.489828978262386E-01    0.123020136072871E-01
    0.558217162524620E-01    0.187598704938819E-01
    0.575754087325020E-01    0.247742030722935E-01
    0.550292215442482E-01    0.292288282921420E-01
    0.493391875128919E-01    0.317729103928679E-01
    0.419906914769521E-01    0.322615158414145E-01
    0.343083185282030E-01    0.308901700563946E-01
    0.272183033497231E-01    0.284067962042588E-01
    0.213147896340666E-01    0.251802232299686E-01
    0.166083100354994E-01    0.219018086337379E-01
    0.129883323996148E-01    0.187920499487448E-01
    0.102596931296645E-01    0.159350811573326E-01
    0.821884365875893E-02    0.134036246595666E-01
    0.668682912344087E-02    0.112052635193556E-01
    0.553839078808773E-02    0.930104300755168E-02
    0.466356575100458E-02    0.766148971438762E-02
    0.396944801844507E-02    0.626006486422028E-02
    0.340495593871514E-02    0.504016288602614E-02
    0.292626156797791E-02    0.398775554581356E-02
    0.250721675620727E-02    0.307910291839639E-02
    0.212602995256253E-02    0.230264506047619E-02
    0.177222107212901E-02    0.163973848673267E-02
    0.143685278972367E-02    0.108498558590154E-02
    0.111873793031478E-02    0.626392129043250E-03
    0.816838593082362E-03    0.259632619143406E-03
    0.534887630660053E-03   -0.248824359729564E-04
    0.275699371156380E-03   -0.232036996746293E-03
    0.451037113900362E-04   -0.371166905137486E-03
   -0.152857569756471E-03   -0.448690181756000E-03
   -0.312502429242349E-03   -0.474553894935968E-03
   -0.430544389598513E-03   -0.456897547761030E-03
   -0.503141350791138E-03   -0.406322081305174E-03
   -0.529152164878452E-03   -0.332419241705648E-03
   -0.507724542159595E-03   -0.246019370872731E-03
   -0.440690980018439E-03   -0.157934063347170E-03
   -0.330621858662003E-03   -0.790107311407127E-04
   -0.182188500607106E-03   -0.222047352031278E-04
    0.000000000000000E+00    0.000000000000000E+00
    0.000000000000000E+00    0.000000000000000E+00
    0.173425217752540E-01    0.146108014300162E-02
    0.319161162051843E-01    0.527590316053488E-02
    0.429030967812227E-01    0.106273526714484E-01
    0.496904630425432E-01    0.164388290688125E-01
    0.524053204581044E-01    0.219518681669871E-01
    0.514014311909872E-01    0.263218850519820E-01
    0.476123566369822E-01    0.291736691625344E-01
    0.420846918309480E-01    0.303134646344424E-01
    0.358291918724601E-01    0.298656119557511E-01
    0.297294870997006E-01    0.282763704625414E-01
    0.242357988154597E-01    0.258865374368669E-01
    0.196424266568366E-01    0.231632736429008E-01
    0.158901201926836E-01    0.203691679730008E-01
    0.129124839503715E-01    0.176719521906873E-01
    0.105882556745742E-01    0.151673173427978E-01
    0.877535518990552E-02    0.129166223501130E-01
    0.736339915883222E-02    0.109213915318921E-01
    0.625291187840409E-02    0.915095147830125E-02
    0.535462896563719E-02    0.760292388266765E-02
    0.460909386302883E-02    0.623900468227801E-02
    0.397194825855395E-02    0.504931935122706E-02
    0.341107988565673E-02    0.401130600079862E-02
    0.290267445440573E-02    0.311531012206137E-02
    0.243232197462687E-02    0.234286367313507E-02
    0.199021237607011E-02    0.168818163984276E-02
    0.157306672876780E-02    0.113943627338613E-02
    0.117985455589668E-02    0.691166367999818E-03
    0.813688169502543E-03    0.333677190630650E-03
    0.477923615271362E-03    0.610659007826503E-04
    0.178588509673347E-03   -0.135924866735189E-03
   -0.796022482719257E-04   -0.264466052487245E-03
   -0.290398345632653E-03   -0.334373859298185E-03
   -0.450044832505169E-03   -0.354234869704479E-03
   -0.554021621139058E-03   -0.334654787493200E-03
   -0.601095982452239E-03   -0.285464188756989E-03
   -0.589587777833162E-03   -0.217943634447425E-03
   -0.521492081963633E-03   -0.143101693763995E-03
   -0.398011232890147E-03   -0.729666066954288E-04
   -0.223458508262265E-03   -0.206062694115033E-04
    0.000000000000000E+00    0.000000000000000E+00
    0.000000000000000E+00    0.000000000000000E+00
    0.147693593135229E-01    0.121030500552878E-02
    0.275554758205009E-01    0.442204048894630E-02
    0.375081250202621E-01    0.905780813437343E-02
    0.442071134020249E-01    0.141782743677621E-01
    0.475071729947255E-01    0.192210720285542E-01
    0.477330774358213E-01    0.234132820322543E-01
    0.454460813662941E-01    0.264361974059144E-01
    0.414534007865322E-01    0.280570992024195E-01
    0.365511510937686E-01    0.283040246642985E-01
    0.314145013349925E-01    0.274741063538746E-01
    0.265436351500779E-01    0.258052176783533E-01
    0.221948396323699E-01    0.236694374714071E-01
    0.184926573159960E-01    0.212835009896218E-01
    0.154133145667590E-01    0.188665673374343E-01
    0.129193670763455E-01    0.165112456586069E-01
    0.109053048799219E-01    0.143176199827333E-01
    0.927855836376827E-02    0.123115139496682E-01
    0.795484939625421E-02    0.104902504625104E-01
    0.685961190381382E-02    0.885773454737885E-02
    0.593541870066982E-02    0.740107159399133E-02
    0.513665841952501E-02    0.611040058302529E-02
    0.442938435046341E-02    0.497133807127590E-02
    0.378631956335592E-02    0.397564795300082E-02
    0.319218998202073E-02    0.310811368138131E-02
    0.263529277802209E-02    0.236294272666438E-02
    0.211199020239751E-02    0.172911912192119E-02
    0.162014441072935E-02    0.120127555090370E-02
    0.116316098799988E-02    0.769482252075784E-03
    0.744157877119789E-03    0.428152505667221E-03
    0.369790707898869E-03    0.167709253251199E-03
    0.450552684032075E-04   -0.185854484429343E-04
   -0.223179013697467E-03   -0.140672639169093E-03
   -0.430653580499946E-03   -0.206691507504983E-03
   -0.572414165959986E-03   -0.227162238051524E-03
   -0.646581014677094E-03   -0.211662509674860E-03
   -0.651219683581622E-03   -0.171342506581271E-03
   -0.587342495679146E-03   -0.117364491850537E-03
   -0.455827874718285E-03   -0.617582195934193E-04
   -0.259496291819899E-03   -0.180330183673361E-04
    0.000000000000000E+00    0.000000000000000E+00
    0.000000000000000E+00    0.000000000000000E+00
    0.126426484348059E-01    0.101045770159921E-02
    0.238139088800916E-01    0.372894059684298E-02
    0.328674898588110E-01    0.766569192568051E-02
    0.392907742719597E-01    0.121577643071921E-01
    0.430110699801775E-01    0.166754198138786E-01
    0.441079587044095E-01    0.206247792797817E-01
    0.430256104767460E-01    0.236846024232846E-01
    0.403160752004836E-01    0.256133647101509E-01
    0.365760608274972E-01    0.264005701495112E-01
    0.324000990100963E-01    0.261881196004215E-01
    0.281801056077253E-01    0.251580722301590E-01
    0.242394416940019E-01    0.235842013319253E-01
    0.207158946377243E-01    0.216519845378698E-01
    0.176748623601164E-01    0.195732948184922E-01
    0.151052692397656E-01    0.174575363137627E-01
    0.129644600412582E-01    0.154020301523157E-01
    0.111792384316882E-01    0.134612799479025E-01
    0.968563307700521E-02    0.116543808089808E-01
    0.842233986884800E-02    0.999994838194393E-02
    0.733592019199150E-02    0.849766283495423E-02
    0.638412626980530E-02    0.714774910568649E-02
    0.553305778777872E-02    0.593853753683726E-02
    0.475626960162922E-02    0.486756417181779E-02
    0.403665418158410E-02    0.392257496372712E-02
    0.336283672773680E-02    0.309969529240986E-02
    0.272991494641613E-02    0.238893471637603E-02
    0.213609806677056E-02    0.178562965518014E-02
    0.158425483291808E-02    0.128057545749113E-02
    0.107802961254733E-02    0.868449996775267E-03
    0.624130697127671E-03    0.540432782145830E-03
    0.228081748096985E-03    0.290111207932090E-03
   -0.102810407925038E-03    0.108318328293090E-03
   -0.363891386395647E-03   -0.125033141194798E-04
   -0.549521766698256E-03   -0.821716327946290E-04
   -0.657557342862572E-03   -0.109484121633105E-03
   -0.685083417522343E-03   -0.105175102257835E-03
   -0.632817465989351E-03   -0.795901114554690E-04
   -0.500204851175156E-03   -0.448052289484486E-04
   -0.289405096527937E-03   -0.135277730356688E-04
    0.000000000000000E+00    0.000000000000000E+00
    0.000000000000000E+00    0.000000000000000E+00
    0.108641335490562E-01    0.829214343016429E-03
    0.206818613213719E-01    0.309789048844644E-02
    0.288459087584693E-01    0.645946657857337E-02
    0.349842756078701E-01    0.103606929074637E-01
    0.388924970434861E-01    0.144050098259451E-01
    0.406460801711994E-01    0.180675967059397E-01
    0.404786495346346E-01    0.210816437898948E-01
    0.388109285499943E-01    0.231934827865057E-01
    0.360913456074333E-01    0.243546692361049E-01
    0.327764782107222E-01    0.246300448421618E-01
    0.292459468668664E-01    0.241307833697826E-01
    0.257693166098950E-01    0.230667755998184E-01
    0.225401414975519E-01    0.215834357500352E-01
    0.196349330948065E-01    0.198701465263387E-01
    0.170942194045837E-01    0.180343158464661E-01
    0.148978206102259E-01    0.161795681484209E-01
    0.130146072731323E-01    0.143656123342843E-01
    0.113952962307037E-01    0.126364999179175E-01
    0.999646911889824E-02    0.110142878479458E-01
    0.877154417942934E-02    0.951499537441691E-02
    0.768222735266019E-02    0.814368191093510E-02
    0.669754143414668E-02    0.689788028250691E-02
    0.579267590828742E-02    0.577733293874057E-02
    0.495150078260349E-02    0.477565915316018E-02
    0.416243453071395E-02    0.388986039158496E-02
    0.342097834429753E-02    0.311254769500589E-02
    0.272489803726753E-02    0.243994656772024E-02
    0.207755277283962E-02    0.186415559889577E-02
    0.148249408193208E-02    0.138075652843696E-02
    0.946923067258441E-03    0.981841587167103E-03
    0.476557467515062E-03    0.662091053059820E-03
    0.791386804877045E-04    0.413306800253874E-03
   -0.240235828186045E-03    0.229187376317519E-03
   -0.475538854201714E-03    0.101065814833720E-03
   -0.623902937592764E-03    0.214211405605380E-04
   -0.681942863705377E-03   -0.192678827050476E-04
   -0.649240439555031E-03   -0.302620631022312E-04
   -0.524516003049633E-03   -0.225369907104596E-04
   -0.308468788559094E-03   -0.807230097276608E-05
    0.000000000000000E+00    0.000000000000000E+00
    0.000000000000000E+00    0.000000000000000E+00
    0.938954895908258E-02    0.692684372927052E-03
    0.180161047037150E-01    0.260336778884697E-02
    0.254089675032489E-01    0.544803238401392E-02
    0.311781735049726E-01    0.883459542739730E-02
    0.351778441086901E-01    0.124119131129374E-01
    0.373595671394329E-01    0.157732384747226E-01
    0.379049449616351E-01    0.186649251354315E-01
    0.370783506118205E-01    0.208562782104266E-01
    0.352218213959350E-01    0.222728382705460E-01
    0.327023918084064E-01    0.229198025931495E-01
    0.298207274526356E-01    0.228648126170975E-01
    0.268499375957859E-01    0.222499753120990E-01
    0.239553756410685E-01    0.211934451410471E-01
    0.212629121491923E-01    0.198472173647874E-01
    0.188176414235245E-01    0.183141763746211E-01
    0.166411615242804E-01    0.166953577659031E-01
    0.147192557063321E-01    0.150554783016506E-01
    0.130260066742594E-01    0.134487006677558E-01
    0.115293418869130E-01    0.119068894391612E-01
    0.101948890432997E-01    0.104511807766077E-01
    0.899037067516419E-02    0.909595258964604E-02
    0.788893891160145E-02    0.784413228362117E-02
    0.686927826696321E-02    0.670075958335663E-02
    0.591604348812933E-02    0.566289370400265E-02
    0.501937326208119E-02    0.473056344267562E-02
    0.417465826454574E-02    0.389816376695136E-02
    0.338070098172889E-02    0.316372397217676E-02
    0.264057395256662E-02    0.252091983266167E-02
    0.195853598354711E-02    0.196658627470280E-02
    0.134169924300875E-02    0.149428587570348E-02
    0.796261421089169E-03    0.110004734594144E-02
    0.330114424269991E-03    0.777260990019333E-03
   -0.512690648127249E-04    0.521310418261135E-03
   -0.341430350714867E-03    0.325235719111814E-03
   -0.537035092511572E-03    0.183511531788850E-03
   -0.633834018581331E-03    0.882832337847819E-04
   -0.630643336521639E-03    0.323693157950516E-04
   -0.524712896626091E-03    0.615207715449873E-05
   -0.315600205374990E-03   -0.487406829810571E-06
    0.000000000000000E+00    0.000000000000000E+00
    0.000000000000000E+00    0.000000000000000E+00
    0.816264325781044E-02    0.571255553374996E-03
    0.157873764182584E-01    0.217143713154997E-02
    0.224546935276040E-01    0.459699337092602E-02
    0.278704632997219E-01    0.752735224921819E-02
    0.318349604642836E-01    0.106966052697222E-01
    0.343132656181434E-01    0.137562873939563E-01
    0.353741601418672E-01    0.164962362723348E-01
    0.352165564036931E-01    0.186962152170240E-01
    0.340820495024785E-01    0.202720724270297E-01
    0.322526839867451E-01    0.211921913562347E-01
    0.299878019162037E-01    0.214885420247940E-01
    0.275091411287168E-01    0.212546189527816E-01
    0.249930177526947E-01    0.205788940677991E-01
    0.225528430726096E-01    0.195834703424560E-01
    0.202673356445534E-01    0.183568544056686E-01
    0.181653607136099E-01    0.169951588998051E-01
    0.162612165443253E-01    0.155602487371876E-01
    0.145404133028176E-01    0.141120295852043E-01
    0.129867713717080E-01    0.126859517526258E-01
    0.115744883176693E-01    0.113105312048334E-01
    0.102806547345190E-01    0.100037801242113E-01
    0.908341097781379E-02    0.877618473117931E-02
    0.796556425208174E-02    0.763500663771907E-02
    0.691441825483574E-02    0.658217526821830E-02
    0.592123194533561E-02    0.561961782784349E-02
    0.498291790035644E-02    0.474454861979372E-02
    0.409852936332910E-02    0.395658615028364E-02
    0.327201054747513E-02    0.325134877607466E-02
    0.250755475144487E-02    0.262726808357726E-02
    0.181272938373964E-02    0.207958116707263E-02
    0.119367054956811E-02    0.160621532330814E-02
    0.658513155451400E-03    0.120246202432205E-02
    0.212847999476022E-03    0.865994757872583E-03
   -0.136578243497296E-03    0.592113477752781E-03
   -0.385948368485483E-03    0.377942965192021E-03
   -0.530337051678338E-03    0.218093000024516E-03
   -0.567462343341308E-03    0.108119156276726E-03
   -0.493293831692830E-03    0.407592113413416E-04
   -0.305686689793970E-03    0.817109526091367E-05
    0.000000000000000E+00    0.000000000000000E+00
    0.000000000000000E+00    0.000000000000000E+00
    0.713376347653276E-02    0.481538184541555E-03
    0.138856779782029E-01    0.183622801734548E-02
    0.199232506259136E-01    0.389981329937980E-02
    0.249616739033457E-01    0.644244691500317E-02
    0.288480887228464E-01    0.923554769465365E-02
    0.314892509442754E-01    0.120083747787819E-01
    0.329367052781097E-01    0.145694941900145E-01
    0.332987637548611E-01    0.167281013348868E-01
    0.327584666104598E-01    0.183921330743610E-01
    0.315297552655726E-01    0.195075441034187E-01
    0.298144743110214E-01    0.200817192139921E-01
    0.278142465282334E-01    0.201676842079281E-01
    0.256745218355462E-01    0.198290107758835E-01
    0.235222656575454E-01    0.191597172639080E-01
    0.214309855841439E-01    0.182332106549334E-01
    0.194529966586948E-01    0.171352855222941E-01
    0.176084908237647E-01    0.159241865982879E-01
    0.159034647713669E-01    0.146582616111736E-01
    0.143295447507917E-01    0.133758730330714E-01
    0.128734459392554E-01    0.121088093266073E-01
    0.115192530275609E-01    0.108789052655984E-01
    0.102511481579265E-01    0.970090932585392E-02
    0.905661207475357E-02    0.858537108024792E-02
    0.792550905065064E-02    0.753703432731141E-02
    0.685194531003127E-02    0.656032936871978E-02
    0.583345039219491E-02    0.565482146215127E-02
    0.487079233887917E-02    0.482187864145046E-02
    0.396770137109125E-02    0.405919539531372E-02
    0.312926872979310E-02    0.336685565953597E-02
    0.236258943246883E-02    0.274218138626719E-02
    0.167419791320939E-02    0.218516683992443E-02
    0.107174519325344E-02    0.169353455177353E-02
    0.561086833573542E-03    0.126768757360367E-02
    0.148720549494069E-03    0.905803750194614E-03
   -0.160939767742158E-03    0.608368362403287E-03
   -0.362598489828758E-03    0.373212360187535E-03
   -0.452650945460078E-03    0.199508760273209E-03
   -0.425619877286413E-03    0.831135876940361E-04
   -0.277278809052346E-03    0.193823731291382E-04
    0.000000000000000E+00    0.000000000000000E+00
    0.000000000000000E+00    0.000000000000000E+00
    0.627232949087390E-02    0.402135226101309E-03
    0.122826843155243E-01    0.154890449746809E-02
    0.177428846829931E-01    0.332030274643348E-02
    0.224313051728525E-01    0.552990789188643E-02
    0.261781204697908E-01    0.800213201863784E-02
    0.289093138404588E-01    0.105094705930772E-01
    0.306175680726582E-01    0.128934517730314E-01
    0.313815134403450E-01    0.149811401556132E-01
    0.313198919459244E-01    0.166833425821511E-01
    0.305951947115570E-01    0.179328178598135E-01
    0.293706811909250E-01    0.187191712341492E-01
    0.278065812596194E-01    0.190672926943400E-01
    0.260413977203719E-01    0.190191899096312E-01
    0.241831799797840E-01    0.186443599425907E-01
    0.223170001967186E-01    0.180020106684274E-01
    0.204935545918806E-01    0.171642767396890E-01
    0.187489922222732E-01    0.161841415459943E-01
    0.170950622260444E-01    0.151156250791998E-01
    0.155373869326881E-01    0.139968177406688E-01
    0.140694387876338E-01    0.128609601213394E-01
    0.126844257786332E-01    0.117314061102098E-01
    0.113719994165952E-01    0.106256876305015E-01
    0.101241170280871E-01    0.955658712041329E-02
    0.893443340987114E-02    0.853105425469348E-02
    0.779895642237951E-02    0.755568777582061E-02
    0.671753843844562E-02    0.663180815206990E-02
    0.569133513996736E-02    0.576279975506185E-02
    0.472524493826247E-02    0.494785867186730E-02
    0.382394548526370E-02    0.418928615948736E-02
    0.299486805618182E-02    0.348617466368826E-02
    0.224384426585233E-02    0.284121196829338E-02
    0.157839758344378E-02    0.225459187888683E-02
    0.100370489157998E-02    0.173016214797915E-02
    0.526233877990539E-03    0.126936951491670E-02
    0.150151575493178E-03    0.877028362389735E-03
   -0.118474132369692E-03    0.554787185325503E-03
   -0.275278048198608E-03    0.306714385034862E-03
   -0.312720432968338E-03    0.132457738866888E-03
   -0.224418275438968E-03    0.318947578171243E-04
    0.000000000000000E+00    0.000000000000000E+00
    0.000000000000000E+00    0.000000000000000E+00
    0.553870559744184E-02    0.343797691555542E-03
    0.109023849994210E-01    0.132622153976171E-02
    0.158576468319513E-01    0.285087191401513E-02
    0.201992420177379E-01    0.478192333698968E-02
    0.237923829126170E-01    0.697068969677793E-02
    0.265384777092892E-01    0.923891541681188E-02
    0.284283478280226E-01    0.114466039457068E-01
    0.294904450504290E-01    0.134465174367823E-01
    0.298129315866691E-01    0.151512140463267E-01
    0.295108132007618E-01    0.164893286406165E-01
    0.287101644259443E-01    0.174378701330320E-01
    0.275459572819117E-01    0.180011193734257E-01
    0.261301867858889E-01    0.182033917942881E-01
    0.245687786616681E-01    0.180934126015487E-01
    0.229351720139369E-01    0.177160721420181E-01
    0.212907149960660E-01    0.171305686623485E-01
    0.196708046838362E-01    0.163817183305150E-01
    0.181000178850610E-01    0.155189223323130E-01
    0.165886627407590E-01    0.145768069361744E-01
    0.151400462909652E-01    0.135890148664479E-01
    0.137530522836868E-01    0.125781857031409E-01
    0.124234301902683E-01    0.115637069823214E-01
    0.111478697211262E-01    0.105587952217227E-01
    0.992288555190775E-02    0.957268346777314E-02
    0.874793108223007E-02    0.861254727354266E-02
    0.762350255822316E-02    0.768200809274359E-02
    0.655284624255306E-02    0.678519345071523E-02
    0.554023598731447E-02    0.592349957086872E-02
    0.459127355861906E-02    0.510054719192682E-02
    0.371203733471717E-02    0.431792086288808E-02
    0.290847835646560E-02    0.358061478065589E-02
    0.218641521743819E-02    0.289197251918441E-02
    0.155092130219238E-02    0.225942785487315E-02
    0.100684785465917E-02    0.168852808129755E-02
    0.558878131644518E-03    0.118890920726692E-02
    0.212307635317373E-03    0.767280338182198E-03
   -0.265494332509301E-04    0.433198892763131E-03
   -0.149026162802199E-03    0.191704844771847E-03
   -0.145058716988815E-03    0.476473259619386E-04
    0.000000000000000E+00    0.000000000000000E+00
    0.000000000000000E+00    0.000000000000000E+00
    0.491602557723082E-02    0.292305156092768E-03
    0.972197208706595E-02    0.113746708618370E-02
    0.142183797483175E-01    0.246337184706618E-02
    0.182411510114955E-01    0.415992234337120E-02
    0.216541187568511E-01    0.611098039553258E-02
    0.243769163885436E-01    0.816815983055734E-02
    0.263710568331814E-01    0.102150410991670E-01
    0.276536320428403E-01    0.121223350498377E-01
    0.282738352681934E-01    0.138092663633402E-01
    0.283171909564257E-01    0.152036779030651E-01
    0.278796692113039E-01    0.162748253778548E-01
    0.270666773654257E-01    0.170127184851729E-01
    0.259768340079266E-01    0.174281744334881E-01
    0.246974267146778E-01    0.175522642413397E-01
    0.233026439165718E-01    0.174181735510941E-01
    0.218471060514556E-01    0.170713475836041E-01
    0.203742012869501E-01    0.165495671668950E-01
    0.189095473416075E-01    0.158943687300947E-01
    0.174724153297822E-01    0.151376346330550E-01
    0.160705253736667E-01    0.143093672041609E-01
    0.147094540932188E-01    0.134322957846372E-01
    0.133898423220923E-01    0.125242353730667E-01
    0.121123790409352E-01    0.115997876190840E-01
    0.108775737822379E-01    0.106675498204924E-01
    0.968650156589829E-02    0.973652875641727E-02
    0.854229879588346E-02    0.881006969729665E-02
    0.744803616577276E-02    0.789444279801751E-02
    0.640920669044909E-02    0.699122744973594E-02
    0.543012642180803E-02    0.610661068957196E-02
    0.451681834097531E-02    0.524332505529046E-02
    0.367328816890320E-02    0.440969809187644E-02
    0.290447874378793E-02    0.361160971636915E-02
    0.221327787021838E-02    0.286109819671588E-02
    0.160374084225833E-02    0.216777092877893E-02
    0.107880058956652E-02    0.154754809482208E-02
    0.644312534439583E-03    0.101237416227926E-02
    0.306405673825432E-03    0.579521671962505E-03
    0.767775142575443E-04    0.259513504123861E-03
   -0.319393973946094E-04    0.650518214999938E-04
    0.000000000000000E+00    0.000000000000000E+00
    0.000000000000000E+00    0.000000000000000E+00
    0.437550665959603E-02    0.254644511411047E-03
    0.869049533894096E-02    0.991354925414137E-03
    0.127801956053972E-01    0.215203944376683E-02
    0.164965028907540E-01    0.365490346874984E-02
    0.197284874091076E-01    0.540205351876530E-02
    0.223871733546557E-01    0.727589571018058E-02
    0.244384146181421E-01    0.917520161169364E-02
    0.258723043214493E-01    0.109906181562350E-01
    0.267232710586778E-01    0.126470032774247E-01
    0.270460107153298E-01    0.140751951679239E-01
    0.269133574911182E-01    0.152398670515069E-01
    0.264091135739106E-01    0.161212344961308E-01
    0.256114485070988E-01    0.167194792212071E-01
    0.245995801016092E-01    0.170519959626806E-01
    0.234356024240211E-01    0.171403484848838E-01
    0.221761762062207E-01    0.170192147789675E-01
    0.208609077364130E-01    0.167169225435546E-01
    0.195218672898582E-01    0.162691631762105E-01
    0.181798735020602E-01    0.157014018955987E-01
    0.168492672368194E-01    0.150416628206464E-01
    0.155394941438723E-01    0.143086401409229E-01
    0.142558126899825E-01    0.135205242657949E-01
    0.130031604881708E-01    0.126892266149889E-01
    0.117841635598253E-01    0.118248352661509E-01
    0.106033531373802E-01    0.109345005119587E-01
    0.946385560635350E-02    0.100233726807815E-01
    0.837086356115219E-02    0.909672672409726E-02
    0.732821260772980E-02    0.815818785561114E-02
    0.634090428446713E-02    0.721415718932496E-02
    0.541206459514036E-02    0.626994293526844E-02
    0.454519907698920E-02    0.533583089663952E-02
    0.374149095167071E-02    0.442132319696805E-02
    0.300290679599048E-02    0.354259090438432E-02
    0.232947895818267E-02    0.271451644021102E-02
    0.172414805494383E-02    0.195936066424062E-02
    0.118975357601691E-02    0.129626844609595E-02
    0.734930614615102E-03    0.750311970124707E-03
    0.371421919793627E-03    0.340417783724891E-03
    0.117916838146989E-03    0.867098953152693E-04
    0.000000000000000E+00    0.000000000000000E+00
    0.000000000000000E+00    0.000000000000000E+00
    0.390760778021782E-02    0.221526943132693E-03
    0.779080137819477E-02    0.868760500405978E-03
    0.115097944552605E-01    0.189687283846771E-02
    0.149432849863485E-01    0.323928622807689E-02
    0.179847237232600E-01    0.481800666177776E-02
    0.205601320367408E-01    0.653536324966108E-02
    0.226215739751750E-01    0.830651080120420E-02
    0.241566272739513E-01    0.100370231796079E-01
    0.251767386510474E-01    0.116589097366723E-01
    0.257206994339481E-01    0.131071954949401E-01
    0.258399685187854E-01    0.143441555538294E-01
    0.255986680999681E-01    0.153441692013020E-01
    0.250619335159043E-01    0.160993881043670E-01
    0.242935930817553E-01    0.166163053499929E-01
    0.233518908668855E-01    0.169075493901876E-01
    0.222854744694295E-01    0.169967415186393E-01
    0.211362243431400E-01    0.169054235848199E-01
    0.199346125247155E-01    0.166605155762506E-01
    0.187060842671946E-01    0.162837124128859E-01
    0.174672522362368E-01    0.157968173585481E-01
    0.162319046084879E-01    0.152172123907176E-01
    0.150090800427142E-01    0.145587208658083E-01
    0.138063857808093E-01    0.138335164509629E-01
    0.126301306703739E-01    0.130483421296582E-01
    0.114854385218010E-01    0.122115590760500E-01
    0.103780399034820E-01    0.113256319135545E-01
    0.931187327334637E-02    0.103976805458074E-01
    0.829174475705291E-02    0.942956912846608E-02
    0.731989761687216E-02    0.843023455341364E-02
    0.639863646197481E-02    0.740475366596953E-02
    0.552752822963689E-02    0.636710839685031E-02
    0.470555713211615E-02    0.532877073476184E-02
    0.393002933870260E-02    0.431156063830441E-02
    0.319865495898407E-02    0.333487572852121E-02
    0.250993970049151E-02    0.242948076151918E-02
    0.186641537438448E-02    0.162122034169602E-02
    0.127445510428678E-02    0.946580794164287E-03
    0.749794714395414E-03    0.432038108290560E-03
    0.313591870585385E-03    0.110521706861415E-03
    0.000000000000000E+00    0.000000000000000E+00
    0.000000000000000E+00    0.000000000000000E+00
    0.349204283415555E-02    0.197501201792979E-03
    0.698907096354949E-02    0.774262053588810E-03
    0.103735437861807E-01    0.169371167445441E-02
    0.135375306490123E-01    0.290519053833820E-02
    0.163923482120585E-01    0.434275200183223E-02
    0.188624366327765E-01    0.592792727874540E-02
    0.209059982708041E-01    0.758738371814321E-02
    0.224964989966399E-01    0.924122628454824E-02
    0.236392182157728E-01    0.108278671413694E-01
    0.243537160805997E-01    0.122874515996774E-01
    0.246779494343038E-01    0.135818666455770E-01
    0.246596948686664E-01    0.146818113791559E-01
    0.243498924810109E-01    0.155736617036409E-01
    0.238032532491017E-01    0.162557757608800E-01
    0.230677806547717E-01    0.167324405018549E-01
    0.221900858630955E-01    0.170191353738775E-01
    0.212071971562263E-01    0.171289428028168E-01
    0.201518956127849E-01    0.170830769355411E-01
    0.190493101625630E-01    0.168958483729433E-01
    0.179196479107065E-01    0.165862502407119E-01
    0.167791706033606E-01    0.161654933117505E-01
    0.156396947206949E-01    0.156467957204887E-01
    0.145123276560185E-01    0.150371342618026E-01
    0.134043557465036E-01    0.143438727002318E-01
    0.123240691106047E-01    0.135710098519007E-01
    0.112760755895711E-01    0.127222120037446E-01
    0.102662401999780E-01    0.118012754108129E-01
    0.929616969091978E-02    0.108116525122445E-01
    0.836827741046383E-02    0.976062239793129E-02
    0.747971662182451E-02    0.865552009020920E-02
    0.662849751862719E-02    0.751121000404999E-02
    0.580671680472528E-02    0.634289875033860E-02
    0.500927575297132E-02    0.517662334886149E-02
    0.422596272816733E-02    0.403807589680627E-02
    0.345402838166693E-02    0.296590554090713E-02
    0.268897488803507E-02    0.199563263809267E-02
    0.193986924839104E-02    0.117445711095823E-02
    0.121988827492232E-02    0.541307215850896E-03
    0.559453545394093E-03    0.140027049804390E-03
    0.000000000000000E+00    0.000000000000000E+00
    0.000000000000000E+00    0.000000000000000E+00
    0.312331149001250E-02    0.176513167284907E-03
    0.627277803963771E-02    0.695903726420227E-03
    0.934898712061139E-02    0.152868935269000E-02
    0.122615038051903E-01    0.263322954432998E-02
    0.149274106977612E-01    0.395580652173101E-02
    0.172827305303922E-01    0.543099176306171E-02
    0.192796848358454E-01    0.699679107920340E-02
    0.208931644140209E-01    0.858461723800993E-02
    0.221151680264755E-01    0.101393314247169E-01
    0.229574876797976E-01    0.116065023006928E-01
    0.234436916731808E-01    0.129483295688894E-01
    0.236094317273286E-01    0.141341674341823E-01
    0.234949481299617E-01    0.151460858607638E-01
    0.231437329387503E-01    0.159763334697557E-01
    0.225985404003844E-01    0.166230040021532E-01
    0.218987784730462E-01    0.170935740073567E-01
    0.210808150893812E-01    0.173953884994963E-01
    0.201747982772888E-01    0.175418541922624E-01
    0.192077070661672E-01    0.175431921413934E-01
    0.182006415682225E-01    0.174115936289355E-01
    0.171721337515372E-01    0.171560114434253E-01
    0.161368479050833E-01    0.167837427272870E-01
    0.151071171605828E-01    0.163010027419169E-01
    0.140935159877873E-01    0.157097298618814E-01
    0.131037758088925E-01    0.150142093823172E-01
    0.121449435295141E-01    0.142130729037497E-01
    0.112202569401587E-01    0.133112082653964E-01
    0.103318811502685E-01    0.123078423190721E-01
    0.947748855368915E-02    0.112122894946558E-01
    0.865227339968909E-02    0.100294405089454E-01
    0.784749619503252E-02    0.877778728761863E-02
    0.705096704538726E-02    0.747310395904091E-02
    0.624918952655591E-02    0.614789424786394E-02
    0.542693894827803E-02    0.483228782582424E-02
    0.457260950679677E-02    0.357594303198507E-02
    0.367931369249948E-02    0.242255762365980E-02
    0.274985694700658E-02    0.143562179210100E-02
    0.180194334550878E-02    0.664231653956748E-03
    0.867073922569149E-03    0.172404844470126E-03
    0.000000000000000E+00    0.000000000000000E+00
    0.000000000000000E+00    0.000000000000000E+00
    0.278739288393709E-02    0.161441657647803E-03
    0.561978660212799E-02    0.635818305475893E-03
    0.841212856921108E-02    0.139842324498553E-02
    0.110843448838841E-01    0.241653853363131E-02
    0.135660631602297E-01    0.364435216984495E-02
    0.157943936063570E-01    0.502852305278079E-02
    0.177276880193254E-01    0.651540761855452E-02
    0.193335877036919E-01    0.804685265928471E-02
    0.206025689268094E-01    0.957343802221664E-02
    0.215346215074569E-01    0.110460743025598E-01
    0.221461928371197E-01    0.124283809237466E-01
    0.224613456428371E-01    0.136892615322490E-01
    0.225113168141765E-01    0.148080808119972E-01
    0.223315968025602E-01    0.157727122547031E-01
    0.219573791093835E-01    0.165757475280091E-01
    0.214245675886422E-01    0.172191033607520E-01
    0.207651909910507E-01    0.177033199794258E-01
    0.200093240660949E-01    0.180371717597995E-01
    0.191830185878891E-01    0.182237633267236E-01
    0.183088657827552E-01    0.182724723234905E-01
    0.174070432987378E-01    0.181852091258100E-01
    0.164935518331750E-01    0.179681688139904E-01
    0.155836870482738E-01    0.176206225340918E-01
    0.146879708710017E-01    0.171445490278050E-01
    0.138170978896631E-01    0.165374432426142E-01
    0.129758828556846E-01    0.157985183818770E-01
    0.121692853509061E-01    0.149265093244580E-01
    0.113945329608907E-01    0.139214869286292E-01
    0.106487887656899E-01    0.127883164374721E-01
    0.991918861034078E-02    0.115333710272224E-01
    0.919389677875329E-02    0.101739447111531E-01
    0.844941783804182E-02    0.872912799880974E-02
    0.766744250464417E-02    0.723503735395767E-02
    0.681886877864963E-02    0.572881118613826E-02
    0.588835336891753E-02    0.426949003458569E-02
    0.485520355224004E-02    0.291331925301925E-02
    0.372422006007784E-02    0.173822748768458E-02
    0.250518730786112E-02    0.811278680010989E-03
    0.124288379929151E-02    0.212523232354774E-03
    0.000000000000000E+00    0.000000000000000E+00
    0.000000000000000E+00    0.000000000000000E+00
    0.248115175245261E-02    0.148366391078622E-03
    0.502126945654332E-02    0.586456649305947E-03
    0.754816914174573E-02    0.129318596058973E-02
    0.999311392956865E-02    0.224116248401533E-02
    0.122910033733863E-01    0.339227033465968E-02
    0.143876465631386E-01    0.470162581368609E-02
    0.162391012291038E-01    0.612362349233893E-02
    0.178160300863058E-01    0.760823438865824E-02
    0.191012717817094E-01    0.911161548653242E-02
    0.200918656143384E-01    0.105896614277382E-01
    0.207947889473308E-01    0.120077181497148E-01
    0.212274034179400E-01    0.133353411922721E-01
    0.214128400418181E-01    0.145501090176803E-01
    0.213792967256836E-01    0.156368145306260E-01
    0.211569489626729E-01    0.165841732104760E-01
    0.207762940309986E-01    0.173888001015170E-01
    0.202674980320096E-01    0.180468649940055E-01
    0.196582051177342E-01    0.185610290329240E-01
    0.189747222848099E-01    0.189306288990587E-01
    0.182400555878980E-01    0.191588424987913E-01
    0.174753203611053E-01    0.192448786019768E-01
    0.166989324098435E-01    0.191886846275599E-01
    0.159264883409000E-01    0.189878502123789E-01
    0.151717050212227E-01    0.186377580990783E-01
    0.144438913064410E-01    0.181350124309957E-01
    0.137504049099267E-01    0.174717065428885E-01
    0.130923197158696E-01    0.166463999113327E-01
    0.124671686391929E-01    0.156520051851457E-01
    0.118651397149213E-01    0.144942459738112E-01
    0.112700491082493E-01    0.131737554769769E-01
    0.106596268379798E-01    0.117107921556023E-01
    0.100030984984206E-01    0.101223328950687E-01
    0.926840076501010E-02    0.845144686151466E-02
    0.841699462054253E-02    0.673875855706303E-02
    0.741781062335320E-02    0.505710912080433E-02
    0.624356812232499E-02    0.347233747609534E-02
    0.488570339123808E-02    0.208513651584274E-02
    0.335786189276635E-02    0.976108897794126E-03
    0.170190291527280E-02    0.256576283464637E-03
    0.000000000000000E+00    0.000000000000000E+00
    0.000000000000000E+00    0.000000000000000E+00
    0.219533309853189E-02    0.138923967537931E-03
    0.446342072434759E-02    0.548280860507181E-03
    0.674120491132265E-02    0.120967880414173E-02
    0.896738839269251E-02    0.210067547253259E-02
    0.110856348912729E-01    0.318843474653111E-02
    0.130434205957067E-01    0.443591435555820E-02
    0.148023125305034E-01    0.580348323119041E-02
    0.163292392310896E-01    0.724873351845201E-02
    0.176079820241666E-01    0.873245268070356E-02
    0.186283527156493E-01    0.102154732756477E-01
    0.193943337899860E-01    0.116651105596897E-01
    0.199153182935309E-01    0.130521451253854E-01
    0.202094554359467E-01    0.143531969588343E-01
    0.202985742406712E-01    0.155512176512339E-01
    0.202080593555330E-01    0.166315622162113E-01
    0.199647526224598E-01    0.175875067478305E-01
    0.195957792629031E-01    0.184102374717482E-01
    0.191276341185300E-01    0.190991523879653E-01
    0.185859650185840E-01    0.196475523320025E-01
    0.179941229679515E-01    0.200563756246543E-01
    0.173747628372853E-01    0.203179415240574E-01
    0.167468892752012E-01    0.204311932193258E-01
    0.161290752581635E-01    0.203858180103269E-01
    0.155345829004030E-01    0.201770667209033E-01
    0.149759278982047E-01    0.197925502864642E-01
    0.144577530303615E-01    0.192244595121387E-01
    0.139829953265343E-01    0.184617771827679E-01
    0.135428589365971E-01    0.174973079996967E-01
    0.131263934750501E-01    0.163282263113120E-01
    0.127061014646808E-01    0.149552411938734E-01
    0.122545760721461E-01    0.133938242967529E-01
    0.117238310586039E-01    0.116630587274656E-01
    0.110734023931933E-01    0.980782079345665E-02
    0.102419083072836E-01    0.787603770342817E-02
    0.919028372722265E-02    0.595113234190655E-02
    0.786634737385273E-02    0.411489694762879E-02
    0.626111637150187E-02    0.248727174164244E-02
    0.437029686908247E-02    0.117439445815890E-02
    0.225364101432016E-02    0.311324866360526E-03
    0.000000000000000E+00    0.000000000000000E+00
    0.000000000000000E+00    0.000000000000000E+00
    0.192832090407715E-02    0.130665852639614E-03
    0.394057863828628E-02    0.516465408910485E-03
    0.598224769682577E-02    0.114084070723614E-02
    0.799916385900176E-02    0.198447300697104E-02
    0.993895619801139E-02    0.301973421623797E-02
    0.117556043236911E-01    0.421507939047977E-02
    0.134099003760666E-01    0.553692752879373E-02
    0.148723568283850E-01    0.694854724726026E-02
    0.161222996198337E-01    0.841560464216414E-02
    0.171494381713959E-01    0.990295238425769E-02
    0.179515531260343E-01    0.113803770177463E-01
    0.185350902661709E-01    0.128200041222013E-01
    0.189122736561502E-01    0.141983659911154E-01
    0.191009112316218E-01    0.154971214367586E-01
    0.191221167496675E-01    0.166996605521147E-01
    0.189993893774380E-01    0.177960841304259E-01
    0.187576907096402E-01    0.187746845602322E-01
    0.184219677539476E-01    0.196306687442726E-01
    0.180174344205317E-01    0.203543379105103E-01
    0.175680967933324E-01    0.209418857695496E-01
    0.170970207368395E-01    0.213829708537638E-01
    0.166258121591647E-01    0.216711658071979E-01
    0.161732388004582E-01    0.217937484089750E-01
    0.157562916601532E-01    0.217393504667006E-01
    0.153861420132738E-01    0.214933132153496E-01
    0.150708557554126E-01    0.210392468331542E-01
    0.148090148593429E-01    0.203639486956203E-01
    0.145926029957844E-01    0.194497292461173E-01
    0.144016601777544E-01    0.182923881281992E-01
    0.142041654626069E-01    0.168820477980184E-01
    0.139577407837021E-01    0.152354740959351E-01
    0.136030191047188E-01    0.133649798841474E-01
    0.130783583828086E-01    0.113222144506322E-01
    0.123060027174897E-01    0.915609824150100E-02
    0.112207010829978E-01    0.696718956273210E-02
    0.975620590355227E-02    0.484781625052476E-02
    0.787810401085404E-02    0.294959423469250E-02
    0.558272937530459E-02    0.139646030776383E-02
    0.291809650844175E-02    0.371615894217778E-03
    0.000000000000000E+00    0.000000000000000E+00
    0.000000000000000E+00    0.000000000000000E+00
    0.167481835920276E-02    0.124225018623166E-03
    0.344532073174510E-02    0.490235215489681E-03
    0.526243028185564E-02    0.108304751392867E-02
    0.707662344841516E-02    0.188615674654905E-02
    0.884162532452116E-02    0.287570569815445E-02
    0.105127248558045E-01    0.402558841708577E-02
    0.120554986807624E-01    0.530660646776408E-02
    0.134384940893202E-01    0.668782767933514E-02
    0.146432553251834E-01    0.813856784969300E-02
    0.156550667796793E-01    0.962807595538687E-02
    0.164713139879257E-01    0.111281407327861E-01
    0.170930395186459E-01    0.126129173682345E-01
    0.175303932748685E-01    0.140589946096486E-01
    0.177963323885342E-01    0.154478046269949E-01
    0.179095650199892E-01    0.167610304285170E-01
    0.178902806901298E-01    0.179871813056929E-01
    0.177619113717916E-01    0.191114128217758E-01
    0.175478595338089E-01    0.201270675359209E-01
    0.172734537284285E-01    0.210201553504337E-01
    0.169626561564949E-01    0.217855630709694E-01
    0.166405669504685E-01    0.224072755555934E-01
    0.163294016538834E-01    0.228785100851107E-01
    0.160516164592579E-01    0.231787498135282E-01
    0.158243913695748E-01    0.232969050401704E-01
    0.156632038288252E-01    0.232076672401500E-01
    0.155743745032900E-01    0.228947161329571E-01
    0.155594101667262E-01    0.223311121503049E-01
    0.156039470511482E-01    0.214980680703689E-01
    0.156867982336287E-01    0.203766078112677E-01
    0.157616402904990E-01    0.189547834513753E-01
    0.157785937471463E-01    0.172380878402462E-01
    0.156529839606622E-01    0.152387198520039E-01
    0.153097264942209E-01    0.130060899164823E-01
    0.146347869352829E-01    0.105960204333382E-01
    0.135480554280286E-01    0.812046101844838E-02
    0.119411192835679E-01    0.569171645452456E-02
    0.977368552873966E-02    0.348677846430444E-02
    0.700629750486879E-02    0.166575412869707E-02
    0.370953673451646E-02    0.447017182416873E-03
    0.000000000000000E+00    0.000000000000000E+00
    0.000000000000000E+00    0.000000000000000E+00
    0.143428581994315E-02    0.118240487982525E-03
    0.297498408910471E-02    0.466443164159711E-03
    0.457758991051271E-02    0.103093850253505E-02
    0.619681038501199E-02    0.179710552412846E-02
    0.778869958443277E-02    0.274522107731503E-02
    0.931353143963755E-02    0.385286771941682E-02
    0.107365735184553E-01    0.509582110283780E-02
    0.120301308794738E-01    0.644713645752014E-02
    0.131731009326271E-01    0.788048209981180E-02
    0.141523504813033E-01    0.936821883167773E-02
    0.149611971661019E-01    0.108849239706525E-01
    0.156002343373212E-01    0.124062537458298E-01
    0.160753024440562E-01    0.139097969955138E-01
    0.163978049844185E-01    0.153767847897441E-01
    0.165829283526283E-01    0.167884073133565E-01
    0.166493482353291E-01    0.181317035180967E-01
    0.166183652814834E-01    0.193903649799085E-01
    0.165129165786722E-01    0.205555200352269E-01
    0.163576382972427E-01    0.216113883640754E-01
    0.161777607182538E-01    0.225503153028562E-01
    0.159989532132495E-01    0.233540787024799E-01
    0.158465975027561E-01    0.240128056989989E-01
    0.157442379087959E-01    0.245032296297290E-01
    0.157141599493424E-01    0.248093417697997E-01
    0.157720275469219E-01    0.249021276856669E-01
    0.159298040665138E-01    0.247567473150171E-01
    0.161860954185928E-01    0.243409296051558E-01
    0.165295804561475E-01    0.236221560264102E-01
    0.169292000441600E-01    0.225758385026532E-01
    0.173339101970237E-01    0.211724438826072E-01
    0.176735569571948E-01    0.194148808937997E-01
    0.178468152169403E-01    0.173001515599242E-01
    0.177465854389086E-01    0.148839316531922E-01
    0.172322633152252E-01    0.122171731744914E-01
    0.161817221221428E-01    0.943393469927886E-02
    0.144596514042337E-01    0.665718919243238E-02
    0.119813502417090E-01    0.410726426741942E-02
    0.869933451610029E-02    0.196771878289028E-02
    0.465499202075594E-02    0.530680665695134E-03
    0.000000000000000E+00    0.000000000000000E+00
    0.000000000000000E+00    0.000000000000000E+00
    0.120505390130859E-02    0.112496897151674E-03
    0.252735252009363E-02    0.443464229555685E-03
    0.392518136135565E-02    0.980497692060220E-03
    0.535520404033795E-02    0.171094690903388E-02
    0.677775905627706E-02    0.261820239154737E-02
    0.815380267135279E-02    0.368407731678891E-02
    0.945276748790119E-02    0.488782338375089E-02
    0.106460069168016E-01    0.620710204600367E-02
    0.117152355124241E-01    0.761858081213002E-02
    0.126447441834667E-01    0.909838940579851E-02
    0.134289706504743E-01    0.106230860297392E-01
    0.140649357796504E-01    0.121705387152828E-01
    0.145582995728411E-01    0.137191375483826E-01
    0.149168149317340E-01    0.152507532095736E-01
    0.151549867251187E-01    0.167462895113287E-01
    0.152885431918313E-01    0.181923690162008E-01
    0.153384761447643E-01    0.195715908377559E-01
    0.153261123604975E-01    0.208743206111568E-01
    0.152770038482997E-01    0.220830112976619E-01
    0.152162547283511E-01    0.231898178164121E-01
    0.151723429242633E-01    0.241732526207896E-01
    0.151716156387167E-01    0.250242051494788E-01
    0.152426169673649E-01    0.257137456798383E-01
    0.154100320978400E-01    0.262272837396983E-01
    0.156961534870906E-01    0.265249730695544E-01
    0.161145097793459E-01    0.265830679363415E-01
    0.166696392230893E-01    0.263510089892850E-01
    0.173473290649831E-01    0.257947965079442E-01
    0.181166981258927E-01    0.248651361182646E-01
    0.189111545991439E-01    0.235273187958087E-01
    0.196502288337787E-01    0.217610922307909E-01
    0.201965524397729E-01    0.195587359669753E-01
    0.204223243979267E-01    0.169664559177839E-01
    0.201307370449488E-01    0.140405701936773E-01
    0.191751072988717E-01    0.109258156113127E-01
    0.173495298413973E-01    0.777171073888111E-02
    0.145541388252762E-01    0.483017030053220E-02
    0.106741584075685E-01    0.233673849245345E-02
    0.577677478414361E-02    0.635716962919631E-03
    0.000000000000000E+00    0.000000000000000E+00
    0.000000000000000E+00    0.000000000000000E+00
    0.987385658195636E-03    0.106482096169686E-03
    0.210282705505118E-02    0.419135432122975E-03
    0.330532225670226E-02    0.927523153670596E-03
    0.455393606793118E-02    0.162035157315372E-02
    0.580969697196917E-02    0.248508705776206E-02
    0.703769833119578E-02    0.350626414100520E-02
    0.820718575909970E-02    0.466755378823389E-02
    0.929335472920399E-02    0.594959959757471E-02
    0.102764509043621E-01    0.733288295566815E-02
    0.111433001649650E-01    0.879605759076548E-02
    0.118857455892512E-01    0.103183661655408E-01
    0.125018733311496E-01    0.118792687759901E-01
    0.129941864250445E-01    0.134586463999806E-01
    0.133704863087799E-01    0.150389929808552E-01
    0.136422970212049E-01    0.166016590295254E-01
    0.138251090823620E-01    0.181332169897607E-01
    0.139377091451155E-01    0.196161776119846E-01
    0.140017704228258E-01    0.210407693298142E-01
    0.140419863785014E-01    0.223889567292772E-01
    0.140849915308670E-01    0.236533997552478E-01
    0.141602994905028E-01    0.248112255115387E-01
    0.142980766270960E-01    0.258537875857365E-01
    0.145292955888977E-01    0.267506866406571E-01
    0.148858379555873E-01    0.274868890297806E-01
    0.153942360727977E-01    0.280172276183889E-01
    0.160772833455264E-01    0.283130225507221E-01
    0.169417473296377E-01    0.283144560644931E-01
    0.179827751542220E-01    0.279726759528867E-01
    0.191627051124022E-01    0.272239493669565E-01
    0.204128871145274E-01    0.260060951958920E-01
    0.216268451561538E-01    0.242877781130749E-01
    0.226441486926187E-01    0.220303039543444E-01
    0.232882363980335E-01    0.192854522720282E-01
    0.233194453538104E-01    0.160941912084662E-01
    0.225260327867420E-01    0.126292579265888E-01
    0.206540850416340E-01    0.905000334046203E-02
    0.175291801350003E-01    0.566897480330832E-02
    0.130130661866015E-01    0.274990029391828E-02
    0.711007283025303E-02    0.752485484699561E-03
    0.000000000000000E+00    0.000000000000000E+00
    0.000000000000000E+00    0.000000000000000E+00
    0.783102252477561E-03    0.993154434385128E-04
    0.170343061407403E-02    0.391539862786507E-03
    0.272102773585384E-02    0.867989447493765E-03
    0.379452035838632E-02    0.151956752225892E-02
    0.488819607154676E-02    0.233683312877063E-02
    0.596745739086868E-02    0.330806536929093E-02
    0.700528395258839E-02    0.442003460438495E-02
    0.797683049025386E-02    0.565704204993641E-02
    0.886532504098483E-02    0.700230028715374E-02
    0.965648755893510E-02    0.843738347099423E-02
    0.103439636257119E-01    0.994367476089585E-02
    0.109236835774950E-01    0.115024598327672E-01
    0.113989171028930E-01    0.130951660012068E-01
    0.117747198238082E-01    0.147050684478808E-01
    0.120627832027590E-01    0.163146622059469E-01
    0.122759544659599E-01    0.179105201069348E-01
    0.124332702430888E-01    0.194764055831259E-01
    0.125546621982864E-01    0.210024642994198E-01
    0.126659490782935E-01    0.224719115812683E-01
    0.127929551908134E-01    0.238780132776717E-01
    0.129680119556146E-01    0.251992986262394E-01
    0.132234599412467E-01    0.264282929064861E-01
    0.135962887728835E-01    0.275351700300462E-01
    0.141241714758226E-01    0.285082151935220E-01
    0.148439673556714E-01    0.292945918943734E-01
    0.157856674706158E-01    0.298693960816166E-01
    0.169687094174420E-01    0.301532484453439E-01
    0.183972116279714E-01    0.300978954495356E-01
    0.200394382817749E-01    0.295981926090759E-01
    0.218155200999092E-01    0.285829282342194E-01
    0.236063018623398E-01    0.269741844983932E-01
    0.252005636830277E-01    0.247205742061801E-01
    0.263920359780828E-01    0.218471644027009E-01
    0.268468477074969E-01    0.184012341848943E-01
    0.263168218600038E-01    0.145606642441187E-01
    0.244315574472096E-01    0.105231597717285E-01
    0.209844103270455E-01    0.664302533075237E-02
    0.157275290113991E-01    0.325569858402199E-02
    0.868729774283501E-02    0.898298772386198E-03
    0.000000000000000E+00    0.000000000000000E+00
    0.000000000000000E+00    0.000000000000000E+00
    0.593013123265403E-03    0.911595472257786E-04
    0.133271728816298E-02    0.359007848351233E-03
    0.217618502568695E-02    0.798726638650022E-03
    0.308385906211611E-02    0.140261495034838E-02
    0.401948676407625E-02    0.216588223341636E-02
    0.495247027617489E-02    0.307916253778504E-02
    0.585591025328034E-02    0.413316822201140E-02
    0.670889604909533E-02    0.531474352331504E-02
    0.749424036189172E-02    0.661009105550253E-02
    0.820060015344442E-02    0.800314156141991E-02
    0.882021601440911E-02    0.947733365122875E-02
    0.935075261974140E-02    0.110158346507299E-01
    0.979320493058625E-02    0.126013813840095E-01
    0.101533937004605E-01    0.142186569075688E-01
    0.104403313060060E-01    0.158509796631067E-01
    0.106671367806919E-01    0.174861558003345E-01
    0.108503343888911E-01    0.191088284225891E-01
    0.110101685453210E-01    0.207112478278454E-01
    0.111712110126836E-01    0.222768163563585E-01
    0.113602592891278E-01    0.238021310764123E-01
    0.116099999558920E-01    0.252672010710384E-01
    0.119568265683004E-01    0.266698994087493E-01
    0.124419326484950E-01    0.279807416593561E-01
    0.131097733856096E-01    0.291973214595526E-01
    0.140086575501468E-01    0.302599764343305E-01
    0.151836230582718E-01    0.311483514647003E-01
    0.166659459303499E-01    0.317738770866915E-01
    0.184821886136443E-01    0.320818668355150E-01
    0.206101726506898E-01    0.319318325482444E-01
    0.229799783600912E-01    0.312138635253356E-01
    0.254409513153366E-01    0.298198732662110E-01
    0.277513123873857E-01    0.276371585940870E-01
    0.296275856291995E-01    0.246916532046233E-01
    0.306644463298231E-01    0.209912620459504E-01
    0.305080606075196E-01    0.167628836532853E-01
    0.287137114404147E-01    0.122039115530195E-01
    0.249550811739672E-01    0.776553956039500E-02
    0.189319853787947E-01    0.381757305068265E-02
    0.105579208825797E-01    0.105938768762771E-02
    0.000000000000000E+00    0.000000000000000E+00
    0.000000000000000E+00    0.000000000000000E+00
    0.422194408784057E-03    0.807805364445429E-04
    0.995657078814075E-03    0.320282580373230E-03
    0.167800999325101E-02    0.716736296613030E-03
    0.242773940387485E-02    0.126579399084764E-02
    0.321168055770796E-02    0.196607590669791E-02
    0.399995231560605E-02    0.281170632730790E-02
    0.476913953739574E-02    0.379643600326809E-02
    0.549952133783836E-02    0.490965656418800E-02
    0.617669512366728E-02    0.614037285859063E-02
    0.678964698198782E-02    0.747420386050712E-02
    0.733238840192087E-02    0.889715036603127E-02
    0.780168062565103E-02    0.103932681279260E-01
    0.819933272986642E-02    0.119477071004128E-01
    0.852923039868183E-02    0.135453578584658E-01
    0.880047168324977E-02    0.151721621898147E-01
    0.902381843016199E-02    0.168156192699526E-01
    0.921558870749624E-02    0.184638550632911E-01
    0.939366476140849E-02    0.201089116994143E-01
    0.958229422105361E-02    0.217390574598587E-01
    0.980700825796651E-02    0.233502298022928E-01
    0.101017797648732E-01    0.249317382973071E-01
    0.105065540952653E-01    0.264826741045805E-01
    0.110682279277955E-01    0.279817269190761E-01
    0.118342526594333E-01    0.294323346049470E-01
    0.128666152226094E-01    0.307814659441583E-01
    0.142304301771170E-01    0.320149258617599E-01
    0.159815049531465E-01    0.330363774157934E-01
    0.181773896971684E-01    0.338020691530786E-01
    0.208208878461117E-01    0.341061161464223E-01
    0.238592513658803E-01    0.338284160526297E-01
    0.271272379633836E-01    0.327620970482890E-01
    0.303095112381968E-01    0.307654569378518E-01
    0.330744540533419E-01    0.277983143893694E-01
    0.348459674217308E-01    0.238740132146269E-01
    0.352171587286297E-01    0.192305349429162E-01
    0.335735187495837E-01    0.141238571048709E-01
    0.295389455218519E-01    0.905448013551204E-02
    0.226309745495396E-01    0.450690851851216E-02
    0.127752091707205E-01    0.126244048319161E-02
    0.000000000000000E+00    0.000000000000000E+00
    0.000000000000000E+00    0.000000000000000E+00
    0.271539253518043E-03    0.687903097745638E-04
    0.698585523255792E-03    0.273858660307736E-03
    0.123310458003477E-02    0.620296523101304E-03
    0.183655503822714E-02    0.110558566733376E-02
    0.247505442040367E-02    0.173354289173857E-02
    0.312326945218419E-02    0.250062665434819E-02
    0.375880257886303E-02    0.340358551243894E-02
    0.436586727746831E-02    0.443435424227148E-02
    0.493087300650218E-02    0.558354452942336E-02
    0.544558252498021E-02    0.683942633354285E-02
    0.590377026441820E-02    0.818882321174722E-02
    0.630379997788369E-02    0.961830166220684E-02
    0.664604436455804E-02    0.111134820533019E-01
    0.693500470119134E-02    0.126615628021102E-01
    0.717737146434925E-02    0.142490128087970E-01
    0.738377358042629E-02    0.158658413850852E-01
    0.756768900611808E-02    0.175008621406801E-01
    0.774624598899506E-02    0.191497902271783E-01
    0.794123129317413E-02    0.208017240286237E-01
    0.817767977106110E-02    0.224577394776584E-01
    0.848774560771038E-02    0.241121919939474E-01
    0.891200252894177E-02    0.257775987842605E-01
    0.950368376549304E-02    0.274286231396433E-01
    0.103124965470051E-01    0.290857761127748E-01
    0.114104623648205E-01    0.307074375369953E-01
    0.128892360089178E-01    0.323019497667821E-01
    0.148367185743607E-01    0.337633405247063E-01
    0.173402500284516E-01    0.350756258418495E-01
    0.204575613009110E-01    0.359749609743140E-01
    0.242016612900880E-01    0.363054618341788E-01
    0.283898013776924E-01    0.357625936395905E-01
    0.326528294155919E-01    0.340783932338324E-01
    0.365230156772840E-01    0.312039531268441E-01
    0.392987186191091E-01    0.270522116481782E-01
    0.403828964969253E-01    0.219880462045628E-01
    0.390561598734809E-01    0.162720121238182E-01
    0.347842029632087E-01    0.105141068973374E-01
    0.269796671451573E-01    0.525788295361384E-02
    0.153703907156640E-01    0.149853955627619E-02
    0.000000000000000E+00    0.000000000000000E+00
    0.000000000000000E+00    0.000000000000000E+00
    0.148298688334246E-03    0.542612430443915E-04
    0.446973890097716E-03    0.220808548753229E-03
    0.850016001693208E-03    0.509544718839171E-03
    0.131741600590403E-02    0.922966963860612E-03
    0.181908986482853E-02    0.146845017865655E-02
    0.233209337399654E-02    0.214521255637560E-02
    0.283727273951005E-02    0.295304926007283E-02
    0.332170610859856E-02    0.388479550177357E-02
    0.377396347399873E-02    0.493421120195111E-02
    0.418761150977266E-02    0.608960998914500E-02
    0.455751702184708E-02    0.734107227763676E-02
    0.488236645167318E-02    0.867473603067103E-02
    0.516264528108008E-02    0.100796156445168E-01
    0.540182759526802E-02    0.115421058522767E-01
    0.560581440928965E-02    0.130525564941492E-01
    0.578321221946295E-02    0.145998368498549E-01
    0.594570027878949E-02    0.161778484526518E-01
    0.610772382814605E-02    0.177805485480573E-01
    0.628815007874120E-02    0.194053304116258E-01
    0.651077904137808E-02    0.210503085357659E-01
    0.680587081586822E-02    0.227243401062485E-01
    0.721197715781296E-02    0.244409070688803E-01
    0.777871679003453E-02    0.261920185540197E-01
    0.855626467067327E-02    0.279913313230211E-01
    0.962455088593355E-02    0.298524836580022E-01
    0.111214450191594E-01    0.317896681849757E-01
    0.131707210626748E-01    0.337126053804686E-01
    0.158837562284267E-01    0.356338777574519E-01
    0.194014034509981E-01    0.372633508575153E-01
    0.239056244128611E-01    0.384587072601965E-01
    0.292136205500259E-01    0.386457166308175E-01
    0.348034179498120E-01    0.374953663346524E-01
    0.401235161945217E-01    0.348036910373637E-01
    0.441376241675680E-01    0.305105853025168E-01
    0.462022615763308E-01    0.249839114662180E-01
    0.453131778440238E-01    0.186533882577452E-01
    0.408746267865060E-01    0.121213515419030E-01
    0.320304865106400E-01    0.610704858096183E-02
    0.184337387952830E-01    0.175302715163944E-02
    0.000000000000000E+00    0.000000000000000E+00
    0.000000000000000E+00    0.000000000000000E+00
    0.529001737288676E-04    0.379063922717929E-04
    0.248637289995826E-03    0.159965008576115E-03
    0.536049031123465E-03    0.385674364805232E-03
    0.881500473084379E-03    0.719769181121115E-03
    0.125580508484242E-02    0.117417230215486E-02
    0.164142603996599E-02    0.175042343887148E-02
    0.202185169873915E-02    0.244930520557548E-02
    0.238763007265094E-02    0.326657751012873E-02
    0.272956165970245E-02    0.419555119410446E-02
    0.304313067137986E-02    0.522802595711502E-02
    0.332420549525684E-02    0.635321066030262E-02
    0.357218801564575E-02    0.756085098906811E-02
    0.378713351693207E-02    0.883914988194338E-02
    0.397223753128858E-02    0.101779882929706E-01
    0.413162406571983E-02    0.115671832627149E-01
    0.427263111060129E-02    0.129992059502334E-01
    0.440410467160795E-02    0.144674458730181E-01
    0.453813330657452E-02    0.159698868478727E-01
    0.468961345765984E-02    0.175050401282651E-01
    0.487899447574913E-02    0.190778336065847E-01
    0.513267542427318E-02    0.206983182339227E-01
    0.548309777212830E-02    0.223949343700549E-01
    0.597950787330915E-02    0.241564148199156E-01
    0.667187152490422E-02    0.260063936518348E-01
    0.763179534608820E-02    0.280097305436377E-01
    0.900852064160727E-02    0.302585625063774E-01
    0.110035017979754E-01    0.325926367172257E-01
    0.137383184723465E-01    0.350891851758627E-01
    0.174372293417661E-01    0.375640736713541E-01
    0.225366193505669E-01    0.399768323601930E-01
    0.290540985925515E-01    0.412706604095836E-01
    0.363448221034044E-01    0.408347734316711E-01
    0.434775587757536E-01    0.385671385003985E-01
    0.491879576101674E-01    0.341400806899603E-01
    0.524950752618202E-01    0.281902700109308E-01
    0.522510137396968E-01    0.211629992526444E-01
    0.476582310403630E-01    0.138463748215309E-01
    0.377611329873433E-01    0.691876455676014E-02
    0.219264835757853E-01    0.195214567151479E-02
    0.000000000000000E+00    0.000000000000000E+00
    0.000000000000000E+00    0.000000000000000E+00
   -0.824642858783509E-05    0.207632763069173E-04
    0.105390247225737E-03    0.975663937970336E-04
    0.295998847060932E-03    0.255834907890922E-03
    0.532846772515342E-03    0.505980321498582E-03
    0.791561380746400E-03    0.862764800152063E-03
    0.106003746788780E-02    0.132817865834696E-02
    0.132418172728578E-02    0.190609877825797E-02
    0.157923472972181E-02    0.259074372670519E-02
    0.181686198426323E-02    0.337934331734130E-02
    0.203571710929210E-02    0.426188781829131E-02
    0.223147107155951E-02    0.523194894134711E-02
    0.240508403505716E-02    0.627754595631404E-02
    0.255551877289510E-02    0.739142077536109E-02
    0.268606747836344E-02    0.856169196867478E-02
    0.279876981143923E-02    0.978296177882479E-02
    0.289976102929568E-02    0.110454932599329E-01
    0.299431888573322E-02    0.123483535931542E-01
    0.309257665239832E-02    0.136857840955905E-01
    0.320415038036969E-02    0.150648743141199E-01
    0.334672282521695E-02    0.164855865600480E-01
    0.353725809357909E-02    0.179712556900577E-01
    0.380142792681913E-02    0.195403684684028E-01
    0.417047811267426E-02    0.212138233186951E-01
    0.470769210702384E-02    0.229878021714700E-01
    0.548474846671620E-02    0.250057352822770E-01
    0.664432309040301E-02    0.273862520845806E-01
    0.838025099936484E-02    0.300089534081339E-01
    0.107932381875747E-01    0.329060913351112E-01
    0.143237275719830E-01    0.362943111394780E-01
    0.199993000682641E-01    0.403032994637259E-01
    0.279724955545498E-01    0.430322162721931E-01
    0.373453778378053E-01    0.437711518183458E-01
    0.469022828698219E-01    0.421000155721886E-01
    0.546357627741324E-01    0.377697879296548E-01
    0.595435971666799E-01    0.313253183153301E-01
    0.600364843479803E-01    0.235789474570428E-01
    0.550809979298232E-01    0.155211771092133E-01
    0.438866723359153E-01    0.775922506786634E-02
    0.256843439075505E-01    0.215598323089178E-02
    0.000000000000000E+00    0.000000000000000E+00
    0.000000000000000E+00    0.000000000000000E+00
   -0.374235017290903E-04    0.389975732743194E-05
    0.216231569337165E-04    0.346103711385772E-04
    0.132896032347845E-03    0.127794166654229E-03
    0.277504970912804E-03    0.294838939104717E-03
    0.435742715941147E-03    0.551228151136179E-03
    0.600541965075402E-03    0.901063115384122E-03
    0.762423548432732E-03    0.134569685159537E-02
    0.918396506202300E-03    0.188342155301908E-02
    0.106375607903664E-02    0.250846378841873E-02
    0.119726464065362E-02    0.321605400480551E-02
    0.131692959993518E-02    0.399709413393704E-02
    0.142282011407905E-02    0.484511447007507E-02
    0.151487630023826E-02    0.575065894178602E-02
    0.159468831002534E-02    0.670707410998190E-02
    0.166393927917429E-02    0.770696820177093E-02
    0.172612924946672E-02    0.874527380925444E-02
    0.178478526906338E-02    0.981897778376430E-02
    0.184620266682838E-02    0.109263893365503E-01
    0.191645995659425E-02    0.120727877274959E-01
    0.200704922733103E-02    0.132636210758268E-01
    0.212998387208178E-02    0.145147076101873E-01
    0.230099934903511E-02    0.158471596165759E-01
    0.253805249515696E-02    0.172915233454770E-01
    0.289389047116159E-02    0.188602125419575E-01
    0.342683822107122E-02    0.206994288851766E-01
    0.423418057051868E-02    0.230197726642318E-01
    0.552283789561829E-02    0.256043840717959E-01
    0.742985772732221E-02    0.284414886093201E-01
    0.102875578905483E-01    0.324706877386394E-01
    0.155233523544250E-01    0.384934757159265E-01
    0.245589094643743E-01    0.432711693573050E-01
    0.367070286160545E-01    0.456070825433283E-01
    0.496434601826635E-01    0.451081800944828E-01
    0.603408864149706E-01    0.407513144719246E-01
    0.670066485918233E-01    0.340603128628700E-01
    0.684298623178382E-01    0.255702661511064E-01
    0.633913881599653E-01    0.167683045465768E-01
    0.510143088137768E-01    0.860694826493294E-02
    0.302732188451052E-01    0.241446369152876E-02
    0.000000000000000E+00    0.000000000000000E+00
    0.000000000000000E+00    0.000000000000000E+00
   -0.358658264815077E-04   -0.753553673287063E-05
   -0.124521677111770E-04   -0.128913401661107E-04
    0.380496827703262E-04    0.227597608117274E-04
    0.109257696016209E-03    0.112355439087682E-03
    0.184964852220452E-03    0.272084690682719E-03
    0.266219961406922E-03    0.501320025919637E-03
    0.343686624879842E-03    0.805265612856739E-03
    0.420003719168772E-03    0.117797793611415E-02
    0.489365333794329E-03    0.161913884057321E-02
    0.554377885368014E-03    0.212093539077584E-02
    0.611376126750994E-03    0.268025170581386E-02
    0.662832436703528E-03    0.328847341000001E-02
    0.706601268953879E-03    0.394198613130581E-02
    0.745375302609940E-03    0.463233113593267E-02
    0.778175114531298E-03    0.535745924207909E-02
    0.808407527189325E-03    0.610994849255285E-02
    0.835982389428706E-03    0.689168153436721E-02
    0.866093446584057E-03    0.769697885166371E-02
    0.899507678702693E-03    0.853578404273686E-02
    0.944351184917638E-03    0.940683892602050E-02
    0.100154730235796E-02    0.103306959949730E-01
    0.108380609778370E-02    0.113099745603025E-01
    0.119723334408416E-02    0.123918328900109E-01
    0.138963332964297E-02    0.135730812454138E-01
    0.167929716009109E-02    0.150076339720709E-01
    0.207655031423344E-02    0.168535087375560E-01
    0.258617217658159E-02    0.190232078970153E-01
    0.344238144607600E-02    0.211392280040852E-01
    0.507038861916455E-02    0.252810475430791E-01
    0.938893806868903E-02    0.324117979727979E-01
    0.187374333711863E-01    0.394354773241783E-01
    0.341235017294503E-01    0.454740757293422E-01
    0.524770221332072E-01    0.465474463725469E-01
    0.667502566036172E-01    0.421687764638515E-01
    0.746313694421864E-01    0.357440481528085E-01
    0.769484594863181E-01    0.271892725733979E-01
    0.723218199750016E-01    0.180224890942191E-01
    0.594560956643715E-01    0.100147957947922E-01
    0.367213694449686E-01    0.314434829710449E-02
    0.000000000000000E+00    0.000000000000000E+00
    0.000000000000000E+00    0.000000000000000E+00
   -0.130449272887991E-04   -0.130449272887973E-04
   -0.750153054561502E-05   -0.360281574946865E-04
    0.460642968550920E-05   -0.363241549701384E-04
    0.239072236978534E-04   -0.401482152318796E-05
    0.445913523643387E-04    0.667244212742416E-04
    0.667911628132874E-04    0.180174667222435E-03
    0.880864934330450E-04    0.333759956173030E-03
    0.108520836754036E-03    0.529357587743499E-03
    0.127556191724636E-03    0.760948019197559E-03
    0.144765871196190E-03    0.102944641223621E-02
    0.160411100426345E-03    0.132772356304254E-02
    0.173909106085281E-03    0.165577104356081E-02
    0.185903374347035E-03    0.200690774541288E-02
    0.195988074883577E-03    0.238050239223801E-02
    0.204905708195198E-03    0.277156289799895E-02
    0.212743272763592E-03    0.317913170384002E-02
    0.219991570626929E-03    0.360149252527756E-02
    0.227921445918866E-03    0.403772451987770E-02
    0.236739805292021E-03    0.449145636642527E-02
    0.249104938757227E-03    0.496355065752829E-02
    0.263709586239496E-03    0.546379717652336E-02
    0.285491408218825E-03    0.599030733930698E-02
    0.309548674169462E-03    0.658282887394924E-02
    0.365491143352481E-03    0.724738569953412E-02
    0.472134869544915E-03    0.803564968822562E-02
    0.599085502039525E-03    0.903455201286972E-02
    0.650508763405223E-03    0.102485951720103E-01
    0.805407457783887E-03    0.112147894742072E-01
    0.113127152260927E-02    0.140471250888368E-01
    0.322693567223869E-02    0.207545441344980E-01
    0.101780440150178E-01    0.273409459298150E-01
    0.228201641954310E-01    0.344201525117221E-01
    0.514650475715727E-01    0.456068994652357E-01
    0.728004864000287E-01    0.419800150731634E-01
    0.831289015964215E-01    0.349265382477114E-01
    0.853793384096027E-01    0.280253563476295E-01
    0.808127801833774E-01    0.195458211770123E-01
    0.671857589305813E-01    0.123587849422687E-01
    0.420065778590020E-01    0.546027600064393E-02
    0.000000000000000E+00    0.000000000000000E+00
    0.000000000000000E+00    0.000000000000000E+00
    0.000000000000000E+00    0.000000000000000E+00
    0.000000000000000E+00    0.000000000000000E+00
    0.000000000000000E+00    0.000000000000000E+00
    0.000000000000000E+00    0.000000000000000E+00
    0.000000000000000E+00    0.000000000000000E+00
    0.000000000000000E+00    0.000000000000000E+00
    0.000000000000000E+00    0.000000000000000E+00
    0.000000000000000E+00    0.000000000000000E+00
    0.000000000000000E+00    0.000000000000000E+00
    0.000000000000000E+00    0.000000000000000E+00
    0.000000000000000E+00    0.000000000000000E+00
    0.000000000000000E+00    0.000000000000000E+00
    0.000000000000000E+00    0.000000000000000E+00
    0.000000000000000E+00    0.000000000000000E+00
    0.000000000000000E+00    0.000000000000000E+00
    0.000000000000000E+00    0.000000000000000E+00
    0.000000000000000E+00    0.000000000000000E+00
    0.000000000000000E+00    0.000000000000000E+00
    0.000000000000000E+00    0.000000000000000E+00
    0.000000000000000E+00    0.000000000000000E+00
    0.000000000000000E+00    0.000000000000000E+00
    0.000000000000000E+00    0.000000000000000E+00
    0.000000000000000E+00    0.000000000000000E+00
    0.000000000000000E+00    0.000000000000000E+00
    0.000000000000000E+00    0.000000000000000E+00
    0.000000000000000E+00    0.000000000000000E+00
    0.000000000000000E+00    0.000000000000000E+00
    0.000000000000000E+00    0.000000000000000E+00
    0.000000000000000E+00    0.000000000000000E+00
    0.000000000000000E+00    0.000000000000000E+00
    0.000000000000000E+00    0.000000000000000E+00
    0.000000000000000E+00    0.000000000000000E+00
    0.530447194600858E-01    0.410445719759082E-01
    0.742882543282641E-01    0.436328424831605E-01
    0.883390415007299E-01    0.338320256558205E-01
    0.934252101267287E-01    0.274148483865927E-01
    0.887549137183064E-01    0.202157125200205E-01
    0.746647488626213E-01    0.134042352153304E-01
    0.455006665829602E-01    0.714053323547764E-02
    0.000000000000000E+00    0.000000000000000E+00
