    0.000000000000000E+00    0.000000000000000E+00
    0.437500000000000E-01    0.000000000000000E+00
    0.750000000000000E-01    0.000000000000000E+00
    0.937500000000000E-01    0.000000000000000E+00
    0.100000000000000E+00    0.000000000000000E+00
    0.937500000000000E-01    0.000000000000000E+00
    0.750000000000000E-01    0.000000000000000E+00
    0.437500000000000E-01    0.000000000000000E+00
    0.000000000000000E+00    0.000000000000000E+00
    0.000000000000000E+00    0.000000000000000E+00
    0.000000000000000E+00    0.000000000000000E+00
    0.000000000000000E+00    0.000000000000000E+00
    0.000000000000000E+00    0.000000000000000E+00
    0.000000000000000E+00    0.000000000000000E+00
    0.000000000000000E+00    0.000000000000000E+00
    0.000000000000000E+00    0.000000000000000E+00
    0.000000000000000E+00    0.000000000000000E+00
    0.000000000000000E+00    0.000000000000000E+00
    0.000000000000000E+00    0.000000000000000E+00
    0.000000000000000E+00    0.000000000000000E+00
    0.000000000000000E+00    0.000000000000000E+00
    0.000000000000000E+00    0.000000000000000E+00
    0.000000000000000E+00    0.000000000000000E+00
    0.000000000000000E+00    0.000000000000000E+00
    0.000000000000000E+00    0.000000000000000E+00
    0.000000000000000E+00    0.000000000000000E+00
    0.000000000000000E+00    0.000000000000000E+00
    0.000000000000000E+00    0.000000000000000E+00
    0.000000000000000E+00    0.000000000000000E+00
    0.000000000000000E+00    0.000000000000000E+00
    0.000000000000000E+00    0.000000000000000E+00
    0.000000000000000E+00    0.000000000000000E+00
    0.000000000000000E+00    0.000000000000000E+00
    0.000000000000000E+00    0.000000000000000E+00
    0.000000000000000E+00    0.000000000000000E+00
    0.000000000000000E+00    0.000000000000000E+00
    0.000000000000000E+00    0.000000000000000E+00
    0.000000000000000E+00    0.000000000000000E+00
    0.000000000000000E+00    0.000000000000000E+00
    0.000000000000000E+00    0.000000000000000E+00
    0.000000000000000E+00    0.000000000000000E+00
    0.000000000000000E+00    0.000000000000000E+00
    0.429364787923084E-01    0.838416034550890E-03
    0.733262962666326E-01    0.354019674152401E-02
    0.917395608046036E-01    0.699225522539926E-02
    0.978768159371050E-01    0.109635811831990E-01
    0.910741737560757E-01    0.159090206036612E-01
    0.726402534376293E-01    0.184370711778342E-01
    0.428107746970909E-01    0.217203223107463E-01
    0.118740785480890E-01    0.177711864884967E-01
    0.177327154516569E-02    0.552113617988601E-02
    0.285547622026140E-03    0.122396408359194E-02
    0.196363571403529E-04    0.167089582106110E-02
    0.231683704553335E-03    0.104277276817490E-02
    0.148128185703892E-03    0.774435729496411E-03
    0.306865240872795E-04    0.606254051405195E-03
   -0.284934923474551E-06    0.501994580462985E-03
    0.107418068694884E-04    0.422551351018343E-03
    0.151228163351885E-04    0.390142271089106E-03
    0.184398646557003E-04    0.335941285540448E-03
    0.192084167486871E-04    0.287382897233100E-03
    0.195881454469318E-04    0.236671347456728E-03
    0.203326085415134E-04    0.189687441629638E-03
    0.206670331259114E-04    0.141225604792200E-03
    0.203584878277599E-04    0.960362167283583E-04
    0.191977539883528E-04    0.522226259057264E-04
    0.176371766694932E-04    0.124994636297565E-04
    0.154076505938657E-04   -0.233028642620379E-04
    0.128721290497439E-04   -0.536775198284215E-04
    0.989417993087656E-05   -0.784421943804934E-04
    0.671787221785501E-05   -0.967867161126670E-04
    0.339858878080964E-05   -0.108626701741483E-03
    0.237241112796162E-07   -0.113676576232980E-03
   -0.312413514938840E-05   -0.112318025482313E-03
   -0.611452511754007E-05   -0.104694432616035E-03
   -0.843911489981479E-05   -0.919101496965366E-04
   -0.104074923424827E-04   -0.745020310170328E-04
   -0.110717105239671E-04   -0.550706491293932E-04
   -0.107574256980854E-04   -0.342821224512778E-04
   -0.821033502934692E-05   -0.161728229635539E-04
   -0.352835522432876E-05   -0.352835522432900E-05
    0.000000000000000E+00    0.000000000000000E+00
    0.000000000000000E+00    0.000000000000000E+00
    0.401849084316167E-01    0.173270677730250E-02
    0.690119108315526E-01    0.615808673447874E-02
    0.863441442372989E-01    0.122140903219532E-01
    0.921544915036033E-01    0.187968067589817E-01
    0.862923781922134E-01    0.255016990142263E-01
    0.696052628746218E-01    0.293058050210654E-01
    0.469391276538276E-01    0.298076958913896E-01
    0.231774051122847E-01    0.250417618512236E-01
    0.816420519733050E-02    0.148864541461330E-01
    0.322516776066181E-02    0.861929115757219E-02
    0.166742852788366E-02    0.667899982351610E-02
    0.108426033444097E-02    0.464510005351199E-02
    0.701846856383482E-03    0.319972217198977E-02
    0.394258322097480E-03    0.243834793820381E-02
    0.246927550465292E-03    0.198771981961512E-02
    0.187328329921993E-03    0.163931744046314E-02
    0.162140879701086E-03    0.137416302672307E-02
    0.141911123187398E-03    0.115216728019646E-02
    0.130818349544456E-03    0.958882816249405E-03
    0.120384936029998E-03    0.793639324471938E-03
    0.114423882083937E-03    0.644668870770881E-03
    0.107128144187664E-03    0.510086163690114E-03
    0.100629041166663E-03    0.386446375236491E-03
    0.917829282779645E-04    0.275498584450803E-03
    0.826710707924095E-04    0.175599309026160E-03
    0.715923173318469E-04    0.885539619890739E-04
    0.599917066696727E-04    0.138653386328875E-04
    0.471100875210690E-04   -0.473185998470621E-04
    0.339153425158800E-04   -0.950441430755441E-04
    0.203689890213300E-04   -0.129109249904302E-03
    0.704240997038739E-05   -0.149591269482753E-03
   -0.552454521178640E-05   -0.157429583206698E-03
   -0.170509480976767E-04   -0.153095513308482E-03
   -0.264761221063279E-04   -0.138753472625187E-03
   -0.336316549064928E-04   -0.115780242121532E-03
   -0.369329749442990E-04   -0.877383766653911E-04
   -0.358093956430941E-04   -0.573970717380611E-04
   -0.288329209375501E-04   -0.288324328218970E-04
   -0.162201392093888E-04   -0.823432271007547E-05
    0.000000000000000E+00    0.000000000000000E+00
    0.000000000000000E+00    0.000000000000000E+00
    0.365079320182106E-01    0.229636120059167E-02
    0.630206404345414E-01    0.773311331517165E-02
    0.791337955089502E-01    0.150952607132419E-01
    0.848876966337783E-01    0.225221374683130E-01
    0.799253389888479E-01    0.299089280922858E-01
    0.665331668129673E-01    0.338658056445859E-01
    0.481560389612233E-01    0.340931252603495E-01
    0.295051754014724E-01    0.303800551537616E-01
    0.164087069875168E-01    0.223524362287717E-01
    0.926625471794791E-02    0.160139879863483E-01
    0.529797006555651E-02    0.122564841808467E-01
    0.304784604207119E-02    0.917581302389805E-02
    0.184596812024656E-02    0.673739914978909E-02
    0.120859344786236E-02    0.520914798031460E-02
    0.847321179414270E-03    0.425551080776008E-02
    0.663440801606971E-03    0.346129166985679E-02
    0.532457540540233E-03    0.286706972910516E-02
    0.446444440868247E-03    0.237950637355451E-02
    0.387463102912466E-03    0.198377736872300E-02
    0.347842096063819E-03    0.164201198031066E-02
    0.315458395172903E-03    0.135187518657280E-02
    0.288433089807967E-03    0.109238267130163E-02
    0.262343817229295E-03    0.865297289902195E-03
    0.236657912870663E-03    0.662451147359573E-03
    0.209907773824871E-03    0.485308723016909E-03
    0.182127786363588E-03    0.330076754606923E-03
    0.152914913819817E-03    0.198228315114013E-03
    0.122825620167396E-03    0.878039226443888E-04
    0.920299939480992E-04   -0.279172268370246E-06
    0.614720615571739E-04   -0.675927671544945E-04
    0.315628148950641E-04   -0.114006558626968E-03
    0.360593949571440E-05   -0.141557680588085E-03
   -0.218358653732207E-04   -0.151068177884139E-03
   -0.430456492646214E-04   -0.145564601069824E-03
   -0.591960990948556E-04   -0.127047735492240E-03
   -0.680197285823669E-04   -0.998957078529724E-04
   -0.680675591232234E-04   -0.676752141581696E-04
   -0.572075782011410E-04   -0.355301843261742E-04
   -0.342305936438498E-04   -0.107525540208794E-04
    0.000000000000000E+00    0.000000000000000E+00
    0.000000000000000E+00    0.000000000000000E+00
    0.322801511007954E-01    0.238125244314301E-02
    0.562065359981249E-01    0.818658105107883E-02
    0.713101328521504E-01    0.159099477202766E-01
    0.771330682521678E-01    0.237804590874406E-01
    0.743583698646485E-01    0.307565670246629E-01
    0.640246532752007E-01    0.349408580491544E-01
    0.498192610807472E-01    0.355988150573274E-01
    0.349710552201785E-01    0.329553283258025E-01
    0.225464946399545E-01    0.276870041909400E-01
    0.145700656860855E-01    0.220952683627555E-01
    0.937453840728115E-02    0.173867733841485E-01
    0.596467042751625E-02    0.135903914123954E-01
    0.394787679518078E-02    0.106080834813957E-01
    0.274952898566024E-02    0.846678334087782E-02
    0.200653002069047E-02    0.697280999405207E-02
    0.154889475022287E-02    0.572057896489545E-02
    0.123776947172008E-02    0.472875734931181E-02
    0.102072739487660E-02    0.393500988097720E-02
    0.867795520956659E-03    0.329117526873944E-02
    0.757031392822268E-03    0.274301472160098E-02
    0.670641934313990E-03    0.227603426943275E-02
    0.598906590177992E-03    0.186872221520084E-02
    0.535613308932945E-03    0.151376438932370E-02
    0.476507514416549E-03    0.120225469102307E-02
    0.419462609347899E-03    0.930468310675287E-03
    0.362792033896570E-03    0.694126623543273E-03
    0.306090636690270E-03    0.491741501921263E-03
    0.249225040529665E-03    0.321110181365067E-03
    0.192677515873699E-03    0.181374756754734E-03
    0.137300200732512E-03    0.706396560884357E-04
    0.839898294756416E-04   -0.120887142248555E-04
    0.342947405025858E-04   -0.692322344365024E-04
   -0.105850503721190E-04   -0.102473662600313E-03
   -0.484984832431297E-04   -0.115192393411070E-03
   -0.777778464385774E-04   -0.110233434471757E-03
   -0.956252162486014E-04   -0.921282579358917E-04
   -0.997467592030004E-04   -0.653608800225840E-04
   -0.868617661366101E-04   -0.356100364231657E-04
   -0.548338212902708E-04   -0.107840170245674E-04
    0.000000000000000E+00    0.000000000000000E+00
    0.000000000000000E+00    0.000000000000000E+00
    0.278085704317803E-01    0.227219805899327E-02
    0.492163999899265E-01    0.779736208706596E-02
    0.631607919353483E-01    0.153639499264705E-01
    0.694914911885225E-01    0.229344176307726E-01
    0.683991546849505E-01    0.297654342070903E-01
    0.613290182715208E-01    0.341496115035603E-01
    0.505858138924125E-01    0.355535092471427E-01
    0.386927535857376E-01    0.342128891326193E-01
    0.279128508725214E-01    0.305489407767478E-01
    0.194805184299812E-01    0.260555917268295E-01
    0.135003536524017E-01    0.214692928321616E-01
    0.934317109391609E-02    0.175834303771246E-01
    0.663313084161224E-02    0.143192375138605E-01
    0.488568511080927E-02    0.117308977976089E-01
    0.367359543483174E-02    0.977400339593335E-02
    0.284426427986302E-02    0.813427789794447E-02
    0.226950135723459E-02    0.678650843732047E-02
    0.186870147973069E-02    0.569062855774091E-02
    0.157705172863898E-02    0.479284575905148E-02
    0.136214683163987E-02    0.402287688502772E-02
    0.119099075825047E-02    0.336840977445803E-02
    0.105159448711177E-02    0.279849069375561E-02
    0.930608666448649E-03    0.230504908329719E-02
    0.822513413302852E-03    0.187172383317297E-02
    0.720770873768925E-03    0.149530528597637E-02
    0.623680808286407E-03    0.116653080556580E-02
    0.528649788895006E-03    0.884320965594831E-03
    0.435968785006849E-03    0.643284547301717E-03
    0.345109777206745E-03    0.442803244490820E-03
    0.257526886141856E-03    0.278935187304400E-03
    0.173816145827649E-03    0.150778478989069E-03
    0.962124058162981E-04    0.546007881996058E-04
    0.260630608329525E-04   -0.112953271703691E-04
   -0.337266000591103E-04   -0.511491134361022E-04
   -0.810480674846294E-04   -0.678444799951420E-04
   -0.112241523353841E-03   -0.665155076691260E-04
   -0.124216304651992E-03   -0.518297109082751E-04
   -0.112539557719137E-03   -0.302058234719026E-04
   -0.730920658739084E-04   -0.962438191473792E-05
    0.000000000000000E+00    0.000000000000000E+00
    0.000000000000000E+00    0.000000000000000E+00
    0.238510864542889E-01    0.201634507642365E-02
    0.426858864484357E-01    0.710918382776365E-02
    0.556775254389609E-01    0.140229170701689E-01
    0.622082623534547E-01    0.212025244675980E-01
    0.627713717234414E-01    0.276412107591672E-01
    0.581540384701580E-01    0.321513078963841E-01
    0.501942617851365E-01    0.342907955886189E-01
    0.408299521159354E-01    0.339732259658290E-01
    0.315692131596725E-01    0.316599586880606E-01
    0.236695431392767E-01    0.282651979042297E-01
    0.174714841919533E-01    0.243535727928449E-01
    0.128738292174157E-01    0.207245523603770E-01
    0.957779820071246E-02    0.175185144072240E-01
    0.729257017041130E-02    0.147330386074566E-01
    0.565383415710755E-02    0.124405742426193E-01
    0.446369658238913E-02    0.105004894035969E-01
    0.360874895028068E-02    0.887885964281156E-02
    0.298627764835036E-02    0.752439065896727E-02
    0.252267657760331E-02    0.639330546165515E-02
    0.216930989694629E-02    0.541484553418054E-02
    0.188843505281861E-02    0.457435318806852E-02
    0.165758514710431E-02    0.384266593653054E-02
    0.146014976743957E-02    0.320675361344244E-02
    0.128541725246561E-02    0.264822700665445E-02
    0.112508846460601E-02    0.216060809611702E-02
    0.974618083715390E-03    0.173383117418049E-02
    0.830734076079111E-03    0.136430827774139E-02
    0.692347422447089E-03    0.104604905832292E-02
    0.558858488619641E-03    0.776747409389212E-03
    0.431173993350498E-03    0.552069280633586E-03
    0.310195075480447E-03    0.370028991608798E-03
    0.198078439353530E-03    0.226692056912730E-03
    0.967224775795093E-04    0.119692690170579E-03
    0.924781223146772E-05    0.447394396184192E-04
   -0.615072315010167E-04   -0.142564541995500E-05
   -0.111347611004251E-03   -0.239422183355322E-04
   -0.136267240942789E-03   -0.276440711397539E-04
   -0.130511534828345E-03   -0.192424915451725E-04
   -0.880753430610902E-04   -0.660467468087032E-05
    0.000000000000000E+00    0.000000000000000E+00
    0.000000000000000E+00    0.000000000000000E+00
    0.202394739991246E-01    0.173331363987601E-02
    0.368355953739088E-01    0.616714822460420E-02
    0.487119000953341E-01    0.123930174876189E-01
    0.555003665733634E-01    0.189190217157882E-01
    0.572235823370193E-01    0.250180539941483E-01
    0.546655065368702E-01    0.295704192675131E-01
    0.489752324927685E-01    0.322231695979770E-01
    0.416324221125429E-01    0.328278305820763E-01
    0.339564101901089E-01    0.315754422850317E-01
    0.268682661612670E-01    0.292127938360964E-01
    0.209631798145814E-01    0.261054375635759E-01
    0.162503758496960E-01    0.229439631481462E-01
    0.126231968549588E-01    0.199492389863811E-01
    0.988767821851733E-02    0.172036782192766E-01
    0.784388532491556E-02    0.147806342357803E-01
    0.631564186313615E-02    0.126851020071006E-01
    0.518025459226541E-02    0.108775182242071E-01
    0.433042597814342E-02    0.932558772705918E-02
    0.367440872256262E-02    0.800104272796552E-02
    0.316234454808547E-02    0.684395429419028E-02
    0.275004625761039E-02    0.583772430665897E-02
    0.241060135965269E-02    0.495592196390829E-02
    0.212010815518276E-02    0.418459313633201E-02
    0.186525960731079E-02    0.350329005903325E-02
    0.163345101168167E-02    0.290531232019780E-02
    0.141905986685861E-02    0.237843966552285E-02
    0.121640655153477E-02    0.191880081765836E-02
    0.102403995203344E-02    0.151849054003963E-02
    0.840033377377580E-03    0.117518864224822E-02
    0.665426918952657E-03    0.883160453278004E-03
    0.500520255000640E-03    0.640571002462025E-03
    0.347889146917943E-03    0.442590956355087E-03
    0.209279958367490E-03    0.287153096505371E-03
    0.884425333950819E-04    0.169476403434066E-03
   -0.115879591525467E-04    0.867121980815232E-04
   -0.857417705053282E-04    0.334911448556783E-04
   -0.129310939264061E-03    0.541960810674653E-05
   -0.135175209010136E-03   -0.436915439621660E-05
   -0.957833845825467E-04   -0.289328573106744E-05
    0.000000000000000E+00    0.000000000000000E+00
    0.000000000000000E+00    0.000000000000000E+00
    0.172148328106238E-01    0.147078484456556E-02
    0.316769932955328E-01    0.531577838121023E-02
    0.425723523092121E-01    0.107173522213612E-01
    0.492908782849360E-01    0.165990242808226E-01
    0.519591312943174E-01    0.222007944794088E-01
    0.509293038813877E-01    0.266758452362467E-01
    0.471294716530847E-01    0.296465549946534E-01
    0.416005403515198E-01    0.309153502491366E-01
    0.353476261851067E-01    0.306028712184208E-01
    0.292495630807389E-01    0.291522466356080E-01
    0.237554372801103E-01    0.269010498521417E-01
    0.191585829989188E-01    0.243146666527537E-01
    0.154023676742663E-01    0.216543841645118E-01
    0.124220859181848E-01    0.190863702725838E-01
    0.101003986221587E-01    0.167055018466265E-01
    0.829785544389585E-02    0.145713740874212E-01
    0.690782087171005E-02    0.126840566630451E-01
    0.583314628861549E-02    0.110104928307053E-01
    0.498666718315861E-02    0.954613541867168E-02
    0.430979908895741E-02    0.824974158850148E-02
    0.375818902606573E-02    0.710886675167961E-02
    0.329846716324896E-02    0.609829184229725E-02
    0.290449702264623E-02    0.520614015147068E-02
    0.255832723581255E-02    0.441202652547528E-02
    0.224581289363553E-02    0.370912309183994E-02
    0.195827914992621E-02    0.308517060110179E-02
    0.168915081588672E-02    0.253545285078661E-02
    0.143521901999592E-02    0.205172376183367E-02
    0.119422033061122E-02    0.163093879353423E-02
    0.966215494040018E-03    0.126727602739462E-02
    0.751584425538068E-03    0.958445609218092E-03
    0.552418604849893E-03    0.699772536568101E-03
    0.370856009682239E-03    0.489074092195412E-03
    0.210518625773372E-03    0.321946618407278E-03
    0.751318504161241E-04    0.195727073004649E-03
   -0.299707943157681E-04    0.105561612396461E-03
   -0.989614694849670E-04    0.474649339732864E-04
   -0.123881607851228E-03    0.151672585459041E-04
   -0.951476720855118E-04    0.231269142918714E-05
    0.000000000000000E+00    0.000000000000000E+00
    0.000000000000000E+00    0.000000000000000E+00
    0.146222196957159E-01    0.121957491036516E-02
    0.272765548724035E-01    0.446045598856028E-02
    0.371168427776416E-01    0.914559244611938E-02
    0.437270302122321E-01    0.143362974946363E-01
    0.469615719873597E-01    0.194698778718520E-01
    0.471453812138596E-01    0.237711570316029E-01
    0.448340698931321E-01    0.269200231679621E-01
    0.408306174883061E-01    0.286797806358021E-01
    0.359250115059265E-01    0.290745449896359E-01
    0.307874976694459E-01    0.283983485719034E-01
    0.259167303658133E-01    0.268844211529679E-01
    0.215667298931893E-01    0.249028689756753E-01
    0.178648389983295E-01    0.226677770773587E-01
    0.147882902203792E-01    0.203960481722036E-01
    0.123039091222033E-01    0.181791860410555E-01
    0.103091224891957E-01    0.161146084403443E-01
    0.871511365786687E-02    0.142272752547023E-01
    0.744043897620653E-02    0.125113047586942E-01
    0.641264167073814E-02    0.109689987173389E-01
    0.557553502202196E-02    0.958424896611760E-02
    0.488328887109758E-02    0.834499851914648E-02
    0.430064495638609E-02    0.723416248210153E-02
    0.379749444547613E-02    0.624145500578867E-02
    0.335451051126907E-02    0.534988480560156E-02
    0.295489126379655E-02    0.455255355088181E-02
    0.258876257906363E-02    0.383822768802820E-02
    0.224742929317707E-02    0.320211382189134E-02
    0.192701887950498E-02    0.263590325812794E-02
    0.162387861046221E-02    0.213671188178685E-02
    0.133786325311393E-02    0.169850146366798E-02
    0.106849559564571E-02    0.131940845601524E-02
    0.817994747266428E-03    0.994694937999066E-03
    0.588023138750131E-03    0.722919516769063E-03
    0.382654854893161E-03    0.499873356189118E-03
    0.205510123664632E-03    0.323907729437845E-03
    0.627773957279579E-04    0.190583419188116E-03
   -0.393445295867066E-04    0.971481958067925E-04
   -0.914688777187205E-04    0.379103346740165E-04
   -0.832234226765369E-04    0.812469015050647E-05
    0.000000000000000E+00    0.000000000000000E+00
    0.000000000000000E+00    0.000000000000000E+00
    0.124771728860998E-01    0.101913420501219E-02
    0.234966571848278E-01    0.376541643325616E-02
    0.324171527092205E-01    0.774998240379402E-02
    0.387304226068916E-01    0.123114241898520E-01
    0.423651053371732E-01    0.169196515558001E-01
    0.434008591092615E-01    0.209798778314087E-01
    0.422783325911745E-01    0.241691308462114E-01
    0.395452464598627E-01    0.262426288964873E-01
    0.357931806425225E-01    0.271862896305941E-01
    0.316118857251363E-01    0.271380794808333E-01
    0.273906970041586E-01    0.262758033225257E-01
    0.234511685856826E-01    0.248698954602861E-01
    0.199323393240058E-01    0.231025268574466E-01
    0.169008993098418E-01    0.211829269918363E-01
    0.143496242876261E-01    0.192181587836031E-01
    0.122387412688633E-01    0.173032342725263E-01
    0.104992093505658E-01    0.154906572883352E-01
    0.906972439228446E-02    0.137969179665265E-01
    0.789164184679581E-02    0.122384658190302E-01
    0.691243070102815E-02    0.108122924534358E-01
    0.608991778134281E-02    0.951633428388123E-02
    0.538841202814110E-02    0.833642923856618E-02
    0.477846484303631E-02    0.726824261953643E-02
    0.423822974405439E-02    0.629774467602480E-02
    0.375064270085496E-02    0.542025383809176E-02
    0.330363048313916E-02    0.462534450999946E-02
    0.288802450573726E-02    0.390921162214145E-02
    0.249824960578153E-02    0.326396094113026E-02
    0.213037091109616E-02    0.268717578666847E-02
    0.178298216618769E-02    0.217330737102246E-02
    0.145557338811486E-02    0.172093725154530E-02
    0.114946150025308E-02    0.132603724153878E-02
    0.866577895881034E-03    0.987843933694515E-03
    0.610421861499641E-03    0.703170689822649E-03
    0.385283626176024E-03    0.471321686745306E-03
    0.197184149486104E-03    0.289155276711681E-03
    0.535313683978168E-04    0.155089777084256E-03
   -0.359512898381201E-04    0.649489993189555E-04
   -0.589809592013248E-04    0.153045563938175E-04
    0.000000000000000E+00    0.000000000000000E+00
    0.000000000000000E+00    0.000000000000000E+00
    0.106812967546236E-01    0.837367602621520E-03
    0.203278195283896E-01    0.313231710798637E-02
    0.283378484375171E-01    0.653963648628397E-02
    0.343447144823937E-01    0.105078036431595E-01
    0.381457071666983E-01    0.146409660919647E-01
    0.398182305679364E-01    0.184132098951670E-01
    0.395924597326903E-01    0.215573121519965E-01
    0.378868421141498E-01    0.238161078714082E-01
    0.351443384030439E-01    0.251382080857450E-01
    0.318176504817334E-01    0.255844554940616E-01
    0.282833460057284E-01    0.252612809362233E-01
    0.248088312004084E-01    0.243751255278795E-01
    0.215886479529270E-01    0.230670548838130E-01
    0.187000512935779E-01    0.215234518183930E-01
    0.161872830396409E-01    0.198487386524768E-01
    0.140328092210378E-01    0.181436496938916E-01
    0.122096353646369E-01    0.164658160210868E-01
    0.106712391442430E-01    0.148562527907374E-01
    0.937682127857421E-02    0.133351023522616E-01
    0.828083950764824E-02    0.119155210508598E-01
    0.734484249400772E-02    0.106006179378554E-01
    0.653591597800632E-02    0.938547944420751E-02
    0.582584824132583E-02    0.826813426521607E-02
    0.519327237317623E-02    0.724066394065941E-02
    0.462026386752545E-02    0.629919352337263E-02
    0.409437027226999E-02    0.543614210982463E-02
    0.360505245213220E-02    0.464837071004265E-02
    0.314632952825896E-02    0.392943495452674E-02
    0.271302664322422E-02    0.327755747961015E-02
    0.230342435479632E-02    0.268811123734970E-02
    0.191593109153671E-02    0.216062014358660E-02
    0.155176861539255E-02    0.169193144645426E-02
    0.121201583484649E-02    0.128266482397206E-02
    0.900436724110966E-03    0.930696541439750E-03
    0.620802258382876E-03    0.637165008852133E-03
    0.379936118157457E-03    0.400196837921188E-03
    0.185197078077609E-03    0.220404114504099E-03
    0.477802797986883E-04    0.950153451974706E-04
   -0.197187394439501E-04    0.230272585046265E-04
    0.000000000000000E+00    0.000000000000000E+00
    0.000000000000000E+00    0.000000000000000E+00
    0.919056779619444E-02    0.700188815403101E-03
    0.176274978640956E-01    0.263535905127507E-02
    0.248462752622753E-01    0.552308798508043E-02
    0.304625451023536E-01    0.897353156584731E-02
    0.343335944641188E-01    0.126360825052434E-01
    0.364129165812950E-01    0.161041650156356E-01
    0.368809273710958E-01    0.191232612284512E-01
    0.359996486403419E-01    0.214603816168371E-01
    0.341074471650292E-01    0.230381528862642E-01
    0.315674963635216E-01    0.238578633139579E-01
    0.286776800175431E-01    0.239827944978303E-01
    0.257089986249612E-01    0.235508800852519E-01
    0.228270287548983E-01    0.226758618417492E-01
    0.201584330115236E-01    0.215061186191535E-01
    0.177512139627538E-01    0.201409238471242E-01
    0.156296870213214E-01    0.186782665085973E-01
    0.137833876404991E-01    0.171800409766037E-01
    0.121891063053235E-01    0.156976874722021E-01
    0.108173602835877E-01    0.142606806296938E-01
    0.963463270951529E-02    0.128876822447308E-01
    0.860844599783207E-02    0.115910049995462E-01
    0.770970228906141E-02    0.103713954843545E-01
    0.691339912800999E-02    0.923235627968475E-02
    0.619843503760001E-02    0.816944442921783E-02
    0.554804402404632E-02    0.718210606873257E-02
    0.494887593427093E-02    0.626433069409356E-02
    0.439069479651331E-02    0.541503452171345E-02
    0.386614835968868E-02    0.462899554943955E-02
    0.337003972058079E-02    0.390580530570798E-02
    0.289921503415881E-02    0.324194029459254E-02
    0.245201649300900E-02    0.263824123215595E-02
    0.202829795104530E-02    0.209293278289385E-02
    0.162928533031035E-02    0.160820369403605E-02
    0.125758579073578E-02    0.118375465774510E-02
    0.917590552405066E-03    0.822630223507410E-03
    0.615404462657669E-03    0.525222261677057E-03
    0.359684082422252E-03    0.294278470385535E-03
    0.161560181528781E-03    0.129569526313103E-03
    0.356408297323831E-04    0.321695973900888E-04
    0.000000000000000E+00    0.000000000000000E+00
    0.000000000000000E+00    0.000000000000000E+00
    0.794873924804510E-02    0.578161794732737E-03
    0.153664691690059E-01    0.220090012901860E-02
    0.218403301143553E-01    0.466641609764087E-02
    0.270824416136980E-01    0.765632103728244E-02
    0.308966695620057E-01    0.109060375162254E-01
    0.332515803007706E-01    0.140669455210408E-01
    0.342149394100524E-01    0.169293366559267E-01
    0.339854926505315E-01    0.192702890017000E-01
    0.328009633921665E-01    0.210039061553527E-01
    0.309411938735442E-01    0.220944502109961E-01
    0.286622959109875E-01    0.225699001961905E-01
    0.261844336162040E-01    0.225195225710998E-01
    0.236836693166577E-01    0.220269766578092E-01
    0.212739532616737E-01    0.212106582302997E-01
    0.190365718157055E-01    0.201548504017554E-01
    0.170026812374638E-01    0.189524525940764E-01
    0.151901641418663E-01    0.176621150198860E-01
    0.135869463095976E-01    0.163409298217651E-01
    0.121793167122651E-01    0.150218788009005E-01
    0.109420801464836E-01    0.137310650572364E-01
    0.985200408180001E-02    0.124844872587470E-01
    0.888462472493619E-02    0.112907167657335E-01
    0.801883308205937E-02    0.101554640500296E-01
    0.723562746407059E-02    0.907951848594509E-02
    0.651890151233364E-02    0.806406138649047E-02
    0.585609235253807E-02    0.710620932925721E-02
    0.523646764040149E-02    0.620615056247223E-02
    0.465273055561633E-02    0.536075506946252E-02
    0.409856476959321E-02    0.457082549122899E-02
    0.357051550576326E-02    0.383444858657778E-02
    0.306554542317225E-02    0.315404371866609E-02
    0.258318926742823E-02    0.252949692661507E-02
    0.212329333479415E-02    0.196517424329411E-02
    0.168847386012938E-02    0.146273522388665E-02
    0.128201635803411E-02    0.102809816696716E-02
    0.910739835900742E-03    0.663904709873612E-03
    0.582790299908915E-03    0.376320731594424E-03
    0.310941469005736E-03    0.167469257340619E-03
    0.109966520961566E-03    0.419252508569462E-04
    0.000000000000000E+00    0.000000000000000E+00
    0.000000000000000E+00    0.000000000000000E+00
    0.690631814559396E-02    0.487702309184628E-03
    0.134353503671331E-01    0.186271953554959E-02
    0.192615973585131E-01    0.396258432910726E-02
    0.241067250094173E-01    0.655985363613255E-02
    0.278225224927869E-01    0.942702433752486E-02
    0.303192789881895E-01    0.122942253978897E-01
    0.316495443269966E-01    0.149699341278366E-01
    0.319213941144438E-01    0.172620073231681E-01
    0.313161387115219E-01    0.190763873107095E-01
    0.300453967987023E-01    0.203557114061921E-01
    0.283089817198283E-01    0.211035838462104E-01
    0.263068128959544E-01    0.213687793378153E-01
    0.241840788508690E-01    0.212103274871011E-01
    0.220682079972055E-01    0.207180859347370E-01
    0.200346082782243E-01    0.199612386793858E-01
    0.181378434054513E-01    0.190220299797343E-01
    0.164009850303386E-01    0.179552868874446E-01
    0.148324137247053E-01    0.168165004889206E-01
    0.134256757013382E-01    0.156414160785620E-01
    0.121680719326105E-01    0.144595246025821E-01
    0.110428965101217E-01    0.132907110836156E-01
    0.100316360711449E-01    0.121479282319190E-01
    0.911735119665535E-02    0.110404303715854E-01
    0.828334353862497E-02    0.997177509500043E-02
    0.751574555926518E-02    0.894596457912754E-02
    0.680208068979142E-02    0.796221530033180E-02
    0.613264930172422E-02    0.702269729825824E-02
    0.549905751340250E-02    0.612594088255168E-02
    0.489522443232103E-02    0.527444633120229E-02
    0.431597540977077E-02    0.446790620869913E-02
    0.375813555641616E-02    0.371064061767973E-02
    0.321920108686924E-02    0.300456760844258E-02
    0.269895045461177E-02    0.235645901435453E-02
    0.219799210379042E-02    0.177068110414457E-02
    0.172010549787172E-02    0.125614002760448E-02
    0.127061868189904E-02    0.818894365856340E-03
    0.859139391240211E-03    0.468443164447260E-03
    0.498011292671672E-03    0.210725104501485E-03
    0.204528087849202E-03    0.533816876397230E-04
    0.000000000000000E+00    0.000000000000000E+00
    0.000000000000000E+00    0.000000000000000E+00
    0.603283250236600E-02    0.407571041916342E-03
    0.118059304921419E-01    0.157224163081952E-02
    0.170383730859421E-01    0.337577935935041E-02
    0.215153661616673E-01    0.563397026180113E-02
    0.250720557580879E-01    0.817287477148595E-02
    0.276391809444735E-01    0.107654442611696E-01
    0.292106215180685E-01    0.132542902260432E-01
    0.298667627726401E-01    0.154646686748660E-01
    0.297245383483022E-01    0.173067218852271E-01
    0.289460366165940E-01    0.187096107776121E-01
    0.276921413589331E-01    0.196600691277920E-01
    0.261224704714069E-01    0.201786945797387E-01
    0.243747897258092E-01    0.203031905346742E-01
    0.225577871966791E-01    0.200989839111232E-01
    0.207580029223464E-01    0.196208115649824E-01
    0.190280177940048E-01    0.189374195462269E-01
    0.174065653961608E-01    0.180979861820861E-01
    0.159072297601901E-01    0.171539241857238E-01
    0.145374196113179E-01    0.161403889157179E-01
    0.132906169785921E-01    0.150887073199485E-01
    0.121592203264826E-01    0.140200420948387E-01
    0.111295948550066E-01    0.129506405750362E-01
    0.101892372787059E-01    0.118917415123276E-01
    0.932459070120113E-02    0.108496388664757E-01
    0.852349094323107E-02    0.983016031863060E-02
    0.777506896187836E-02    0.883469938677228E-02
    0.706952608533466E-02    0.786697958540746E-02
    0.639889744317848E-02    0.692722056687819E-02
    0.575582788032856E-02    0.601960968319341E-02
    0.513479092072831E-02    0.514550094868828E-02
    0.453066916226101E-02    0.431140049605561E-02
    0.394026703709500E-02    0.352132271518029E-02
    0.336112707400786E-02    0.278509818361704E-02
    0.279342469164365E-02    0.210983647036751E-02
    0.223891715798236E-02    0.150859345342370E-02
    0.170346342891476E-02    0.990732092858345E-03
    0.119553558947358E-02    0.570793222132455E-03
    0.729485004199181E-03    0.258175572802574E-03
    0.322868589157068E-03    0.656314428353262E-04
    0.000000000000000E+00    0.000000000000000E+00
    0.000000000000000E+00    0.000000000000000E+00
    0.528884580543520E-02    0.348329808236025E-03
    0.104028333819097E-01    0.134586647851731E-02
    0.151159327167460E-01    0.289791101751519E-02
    0.192298359359769E-01    0.487087972998550E-02
    0.226154303777542E-01    0.711746999482551E-02
    0.251789286966801E-01    0.946066224067504E-02
    0.269139636344879E-01    0.117609978595871E-01
    0.278507000462019E-01    0.138707101615126E-01
    0.280775313394915E-01    0.157013009873996E-01
    0.277089387276063E-01    0.171789417328662E-01
    0.268702049173269E-01    0.182778297981929E-01
    0.256955004609117E-01    0.189984844566360E-01
    0.242966907393107E-01    0.193612888373626E-01
    0.227801250703890E-01    0.194108740780921E-01
    0.212204503433229E-01    0.191880533524098E-01
    0.196807397514788E-01    0.187483781394686E-01
    0.181982505862250E-01    0.181331711983654E-01
    0.167993608660083E-01    0.173889799724168E-01
    0.154953219981719E-01    0.165477938316639E-01
    0.142895316494510E-01    0.156411919608945E-01
    0.131792681467851E-01    0.146899879839648E-01
    0.121571185328437E-01    0.137121612189185E-01
    0.112145751982483E-01    0.127198157723089E-01
    0.103409854227322E-01    0.117213201110613E-01
    0.952692659045842E-02    0.107234857408244E-01
    0.876197943782761E-02    0.972965209803388E-02
    0.803776076755602E-02    0.874454282208383E-02
    0.734511231127977E-02    0.777006941411439E-02
    0.667698538187125E-02    0.681174727168747E-02
    0.602548710923597E-02    0.587282264661601E-02
    0.538510026806034E-02    0.496183317056810E-02
    0.474949075516728E-02    0.408534569827008E-02
    0.411569127280502E-02    0.325625868891637E-02
    0.348050721203625E-02    0.248529306307386E-02
    0.284588903163780E-02    0.178966203707937E-02
    0.221496057380111E-02    0.118351911853559E-02
    0.159788959727982E-02    0.686235638396723E-03
    0.100806143368980E-02    0.312713582733444E-03
    0.466629589869449E-03    0.801393812113954E-04
    0.000000000000000E+00    0.000000000000000E+00
    0.000000000000000E+00    0.000000000000000E+00
    0.465765835975345E-02    0.295909680016956E-03
    0.920347164328128E-02    0.115312574418089E-02
    0.134453689021068E-01    0.250115486186384E-02
    0.172263270067842E-01    0.423189582910708E-02
    0.204160432831671E-01    0.623100444497596E-02
    0.229398165308989E-01    0.835091732859866E-02
    0.247621483498276E-01    0.104767155631980E-01
    0.259034602191326E-01    0.124781231334134E-01
    0.264131859094834E-01    0.142745770089508E-01
    0.263781430650128E-01    0.157911736396893E-01
    0.258932929586797E-01    0.169954977160086E-01
    0.250645675248303E-01    0.178737948333442E-01
    0.239900688242346E-01    0.184336235458126E-01
    0.227580136548001E-01    0.187022055626474E-01
    0.214433749258075E-01    0.187087992067153E-01
    0.201022895681716E-01    0.184956220884060E-01
    0.187796928609428E-01    0.180967519424302E-01
    0.175023806819820E-01    0.175514281816292E-01
    0.162904587199554E-01    0.168885213027088E-01
    0.151509635383040E-01    0.161366540570748E-01
    0.140879496851877E-01    0.153162970918693E-01
    0.130981078939888E-01    0.144446180196819E-01
    0.121771038488405E-01    0.135346274878243E-01
    0.113175219123009E-01    0.125947939787240E-01
    0.105116622268199E-01    0.116332057966754E-01
    0.975102507888180E-02    0.106534976788413E-01
    0.902689037188974E-02    0.966189726056721E-02
    0.833064481063863E-02    0.866076746675020E-02
    0.765338335473762E-02    0.765749955852265E-02
    0.698655435967193E-02    0.665637393169360E-02
    0.632165528102710E-02    0.566857242694458E-02
    0.565096103636340E-02    0.470271184368982E-02
    0.496784882867762E-02    0.377565210529445E-02
    0.426787674739399E-02    0.290142605766211E-02
    0.354945074978954E-02    0.210294369302604E-02
    0.281579842882168E-02    0.139876631507782E-02
    0.207487785065978E-02    0.815523015522961E-03
    0.134262825403519E-02    0.372919458814976E-03
    0.640611133861433E-03    0.957582686639156E-04
    0.000000000000000E+00    0.000000000000000E+00
    0.000000000000000E+00    0.000000000000000E+00
    0.411075386546149E-02    0.257126311506360E-03
    0.815753574439190E-02    0.100243579526366E-02
    0.119828734474889E-01    0.217936036804837E-02
    0.154457067320764E-01    0.370804929784469E-02
    0.184413769077018E-01    0.549217882786056E-02
    0.208866066199277E-01    0.741555559923552E-02
    0.227514081133460E-01    0.937798755863132E-02
    0.240292097698554E-01    0.112702293862048E-01
    0.247563684655416E-01    0.130169553913588E-01
    0.249888017166093E-01    0.145474539928407E-01
    0.247999113639813E-01    0.158247046544285E-01
    0.242738523866090E-01    0.168260235661482E-01
    0.234891828903381E-01    0.175487165596590E-01
    0.225258186821865E-01    0.180066891862255E-01
    0.214467028583044E-01    0.182181971427031E-01
    0.203098268073035E-01    0.182146430377656E-01
    0.191557607314927E-01    0.180213433662645E-01
    0.180177165885412E-01    0.176714393312447E-01
    0.169164401498319E-01    0.171880831426403E-01
    0.158657515225384E-01    0.165976034459568E-01
    0.148725958934704E-01    0.159171348301784E-01
    0.139386088386627E-01    0.151638744730700E-01
    0.130627869505190E-01    0.143488133382737E-01
    0.122401910267516E-01    0.134815076886433E-01
    0.114657632692005E-01    0.125687489821953E-01
    0.107311939173634E-01    0.116154725121733E-01
    0.100291767308190E-01    0.106272487978066E-01
    0.934928181715456E-02    0.960786391302446E-02
    0.868269048015690E-02    0.856494403093390E-02
    0.801729993427852E-02    0.750462821007405E-02
    0.734361707459606E-02    0.643971530962730E-02
    0.664899398714616E-02    0.538167397604500E-02
    0.592546630611606E-02    0.435081619167586E-02
    0.516299699672729E-02    0.336567033826492E-02
    0.435954118899975E-02    0.245454312711922E-02
    0.351344773337743E-02    0.164245389955833E-02
    0.263458515063817E-02    0.962780163755201E-03
    0.173682071078446E-02    0.443072989064268E-03
    0.847103097664818E-03    0.114551823356487E-03
    0.000000000000000E+00    0.000000000000000E+00
    0.000000000000000E+00    0.000000000000000E+00
    0.363877572563710E-02    0.222835250563846E-03
    0.724817926685897E-02    0.874904503884598E-03
    0.106955206070746E-01    0.191283932464766E-02
    0.138665168758569E-01    0.327178052645590E-02
    0.166609487538941E-01    0.487561153870090E-02
    0.190110823524249E-01    0.662771743707871E-02
    0.208732888453764E-01    0.844504309995274E-02
    0.222396701762033E-01    0.102329021313857E-01
    0.231236767244141E-01    0.119242054182963E-01
    0.235668211419753E-01    0.134522255222244E-01
    0.236210392471169E-01    0.147786742874197E-01
    0.233520712101869E-01    0.158751171111398E-01
    0.228251868414087E-01    0.167316989630074E-01
    0.221055450214337E-01    0.173518054363481E-01
    0.212519189158691E-01    0.177451919569653E-01
    0.203142158021410E-01    0.179328271810150E-01
    0.193350429588619E-01    0.179332465904729E-01
    0.183454216819537E-01    0.177716264387429E-01
    0.173706958519614E-01    0.174670331147593E-01
    0.164261019906225E-01    0.170405117224623E-01
    0.155231519352749E-01    0.165073661672861E-01
    0.146663504230568E-01    0.158814236051329E-01
    0.138577760708180E-01    0.151732864121104E-01
    0.130953222620210E-01    0.143901140323871E-01
    0.123749549236663E-01    0.135391572129133E-01
    0.116902224717903E-01    0.126234174295433E-01
    0.110327880955118E-01    0.116494844094415E-01
    0.103925621415975E-01    0.106197852026898E-01
    0.975777152291396E-02    0.954362510951387E-02
    0.911498371114284E-02    0.842685018126152E-02
    0.845003190003718E-02    0.728511074502062E-02
    0.774766892320978E-02    0.613129081492570E-02
    0.699401613625304E-02    0.499051537384668E-02
    0.617633714682619E-02    0.388487532631042E-02
    0.528650320800787E-02    0.285025320489969E-02
    0.432202267308331E-02    0.191722088279009E-02
    0.328854601558818E-02    0.112950141821708E-02
    0.220310685711067E-02    0.521154666686234E-03
    0.109287645073609E-02    0.134957450478149E-03
    0.000000000000000E+00    0.000000000000000E+00
    0.000000000000000E+00    0.000000000000000E+00
    0.322173444209975E-02    0.197452359273618E-03
    0.644214384567376E-02    0.774922390954691E-03
    0.955056193368889E-02    0.169723877988597E-02
    0.124459178661143E-01    0.291539950726649E-02
    0.150460335507801E-01    0.436518224673558E-02
    0.172816109797422E-01    0.596959649312603E-02
    0.191159176392566E-01    0.765676423374977E-02
    0.205270022758901E-01    0.934740047111070E-02
    0.215233841368577E-01    0.109805181200293E-01
    0.221273546626607E-01    0.124955942314957E-01
    0.223786507831266E-01    0.138539473377698E-01
    0.223265824583314E-01    0.150244222048047E-01
    0.220231209326436E-01    0.159917875140014E-01
    0.215241492489650E-01    0.167518878887188E-01
    0.208784236718546E-01    0.173068704706829E-01
    0.201336791305908E-01    0.176697360034280E-01
    0.193272460607598E-01    0.178514849173939E-01
    0.184924747226957E-01    0.178714260860324E-01
    0.176535339604366E-01    0.177422404521523E-01
    0.168295309418004E-01    0.174817878927327E-01
    0.160334114802001E-01    0.171001974086406E-01
    0.152729974980534E-01    0.166101931427088E-01
    0.145528376268017E-01    0.160181022793385E-01
    0.138724970763874E-01    0.153311219662961E-01
    0.132301861449706E-01    0.145528946891609E-01
    0.126189709126719E-01    0.136869577077638E-01
    0.120316650808852E-01    0.127370519676557E-01
    0.114553086840723E-01    0.117064449000664E-01
    0.108776857324144E-01    0.106028777551607E-01
    0.102800203773927E-01    0.943363475749095E-02
    0.964614032625910E-02    0.821490060742593E-02
    0.895313782921421E-02    0.696240468052548E-02
    0.818438130464810E-02    0.570469764869167E-02
    0.731797266405587E-02    0.446917781321404E-02
    0.634408253090726E-02    0.329842456851078E-02
    0.525163868432916E-02    0.223153271440436E-02
    0.404818823120819E-02    0.132150221484905E-02
    0.274633574131492E-02    0.613581099388386E-03
    0.138128377469694E-02    0.159943706663066E-03
    0.000000000000000E+00    0.000000000000000E+00
    0.000000000000000E+00    0.000000000000000E+00
    0.285429382064312E-02    0.175049428618722E-03
    0.572723691820974E-02    0.690750679249203E-03
    0.852591590444797E-02    0.151901749834067E-02
    0.111666382330970E-01    0.261970937263462E-02
    0.135729507907857E-01    0.394106989973237E-02
    0.156874268718189E-01    0.541891334549511E-02
    0.174674805871407E-01    0.699325541970298E-02
    0.188933582448467E-01    0.859589197366949E-02
    0.199604292527251E-01    0.101731298889983E-01
    0.206842950916934E-01    0.116698049283176E-01
    0.210903309477194E-01    0.130485194508913E-01
    0.212167240029231E-01    0.142769845071909E-01
    0.211046441151031E-01    0.153365272653474E-01
    0.207993218474252E-01    0.162173994504050E-01
    0.203441014884696E-01    0.169161128954249E-01
    0.197794892947721E-01    0.174384504978765E-01
    0.191420643091942E-01    0.177898353402376E-01
    0.184619966362500E-01    0.179827597604709E-01
    0.177654278671613E-01    0.180255945447965E-01
    0.170714897448059E-01    0.179305277008515E-01
    0.163958179612490E-01    0.177049032040213E-01
    0.157481063384399E-01    0.173567163246387E-01
    0.151348181032002E-01    0.168907780891620E-01
    0.145578778243057E-01    0.163100087398836E-01
    0.140157415072373E-01    0.156174191662813E-01
    0.135031165754890E-01    0.148124729845674E-01
    0.130108570809458E-01    0.138989846460311E-01
    0.125259373675345E-01    0.128765968602458E-01
    0.120316526704988E-01    0.117540511497131E-01
    0.115068487217497E-01    0.105362608978962E-01
    0.109282526388736E-01    0.924206273502734E-02
    0.102684542662754E-01    0.788720251742443E-02
    0.950147414385837E-02    0.650576444436209E-02
    0.860026611088634E-02    0.512846389595414E-02
    0.754477332334965E-02    0.380776713929059E-02
    0.632115900386716E-02    0.258948297392728E-02
    0.492904303948502E-02    0.154131341371818E-02
    0.338457718248069E-02    0.717269243237267E-03
    0.172200622944585E-02    0.187310925251361E-03
    0.000000000000000E+00    0.000000000000000E+00
    0.000000000000000E+00    0.000000000000000E+00
    0.252267627011472E-02    0.158433919671484E-03
    0.508167048483824E-02    0.624481295186696E-03
    0.759814447966921E-02    0.137484506597466E-02
    0.999852642282763E-02    0.237828143372466E-02
    0.122189134712591E-01    0.359086534387433E-02
    0.142029831382840E-01    0.496079555711127E-02
    0.159146815846864E-01    0.643624492360995E-02
    0.173271180657177E-01    0.796008007118193E-02
    0.184349119944321E-01    0.948417424679433E-02
    0.192419622118530E-01    0.109595761866600E-01
    0.197674231472511E-01    0.123503962827871E-01
    0.200379219173101E-01    0.136247737363874E-01
    0.200863075790925E-01    0.147617792741701E-01
    0.199497746347396E-01    0.157479494266651E-01
    0.196643082211930E-01    0.165750942639502E-01
    0.192668989720575E-01    0.172437432142194E-01
    0.187894373600110E-01    0.177535697084045E-01
    0.182621700243197E-01    0.181123700152455E-01
    0.177095213605742E-01    0.183225888271467E-01
    0.171525536593684E-01    0.183932317489363E-01
    0.166075145878202E-01    0.183258182640224E-01
    0.160862166405026E-01    0.181266564263975E-01
    0.155969929816731E-01    0.177947588712089E-01
    0.151427710782689E-01    0.173323568284113E-01
    0.147239443586599E-01    0.167366360236525E-01
    0.143341104626541E-01    0.160068164120072E-01
    0.139649639226110E-01    0.151412211549304E-01
    0.135994239736404E-01    0.141394519639313E-01
    0.132196062078943E-01    0.130060381658488E-01
    0.127966429899872E-01    0.117464628864195E-01
    0.123037636429150E-01    0.103780845297210E-01
    0.117019383024042E-01    0.891902364081473E-02
    0.109602061875259E-01    0.740614351305501E-02
    0.100368228941298E-01    0.587610426610437E-02
    0.890778352633019E-02    0.438938254440216E-02
    0.754438940556502E-02    0.300291717529539E-02
    0.594752548228325E-02    0.179706968875685E-02
    0.412413589109373E-02    0.841900429612799E-03
    0.212011217269912E-02    0.221369434504625E-03
    0.000000000000000E+00    0.000000000000000E+00
    0.000000000000000E+00    0.000000000000000E+00
    0.222385797091693E-02    0.143774583593779E-03
    0.449689177621611E-02    0.568756744645120E-03
    0.675268321920077E-02    0.125533611406796E-02
    0.892885042669278E-02    0.217752829429907E-02
    0.109666759126243E-01    0.329927147921562E-02
    0.128186177750915E-01    0.457710719899939E-02
    0.144464524198612E-01    0.596760570831837E-02
    0.158267037348574E-01    0.742168746483673E-02
    0.169465329730225E-01    0.889738529804051E-02
    0.178075197259064E-01    0.103508285086826E-01
    0.184194795039481E-01    0.117485860296215E-01
    0.188029694164106E-01    0.130598031909663E-01
    0.189827836187619E-01    0.142624896907980E-01
    0.189891788319533E-01    0.153407439289548E-01
    0.188531419216101E-01    0.162830404985366E-01
    0.186061646528005E-01    0.170855104962485E-01
    0.182783804682980E-01    0.177436823612586E-01
    0.178970617889782E-01    0.182603462152779E-01
    0.174872227037263E-01    0.186340376234755E-01
    0.170694731672821E-01    0.188688083889607E-01
    0.166616673704674E-01    0.189629847515662E-01
    0.162770180944023E-01    0.189179449565117E-01
    0.159251723836951E-01    0.187302228706315E-01
    0.156112436805583E-01    0.183967624368308E-01
    0.153354688120769E-01    0.179128109348289E-01
    0.150930959513628E-01    0.172716499178301E-01
    0.148731106539308E-01    0.164702070977534E-01
    0.146580530410384E-01    0.155017997518898E-01
    0.144238375685773E-01    0.143705601310442E-01
    0.141379046757901E-01    0.130765597453447E-01
    0.137631385252050E-01    0.116390002917136E-01
    0.132532496365755E-01    0.100734547543845E-01
    0.125629029315827E-01    0.842280241432984E-02
    0.116412269993700E-01    0.672595936419107E-02
    0.104474509910823E-01    0.505611144245767E-02
    0.894641662726750E-02    0.347801784237369E-02
    0.712446968798828E-02    0.209292863489383E-02
    0.499164619879190E-02    0.982686100360948E-03
    0.258948934284961E-02    0.258992473908065E-03
    0.000000000000000E+00    0.000000000000000E+00
    0.000000000000000E+00    0.000000000000000E+00
    0.194866352364036E-02    0.132721207210254E-03
    0.395908169027895E-02    0.524166271242142E-03
    0.597368734890920E-02    0.115751115373067E-02
    0.793729787970400E-02    0.201173874287040E-02
    0.979984818107126E-02    0.305605446396267E-02
    0.115155056837284E-01    0.425501856454731E-02
    0.130516597558608E-01    0.557110576749381E-02
    0.143812578206507E-01    0.696326136657698E-02
    0.154927491385565E-01    0.839415057604544E-02
    0.163806586492077E-01    0.982545358734172E-02
    0.170522717423333E-01    0.112259232270201E-01
    0.175203142700642E-01    0.125666203656788E-01
    0.178049585528448E-01    0.138251209890733E-01
    0.179302001634471E-01    0.149842697106146E-01
    0.179222797410046E-01    0.160300310070583E-01
    0.178091866607670E-01    0.169555258499470E-01
    0.176176435394271E-01    0.177524153177151E-01
    0.173741009372951E-01    0.184202168130658E-01
    0.171021646196604E-01    0.189527158971851E-01
    0.168234339228872E-01    0.193513774023141E-01
    0.165562969279484E-01    0.196089894472852E-01
    0.163156060876207E-01    0.197252948287009E-01
    0.161128623497295E-01    0.196902382889752E-01
    0.159541582620157E-01    0.194997875406671E-01
    0.158418123635004E-01    0.191413627158142E-01
    0.157699917160593E-01    0.186073568797287E-01
    0.157285200953759E-01    0.178860075815183E-01
    0.156950923359146E-01    0.169694759659906E-01
    0.156437001201543E-01    0.158538002588903E-01
    0.155313944601129E-01    0.145381083559716E-01
    0.153155569545264E-01    0.130366915278875E-01
    0.149328315909857E-01    0.113662857355133E-01
    0.143296094282601E-01    0.957078587263397E-02
    0.134317561948657E-01    0.769542744783292E-02
    0.121908207685651E-01    0.582249816114176E-02
    0.105462682226592E-01    0.403126868417370E-02
    0.848377983229022E-02    0.244019594659528E-02
    0.599508830501547E-02    0.115427443740139E-02
    0.313796611610260E-02    0.306462411916489E-03
    0.000000000000000E+00    0.000000000000000E+00
    0.000000000000000E+00    0.000000000000000E+00
    0.169551051002500E-02    0.122856872249198E-03
    0.346269038972406E-02    0.486041810982862E-03
    0.525212093432085E-02    0.107466325542414E-02
    0.701563111726114E-02    0.187084888410681E-02
    0.870705916737571E-02    0.284907694717160E-02
    0.102869889309275E-01    0.397939537508252E-02
    0.117221745216094E-01    0.523048199340839E-02
    0.129892039921025E-01    0.656702618334850E-02
    0.140722858866558E-01    0.795688910907000E-02
    0.149660471911759E-01    0.936601402645256E-02
    0.156717821941279E-01    0.107660922557484E-01
    0.161994962407826E-01    0.121300116566627E-01
    0.165636216830569E-01    0.134357811030242E-01
    0.167841963791722E-01    0.146656921082841E-01
    0.168833921203637E-01    0.158041779313994E-01
    0.168856104030280E-01    0.168421550970898E-01
    0.168157319157111E-01    0.177686048309640E-01
    0.166980665927668E-01    0.185800001460534E-01
    0.165563606920673E-01    0.192670410299942E-01
    0.164119940429752E-01    0.198277113067531E-01
    0.162847132742420E-01    0.202517156207832E-01
    0.161909284457410E-01    0.205347614287040E-01
    0.161437025112260E-01    0.206636149456902E-01
    0.161517610484599E-01    0.206289985655658E-01
    0.162177749203261E-01    0.204149462942750E-01
    0.163382890996271E-01    0.200066333881230E-01
    0.165005298214098E-01    0.193886854534955E-01
    0.166821201118187E-01    0.185439774253336E-01
    0.168494226836687E-01    0.174656140612096E-01
    0.169545404260421E-01    0.161428766623247E-01
    0.169404558190782E-01    0.145899949319924E-01
    0.167326960337676E-01    0.128167857260431E-01
    0.162561323171979E-01    0.108730270662927E-01
    0.154212231108050E-01    0.880369591440057E-02
    0.141525445997115E-01    0.670742943544887E-02
    0.123765624453224E-01    0.467196042093570E-02
    0.100529470042891E-01    0.284565363335758E-02
    0.717405519187198E-02    0.134922522448573E-02
    0.378555941871230E-02    0.359320621164148E-03
    0.000000000000000E+00    0.000000000000000E+00
    0.000000000000000E+00    0.000000000000000E+00
    0.145889530328595E-02    0.114932871609646E-03
    0.299978350606935E-02    0.453908373312791E-03
    0.457850098968049E-02    0.100375271622295E-02
    0.615137994245436E-02    0.174944000043802E-02
    0.767816924283436E-02    0.266922381450104E-02
    0.912085152842428E-02    0.373863278102726E-02
    0.104508257825090E-01    0.493073306674338E-02
    0.116428902390465E-01    0.621619134490328E-02
    0.126834510060822E-01    0.756663740623482E-02
    0.135629130988280E-01    0.895276438578641E-02
    0.142822362095920E-01    0.103485901360727E-01
    0.148462318387505E-01    0.117294948324001E-01
    0.152672723880799E-01    0.130741367817375E-01
    0.155607764929627E-01    0.143650199638171E-01
    0.157463340108880E-01    0.155857450099141E-01
    0.158453533430376E-01    0.167259077351830E-01
    0.158807298731368E-01    0.177724704110931E-01
    0.158757443078149E-01    0.187200352806297E-01
    0.158535198969968E-01    0.195563047735509E-01
    0.158362472725347E-01    0.202776279422637E-01
    0.158447469106470E-01    0.208694152952190E-01
    0.158973413944311E-01    0.213263771721144E-01
    0.160096744438527E-01    0.216288751123312E-01
    0.161924497428542E-01    0.217669890038976E-01
    0.164514514545244E-01    0.217154133562325E-01
    0.167836083861680E-01    0.214582519377323E-01
    0.171778839465152E-01    0.209675108226707E-01
    0.176076552927612E-01    0.202237112790094E-01
    0.180370894564585E-01    0.192059302221189E-01
    0.184055082678093E-01    0.179001879182067E-01
    0.186480165061782E-01    0.163095854104716E-01
    0.186653801633070E-01    0.144428832530174E-01
    0.183695484989699E-01    0.123469648752904E-01
    0.176345241818364E-01    0.100729691896832E-01
    0.163711972200749E-01    0.772940332267517E-02
    0.144638661164237E-01    0.542284621357173E-02
    0.118671197860309E-01    0.332484816523163E-02
    0.853832558228853E-02    0.158981637083058E-02
    0.454463959680730E-02    0.426819733432366E-03
    0.000000000000000E+00    0.000000000000000E+00
    0.000000000000000E+00    0.000000000000000E+00
    0.123821539984211E-02    0.107543821995066E-03
    0.256752818618205E-02    0.424742065441905E-03
    0.394819846751510E-02    0.939779382428155E-03
    0.534073113118556E-02    0.163959235054125E-02
    0.670723844911457E-02    0.250646844800740E-02
    0.801445447537162E-02    0.351967658074848E-02
    0.923362655257891E-02    0.465719052029540E-02
    0.103430726830654E-01    0.589381831771525E-02
    0.113267680056468E-01    0.720561465030809E-02
    0.121765258132201E-01    0.856672000067546E-02
    0.128894829745467E-01    0.995416455257967E-02
    0.134698485378302E-01    0.113453867608399E-01
    0.139259637699952E-01    0.127203570138527E-01
    0.142714522887604E-01    0.140621607729640E-01
    0.145227373537029E-01    0.153541969103969E-01
    0.146992807269965E-01    0.165855630643376E-01
    0.148223628821740E-01    0.177419213466472E-01
    0.149141358963915E-01    0.188167577521323E-01
    0.149978245318094E-01    0.197959459429261E-01
    0.150960131892661E-01    0.206744580071031E-01
    0.152312945832076E-01    0.214351877901955E-01
    0.154241221755977E-01    0.220709505452410E-01
    0.156929181809496E-01    0.225587381410104E-01
    0.160523399601187E-01    0.228849674924259E-01
    0.165105224353740E-01    0.230195692298596E-01
    0.170687994992750E-01    0.229395149840351E-01
    0.177156236628421E-01    0.226099190748077E-01
    0.184262623485100E-01    0.219990865316258E-01
    0.191571041582425E-01    0.210785304972373E-01
    0.198420844471529E-01    0.198180078848163E-01
    0.203971586897453E-01    0.182162504591424E-01
    0.207068569817115E-01    0.162672186600743E-01
    0.206509638940221E-01    0.140231417135820E-01
    0.200786806826503E-01    0.115291638780792E-01
    0.188581078664744E-01    0.891568860174385E-02
    0.168491405574982E-01    0.629757839810751E-02
    0.139618397489221E-01    0.388864354666895E-02
    0.101470473395995E-01    0.186437336830328E-02
    0.544382981599883E-02    0.502758565476602E-03
    0.000000000000000E+00    0.000000000000000E+00
    0.000000000000000E+00    0.000000000000000E+00
    0.103118191056337E-02    0.100712389673470E-03
    0.216259576992484E-02    0.397371105595771E-03
    0.335723746519070E-02    0.879541773795945E-03
    0.457763770019614E-02    0.153611115902150E-02
    0.578996250206695E-02    0.235242798757821E-02
    0.696175952024921E-02    0.331187206608600E-02
    0.806810846819736E-02    0.439590035386979E-02
    0.908650853857503E-02    0.558390522393782E-02
    0.100034410316641E-01    0.685510066295625E-02
    0.108083029673405E-01    0.818753388366025E-02
    0.114990810866737E-01    0.956058270890098E-02
    0.120766275782780E-01    0.109541586371672E-01
    0.125488142171561E-01    0.123496367190487E-01
    0.129259170068136E-01    0.137310268475963E-01
    0.132232851119314E-01    0.150822796828647E-01
    0.134578724782019E-01    0.163922604131479E-01
    0.136500989407405E-01    0.176465854540493E-01
    0.138211757905214E-01    0.188379564732500E-01
    0.139945253256740E-01    0.199516726375290E-01
    0.141936092639919E-01    0.209822323682820E-01
    0.144429670117889E-01    0.219105347516334E-01
    0.147654880671700E-01    0.227295716857455E-01
    0.151836036436691E-01    0.234119940637531E-01
    0.157164026709570E-01    0.239447334089363E-01
    0.163774947986046E-01    0.242881962454371E-01
    0.171722986140755E-01    0.244192097888217E-01
    0.180938923925225E-01    0.242858932603418E-01
    0.191173509501836E-01    0.238535688369539E-01
    0.201980215964891E-01    0.230701121264268E-01
    0.212563942134354E-01    0.218986428124476E-01
    0.221976335607692E-01    0.203152499660861E-01
    0.228710460821935E-01    0.183081768079059E-01
    0.231366960038380E-01    0.159197579604477E-01
    0.227873053933664E-01    0.132001247711607E-01
    0.216687973016144E-01    0.102888648934481E-01
    0.195705686518364E-01    0.732695242025193E-02
    0.163900027940959E-01    0.455755418444880E-02
    0.120125862483374E-01    0.220614886487198E-02
    0.650353562742968E-02    0.600207142707260E-03
    0.000000000000000E+00    0.000000000000000E+00
    0.000000000000000E+00    0.000000000000000E+00
    0.837887953419089E-03    0.937938810377935E-04
    0.178480495377367E-02    0.369734210911892E-03
    0.280473035663011E-02    0.819193576683251E-03
    0.386259863005256E-02    0.143248992019629E-02
    0.492544360052017E-02    0.219870309022047E-02
    0.596456920846099E-02    0.310397742905192E-02
    0.695500952773679E-02    0.413391045443121E-02
    0.787761466834081E-02    0.527103398645893E-02
    0.871754842878639E-02    0.649826135013909E-02
    0.946626155814980E-02    0.779649898539861E-02
    0.101193543169483E-01    0.914785805239362E-02
    0.106782814506281E-01    0.105343820179866E-01
    0.111480629843056E-01    0.119390863309685E-01
    0.115385246286386E-01    0.133473416592621E-01
    0.118624808505976E-01    0.147437063310427E-01
    0.121360564338697E-01    0.161178799665678E-01
    0.123781096113207E-01    0.174555043905952E-01
    0.126094942483342E-01    0.187501004016608E-01
    0.128537104734817E-01    0.199864806018365E-01
    0.131349357100476E-01    0.211605874002933E-01
    0.134800839034861E-01    0.222518155180275E-01
    0.139149634618937E-01    0.232544880645608E-01
    0.144663036141356E-01    0.241394905311100E-01
    0.151593120380672E-01    0.248941652915837E-01
    0.160143522713292E-01    0.254728684507838E-01
    0.170447634606905E-01    0.258485428280620E-01
    0.182488493493922E-01    0.259586590597736E-01
    0.196094531108288E-01    0.257552558770254E-01
    0.210781105417939E-01    0.251694025249144E-01
    0.225720186064156E-01    0.241387606299226E-01
    0.239721464278947E-01    0.226258226640764E-01
    0.251050671626113E-01    0.205891618523221E-01
    0.257820097972197E-01    0.180755052301959E-01
    0.257555361717226E-01    0.151188041155606E-01
    0.248052471764182E-01    0.118873027730638E-01
    0.226769376147703E-01    0.852905386530531E-02
    0.191933260958232E-01    0.534813111337817E-02
    0.142201490416075E-01    0.259560339157496E-02
    0.776253144519494E-02    0.710051440624033E-03
    0.000000000000000E+00    0.000000000000000E+00
    0.000000000000000E+00    0.000000000000000E+00
    0.659012663694693E-03    0.862611147413169E-04
    0.143443961747572E-02    0.340448959809287E-03
    0.229140108098826E-02    0.755648443995932E-03
    0.319473127900088E-02    0.132419104806893E-02
    0.411444518766612E-02    0.203804926245554E-02
    0.502226660620147E-02    0.288681544797498E-02
    0.589648265952640E-02    0.385910670832997E-02
    0.671789221553383E-02    0.494095330209750E-02
    0.747412859732764E-02    0.611809572680867E-02
    0.815555313506324E-02    0.737437458091089E-02
    0.875907239372789E-02    0.869433692001382E-02
    0.928411841691193E-02    0.100619936174418E-01
    0.973597779618313E-02    0.114624083929314E-01
    0.101220243547397E-01    0.128819141512709E-01
    0.104546977482137E-01    0.143069104578445E-01
    0.107479689753576E-01    0.157272166574726E-01
    0.110203494352704E-01    0.171305887082248E-01
    0.112916821082943E-01    0.185104592404260E-01
    0.115859500224594E-01    0.198538302409597E-01
    0.119275426489777E-01    0.211570666655920E-01
    0.123455393686905E-01    0.224019816150693E-01
    0.128694150363770E-01    0.235836665224741E-01
    0.135312124631729E-01    0.246745821850151E-01
    0.143639332862533E-01    0.256647209870990E-01
    0.153973983181956E-01    0.265018342033414E-01
    0.166548552281554E-01    0.271615176220209E-01
    0.181460705787866E-01    0.275629109837314E-01
    0.198659582709269E-01    0.276570012579537E-01
    0.217705306355151E-01    0.273347266509372E-01
    0.237683969818962E-01    0.265228751165698E-01
    0.257271006245366E-01    0.251383390546001E-01
    0.274233820792889E-01    0.231257812242245E-01
    0.286401820983218E-01    0.205051532647889E-01
    0.290350370030368E-01    0.173167677183728E-01
    0.283550003406802E-01    0.137325489979225E-01
    0.262289314917499E-01    0.993965647261135E-02
    0.224520570276285E-01    0.628158410588728E-02
    0.167830099967564E-01    0.308039717859094E-02
    0.925172839806004E-02    0.849945613103724E-03
    0.000000000000000E+00    0.000000000000000E+00
    0.000000000000000E+00    0.000000000000000E+00
    0.495095004536217E-03    0.780522375117554E-04
    0.111393990978698E-02    0.307945755539085E-03
    0.181952182189313E-02    0.686040337366012E-03
    0.257846082388821E-02    0.120604956341898E-02
    0.336053009347320E-02    0.186394775888337E-02
    0.414089401565755E-02    0.265163202652197E-02
    0.489799897385891E-02    0.356123404239082E-02
    0.561588317037773E-02    0.458138259090111E-02
    0.628175541842779E-02    0.570061760730873E-02
    0.688822433258039E-02    0.690534460618435E-02
    0.743087173340769E-02    0.818215014966599E-02
    0.791020442237115E-02    0.951731568139275E-02
    0.832947860477289E-02    0.108972820070334E-01
    0.869618015772178E-02    0.123103521131025E-01
    0.902051262488638E-02    0.137438274662509E-01
    0.931605659860231E-02    0.151894417332947E-01
    0.959947467288616E-02    0.166358985428149E-01
    0.989026155255829E-02    0.180794471866128E-01
    0.102120844909661E-01    0.195073004219874E-01
    0.105896875021051E-01    0.209197533700256E-01
    0.110537483612770E-01    0.223002611238805E-01
    0.116372312606769E-01    0.236496623058566E-01
    0.123781569676568E-01    0.249408757213539E-01
    0.133156161731958E-01    0.261733312755867E-01
    0.144933404359172E-01    0.272880917696864E-01
    0.159485553950756E-01    0.282655080927993E-01
    0.177063027754893E-01    0.290148442858423E-01
    0.197819375335793E-01    0.294815043822230E-01
    0.221449384862077E-01    0.295188488441441E-01
    0.247116969418178E-01    0.290173847211240E-01
    0.273210067772449E-01    0.278602389942658E-01
    0.297187748415444E-01    0.259334161365580E-01
    0.316106945269625E-01    0.232558406190063E-01
    0.325863799320594E-01    0.198282317557302E-01
    0.322849936802851E-01    0.158732247303882E-01
    0.302674359751284E-01    0.115745681379591E-01
    0.262085817410453E-01    0.737476585391219E-02
    0.198212279820098E-01    0.362743206782160E-02
    0.110263170444213E-01    0.100643231145028E-02
    0.000000000000000E+00    0.000000000000000E+00
    0.000000000000000E+00    0.000000000000000E+00
    0.349491509006286E-03    0.683591697844956E-04
    0.826031974340223E-03    0.271408429376744E-03
    0.139330142664944E-02    0.608188667604367E-03
    0.201650361849658E-02    0.107528061663407E-02
    0.266812248162003E-02    0.167165515504019E-02
    0.332398199604247E-02    0.239225991348549E-02
    0.396542780775714E-02    0.323202253820787E-02
    0.457740151604451E-02    0.418194117200116E-02
    0.514928989588770E-02    0.523327184187243E-02
    0.567379630659767E-02    0.637412917949170E-02
    0.614768716793216E-02    0.759373830743573E-02
    0.657051818061752E-02    0.887940127064788E-02
    0.694578496264106E-02    0.102202159115639E-01
    0.727922466706875E-02    0.116048435548009E-01
    0.758055686567837E-02    0.130236112084808E-01
    0.786143421829801E-02    0.144680497692107E-01
    0.813777023616753E-02    0.159308556232872E-01
    0.842734832009987E-02    0.174081154684059E-01
    0.875303806604219E-02    0.188924497096004E-01
    0.913923221681546E-02    0.203834523871054E-01
    0.961757831174780E-02    0.218744535329033E-01
    0.102258417788110E-01    0.233674990738816E-01
    0.110075263129477E-01    0.248439801384488E-01
    0.120062835999959E-01    0.263090824234881E-01
    0.132793876614312E-01    0.277110935882177E-01
    0.148866981018725E-01    0.290360409336103E-01
    0.168770710879121E-01    0.301858877082350E-01
    0.192998650234818E-01    0.311156149046787E-01
    0.221481294875203E-01    0.316146407725580E-01
    0.253588888867345E-01    0.315609175328726E-01
    0.287549753560015E-01    0.307399199108071E-01
    0.320094338894626E-01    0.290070868995343E-01
    0.347816251447855E-01    0.263155875531671E-01
    0.364883311702882E-01    0.226721774475388E-01
    0.367214437259287E-01    0.183090689362621E-01
    0.348699302802008E-01    0.134710254397451E-01
    0.305663017593823E-01    0.864734278331339E-02
    0.233430120960593E-01    0.430768923297566E-02
    0.131390477816096E-01    0.120687254893210E-02
    0.000000000000000E+00    0.000000000000000E+00
    0.000000000000000E+00    0.000000000000000E+00
    0.222787909178836E-03    0.574971535050118E-04
    0.575393952297697E-03    0.229441278732678E-03
    0.101720261829358E-02    0.520479775919534E-03
    0.151608396245196E-02    0.928837804531983E-03
    0.204406864950915E-02    0.145777662699057E-02
    0.258074174039455E-02    0.210436563764817E-02
    0.310826428474675E-02    0.286611178457048E-02
    0.361469301253250E-02    0.373640302214393E-02
    0.408995226368093E-02    0.470799807031293E-02
    0.452876482126043E-02    0.577159427581605E-02
    0.492751962790557E-02    0.691728950316873E-02
    0.528667844250313E-02    0.813496009672495E-02
    0.560838298881856E-02    0.941425411907361E-02
    0.589833496816040E-02    0.107463476727903E-01
    0.616416760288008E-02    0.121221467157264E-01
    0.641680598175765E-02    0.135360061382960E-01
    0.666986746040946E-02    0.149813240987285E-01
    0.693989166831181E-02    0.164581872572902E-01
    0.724802126014572E-02    0.179600879450451E-01
    0.761786165516945E-02    0.194919535456135E-01
    0.808015233862772E-02    0.210525066610289E-01
    0.867324193372032E-02    0.226571255887555E-01
    0.944819853364038E-02    0.242835635806309E-01
    0.104511152964870E-01    0.259535064662147E-01
    0.117510049041431E-01    0.276281759558806E-01
    0.134341469229406E-01    0.293150907262533E-01
    0.155847244208146E-01    0.309071492128356E-01
    0.182804406132611E-01    0.323858405363659E-01
    0.215737996079169E-01    0.334829150034921E-01
    0.254638897590698E-01    0.340421035811473E-01
    0.297607841020597E-01    0.337454324008776E-01
    0.340817256795573E-01    0.323266441036772E-01
    0.379495702979516E-01    0.297272469740438E-01
    0.406598219228171E-01    0.258542438696398E-01
    0.416103742047294E-01    0.210698788958400E-01
    0.400938506212793E-01    0.156195567679656E-01
    0.355820058245224E-01    0.101071082221500E-01
    0.275119640452736E-01    0.505805954756562E-02
    0.156288142272772E-01    0.144220708926921E-02
    0.000000000000000E+00    0.000000000000000E+00
    0.000000000000000E+00    0.000000000000000E+00
    0.120089595045230E-03    0.449053354807150E-04
    0.365180262906777E-03    0.183108757678198E-03
    0.696568796026441E-03    0.423253935915899E-03
    0.108108610709573E-02    0.767697971842138E-03
    0.149398761793878E-02    0.122266354721290E-02
    0.191678848846468E-02    0.178754523123679E-02
    0.233427514238403E-02    0.246246269474197E-02
    0.273668683551205E-02    0.324168351341261E-02
    0.311555263116572E-02    0.412073776733595E-02
    0.346683635974554E-02    0.509052894777399E-02
    0.378751540972914E-02    0.614411023319467E-02
    0.407806242380207E-02    0.727113838896045E-02
    0.434025953682696E-02    0.846446096642057E-02
    0.457875505832536E-02    0.971461977501009E-02
    0.479995716938412E-02    0.110163203550391E-01
    0.501300614672144E-02    0.123628859022270E-01
    0.522935655850981E-02    0.137527839734040E-01
    0.546331770771244E-02    0.151844120895494E-01
    0.573290183717825E-02    0.166595663062006E-01
    0.606114279058488E-02    0.181803307794271E-01
    0.647693592446834E-02    0.197597730058021E-01
    0.701727907745083E-02    0.214146960442106E-01
    0.773000593901260E-02    0.231397767764243E-01
    0.866270540935892E-02    0.249503957974239E-01
    0.989306097797549E-02    0.268629119274179E-01
    0.115552631953357E-01    0.288916143085101E-01
    0.137695719349245E-01    0.309439717114902E-01
    0.166403893477762E-01    0.330301550169467E-01
    0.203033042401874E-01    0.348570910795725E-01
    0.249304036419831E-01    0.362796086272918E-01
    0.303294657375317E-01    0.367098290097440E-01
    0.359645952776915E-01    0.358183518177898E-01
    0.412768129774678E-01    0.333925882128046E-01
    0.452227076862037E-01    0.293675190310790E-01
    0.471617530856498E-01    0.241068116872176E-01
    0.460966902063676E-01    0.180303180719346E-01
    0.414480671681453E-01    0.117311096873624E-01
    0.323850808434333E-01    0.591513437648671E-02
    0.185867804188036E-01    0.169889557217550E-02
    0.000000000000000E+00    0.000000000000000E+00
    0.000000000000000E+00    0.000000000000000E+00
    0.415888516998943E-04    0.309810962781102E-04
    0.201218233950849E-03    0.131287071017121E-03
    0.436391786616178E-03    0.317254018212332E-03
    0.719327206848947E-03    0.593112137957745E-03
    0.102609041519163E-02    0.968745728108893E-03
    0.134259121471329E-02    0.144549513157811E-02
    0.165567540793697E-02    0.202432775856227E-02
    0.195826876413059E-02    0.270198332943675E-02
    0.224352771733198E-02    0.347370374521091E-02
    0.250870994347767E-02    0.433337163951724E-02
    0.275136952647802E-02    0.527339364700130E-02
    0.297216944398492E-02    0.628656493264818E-02
    0.317228552405714E-02    0.736508584886167E-02
    0.335563834034761E-02    0.850260583953851E-02
    0.352692968007471E-02    0.969336209647319E-02
    0.369367833742340E-02    0.109339937963472E-01
    0.386477985381126E-02    0.122224290542114E-01
    0.405199343448424E-02    0.135608426879532E-01
    0.426975086371247E-02    0.149521661111235E-01
    0.453780826227590E-02    0.164050192943825E-01
    0.488163321016573E-02    0.179338132237763E-01
    0.533260918369044E-02    0.195698563543703E-01
    0.593854909269776E-02    0.213049730906449E-01
    0.674791478481606E-02    0.231638162537061E-01
    0.783052512482115E-02    0.252162171840065E-01
    0.933357823751026E-02    0.275522108413265E-01
    0.114559295703163E-01    0.300111669733906E-01
    0.143136254615756E-01    0.326656659522065E-01
    0.181303929092980E-01    0.353341616914361E-01
    0.233282193228029E-01    0.379695670627319E-01
    0.299223504441282E-01    0.394949405875814E-01
    0.372498577009804E-01    0.393048689881651E-01
    0.443706020251246E-01    0.372841555766580E-01
    0.500164388329183E-01    0.331013959503114E-01
    0.532035802598037E-01    0.273948132135010E-01
    0.528010568525196E-01    0.205952805220600E-01
    0.480232553365272E-01    0.134905752955810E-01
    0.379513397451705E-01    0.674384527343427E-02
    0.219819918832117E-01    0.190285251194261E-02
    0.000000000000000E+00    0.000000000000000E+00
    0.000000000000000E+00    0.000000000000000E+00
   -0.828733923750642E-05    0.167279715588727E-04
    0.838010729637456E-04    0.791389912283672E-04
    0.239112944945136E-03    0.208347917140027E-03
    0.432364678047492E-03    0.413159434819411E-03
    0.643635522781444E-03    0.705728285997007E-03
    0.863166061496066E-03    0.108776387114291E-02
    0.107974665448883E-02    0.156271770465871E-02
    0.128988981045191E-02    0.212612974267113E-02
    0.148732910434611E-02    0.277638949858492E-02
    0.167158933967352E-02    0.350595720830294E-02
    0.183982626462649E-02    0.431076067761645E-02
    0.199363264786397E-02    0.518217425499617E-02
    0.213293184623909E-02    0.611610964226742E-02
    0.226140612137898E-02    0.710463418904488E-02
    0.238154808401502E-02    0.814599706367608E-02
    0.249961144330714E-02    0.923470459185109E-02
    0.262085813829458E-02    0.103736339492645E-01
    0.275526424398035E-02    0.115612436747393E-01
    0.291204669127718E-02    0.128083302579973E-01
    0.310848822737127E-02    0.141187187340040E-01
    0.336088588786349E-02    0.155191856088916E-01
    0.369413301540217E-02    0.170315487201486E-01
    0.413872612556391E-02    0.186790936027390E-01
    0.475709720807457E-02    0.204599033497569E-01
    0.562020935983871E-02    0.225206202810576E-01
    0.686848109036715E-02    0.249807773758490E-01
    0.869522863365877E-02    0.277175111040349E-01
    0.111975649656801E-01    0.307615790746989E-01
    0.148169850801579E-01    0.343310160340890E-01
    0.205707990223691E-01    0.385496350376723E-01
    0.286071350898604E-01    0.414965094303559E-01
    0.380137598322018E-01    0.424612848861804E-01
    0.475658450308100E-01    0.410084880937885E-01
    0.552371983866201E-01    0.368890831696823E-01
    0.600358728053416E-01    0.306473354519664E-01
    0.603809096241261E-01    0.230935389478967E-01
    0.552634247204854E-01    0.152134801042965E-01
    0.439319330859462E-01    0.760802049940034E-02
    0.256542310830343E-01    0.211361157567504E-02
    0.000000000000000E+00    0.000000000000000E+00
    0.000000000000000E+00    0.000000000000000E+00
   -0.315191554377546E-04    0.284617500725928E-05
    0.159834283586634E-04    0.272727812887007E-04
    0.106309550983816E-03    0.102515685072554E-03
    0.223929390275409E-03    0.238138127958524E-03
    0.352742351890602E-03    0.446831577367806E-03
    0.487072108417367E-03    0.731958017481073E-03
    0.619329139741247E-03    0.109491854669158E-02
    0.747357641482184E-03    0.153446027520068E-02
    0.867612651804138E-03    0.204652740967825E-02
    0.979515340956741E-03    0.262768065500195E-02
    0.108182505758012E-02    0.327163365820846E-02
    0.117514577015984E-02    0.397402202192415E-02
    0.125985570120030E-02    0.472884835079037E-02
    0.133792019219132E-02    0.553215649398562E-02
    0.141116348783004E-02    0.638032211147317E-02
    0.148327958238649E-02    0.727133017538583E-02
    0.155764999304031E-02    0.820596248030862E-02
    0.164060708309778E-02    0.918564755392815E-02
    0.173781978871245E-02    0.102192980561986E-01
    0.186074279694091E-02    0.113152632052217E-01
    0.202074020735149E-02    0.124926171257036E-01
    0.223341559798326E-02    0.137750009856886E-01
    0.251580676706791E-02    0.151956105751505E-01
    0.292100055405312E-02    0.167681107923580E-01
    0.350611942355210E-02    0.186426122073652E-01
    0.436878048666252E-02    0.210297126277337E-01
    0.571320688615201E-02    0.237106757426132E-01
    0.767691098416829E-02    0.266735171836401E-01
    0.105948674128445E-01    0.308676575917596E-01
    0.158883117975120E-01    0.370767251019804E-01
    0.249797711837549E-01    0.420484272026177E-01
    0.371630097831359E-01    0.445903223076664E-01
    0.501088190867830E-01    0.442706108381367E-01
    0.607637637457380E-01    0.400677825411042E-01
    0.673266760900793E-01    0.335284600241067E-01
    0.686117172076428E-01    0.251796646388593E-01
    0.634234886922407E-01    0.165162036334230E-01
    0.509359920657292E-01    0.848129201116188E-02
    0.301673850367840E-01    0.237892288107590E-02
    0.000000000000000E+00    0.000000000000000E+00
    0.000000000000000E+00    0.000000000000000E+00
   -0.297353277916674E-04   -0.640411869259654E-05
   -0.110487444504888E-04   -0.113931232191525E-04
    0.298149923334878E-04    0.167680713592940E-04
    0.875908812781086E-04    0.887918241668711E-04
    0.149104009574238E-03    0.217905496463911E-03
    0.215146286686746E-03    0.403595696417327E-03
    0.278298205294247E-03    0.650274361958065E-03
    0.340688695686279E-03    0.953241726612166E-03
    0.397904156114017E-03    0.131262737461584E-02
    0.452091719484386E-03    0.172249043780562E-02
    0.500630345527304E-03    0.218102287161568E-02
    0.545643640819808E-03    0.268200825156243E-02
    0.585710041810023E-03    0.322368320944961E-02
    0.623281245127057E-03    0.380036726747456E-02
    0.657768646614666E-03    0.441215053709215E-02
    0.692442736711786E-03    0.505460107047012E-02
    0.727274353651582E-03    0.573179544432772E-02
    0.767433082459496E-03    0.644105828429675E-02
    0.813448956869133E-03    0.719440879762812E-02
    0.873535775008011E-03    0.799344548360988E-02
    0.948104771406016E-03    0.886048185970178E-02
    0.105008648268160E-02    0.980064343700284E-02
    0.118488249135984E-02    0.108625776179899E-01
    0.140091728506333E-02    0.120450016289386E-01
    0.171560484478710E-02    0.135034975386617E-01
    0.213948841718437E-02    0.153977941734576E-01
    0.267581002481089E-02    0.176392924215628E-01
    0.356055158956889E-02    0.198513247690277E-01
    0.521935606033571E-02    0.241189973576527E-01
    0.957128845303935E-02    0.313971774763907E-01
    0.189613404415506E-01    0.385855065625925E-01
    0.344056797460448E-01    0.448082666205951E-01
    0.528181156025530E-01    0.460035740236956E-01
    0.670639238772578E-01    0.417086672473388E-01
    0.748362674353549E-01    0.353630890956548E-01
    0.770115491755107E-01    0.268931537529512E-01
    0.722333481644501E-01    0.178197808677377E-01
    0.592707629587634E-01    0.990399654108304E-02
    0.365414102333078E-01    0.311023195077942E-02
    0.000000000000000E+00    0.000000000000000E+00
    0.000000000000000E+00    0.000000000000000E+00
   -0.107295105436724E-04   -0.107295105436722E-04
   -0.636133769152047E-05   -0.298333997641453E-04
    0.340109154343842E-05   -0.306825329544678E-04
    0.190398067221650E-04   -0.509572127681838E-05
    0.358117712544877E-04    0.516872571339519E-04
    0.538259463895225E-04    0.143098568829329E-03
    0.711226105711126E-04    0.267183251206695E-03
    0.877880383241509E-04    0.425417137285349E-03
    0.103395225501055E-03    0.613256800765395E-03
    0.117705734899988E-03    0.831442208802701E-03
    0.130900577281529E-03    0.107484315794463E-02
    0.142696168080957E-03    0.134355464176686E-02
    0.153514993744316E-03    0.163316897769554E-02
    0.163317979493000E-03    0.194342243966558E-02
    0.172512918105382E-03    0.227167509244256E-02
    0.181587070205958E-03    0.261755959051019E-02
    0.190615467741514E-03    0.298160911447145E-02
    0.201279542685173E-03    0.336364561421103E-02
    0.213328752180054E-03    0.376930074971411E-02
    0.229812747935890E-03    0.420028770210379E-02
    0.248935391017631E-03    0.466799725775995E-02
    0.276003106164085E-03    0.517136880580248E-02
    0.305588392628042E-03    0.575155092144114E-02
    0.367931991975253E-03    0.641540417786068E-02
    0.481460463511695E-03    0.721531088083305E-02
    0.615757386542517E-03    0.824015587586835E-02
    0.674046958498384E-03    0.949318622270765E-02
    0.836663158367644E-03    0.105113050253644E-01
    0.116988112254793E-02    0.134151014958042E-01
    0.327911464921536E-02    0.202126100137702E-01
    0.102471972217464E-01    0.269084602104592E-01
    0.229368164515197E-01    0.341371793703083E-01
    0.517323578504679E-01    0.453736546601450E-01
    0.730923764125718E-01    0.417017469556102E-01
    0.833005228602707E-01    0.346524053554631E-01
    0.853753437825400E-01    0.277934586011962E-01
    0.806446367869044E-01    0.193674714944572E-01
    0.669210917838958E-01    0.122481534611750E-01
    0.417723467217741E-01    0.541146204146679E-02
    0.000000000000000E+00    0.000000000000000E+00
    0.000000000000000E+00    0.000000000000000E+00
    0.000000000000000E+00    0.000000000000000E+00
    0.000000000000000E+00    0.000000000000000E+00
    0.000000000000000E+00    0.000000000000000E+00
    0.000000000000000E+00    0.000000000000000E+00
    0.000000000000000E+00    0.000000000000000E+00
    0.000000000000000E+00    0.000000000000000E+00
    0.000000000000000E+00    0.000000000000000E+00
    0.000000000000000E+00    0.000000000000000E+00
    0.000000000000000E+00    0.000000000000000E+00
    0.000000000000000E+00    0.000000000000000E+00
    0.000000000000000E+00    0.000000000000000E+00
    0.000000000000000E+00    0.000000000000000E+00
    0.000000000000000E+00    0.000000000000000E+00
    0.000000000000000E+00    0.000000000000000E+00
    0.000000000000000E+00    0.000000000000000E+00
    0.000000000000000E+00    0.000000000000000E+00
    0.000000000000000E+00    0.000000000000000E+00
    0.000000000000000E+00    0.000000000000000E+00
    0.000000000000000E+00    0.000000000000000E+00
    0.000000000000000E+00    0.000000000000000E+00
    0.000000000000000E+00    0.000000000000000E+00
    0.000000000000000E+00    0.000000000000000E+00
    0.000000000000000E+00    0.000000000000000E+00
    0.000000000000000E+00    0.000000000000000E+00
    0.000000000000000E+00    0.000000000000000E+00
    0.000000000000000E+00    0.000000000000000E+00
    0.000000000000000E+00    0.000000000000000E+00
    0.000000000000000E+00    0.000000000000000E+00
    0.000000000000000E+00    0.000000000000000E+00
    0.000000000000000E+00    0.000000000000000E+00
    0.000000000000000E+00    0.000000000000000E+00
    0.000000000000000E+00    0.000000000000000E+00
    0.534236543140200E-01    0.410011102965608E-01
    0.746205789496011E-01    0.434502599529643E-01
    0.885045840918380E-01    0.336004905352959E-01
    0.933725197936751E-01    0.271999250420588E-01
    0.885279352695770E-01    0.200436843577219E-01
    0.743347312229140E-01    0.132887004180682E-01
    0.452340917014828E-01    0.707808950518878E-02
    0.000000000000000E+00    0.000000000000000E+00
