    0.000000000000000E+00    0.000000000000000E+00
    0.437500000000000E-01    0.000000000000000E+00
    0.750000000000000E-01    0.000000000000000E+00
    0.937500000000000E-01    0.000000000000000E+00
    0.100000000000000E+00    0.000000000000000E+00
    0.937500000000000E-01    0.000000000000000E+00
    0.750000000000000E-01    0.000000000000000E+00
    0.437500000000000E-01    0.000000000000000E+00
    0.000000000000000E+00    0.000000000000000E+00
    0.000000000000000E+00    0.000000000000000E+00
    0.000000000000000E+00    0.000000000000000E+00
    0.000000000000000E+00    0.000000000000000E+00
    0.000000000000000E+00    0.000000000000000E+00
    0.000000000000000E+00    0.000000000000000E+00
    0.000000000000000E+00    0.000000000000000E+00
    0.000000000000000E+00    0.000000000000000E+00
    0.000000000000000E+00    0.000000000000000E+00
    0.000000000000000E+00    0.000000000000000E+00
    0.000000000000000E+00    0.000000000000000E+00
    0.000000000000000E+00    0.000000000000000E+00
    0.000000000000000E+00    0.000000000000000E+00
    0.000000000000000E+00    0.000000000000000E+00
    0.000000000000000E+00    0.000000000000000E+00
    0.000000000000000E+00    0.000000000000000E+00
    0.000000000000000E+00    0.000000000000000E+00
    0.000000000000000E+00    0.000000000000000E+00
    0.000000000000000E+00    0.000000000000000E+00
    0.000000000000000E+00    0.000000000000000E+00
    0.000000000000000E+00    0.000000000000000E+00
    0.000000000000000E+00    0.000000000000000E+00
    0.000000000000000E+00    0.000000000000000E+00
    0.000000000000000E+00    0.000000000000000E+00
    0.000000000000000E+00    0.000000000000000E+00
    0.000000000000000E+00    0.000000000000000E+00
    0.000000000000000E+00    0.000000000000000E+00
    0.000000000000000E+00    0.000000000000000E+00
    0.000000000000000E+00    0.000000000000000E+00
    0.000000000000000E+00    0.000000000000000E+00
    0.000000000000000E+00    0.000000000000000E+00
    0.000000000000000E+00    0.000000000000000E+00
    0.000000000000000E+00    0.000000000000000E+00
    0.000000000000000E+00    0.000000000000000E+00
    0.429362593382479E-01    0.838637503815207E-03
    0.733257707235640E-01    0.354131630055582E-02
    0.917388723879895E-01    0.699455358662086E-02
    0.978761047722838E-01    0.109672180968468E-01
    0.910734714378963E-01    0.159141787637142E-01
    0.726397284428755E-01    0.184432184842439E-01
    0.428105420066464E-01    0.217273288666132E-01
    0.118740085542849E-01    0.177789593058132E-01
    0.177300631972711E-02    0.552917902355965E-02
    0.285242477116316E-03    0.123252721877614E-02
    0.192639084430590E-04    0.168023042710980E-02
    0.231259596351263E-03    0.105295184669200E-02
    0.147617214835528E-03    0.785570777423946E-03
    0.300887916379392E-04    0.618532243948786E-03
   -0.957507366865554E-06    0.515532760840486E-03
    0.100282449159590E-04    0.437462457171195E-03
    0.143785089848191E-04    0.406497188654076E-03
    0.177082933705038E-04    0.353741397416211E-03
    0.185105259485050E-04    0.306587142888679E-03
    0.189771255401712E-04    0.257138664937636E-03
    0.198351051534959E-04    0.211237220430096E-03
    0.203332295659720E-04    0.163559178168842E-03
    0.202122040062754E-04    0.118831461090501E-03
    0.192720089023700E-04    0.750557047129360E-04
    0.179463054062108E-04    0.349436782852849E-04
    0.159556796798624E-04   -0.172546327109741E-05
    0.136574255582834E-04   -0.334247122940053E-04
    0.108841987606290E-04   -0.599447676436029E-04
    0.789094295054805E-05   -0.804345764567879E-04
    0.468538205281429E-05   -0.946896329992202E-04
    0.138258960095244E-05   -0.102370702527066E-03
   -0.178993191120205E-05   -0.103650376625309E-03
   -0.486202827236316E-05   -0.986201583748202E-04
   -0.737019574928885E-05   -0.881208818255317E-04
   -0.958110408739524E-05   -0.726559991563642E-04
   -0.105482324049471E-04   -0.545823547075280E-04
   -0.105536991175809E-04   -0.345977221372886E-04
   -0.825743859541951E-05   -0.166684253233053E-04
   -0.373699801307363E-05   -0.373699801307359E-05
    0.000000000000000E+00    0.000000000000000E+00
    0.000000000000000E+00    0.000000000000000E+00
    0.401837868573811E-01    0.173325654698073E-02
    0.690098795277461E-01    0.616017904391678E-02
    0.863415089475377E-01    0.122183747005470E-01
    0.921517214550520E-01    0.188036297123608E-01
    0.862898210650565E-01    0.255112169572466E-01
    0.696031730295068E-01    0.293176711716465E-01
    0.469376387452373E-01    0.298216641798923E-01
    0.231762331918369E-01    0.250576499508173E-01
    0.816301649514729E-02    0.149038188326514E-01
    0.322374956796481E-02    0.863820843634088E-02
    0.166576878613119E-02    0.669970386853902E-02
    0.108237862369517E-02    0.466772830967278E-02
    0.699678936447961E-03    0.322443455073604E-02
    0.391836138436063E-03    0.246539526103356E-02
    0.244270512616514E-03    0.201729846243377E-02
    0.184536154050675E-03    0.167156431456282E-02
    0.159279140491527E-03    0.140914692045625E-02
    0.139119655606421E-03    0.118985016496875E-02
    0.128207156569643E-03    0.999123489190689E-03
    0.118116442190575E-03    0.836157729979798E-03
    0.112629527045030E-03    0.689063156974837E-03
    0.105955780968782E-03    0.555814641010657E-03
    0.100195464503784E-03    0.432853178258706E-03
    0.921808498053744E-04    0.321833292692670E-03
    0.839664235720163E-04    0.221031556634692E-03
    0.737886273405331E-04    0.132241291491011E-03
    0.630726046275831E-04    0.549463240000630E-04
    0.509703045481627E-04   -0.961130674573573E-05
    0.384379634883141E-04   -0.614172461365502E-04
    0.253429896123482E-04   -0.100068393003134E-03
    0.122525730392343E-04   -0.125496739318325E-03
   -0.362531156979785E-06   -0.138362476274358E-03
   -0.122207364582158E-04   -0.138922537675297E-03
   -0.222651206380685E-04   -0.129050849287830E-03
   -0.303191624781204E-04   -0.109881066731307E-03
   -0.346821846752713E-04   -0.847790820764355E-04
   -0.347409383884222E-04   -0.563497523336556E-04
   -0.287460328883039E-04   -0.287470663352904E-04
   -0.167235751260385E-04   -0.828605324169848E-05
    0.000000000000000E+00    0.000000000000000E+00
    0.000000000000000E+00    0.000000000000000E+00
    0.365055701166094E-01    0.229713567463244E-02
    0.630163718825308E-01    0.773595626689004E-02
    0.791282734543965E-01    0.151010504470220E-01
    0.848816961343846E-01    0.225314546134457E-01
    0.799195236534372E-01    0.299221337648709E-01
    0.665280769868782E-01    0.338827902615036E-01
    0.481518146407268E-01    0.341137773064415E-01
    0.295015768034984E-01    0.304042729583008E-01
    0.164052756134747E-01    0.223796765911788E-01
    0.926250256428659E-02    0.160441020870912E-01
    0.529391215951644E-02    0.122897564047675E-01
    0.304336047494361E-02    0.921233500570740E-02
    0.184095430141388E-02    0.677729008677001E-02
    0.120311595667831E-02    0.525263193045578E-02
    0.841441355624144E-03    0.430280641919015E-02
    0.657333515591948E-03    0.351249666368913E-02
    0.526288992336656E-03    0.292219347096685E-02
    0.440472610921454E-03    0.243843781644867E-02
    0.381947439694123E-03    0.204624662196122E-02
    0.343096837090906E-03    0.170757523759277E-02
    0.311771686012785E-03    0.141992458517969E-02
    0.286098668397861E-03    0.116212663633523E-02
    0.261603872323333E-03    0.935803803112935E-03
    0.237706466074046E-03    0.732652569083647E-03
    0.212864807994209E-03    0.554057971026443E-03
    0.187016288259954E-03    0.396188347333709E-03
    0.159671493828280E-03    0.260529294088071E-03
    0.131257711538866E-03    0.145216354703413E-03
    0.101862336731628E-03    0.512859774073146E-04
    0.722956552276631E-04   -0.225963402900883E-04
    0.429088890939813E-04   -0.760814621352683E-04
    0.149058064132584E-04   -0.110855261635174E-03
   -0.111654460116693E-04   -0.127456447893121E-03
   -0.336022195367385E-04   -0.128522864623315E-03
   -0.515151694168522E-04   -0.115770232017621E-03
   -0.624916143366283E-04   -0.932802950590031E-04
   -0.648856315265191E-04   -0.644456143440535E-04
   -0.561321928750105E-04   -0.344267033710713E-04
   -0.345417945628587E-04   -0.105508418560509E-04
    0.000000000000000E+00    0.000000000000000E+00
    0.000000000000000E+00    0.000000000000000E+00
    0.322762335397203E-01    0.238211240461240E-02
    0.561994778560499E-01    0.818983702053229E-02
    0.713009261180149E-01    0.159167379406891E-01
    0.771228136591728E-01    0.237916507084512E-01
    0.743480456586797E-01    0.307727445800699E-01
    0.640150299592187E-01    0.349622258086093E-01
    0.498106245685991E-01    0.356254758250530E-01
    0.349632414931572E-01    0.329871820888361E-01
    0.225390706260928E-01    0.277237310978287E-01
    0.145625146596157E-01    0.221367285316505E-01
    0.936661245132916E-02    0.174329914238154E-01
    0.595614198475370E-02    0.136413576732500E-01
    0.393866610610541E-02    0.106638733264208E-01
    0.273966835054356E-02    0.852755299365922E-02
    0.199615002679614E-02    0.703870100059541E-02
    0.153825601181353E-02    0.579160081424527E-02
    0.122716897856297E-02    0.480481607301654E-02
    0.101058034189362E-02    0.401587446987979E-02
    0.858539379791790E-03    0.337643082182523E-02
    0.749169842121637E-03    0.283204462904686E-02
    0.664653410176966E-03    0.236801760553258E-02
    0.595260894429259E-03    0.196264188415024E-02
    0.534706863477604E-03    0.160842294141709E-02
    0.478646846234344E-03    0.129631658994631E-02
    0.424836427165420E-03    0.102249362725837E-02
    0.371429302117350E-03    0.782645574950553E-03
    0.317873086438635E-03    0.575299753194165E-03
    0.263834642131104E-03    0.398365442154388E-03
    0.209645191735932E-03    0.251143320723439E-03
    0.155962646493488E-03    0.131994664081120E-03
    0.103562708604235E-03    0.402218282801233E-04
    0.538633492417859E-04   -0.262307034330162E-04
    0.801671703368924E-05   -0.686562682298689E-04
   -0.318230934011069E-04   -0.900376536169550E-04
   -0.639022767222754E-04   -0.928202606136171E-04
   -0.852024208032194E-04   -0.812269747854649E-04
   -0.931066566024058E-04   -0.594725182469584E-04
   -0.837820006042716E-04   -0.331798589788740E-04
   -0.543199267711427E-04   -0.102235189462356E-04
    0.000000000000000E+00    0.000000000000000E+00
    0.000000000000000E+00    0.000000000000000E+00
    0.278028735762592E-01    0.227310182457481E-02
    0.492061408314337E-01    0.780084082993375E-02
    0.631472413335761E-01    0.153713619581528E-01
    0.694760757652478E-01    0.229468859162379E-01
    0.683831095143502E-01    0.297838579441914E-01
    0.613134217200648E-01    0.341745068086170E-01
    0.505711323966162E-01    0.355852441106975E-01
    0.386789937094311E-01    0.342516058582893E-01
    0.278997294907645E-01    0.305944002182091E-01
    0.194673462836326E-01    0.261077357888381E-01
    0.134868561771890E-01    0.215280212442497E-01
    0.932901127908362E-02    0.176485883073350E-01
    0.661821162369386E-02    0.143908527076120E-01
    0.487006907436929E-02    0.118089202425842E-01
    0.365745335379679E-02    0.985851767579743E-02
    0.282794356652659E-02    0.822514776907193E-02
    0.225343515557310E-02    0.688350422729747E-02
    0.185348952736915E-02    0.579336036814207E-02
    0.156332889568729E-02    0.490074440456897E-02
    0.135063380283410E-02    0.413513476366993E-02
    0.118237646870994E-02    0.348400425802537E-02
    0.104654880788439E-02    0.291618457669018E-02
    0.929697379606408E-03    0.242340876419966E-02
    0.826172808050233E-03    0.198916611019588E-02
    0.729259887130323E-03    0.161013614737856E-02
    0.637037418187911E-03    0.127702583551519E-02
    0.546685853239005E-03    0.988777604315645E-03
    0.458224971178985E-03    0.740126191652620E-03
    0.370892744887447E-03    0.530632047655566E-03
    0.285882520931138E-03    0.356639972501317E-03
    0.203603420162305E-03    0.217575563866816E-03
    0.126115995880916E-03    0.110117499439664E-03
    0.546944163656377E-04    0.329980143306111E-04
   -0.775439326672586E-05   -0.175701103340943E-04
   -0.590010661108451E-04   -0.440179288043450E-04
   -0.951019883912523E-04   -0.511098189438630E-04
   -0.112545576404384E-03   -0.431501670693624E-04
   -0.106197802360678E-03   -0.264268664192383E-04
   -0.710625739557497E-04   -0.869254791839972E-05
    0.000000000000000E+00    0.000000000000000E+00
    0.000000000000000E+00    0.000000000000000E+00
    0.238436269417045E-01    0.201723261932498E-02
    0.426722620272809E-01    0.711271576974569E-02
    0.556592428677257E-01    0.140306247016093E-01
    0.621869815249142E-01    0.212157911588532E-01
    0.627486036647992E-01    0.276611922677224E-01
    0.581310880444250E-01    0.321788562287282E-01
    0.501718799960275E-01    0.343265628533103E-01
    0.408083871019284E-01    0.340175536007770E-01
    0.315483007925403E-01    0.317129151461944E-01
    0.236488187401005E-01    0.283267510120599E-01
    0.174505698478392E-01    0.244235833609406E-01
    0.128523357949489E-01    0.208028503391315E-01
    0.955562568823381E-02    0.176049779283894E-01
    0.726975031426988E-02    0.148275163277852E-01
    0.563062620111318E-02    0.125429335623117E-01
    0.444052736166069E-02    0.106104444764469E-01
    0.358623012068248E-02    0.899601697156130E-02
    0.296517237431584E-02    0.764819107091166E-02
    0.250384971542470E-02    0.652299428025024E-02
    0.215369793560266E-02    0.554942408190985E-02
    0.187696239852421E-02    0.471259737621689E-02
    0.165112779727144E-02    0.398312857009360E-02
    0.145945708326765E-02    0.334778679400935E-02
    0.129105705790440E-02    0.278802116067082E-02
    0.113739517697730E-02    0.229724737328661E-02
    0.993631139093140E-03    0.186536003020733E-02
    0.856190218184684E-03    0.148881058214878E-02
    0.723625884837790E-03    0.116172824295593E-02
    0.595025373141994E-03    0.882018643506594E-03
    0.470951567089520E-03    0.645632810167416E-03
    0.352058885998640E-03    0.450960340467992E-03
    0.240267698891568E-03    0.294485098425324E-03
    0.137387068520624E-03    0.174330095686942E-03
    0.465126230438647E-04    0.866823557061682E-04
   -0.293443248126450E-04    0.288026377730399E-04
   -0.856938158913280E-04   -0.401127935602177E-05
   -0.117970338907924E-03   -0.161569287004960E-04
   -0.119693853493792E-03   -0.140660790668173E-04
   -0.837731136626400E-04   -0.529198570286330E-05
    0.000000000000000E+00    0.000000000000000E+00
    0.000000000000000E+00    0.000000000000000E+00
    0.202302252035930E-01    0.173418207094740E-02
    0.368185044584759E-01    0.617065030215343E-02
    0.486885812436335E-01    0.124008046463649E-01
    0.554726837820979E-01    0.189326561523552E-01
    0.571932368905836E-01    0.250389671349616E-01
    0.546340982937281E-01    0.295997472532935E-01
    0.489437751305361E-01    0.322618645676755E-01
    0.416014475152878E-01    0.328765436747413E-01
    0.339260076090326E-01    0.316344316744995E-01
    0.268380852173711E-01    0.292822190271476E-01
    0.209329612829045E-01    0.261851674699224E-01
    0.162197424525526E-01    0.230337966675512E-01
    0.125920953721627E-01    0.200490014615926E-01
    0.985614360087230E-02    0.173130428933863E-01
    0.781224676336042E-02    0.148993296588109E-01
    0.628445025766058E-02    0.128126322026496E-01
    0.515026592038420E-02    0.110133424382550E-01
    0.430261549134340E-02    0.946892341289609E-02
    0.364984433529384E-02    0.815097078324126E-02
    0.314220234554573E-02    0.699927058827676E-02
    0.273547600810238E-02    0.599701558931976E-02
    0.240270185579795E-02    0.511754131683310E-02
    0.211981028465136E-02    0.434669473919939E-02
    0.187327063868589E-02    0.366386597721842E-02
    0.165017895032680E-02    0.306224207065938E-02
    0.144454648263575E-02    0.252957333514171E-02
    0.125030620068699E-02    0.206202036187406E-02
    0.106556529597791E-02    0.165181365684742E-02
    0.887992254691735E-03    0.129684364595834E-02
    0.718206766598776E-03    0.991681316944143E-03
    0.556180668446893E-03    0.734878755108507E-03
    0.404206109083565E-03    0.522050046159091E-03
    0.263887112845145E-03    0.351650233249257E-03
    0.138950672392009E-03    0.219408676538189E-03
    0.325902394109539E-04    0.123064936214274E-03
   -0.497634962462221E-04    0.577321000011738E-04
   -0.102829176362477E-03    0.195810398112230E-04
   -0.118631827160317E-03    0.209538824367146E-05
   -0.885354188140724E-04   -0.122264600645134E-05
    0.000000000000000E+00    0.000000000000000E+00
    0.000000000000000E+00    0.000000000000000E+00
    0.172038758780450E-01    0.147161048640651E-02
    0.316564566890238E-01    0.531917639575197E-02
    0.425439171205663E-01    0.107250343254164E-01
    0.492564822896334E-01    0.166127195385350E-01
    0.519206738009929E-01    0.222221058705550E-01
    0.508885595793167E-01    0.267061914187953E-01
    0.470877566482060E-01    0.296871481747544E-01
    0.415586945523226E-01    0.309670775911931E-01
    0.353060146990279E-01    0.306662986258338E-01
    0.292081461278335E-01    0.292276686762050E-01
    0.237140777680220E-01    0.269884784236029E-01
    0.191170564923264E-01    0.244139559741917E-01
    0.153606637563396E-01    0.217652719725800E-01
    0.123803229799618E-01    0.192084547640268E-01
    0.100590147301855E-01    0.168383105458179E-01
    0.825749354360414E-02    0.147142800920738E-01
    0.686943150354516E-02    0.128363118618560E-01
    0.579786528833115E-02    0.111711442522225E-01
    0.495580752685265E-02    0.971405018183491E-02
    0.428474780837483E-02    0.842353478068501E-02
    0.374034402291669E-02    0.728693787240737E-02
    0.328913112670320E-02    0.627881028714416E-02
    0.290479258961153E-02    0.538708491976876E-02
    0.256909235047179E-02    0.459120590054414E-02
    0.226753256305210E-02    0.388425043818735E-02
    0.199099126996498E-02    0.325391316330400E-02
    0.173242771593153E-02    0.269553277047901E-02
    0.148809546756741E-02    0.220097909862148E-02
    0.125524586817187E-02    0.176744480148959E-02
    0.103341915138584E-02    0.138939936620888E-02
    0.822608925820569E-03    0.106496964440305E-02
    0.624532311861007E-03    0.789926283470401E-03
    0.441171123596939E-03    0.562643012207654E-03
    0.276053825206822E-03    0.379260764730028E-03
    0.133111532690167E-03    0.237747453379761E-03
    0.179888485165434E-04    0.133818010937851E-03
   -0.628012926889220E-04    0.641098848789441E-04
   -0.100490269944768E-03    0.228625168211062E-04
   -0.842563205509260E-04    0.431304939125290E-05
    0.000000000000000E+00    0.000000000000000E+00
    0.000000000000000E+00    0.000000000000000E+00
    0.146096091518580E-01    0.122036049679122E-02
    0.272526257841370E-01    0.446371924154396E-02
    0.370832329382729E-01    0.915306600232054E-02
    0.436857364368047E-01    0.143497787032307E-01
    0.469145763228084E-01    0.194911421924682E-01
    0.470946900042647E-01    0.238017974195311E-01
    0.447812196714044E-01    0.269615117339476E-01
    0.407767954938301E-01    0.287332563478839E-01
    0.358708911861347E-01    0.291408048747494E-01
    0.307333373929254E-01    0.284779267967451E-01
    0.258626599335108E-01    0.269774446963300E-01
    0.215126790386166E-01    0.250092944362094E-01
    0.178109676628570E-01    0.227873260590693E-01
    0.147348274280705E-01    0.205282441175350E-01
    0.122514308139755E-01    0.183234548960701E-01
    0.102584367309986E-01    0.162701408839069E-01
    0.866733143334993E-02    0.143931912895194E-01
    0.739690372016032E-02    0.126864418550996E-01
    0.637486914426750E-02    0.111520641977257E-01
    0.554515293609249E-02    0.977366518780687E-02
    0.486191224095715E-02    0.853900682479850E-02
    0.428979615850109E-02    0.743076046914435E-02
    0.379846998044887E-02    0.643846792951959E-02
    0.336828358688367E-02    0.554497116606011E-02
    0.298201675494719E-02    0.474327446156418E-02
    0.262927699467423E-02    0.402211170473845E-02
    0.230081822263862E-02    0.337673147558193E-02
    0.199214375946193E-02    0.279895543992533E-02
    0.169901862284550E-02    0.228612357832550E-02
    0.142069687967032E-02    0.183250188526621E-02
    0.115621840527368E-02    0.143664221770855E-02
    0.907375827737492E-03    0.109426456694135E-02
    0.675591329920946E-03    0.804508775989317E-03
    0.464839033639855E-03    0.563728008783879E-03
    0.278879528971805E-03    0.370971429991759E-03
    0.124260577050896E-03    0.222400246193813E-03
    0.781331701322880E-05    0.116009599631155E-03
   -0.601673766073533E-04    0.466721505862301E-04
   -0.681294865657636E-04    0.104238843402821E-04
    0.000000000000000E+00    0.000000000000000E+00
    0.000000000000000E+00    0.000000000000000E+00
    0.124630091476844E-01    0.101986666358463E-02
    0.234694683796965E-01    0.376850536477704E-02
    0.323785043671926E-01    0.775714037471469E-02
    0.386822592929893E-01    0.123245067704089E-01
    0.423094967763506E-01    0.169404925059027E-01
    0.433398951505843E-01    0.210102444885371E-01
    0.422138175059629E-01    0.242106456904916E-01
    0.394786299884569E-01    0.262966425027591E-01
    0.357254859517014E-01    0.272538445923379E-01
    0.315437369906338E-01    0.272198828014124E-01
    0.273224990783052E-01    0.263721930980395E-01
    0.233831692514631E-01    0.249809205301102E-01
    0.198648819486352E-01    0.232279467606794E-01
    0.168344219521285E-01    0.213222685549038E-01
    0.142848754934720E-01    0.193707432270912E-01
    0.121766947363563E-01    0.174681773793399E-01
    0.104411783787902E-01    0.156669008451801E-01
    0.901723578133689E-02    0.139831722764065E-01
    0.784644692831273E-02    0.124332544295320E-01
    0.687635927449603E-02    0.110138993318071E-01
    0.606481871755248E-02    0.972284531011164E-02
    0.537599703075258E-02    0.854570561556164E-02
    0.478021065636488E-02    0.747798033258327E-02
    0.425522985269802E-02    0.650547458728978E-02
    0.378352356048944E-02    0.562342957718230E-02
    0.335242082846205E-02    0.482137000516499E-02
    0.295212841628181E-02    0.409555564925390E-02
    0.257634864117577E-02    0.343819671903883E-02
    0.222048683745598E-02    0.284712069951635E-02
    0.188242459789884E-02    0.231706000564607E-02
    0.156111032353505E-02    0.184702795227225E-02
    0.125731952713794E-02    0.143344844783552E-02
    0.972722749476349E-03    0.107615555613750E-02
    0.710609763371877E-03    0.772552776763176E-03
    0.475440141380791E-03    0.522665281509516E-03
    0.273493361654066E-03    0.324030604365385E-03
    0.112888456187363E-03    0.175852292511119E-03
    0.416097628476430E-05    0.746597586760784E-04
   -0.391107590722127E-04    0.178559314657453E-04
    0.000000000000000E+00    0.000000000000000E+00
    0.000000000000000E+00    0.000000000000000E+00
    0.106656675125101E-01    0.838053258461779E-03
    0.202975102435710E-01    0.313522423984953E-02
    0.282942832004257E-01    0.654642932051241E-02
    0.342897793887169E-01    0.105203078755067E-01
    0.380814507607104E-01    0.146610756738931E-01
    0.397468789925649E-01    0.184427406441667E-01
    0.395159619518274E-01    0.215980467566465E-01
    0.378069704022286E-01    0.238695423484161E-01
    0.350624125788750E-01    0.252055839202949E-01
    0.317346702040392E-01    0.256666792839646E-01
    0.282000548250652E-01    0.253588463226341E-01
    0.247257855390401E-01    0.244882323344832E-01
    0.215064797920842E-01    0.231955216445309E-01
    0.186194406362712E-01    0.216668352992931E-01
    0.161092081400489E-01    0.200063325264802E-01
    0.139584554804302E-01    0.183144890462244E-01
    0.121405222721235E-01    0.166487542411149E-01
    0.106091126697726E-01    0.150498668935888E-01
    0.932364279885473E-02    0.135378047839867E-01
    0.823866723391361E-02    0.121254588811763E-01
    0.731572830323339E-02    0.108157715461292E-01
    0.652176891718825E-02    0.960359710998828E-02
    0.582830469575042E-02    0.848681592611207E-02
    0.521354659829887E-02    0.745735572093772E-02
    0.465904587212987E-02    0.651126163609381E-02
    0.415168369185366E-02    0.564091920014114E-02
    0.368021748298621E-02    0.484323712529393E-02
    0.323785959454879E-02    0.411188879798262E-02
    0.281867852785469E-02    0.344531835695842E-02
    0.242016199267586E-02    0.283918662723322E-02
    0.204006861258108E-02    0.229343483016949E-02
    0.167902077724371E-02    0.180536369269507E-02
    0.133772557679531E-02    0.137619959996242E-02
    0.101971686314245E-02    0.100441181490167E-02
    0.728827329272170E-03    0.691907973633939E-03
    0.472162695434418E-03    0.437507533864273E-03
    0.257689497305069E-03    0.242707911585288E-03
    0.974808252487001E-04    0.105475405380300E-03
    0.532791916637647E-05    0.257950693528504E-04
    0.000000000000000E+00    0.000000000000000E+00
    0.000000000000000E+00    0.000000000000000E+00
    0.917357946476040E-02    0.700818078898972E-03
    0.175942616319695E-01    0.263805453528578E-02
    0.247980616888391E-01    0.552943697651805E-02
    0.304011105404726E-01    0.898532720066386E-02
    0.342609798895946E-01    0.126551738202397E-01
    0.363313424487991E-01    0.161324304859596E-01
    0.367925324217197E-01    0.191625109123858E-01
    0.359063908598680E-01    0.215122410022664E-01
    0.340109876319392E-01    0.231040005726106E-01
    0.314691812525259E-01    0.239387497583247E-01
    0.285786231844060E-01    0.240793949820724E-01
    0.256101359657434E-01    0.236635128258155E-01
    0.227293060025334E-01    0.228044608529623E-01
    0.200628516324710E-01    0.216503022860714E-01
    0.176590053494439E-01    0.202999920064699E-01
    0.155422962214187E-01    0.188512465341469E-01
    0.137025639937948E-01    0.173657081188624E-01
    0.121168181129167E-01    0.158945678133543E-01
    0.107557940819201E-01    0.144670850107379E-01
    0.958605134906921E-02    0.131016905801689E-01
    0.857510829169289E-02    0.118105095933671E-01
    0.769369317549851E-02    0.105940812943294E-01
    0.691651024484280E-02    0.945576540305259E-02
    0.622198916608400E-02    0.839097061830533E-02
    0.559279073107786E-02    0.739908227999691E-02
    0.501483094781280E-02    0.647403999365051E-02
    0.447710086307452E-02    0.561482805188737E-02
    0.397134984295683E-02    0.481631260881420E-02
    0.349155030220469E-02    0.407832047888613E-02
    0.303364163886401E-02    0.339758405631598E-02
    0.259525588701468E-02    0.277536649506784E-02
    0.217551771318341E-02    0.221032663227871E-02
    0.177524965888172E-02    0.170525987532309E-02
    0.139669127609570E-02    0.126046950724109E-02
    0.104430117009832E-02    0.879771361982201E-03
    0.724327552191548E-03    0.564303617552985E-03
    0.446079391617579E-03    0.317711865611090E-03
    0.221429775899888E-03    0.140612894474039E-03
    0.662642829173531E-04    0.350923196435864E-04
    0.000000000000000E+00    0.000000000000000E+00
    0.000000000000000E+00    0.000000000000000E+00
    0.793049798328684E-02    0.578739696383501E-03
    0.153305020415163E-01    0.220337978287992E-02
    0.217877230824768E-01    0.467228414824313E-02
    0.270148222657871E-01    0.766726737815167E-02
    0.308159875543015E-01    0.109238740211156E-01
    0.331601006010819E-01    0.140934892255008E-01
    0.341148617615668E-01    0.169664478006571E-01
    0.338790243754686E-01    0.193196146966166E-01
    0.326900006619529E-01    0.210669453599571E-01
    0.308274617022498E-01    0.221723608301641E-01
    0.285472527028786E-01    0.226634953132192E-01
    0.260694073317887E-01    0.226292577995605E-01
    0.235699609602231E-01    0.221528877138406E-01
    0.211629001463620E-01    0.213524588175634E-01
    0.189297139109289E-01    0.203118818236055E-01
    0.169017395186432E-01    0.191237663192055E-01
    0.150971479027347E-01    0.178464761453831E-01
    0.135040646654101E-01    0.165368386811775E-01
    0.121089820147066E-01    0.152276145445973E-01
    0.108867665691020E-01    0.139446701441740E-01
    0.981416561023158E-02    0.127038233048817E-01
    0.886651647380990E-02    0.115134493011844E-01
    0.802239273929291E-02    0.103791178393557E-01
    0.726227806954548E-02    0.930149195019396E-02
    0.656945117234303E-02    0.828168126805760E-02
    0.593054767618910E-02    0.731677470593102E-02
    0.533399819469291E-02    0.640700293234812E-02
    0.477152690799662E-02    0.554933884087101E-02
    0.423589772841915E-02    0.474478647374810E-02
    0.372266981640672E-02    0.399169059306569E-02
    0.322798401970449E-02    0.329286273972092E-02
    0.275058287315173E-02    0.264861391240791E-02
    0.228978125513169E-02    0.206390393571310E-02
    0.184779219840667E-02    0.154098122720605E-02
    0.142783122477110E-02    0.108655339517645E-02
    0.103685790037350E-02    0.703999687024534E-03
    0.683529958041198E-03    0.400445781560252E-03
    0.381395402243933E-03    0.178866159793508E-03
    0.146369455092340E-03    0.449614638952066E-04
    0.000000000000000E+00    0.000000000000000E+00
    0.000000000000000E+00    0.000000000000000E+00
    0.688694009846039E-02    0.488218021153343E-03
    0.133968952509446E-01    0.186494932371546E-02
    0.192049672787749E-01    0.396789262450241E-02
    0.240333830723205E-01    0.656982600204404E-02
    0.277343447414622E-01    0.944334845892447E-02
    0.302184616833304E-01    0.123186798861896E-01
    0.315383922017489E-01    0.150042976960665E-01
    0.318022153172263E-01    0.173079593458760E-01
    0.311911149956907E-01    0.191354416800391E-01
    0.299165320439807E-01    0.204291089458558E-01
    0.281781174673859E-01    0.211922426160798E-01
    0.261756545056922E-01    0.214732573920221E-01
    0.240543057321635E-01    0.213307885353809E-01
    0.219415348094990E-01    0.208543325574311E-01
    0.199128975711637E-01    0.201126997713831E-01
    0.180231382304806E-01    0.191878160745200E-01
    0.162955602898054E-01    0.181341987569088E-01
    0.147387409367647E-01    0.170070716664922E-01
    0.133463875929791E-01    0.158419363872144E-01
    0.121058579547734E-01    0.146680591163039E-01
    0.110003901125757E-01    0.135051382260102E-01
    0.100112600582474E-01    0.123659432843809E-01
    0.912116879526890E-02    0.112595998838081E-01
    0.831287860604214E-02    0.101895381217910E-01
    0.757185059709234E-02    0.915970967572108E-02
    0.688476063752383E-02    0.816928379573498E-02
    0.624100340048044E-02    0.722049215420840E-02
    0.563113132796425E-02    0.631193260373262E-02
    0.504807233914707E-02    0.544631553752385E-02
    0.448556017280132E-02    0.462354885448062E-02
    0.393953624697624E-02    0.384833973394938E-02
    0.340657178486876E-02    0.312299430323845E-02
    0.288587171157062E-02    0.245486159667500E-02
    0.237748922022070E-02    0.184888000416400E-02
    0.188511662785108E-02    0.131472339002610E-02
    0.141405959014670E-02    0.859205377211957E-03
    0.974448073462310E-03    0.492767464539476E-03
    0.579233768835652E-03    0.222264891796285E-03
    0.246896736944570E-03    0.564559079225043E-04
    0.000000000000000E+00    0.000000000000000E+00
    0.000000000000000E+00    0.000000000000000E+00
    0.601244282363003E-02    0.408026646866806E-03
    0.117652387449456E-01    0.157421049774587E-02
    0.169780922551395E-01    0.338048105441995E-02
    0.214368008439244E-01    0.564283009841885E-02
    0.249769518237782E-01    0.818746601323493E-02
    0.275297086701075E-01    0.107873981965754E-01
    0.290890773274543E-01    0.132853362314339E-01
    0.297356174439409E-01    0.155063999219869E-01
    0.295861319935083E-01    0.173606786302796E-01
    0.288026975484233E-01    0.187770397135807E-01
    0.275460101254867E-01    0.197419716710881E-01
    0.259756476764192E-01    0.202757113399337E-01
    0.242293143203851E-01    0.204155883046918E-01
    0.224157523638023E-01    0.202266766577199E-01
    0.206216167169619E-01    0.197633187891121E-01
    0.188996428990110E-01    0.190939532424138E-01
    0.172887720868189E-01    0.182674163463464E-01
    0.158027441488692E-01    0.173348679743660E-01
    0.144491151682747E-01    0.163311943030420E-01
    0.132213802609779E-01    0.152875205809048E-01
    0.121118758103001E-01    0.142248048062435E-01
    0.111067087545598E-01    0.131591446763336E-01
    0.101930083679258E-01    0.121016319560942E-01
    0.935662079350474E-02    0.110584707105243E-01
    0.858469082091909E-02    0.100354110249966E-01
    0.786543234613712E-02    0.903383239888801E-02
    0.718809876453267E-02    0.805748055981940E-02
    0.654359430551389E-02    0.710666198965628E-02
    0.592349982026785E-02    0.618572622445506E-02
    0.532112117785576E-02    0.529624214060179E-02
    0.473035227948452E-02    0.444505474248006E-02
    0.414700762755249E-02    0.363654678969471E-02
    0.356792310344594E-02    0.288108787802053E-02
    0.299267182172842E-02    0.218632729445888E-02
    0.242277034635258E-02    0.156607038346991E-02
    0.186402846655016E-02    0.103040050845823E-02
    0.132527448870258E-02    0.594815226973980E-03
    0.821464357492257E-03    0.269605449271059E-03
    0.371173891210084E-03    0.686974506112266E-04
    0.000000000000000E+00    0.000000000000000E+00
    0.000000000000000E+00    0.000000000000000E+00
    0.526758237481433E-02    0.348711524610587E-03
    0.103602049391636E-01    0.134753128321082E-02
    0.150524717755468E-01    0.290191533019262E-02
    0.191466761772003E-01    0.487848580489227E-02
    0.225142063591524E-01    0.713006660702662E-02
    0.250617038192910E-01    0.947975984011422E-02
    0.267830653316806E-01    0.117881608426789E-01
    0.277086276735013E-01    0.139074739940124E-01
    0.279268289924733E-01    0.157491176021176E-01
    0.275521312517856E-01    0.172390655129620E-01
    0.267097670310717E-01    0.183512777710976E-01
    0.255338559434988E-01    0.190859581304517E-01
    0.241362568171424E-01    0.194631494837970E-01
    0.226233611713335E-01    0.195271286864029E-01
    0.210699125715718E-01    0.193183473352636E-01
    0.195391303810438E-01    0.188920287073349E-01
    0.180684222335756E-01    0.182891757437803E-01
    0.166843212489078E-01    0.175560641965820E-01
    0.153981584073664E-01    0.167244318948934E-01
    0.142133503411775E-01    0.158256464265248E-01
    0.131270473646253E-01    0.148803384994105E-01
    0.121315861095736E-01    0.139063304043501E-01
    0.112180263930634E-01    0.129156076969546E-01
    0.103751198872842E-01    0.119164337210767E-01
    0.959268490273514E-02    0.109155722656803E-01
    0.885936754749057E-02    0.991631947100023E-02
    0.816576547356091E-02    0.892344338158715E-02
    0.750154122369947E-02    0.793889758521700E-02
    0.685851208646604E-02    0.696836600613465E-02
    0.622753149623101E-02    0.601525480350840E-02
    0.560203155737056E-02    0.508842673692239E-02
    0.497456531237377E-02    0.419476100112330E-02
    0.434140985362298E-02    0.334766216417089E-02
    0.369861614446688E-02    0.255834479580467E-02
    0.304785827821058E-02    0.184472459568073E-02
    0.239203864993959E-02    0.122165116013664E-02
    0.174165905156742E-02    0.709401579031888E-03
    0.111052368849821E-02    0.323782952864777E-03
    0.520805361587888E-03    0.831094437487246E-04
    0.000000000000000E+00    0.000000000000000E+00
    0.000000000000000E+00    0.000000000000000E+00
    0.463567384320251E-02    0.296216223454486E-03
    0.915922469886189E-02    0.115446503864145E-02
    0.133792191452148E-01    0.250439730205076E-02
    0.171392454841217E-01    0.423809695727287E-02
    0.203095180930469E-01    0.624137787860622E-02
    0.228158370036861E-01    0.836676424728528E-02
    0.246229835090079E-01    0.104994708746201E-01
    0.257516890262325E-01    0.125091553181942E-01
    0.262514346504514E-01    0.143152783596504E-01
    0.262091756675209E-01    0.158427162632401E-01
    0.257198083518836E-01    0.170589142774975E-01
    0.248893303726373E-01    0.179498031667496E-01
    0.238158095146102E-01    0.185226604943119E-01
    0.225875529422712E-01    0.188043740684477E-01
    0.212795995103300E-01    0.188238559562205E-01
    0.199482205462146E-01    0.186230285304611E-01
    0.186384783399772E-01    0.182356348495391E-01
    0.173772766566822E-01    0.177006846621830E-01
    0.161847917080912E-01    0.170467682704708E-01
    0.150680170956625E-01    0.163023477532237E-01
    0.140308840814862E-01    0.154876772400590E-01
    0.130697660075710E-01    0.146198246745869E-01
    0.121799075963951E-01    0.137116439219088E-01
    0.113532275450940E-01    0.127715558434784E-01
    0.105812731980703E-01    0.118075545326911E-01
    0.985453709829268E-02    0.108232793281383E-01
    0.916326547094707E-02    0.982494576173792E-02
    0.849759151191658E-02    0.881498631415571E-02
    0.784742785775845E-02    0.780089666391383E-02
    0.720289852460742E-02    0.678711689840219E-02
    0.655436198557048E-02    0.578508770323768E-02
    0.589291868117777E-02    0.480370895336767E-02
    0.521106407002045E-02    0.386028421268172E-02
    0.450355082029131E-02    0.296928771778153E-02
    0.376835273266669E-02    0.215427688748626E-02
    0.300843200628987E-02    0.143444588945472E-02
    0.223190293648095E-02    0.837290380518060E-03
    0.145508585168771E-02    0.383364458180338E-03
    0.700369972822587E-03    0.985829188760877E-04
    0.000000000000000E+00    0.000000000000000E+00
    0.000000000000000E+00    0.000000000000000E+00
    0.408822039705799E-02    0.257341302018652E-03
    0.811203967856607E-02    0.100339903762451E-02
    0.119146141680216E-01    0.218173974740687E-02
    0.153554918938014E-01    0.371268918756734E-02
    0.183305644429179E-01    0.550006330762413E-02
    0.207570580929817E-01    0.742780180779989E-02
    0.226053637414277E-01    0.939580843331331E-02
    0.238692207069908E-01    0.112948621128099E-01
    0.245851777862510E-01    0.130496290074277E-01
    0.248092862755497E-01    0.145892781742801E-01
    0.246150199210352E-01    0.158766493839052E-01
    0.240865893382866E-01    0.168888178895036E-01
    0.233025996365304E-01    0.176228423851083E-01
    0.223430435891065E-01    0.180923265488599E-01
    0.212709409130000E-01    0.183152325183471E-01
    0.201444077782443E-01    0.183226659621510E-01
    0.190040969082312E-01    0.181396653719661E-01
    0.178833291400933E-01    0.177991239415551E-01
    0.168028471521489E-01    0.173239686076459E-01
    0.157764431071435E-01    0.167403440781963E-01
    0.148108558601407E-01    0.160652220692332E-01
    0.139074304776858E-01    0.153156739049592E-01
    0.130646596442270E-01    0.145025856293136E-01
    0.122769676270725E-01    0.136354334164886E-01
    0.115384638601546E-01    0.127209596957554E-01
    0.108398469645087E-01    0.117640607431435E-01
    0.101727009099770E-01    0.107703255466306E-01
    0.952532845375059E-02    0.974355286528979E-02
    0.888765886575387E-02    0.869148138545833E-02
    0.824620872155310E-02    0.762034204532247E-02
    0.759028614813636E-02    0.654317315391545E-02
    0.690596770484336E-02    0.547165266059151E-02
    0.618435785032939E-02    0.442648866157452E-02
    0.541447617927587E-02    0.342657737328825E-02
    0.459380006643281E-02    0.250080046716075E-02
    0.372024798808495E-02    0.167474324298116E-02
    0.280379540167286E-02    0.982562793130781E-03
    0.185850180858767E-02    0.452612234617789E-03
    0.912095891639564E-03    0.117134358269322E-03
    0.000000000000000E+00    0.000000000000000E+00
    0.000000000000000E+00    0.000000000000000E+00
    0.361588275526183E-02    0.222954600891020E-03
    0.720183103482628E-02    0.875462118467531E-03
    0.106257655092799E-01    0.191427907411326E-02
    0.137740072827405E-01    0.327470292038754E-02
    0.165468913022951E-01    0.488077954955744E-02
    0.188772321884150E-01    0.663599780615899E-02
    0.207217921917693E-01    0.845746016798203E-02
    0.220730849561091E-01    0.102504733364798E-01
    0.229447603226513E-01    0.119480316388687E-01
    0.233785937655501E-01    0.134832709275906E-01
    0.234265883449166E-01    0.148178606882390E-01
    0.231546510290671E-01    0.159231320878979E-01
    0.226280820367670E-01    0.167890598773479E-01
    0.219121763077847E-01    0.174187589521123E-01
    0.210657623338797E-01    0.178217325924160E-01
    0.201388722510266E-01    0.180187031212048E-01
    0.191741806538265E-01    0.180279336449118E-01
    0.182027727300010E-01    0.178744174293955E-01
    0.172499893732372E-01    0.175769739834948E-01
    0.163309691108857E-01    0.171565398768033E-01
    0.154570365107075E-01    0.166282163306107E-01
    0.146323263803093E-01    0.160057855916085E-01
    0.138584471669680E-01    0.152996919971682E-01
    0.131325755512960E-01    0.145170938360476E-01
    0.124498801667972E-01    0.136651279754006E-01
    0.118028404820987E-01    0.127468227342840E-01
    0.111820285821827E-01    0.117687112460507E-01
    0.105760154141899E-01    0.107332736075088E-01
    0.997175933167686E-02    0.964984620641129E-02
    0.935438396116595E-02    0.852437141763320E-02
    0.870846075949501E-02    0.737265634804227E-02
    0.801741549909047E-02    0.620775814225523E-02
    0.726632959549779E-02    0.505511630016403E-02
    0.644147995322956E-02    0.393711757661478E-02
    0.553411538738349E-02    0.289013324549486E-02
    0.454126567339822E-02    0.194520750228838E-02
    0.346851491234399E-02    0.114674985137248E-02
    0.233302397400710E-02    0.529531143228052E-03
    0.116254359837193E-02    0.137248062005936E-03
    0.000000000000000E+00    0.000000000000000E+00
    0.000000000000000E+00    0.000000000000000E+00
    0.319869593814839E-02    0.197459380147348E-03
    0.639538821931342E-02    0.775023903865519E-03
    0.947999991456839E-02    0.169764081762161E-02
    0.123520488368415E-01    0.291645482964063E-02
    0.149299239030552E-01    0.436739361842049E-02
    0.171448759699224E-01    0.597360234343653E-02
    0.189606267100447E-01    0.766333313791621E-02
    0.203556415141584E-01    0.935736505184827E-02
    0.213387443956238E-01    0.109947699122246E-01
    0.219324919577697E-01    0.125149787220171E-01
    0.221768014404409E-01    0.138792681658769E-01
    0.221211459694860E-01    0.150563305670087E-01
    0.218176077424641E-01    0.160307992774311E-01
    0.213221978412027E-01    0.167983005716852E-01
    0.206837525026339E-01    0.173607924629255E-01
    0.199501260247152E-01    0.177310474243537E-01
    0.191586855965237E-01    0.179198720565216E-01
    0.183428519728370E-01    0.179463827491716E-01
    0.175267215418566E-01    0.178230974662124E-01
    0.167293296306732E-01    0.175677400162292E-01
    0.159633459448194E-01    0.171903198313450E-01
    0.152362689929734E-01    0.167034771004237E-01
    0.145520837690705E-01    0.161134582867595E-01
    0.139096975487372E-01    0.154274106513370E-01
    0.133064332682611E-01    0.146489278341964E-01
    0.127343421996740E-01    0.137815145487325E-01
    0.121850645456510E-01    0.128288994929864E-01
    0.116443284525813E-01    0.117943326578534E-01
    0.110985787033034E-01    0.106856015237190E-01
    0.105275776851929E-01    0.951000654837718E-02
    0.991383622115096E-02    0.828386879809913E-02
    0.923305004361279E-02    0.702300329761921E-02
    0.846750635812748E-02    0.575621664000005E-02
    0.759420877242585E-02    0.451110851368980E-02
    0.660266370226045E-02    0.333065108268762E-02
    0.548118009635208E-02    0.225430692432164E-02
    0.423717508519173E-02    0.133563917096591E-02
    0.288321109639406E-02    0.620497999974369E-03
    0.145497639071682E-02    0.161842148096350E-03
    0.000000000000000E+00    0.000000000000000E+00
    0.000000000000000E+00    0.000000000000000E+00
    0.283134013670418E-02    0.174938746783501E-03
    0.568055107971667E-02    0.690365671694709E-03
    0.845527392092230E-02    0.151830973395979E-02
    0.110723921402467E-01    0.261876262468095E-02
    0.134560140864501E-01    0.394013521441136E-02
    0.155492845772505E-01    0.541835685925113E-02
    0.173100818224456E-01    0.699361829188288E-02
    0.187191335089112E-01    0.859775948372137E-02
    0.197721253819624E-01    0.101772171172914E-01
    0.204850164265297E-01    0.116767744084650E-01
    0.208833666595013E-01    0.130590755308492E-01
    0.210056143999893E-01    0.142916956701583E-01
    0.208930360099753E-01    0.153559035950992E-01
    0.205910429661622E-01    0.162417749899244E-01
    0.201430511757138E-01    0.169456855487845E-01
    0.195896897793775E-01    0.174732549377112E-01
    0.189675721830464E-01    0.178297329147157E-01
    0.183068973827075E-01    0.180275019698511E-01
    0.176337487709722E-01    0.180747580939907E-01
    0.169671144503740E-01    0.179836481829951E-01
    0.163223915603742E-01    0.177613571846015E-01
    0.157088648075943E-01    0.174158978910830E-01
    0.151324929580617E-01    0.169519385238758E-01
    0.145944551001261E-01    0.163724493864002E-01
    0.140923886864828E-01    0.156803119138675E-01
    0.136199042265424E-01    0.148750441061090E-01
    0.131667397256112E-01    0.139603538860670E-01
    0.127184862662353E-01    0.129359257353395E-01
    0.122571216809602E-01    0.118104472711105E-01
    0.117599751330495E-01    0.105888641990819E-01
    0.112024258902460E-01    0.929005223871088E-02
    0.105556331069636E-01    0.792980521131150E-02
    0.979245171101246E-02    0.654237052644379E-02
    0.888471705966838E-02    0.515857514635000E-02
    0.781158519886929E-02    0.383117317434898E-02
    0.655856888494868E-02    0.260621608479333E-02
    0.512500749876429E-02    0.155182977983487E-02
    0.352693541139394E-02    0.722500672890943E-03
    0.179889789612385E-02    0.188771295402481E-03
    0.000000000000000E+00    0.000000000000000E+00
    0.000000000000000E+00    0.000000000000000E+00
    0.250006077704212E-02    0.158192375404603E-03
    0.503556472187047E-02    0.623571238072989E-03
    0.752820108381152E-02    0.137295521505565E-02
    0.990495083730725E-02    0.237522653388495E-02
    0.121024706517148E-01    0.358662164041579E-02
    0.140650094320113E-01    0.495547587645992E-02
    0.157570098122758E-01    0.643012136077963E-02
    0.171520714781710E-01    0.795351968092468E-02
    0.182451953314390E-01    0.947766151532412E-02
    0.190406468601482E-01    0.109536151992849E-01
    0.195578433121764E-01    0.123455409421934E-01
    0.198236676767564E-01    0.136215168181460E-01
    0.198711372368801E-01    0.147605940338162E-01
    0.197376283984385E-01    0.157491913291284E-01
    0.194592204131597E-01    0.165790518724913E-01
    0.190730306293805E-01    0.172505719381997E-01
    0.186109597722821E-01    0.177633430141072E-01
    0.181033005348282E-01    0.181250513157250E-01
    0.175743557626217E-01    0.183380699835467E-01
    0.170450845507110E-01    0.184113373068811E-01
    0.165314081052461E-01    0.183463197694507E-01
    0.160447980343968E-01    0.181492966255737E-01
    0.155929848622779E-01    0.178192384495220E-01
    0.151782413504478E-01    0.173583644919251E-01
    0.148000443077323E-01    0.167638178995667E-01
    0.144509907282966E-01    0.160347980331791E-01
    0.141215688976464E-01    0.151695845022456E-01
    0.137933899479253E-01    0.141677355815740E-01
    0.134471781269906E-01    0.130337552086305E-01
    0.130525766346180E-01    0.117730671728115E-01
    0.125814180794546E-01    0.104030537926407E-01
    0.119932100555148E-01    0.894178787257421E-02
    0.112558032397838E-01    0.742623152049451E-02
    0.103262567047917E-01    0.589305202310273E-02
    0.917976020317015E-02    0.440289853601194E-02
    0.778686437006617E-02    0.301282251443559E-02
    0.614811872666578E-02    0.180345254133176E-02
    0.427022838357028E-02    0.845157382092727E-03
    0.219925829974146E-02    0.222295946274013E-03
    0.000000000000000E+00    0.000000000000000E+00
    0.000000000000000E+00    0.000000000000000E+00
    0.220184612633911E-02    0.143397760327699E-03
    0.445190582439064E-02    0.567301500418016E-03
    0.668424546945735E-02    0.125222100175524E-02
    0.883702133403774E-02    0.217229123551434E-02
    0.108520654253565E-01    0.329162404454850E-02
    0.126824124778597E-01    0.456688709418074E-02
    0.142903445454876E-01    0.595483818551476E-02
    0.156529081148317E-01    0.740648580126945E-02
    0.167576609214184E-01    0.888002848718214E-02
    0.176066028027175E-01    0.103316220197400E-01
    0.182098243533484E-01    0.117279481646749E-01
    0.185881939989833E-01    0.130381196668935E-01
    0.187666811549555E-01    0.142401917508088E-01
    0.187757583563108E-01    0.153181982122264E-01
    0.186465122379666E-01    0.162605987056943E-01
    0.184105583644825E-01    0.170634671794074E-01
    0.180980537638322E-01    0.177222770987591E-01
    0.177362751954518E-01    0.182398029966560E-01
    0.173501473772009E-01    0.186145049100768E-01
    0.169601053871412E-01    0.188504752228559E-01
    0.165837365722183E-01    0.189459514673291E-01
    0.162338242809161E-01    0.189023992257859E-01
    0.159195012417726E-01    0.187162443936926E-01
    0.156451327427599E-01    0.183845368229293E-01
    0.154101458181662E-01    0.179023880413845E-01
    0.152086991760668E-01    0.172631686159927E-01
    0.150286745979070E-01    0.164636483499732E-01
    0.148512293555067E-01    0.154971862444477E-01
    0.146509537215907E-01    0.143677665630179E-01
    0.143937504873677E-01    0.130754400001047E-01
    0.140411132675003E-01    0.116393188904261E-01
    0.135452789474721E-01    0.100748989502375E-01
    0.128596659766675E-01    0.842506259891981E-02
    0.119322279683888E-01    0.672862967756025E-02
    0.107212917629611E-01    0.505885435866636E-02
    0.919096348268024E-02    0.348045127386329E-02
    0.732714252126417E-02    0.209477178783265E-02
    0.513957086323098E-02    0.983804948598492E-03
    0.266982884707996E-02    0.259348999139294E-03
    0.000000000000000E+00    0.000000000000000E+00
    0.000000000000000E+00    0.000000000000000E+00
    0.192753202906879E-02    0.132204298803966E-03
    0.391575934077760E-02    0.522153755665561E-03
    0.590757390270292E-02    0.115315266039507E-02
    0.784830780083258E-02    0.200430251187403E-02
    0.968843402183043E-02    0.304498172596961E-02
    0.113826986068668E-01    0.423988874274399E-02
    0.128990035996253E-01    0.555168007783746E-02
    0.142108315254604E-01    0.693942034568900E-02
    0.153070564757632E-01    0.836594063029952E-02
    0.161826380569746E-01    0.979299793038312E-02
    0.168451768739962E-01    0.111894760821506E-01
    0.173077224429681E-01    0.125264623390717E-01
    0.175906556876734E-01    0.137816231522414E-01
    0.177181989614490E-01    0.149377911562615E-01
    0.177167010583454E-01    0.159809894434078E-01
    0.176142908066595E-01    0.169043146872654E-01
    0.174376882412444E-01    0.176994704789860E-01
    0.172133788813851E-01    0.183659640736919E-01
    0.169648195865487E-01    0.188976189339191E-01
    0.167134920131026E-01    0.192959169952930E-01
    0.164774329571287E-01    0.195536782408725E-01
    0.162711569172437E-01    0.196706829372520E-01
    0.161055515286409E-01    0.196368867774228E-01
    0.159860855347803E-01    0.194482910204824E-01
    0.159141632877094E-01    0.190922879994855E-01
    0.158830041943448E-01    0.185612694752751E-01
    0.158812281208372E-01    0.178434004280466E-01
    0.158852753949163E-01    0.169307819199221E-01
    0.158677322877805E-01    0.158193530235690E-01
    0.157841900034008E-01    0.145081167255683E-01
    0.155905966523417E-01    0.130112728795300E-01
    0.152221294454961E-01    0.113453809343129E-01
    0.146239388660673E-01    0.955427586285391E-02
    0.137206702285369E-01    0.768299634373457E-02
    0.124630007042979E-01    0.581376976782515E-02
    0.107896075643510E-01    0.402568724125709E-02
    0.868571478523105E-02    0.243712268124008E-02
    0.614271713482538E-02    0.115300733685818E-02
    0.321829260487944E-02    0.306168897287255E-03
    0.000000000000000E+00    0.000000000000000E+00
    0.000000000000000E+00    0.000000000000000E+00
    0.167554088073389E-02    0.122199199249577E-03
    0.342159138499926E-02    0.483475865002271E-03
    0.518915464163447E-02    0.106907601323760E-02
    0.693056332155341E-02    0.186124728583180E-02
    0.860018604585383E-02    0.283464508305991E-02
    0.101591767761110E-01    0.395945399955439E-02
    0.115748125997580E-01    0.520454454761391E-02
    0.128242201863876E-01    0.653473003939757E-02
    0.138920501374389E-01    0.791806313204767E-02
    0.147733808377916E-01    0.932058307705817E-02
    0.154698393995063E-01    0.107141524760692E-01
    0.159917749510836E-01    0.120717250073273E-01
    0.163538448407687E-01    0.133714474839176E-01
    0.165763217837246E-01    0.145956612317986E-01
    0.166815044928314E-01    0.157289010072825E-01
    0.166939171465809E-01    0.167621416381908E-01
    0.166384673725174E-01    0.176844331286971E-01
    0.165394538460172E-01    0.184923377892053E-01
    0.164205250969778E-01    0.191765946944139E-01
    0.163028714192292E-01    0.197353167135092E-01
    0.162059712704813E-01    0.201582108445432E-01
    0.161458070464509E-01    0.204411430976580E-01
    0.161349479471458E-01    0.205708268944742E-01
    0.161813969155287E-01    0.205381457599548E-01
    0.162870594558794E-01    0.203270055069631E-01
    0.164474335237021E-01    0.199227095412332E-01
    0.166486961383025E-01    0.193096761533830E-01
    0.168671296317721E-01    0.184708376957843E-01
    0.170678124853252E-01    0.173990474259863E-01
    0.172013380685014E-01    0.160835375068323E-01
    0.172093034580937E-01    0.145383091191089E-01
    0.170157829618885E-01    0.127729965555840E-01
    0.165443717398522E-01    0.108372239585042E-01
    0.157043905521451E-01    0.877566194498574E-02
    0.144194661703422E-01    0.668680823937557E-02
    0.126153764770831E-01    0.465802684228128E-02
    0.102512724185068E-01    0.283744120925750E-02
    0.731918494895290E-02    0.134550956176939E-02
    0.386464500764994E-02    0.358358723395646E-03
    0.000000000000000E+00    0.000000000000000E+00
    0.000000000000000E+00    0.000000000000000E+00
    0.144035585248655E-02    0.114143173462530E-03
    0.296142795261226E-02    0.450818480543507E-03
    0.451945790304178E-02    0.997002737160714E-03
    0.607126792555521E-02    0.173779245606043E-02
    0.757712074264966E-02    0.265161860037818E-02
    0.899957546099915E-02    0.371414794321797E-02
    0.103105407504737E-01    0.489863913918534E-02
    0.114853670588932E-01    0.617589569289611E-02
    0.125108995392366E-01    0.751774797179573E-02
    0.133780104488025E-01    0.889501418835014E-02
    0.140879973233897E-01    0.102819099136895E-01
    0.146460320361504E-01    0.116539216608004E-01
    0.150647148838933E-01    0.129898953661969E-01
    0.153597183587620E-01    0.142724259280936E-01
    0.155507477997384E-01    0.154852902159992E-01
    0.156593610904844E-01    0.166181715446303E-01
    0.157084464644805E-01    0.176581982452896E-01
    0.157213175458367E-01    0.186000689124804E-01
    0.157209414595399E-01    0.194316397272965E-01
    0.157293928936209E-01    0.201493681832857E-01
    0.157671447193487E-01    0.207387918045067E-01
    0.158522046633421E-01    0.211947294785835E-01
    0.159996270274310E-01    0.214976182754120E-01
    0.162195490191554E-01    0.216376202889283E-01
    0.165168818499943E-01    0.215894256437644E-01
    0.168876944431318E-01    0.213371616621473E-01
    0.173197895077352E-01    0.208527356815797E-01
    0.177853886989200E-01    0.201166047459080E-01
    0.182472800917335E-01    0.191076706033739E-01
    0.186434084681260E-01    0.178117829062779E-01
    0.189074518380952E-01    0.162318356099318E-01
    0.189387660776726E-01    0.143763048391897E-01
    0.186480674564980E-01    0.122918669353172E-01
    0.179081959065148E-01    0.100292726894126E-01
    0.166292002647576E-01    0.769675352214123E-02
    0.146946792915285E-01    0.540040917072578E-02
    0.120587834490045E-01    0.331134607105469E-02
    0.867861124335182E-02    0.158349168993289E-02
    0.462109104655291E-02    0.425140397259574E-03
    0.000000000000000E+00    0.000000000000000E+00
    0.000000000000000E+00    0.000000000000000E+00
    0.122136969222614E-02    0.106628269889977E-03
    0.253242604183891E-02    0.421170873767517E-03
    0.389381962717736E-02    0.931968480963096E-03
    0.526654175446468E-02    0.162608679732514E-02
    0.661322019765155E-02    0.248598101987936E-02
    0.790114527153416E-02    0.349106169205824E-02
    0.910208589360678E-02    0.461948753681583E-02
    0.101948908197998E-01    0.584621495847795E-02
    0.111639907460426E-01    0.714750423421484E-02
    0.120016503125306E-01    0.849764754737413E-02
    0.127053631097036E-01    0.987389253596244E-02
    0.132796855387461E-01    0.112538294932398E-01
    0.137332086679898E-01    0.126176462590815E-01
    0.140797911205209E-01    0.139485845107799E-01
    0.143360005116410E-01    0.152302501330074E-01
    0.145214144785722E-01    0.164519111375559E-01
    0.146573494786566E-01    0.175994177844056E-01
    0.147659379516197E-01    0.186664483662775E-01
    0.148703160585819E-01    0.196390357291299E-01
    0.149928808949776E-01    0.205123652767317E-01
    0.151559813891816E-01    0.212694382457497E-01
    0.153796685808968E-01    0.219032898111858E-01
    0.156819230231711E-01    0.223909364823136E-01
    0.160767342041602E-01    0.227189981519088E-01
    0.165715554574416E-01    0.228573048724898E-01
    0.171667475388145E-01    0.227829875866102E-01
    0.178498151569131E-01    0.224609134659030E-01
    0.185947609611376E-01    0.218594719069052E-01
    0.193567813240785E-01    0.209498108131820E-01
    0.200683671730538E-01    0.197016463982046E-01
    0.206441454791894E-01    0.181133249429241E-01
    0.209672673196891E-01    0.161785646440788E-01
    0.209162648749681E-01    0.139492887650114E-01
    0.203393341390169E-01    0.114701518126846E-01
    0.191036556662201E-01    0.887125186627782E-02
    0.170686536444454E-01    0.626674971082081E-02
    0.141439268695560E-01    0.386991257548500E-02
    0.102801917155191E-01    0.185552441354712E-02
    0.551636718215062E-02    0.500371536489979E-03
    0.000000000000000E+00    0.000000000000000E+00
    0.000000000000000E+00    0.000000000000000E+00
    0.101624235116218E-02    0.996980009793190E-04
    0.213116203178613E-02    0.393402619324032E-03
    0.330814302789220E-02    0.870846053025970E-03
    0.451020856573133E-02    0.152104327442273E-02
    0.570402108841141E-02    0.232950509315660E-02
    0.685769503976868E-02    0.327974151438846E-02
    0.794680255391454E-02    0.435339310990346E-02
    0.894938304160950E-02    0.552999764341602E-02
    0.985234564331839E-02    0.678898576285900E-02
    0.106455495141460E-01    0.810856849538886E-02
    0.113273144785543E-01    0.946836939329303E-02
    0.118988551041146E-01    0.108484767366939E-01
    0.123682691379650E-01    0.122305316099949E-01
    0.127460899582801E-01    0.135987298002824E-01
    0.130477801357520E-01    0.149372985136842E-01
    0.132904437604174E-01    0.162352968847383E-01
    0.134944934676489E-01    0.174786187973472E-01
    0.136811754710985E-01    0.186601657609028E-01
    0.138737664214320E-01    0.197655007883040E-01
    0.140956250266500E-01    0.207893205023909E-01
    0.143709765346286E-01    0.217127465364120E-01
    0.147224347063851E-01    0.225289468025822E-01
    0.151719050484163E-01    0.232107206031336E-01
    0.157379871173372E-01    0.237451256958069E-01
    0.164335068599855E-01    0.240925942218316E-01
    0.172631344509829E-01    0.242299993568719E-01
    0.182188804780160E-01    0.241053405668477E-01
    0.192747980762996E-01    0.236838801113296E-01
    0.203849270794193E-01    0.229132356691492E-01
    0.214685022880308E-01    0.217563392873694E-01
    0.224293110722858E-01    0.201889499177771E-01
    0.231153515524746E-01    0.181989603793676E-01
    0.233855208693209E-01    0.158283650235433E-01
    0.230315031737549E-01    0.131267542339141E-01
    0.218985180262658E-01    0.102332729919197E-01
    0.197754891286028E-01    0.728814291588018E-02
    0.165595672299549E-01    0.453377685401069E-02
    0.121362732935424E-01    0.219476498774447E-02
    0.657070879060357E-02    0.597115053396323E-03
    0.000000000000000E+00    0.000000000000000E+00
    0.000000000000000E+00    0.000000000000000E+00
    0.825051536055792E-03    0.926968707212789E-04
    0.175740513620254E-02    0.365463423461991E-03
    0.276145356008743E-02    0.809825603970358E-03
    0.380262695868888E-02    0.141623601524530E-02
    0.484847115575374E-02    0.217390572210950E-02
    0.587082467187594E-02    0.306911147086127E-02
    0.684522471626261E-02    0.408760915068938E-02
    0.775301868493716E-02    0.521208696011665E-02
    0.857980839832097E-02    0.642566466298398E-02
    0.931746440946345E-02    0.770943808290346E-02
    0.996193407840993E-02    0.904576967263429E-02
    0.105149945336174E-01    0.104169225287330E-01
    0.109819134763530E-01    0.118061947121001E-01
    0.113727323415692E-01    0.131992029877010E-01
    0.117004125683136E-01    0.145808023274937E-01
    0.119811810661930E-01    0.159409604790669E-01
    0.122339396130093E-01    0.172656149280935E-01
    0.124795203738106E-01    0.185485692317225E-01
    0.127413547884253E-01    0.197749090089430E-01
    0.130434509986712E-01    0.209408600073093E-01
    0.134125225849117E-01    0.220260369460563E-01
    0.138740271904360E-01    0.230250224796888E-01
    0.144543317025162E-01    0.239088283725707E-01
    0.151780609451656E-01    0.246650106559263E-01
    0.160650190356769E-01    0.252478839458868E-01
    0.171276761143038E-01    0.256305461652063E-01
    0.183635390048892E-01    0.257502139351849E-01
    0.197542831255773E-01    0.255590239879048E-01
    0.212504067581856E-01    0.249875576766618E-01
    0.227677362991987E-01    0.239734853640581E-01
    0.241860271615772E-01    0.224787221533084E-01
    0.253305707595129E-01    0.204616166514571E-01
    0.260114175611872E-01    0.179684305790114E-01
    0.259803353854488E-01    0.150324971434948E-01
    0.250160976645154E-01    0.118216658399212E-01
    0.228644285904837E-01    0.848297594132374E-02
    0.193477908999860E-01    0.531976725629145E-02
    0.143322952562623E-01    0.258196987976249E-02
    0.782318237617031E-02    0.706306881240535E-03
    0.000000000000000E+00    0.000000000000000E+00
    0.000000000000000E+00    0.000000000000000E+00
    0.648375941300637E-03    0.851294355376345E-04
    0.141128532860637E-02    0.336020218084535E-03
    0.225427404978325E-02    0.745906716542342E-03
    0.314270353194261E-02    0.130723995216642E-02
    0.404707854761013E-02    0.201210429117300E-02
    0.493966679737981E-02    0.285019843020009E-02
    0.579921726371269E-02    0.381028784373195E-02
    0.660702269575743E-02    0.487854574176253E-02
    0.735110972985732E-02    0.604092296819780E-02
    0.802225661118831E-02    0.728145263259216E-02
    0.861767395263078E-02    0.858495306306700E-02
    0.913712199758081E-02    0.993567130424456E-02
    0.958609261516608E-02    0.113189908311677E-01
    0.997219422057204E-02    0.127215133357255E-01
    0.103079687689441E-01    0.141299892449184E-01
    0.106075249477927E-01    0.155345259879419E-01
    0.108893695666126E-01    0.169232452380076E-01
    0.111733808719589E-01    0.182898733041613E-01
    0.114834216978900E-01    0.196217649021917E-01
    0.118437960079348E-01    0.209155636595661E-01
    0.122833301069928E-01    0.221533939802110E-01
    0.128312761335597E-01    0.233305804139131E-01
    0.135192556317699E-01    0.244198053473295E-01
    0.143798646463392E-01    0.254112197331355E-01
    0.154422880485177E-01    0.262526401276929E-01
    0.167291509159151E-01    0.269197144102368E-01
    0.182493123606912E-01    0.273314533216133E-01
    0.199968042230721E-01    0.274387837971227E-01
    0.219264655083683E-01    0.271322860053316E-01
    0.239457809425609E-01    0.263385745513486E-01
    0.259210058334720E-01    0.249740635533573E-01
    0.276276899140810E-01    0.229830620345420E-01
    0.288477191896410E-01    0.203850541666797E-01
    0.292377590075583E-01    0.172197210949405E-01
    0.285443871707010E-01    0.136584554928414E-01
    0.263963446625393E-01    0.988745860935325E-02
    0.225890318613102E-01    0.624926520722119E-02
    0.168816720748967E-01    0.306473034411974E-02
    0.930455889602815E-02    0.845628744476940E-03
    0.000000000000000E+00    0.000000000000000E+00
    0.000000000000000E+00    0.000000000000000E+00
    0.486729548631428E-03    0.769142099011404E-04
    0.109514318164390E-02    0.303513343491346E-03
    0.178873169117650E-02    0.676254018119214E-03
    0.253464298299540E-02    0.118896779921527E-02
    0.330316742182868E-02    0.183768341505080E-02
    0.406996589321016E-02    0.261439792504232E-02
    0.481394870301966E-02    0.351135398422515E-02
    0.551958763441187E-02    0.451732473910752E-02
    0.617448054087005E-02    0.562104474815277E-02
    0.677159277244949E-02    0.680912535673349E-02
    0.730681175164522E-02    0.806842553353482E-02
    0.778091537451830E-02    0.938549084925450E-02
    0.819737937821189E-02    0.107470924327828E-01
    0.856386875362269E-02    0.121418447611797E-01
    0.889071985259133E-02    0.135574140050621E-01
    0.919159592072123E-02    0.149858758680418E-01
    0.948320445208459E-02    0.164163145417059E-01
    0.978502134904639E-02    0.178453321901773E-01
    0.101206675070703E-01    0.192605057819495E-01
    0.105147512296925E-01    0.206624624704495E-01
    0.109978008203780E-01    0.220349917173115E-01
    0.116025115768078E-01    0.233792064396646E-01
    0.123666381027288E-01    0.246682619576923E-01
    0.133288057430380E-01    0.259017696776911E-01
    0.145323321846517E-01    0.270208698574369E-01
    0.160137246888664E-01    0.280060007353716E-01
    0.177974338582159E-01    0.287662260125245E-01
    0.198977491900249E-01    0.292469863473433E-01
    0.222833387233115E-01    0.293010656249886E-01
    0.248692700839585E-01    0.288190360786631E-01
    0.274933062606796E-01    0.276831964789448E-01
    0.299001363109122E-01    0.257794520064960E-01
    0.317943953435976E-01    0.231260658596392E-01
    0.327651486721612E-01    0.197231053360482E-01
    0.324508714949899E-01    0.157928157985337E-01
    0.304129276086232E-01    0.115176917390897E-01
    0.263262926138253E-01    0.733946456556259E-02
    0.199049446337454E-01    0.361026322867009E-02
    0.110705224876507E-01    0.100165596694810E-02
    0.000000000000000E+00    0.000000000000000E+00
    0.000000000000000E+00    0.000000000000000E+00
    0.343314633535976E-03    0.672812550750790E-04
    0.811503728716253E-03    0.267166487628360E-03
    0.136876724243488E-02    0.598760028244602E-03
    0.198088708128166E-02    0.105871793999932E-02
    0.262083369799960E-02    0.164602737105671E-02
    0.326492266960910E-02    0.235569775251564E-02
    0.389491373646024E-02    0.318274328110570E-02
    0.449615445240938E-02    0.411829243725706E-02
    0.505836835976829E-02    0.515378311090886E-02
    0.557458991586026E-02    0.627754075110511E-02
    0.604184072425681E-02    0.747906222798478E-02
    0.645993599688639E-02    0.874593073294242E-02
    0.683254205152363E-02    0.100675866520400E-01
    0.716558236668932E-02    0.114330241786923E-01
    0.746886170049511E-02    0.128329603183074E-01
    0.775414306342372E-02    0.142592879402113E-01
    0.803734016408768E-02    0.157051195061521E-01
    0.833626505910458E-02    0.171669111900500E-01
    0.867370240834512E-02    0.186376888139482E-01
    0.907398200560098E-02    0.201173873053878E-01
    0.956857664106492E-02    0.215997203966755E-01
    0.101950890606501E-01    0.230870178253339E-01
    0.109967385394450E-01    0.245609382251181E-01
    0.120168515510819E-01    0.260268459169761E-01
    0.133122760525266E-01    0.274331719277179E-01
    0.149423905381409E-01    0.287659855895646E-01
    0.169553923672542E-01    0.299271081300987E-01
    0.193998601270068E-01    0.308714240103853E-01
    0.222678984029493E-01    0.313879273510951E-01
    0.254955431640761E-01    0.313544042704245E-01
    0.289044610401342E-01    0.305556173424215E-01
    0.321665579025861E-01    0.288467450718002E-01
    0.349402927941504E-01    0.261803323360867E-01
    0.366417158307332E-01    0.225625205391608E-01
    0.368625559168646E-01    0.182249883631955E-01
    0.349920447629433E-01    0.134114558547247E-01
    0.306634692367143E-01    0.861020073185649E-02
    0.234106397345429E-01    0.428952051398820E-02
    0.131737648737722E-01    0.120180886350136E-02
    0.000000000000000E+00    0.000000000000000E+00
    0.000000000000000E+00    0.000000000000000E+00
    0.218689059301147E-03    0.565191429332843E-04
    0.564896191663086E-03    0.225593337776504E-03
    0.998650601920079E-03    0.511821003457394E-03
    0.148837581565075E-02    0.913485791878974E-03
    0.200661394549886E-02    0.143378548676167E-02
    0.253337431752768E-02    0.206983098189726E-02
    0.305121360554633E-02    0.281917987220469E-02
    0.354852371717762E-02    0.367533372226312E-02
    0.401553835040120E-02    0.463122580814757E-02
    0.444724571663010E-02    0.567775286986066E-02
    0.484027160618040E-02    0.680529235944415E-02
    0.519527712591040E-02    0.800399976467017E-02
    0.551457352359022E-02    0.926387821654936E-02
    0.580399311794672E-02    0.105764458448514E-01
    0.607127238750644E-02    0.119330107946987E-01
    0.632739644438137E-02    0.133283085548481E-01
    0.658601989619520E-02    0.147561637365943E-01
    0.686366999948726E-02    0.162170543171307E-01
    0.718145918662432E-02    0.177048912639507E-01
    0.756290608215154E-02    0.192249571565518E-01
    0.803864865300798E-02    0.207763978279624E-01
    0.864686988526280E-02    0.223748697253039E-01
    0.943846016533529E-02    0.239984332183325E-01
    0.104592043431708E-01    0.256689107251585E-01
    0.117778454426182E-01    0.273478066603074E-01
    0.134801698475745E-01    0.290426020995339E-01
    0.156500059128573E-01    0.306460977090092E-01
    0.183641426760761E-01    0.321395900032415E-01
    0.216745676456084E-01    0.332544221036251E-01
    0.255790382063734E-01    0.338343240290567E-01
    0.298869172831412E-01    0.335600511502557E-01
    0.342141226579873E-01    0.321655265420492E-01
    0.380825813143106E-01    0.295913383258531E-01
    0.407874566004854E-01    0.257439399880569E-01
    0.417261213704518E-01    0.209853158736239E-01
    0.401922491515887E-01    0.155594494813874E-01
    0.356581259501986E-01    0.100696151383217E-01
    0.275631124656092E-01    0.503965293184529E-02
    0.156538733694917E-01    0.143701993696409E-02
    0.000000000000000E+00    0.000000000000000E+00
    0.000000000000000E+00    0.000000000000000E+00
    0.117765922105161E-03    0.440992082092303E-04
    0.358267842628431E-03    0.179855848725917E-03
    0.683439096072842E-03    0.415791974828235E-03
    0.106070405067455E-02    0.754244489279987E-03
    0.146578119402122E-02    0.120131976774916E-02
    0.188057021441055E-02    0.175641639876382E-02
    0.229020067033064E-02    0.241966469383952E-02
    0.268518508113261E-02    0.318544592107286E-02
    0.305731468829175E-02    0.404942730905507E-02
    0.340276424161154E-02    0.500272944589814E-02
    0.371870545865232E-02    0.603865135880607E-02
    0.400577486206992E-02    0.714715294644696E-02
    0.426588460003415E-02    0.832140956761188E-02
    0.450380081319781E-02    0.955232815232743E-02
    0.472599875031067E-02    0.108349970907331E-01
    0.494168778407073E-02    0.121631403501780E-01
    0.516232948281712E-02    0.135356378000328E-01
    0.540224903362653E-02    0.149512964792719E-01
    0.567941084157493E-02    0.164123215856946E-01
    0.601681125011596E-02    0.179211750108971E-01
    0.644324819965503E-02    0.194913275743008E-01
    0.699560815227844E-02    0.211399116067642E-01
    0.772157923652076E-02    0.228618746830263E-01
    0.866853585460750E-02    0.246727880709947E-01
    0.991395726469183E-02    0.265892921293074E-01
    0.115917027731921E-01    0.286257201585151E-01
    0.138216901632824E-01    0.306893594642245E-01
    0.167076710958484E-01    0.327901855453787E-01
    0.203847083604858E-01    0.346348787374843E-01
    0.250239539925960E-01    0.360780243263172E-01
    0.304322598284128E-01    0.365304699123475E-01
    0.360724074728130E-01    0.356627852024844E-01
    0.413846519827006E-01    0.332615574863726E-01
    0.453248642927596E-01    0.292612956021546E-01
    0.472527282457665E-01    0.240252574687082E-01
    0.461715702720279E-01    0.179723513429179E-01
    0.415034115702369E-01    0.116947917008379E-01
    0.324197711870106E-01    0.589727065678996E-02
    0.186020765953736E-01    0.169385677691270E-02
    0.000000000000000E+00    0.000000000000000E+00
    0.000000000000000E+00    0.000000000000000E+00
    0.407175534518930E-04    0.303904540759141E-04
    0.197270160888949E-03    0.128832443186516E-03
    0.427919289429600E-03    0.311372198376775E-03
    0.705390256699298E-03    0.582187400940703E-03
    0.100620578387494E-02    0.950968966489809E-03
    0.131657305929725E-02    0.141902807106045E-02
    0.162362989879469E-02    0.198733160603213E-02
    0.192050798161747E-02    0.265269163565706E-02
    0.220057041612648E-02    0.341050348690420E-02
    0.246123227225107E-02    0.425481806865505E-02
    0.270019913296342E-02    0.517831144901851E-02
    0.291825291814556E-02    0.617403322102385E-02
    0.311667570975683E-02    0.723453174274843E-02
    0.329946743640276E-02    0.835377814177120E-02
    0.347139282531707E-02    0.952640566359671E-02
    0.364000920851186E-02    0.107494177112292E-01
    0.381423211579327E-02    0.120211608337319E-01
    0.400581920323428E-02    0.133441868546740E-01
    0.422917849986270E-02    0.147218464605550E-01
    0.450403356924138E-02    0.161631054877612E-01
    0.485578541508169E-02    0.176827985461676E-01
    0.531574781074137E-02    0.193125207789790E-01
    0.593161649719490E-02    0.210444094392877E-01
    0.675173305722935E-02    0.229032492599707E-01
    0.784575753882392E-02    0.249593583923563E-01
    0.936070147716276E-02    0.273026233925896E-01
    0.114951723011641E-01    0.297724033994602E-01
    0.143646957469139E-01    0.324408944918200E-01
    0.181929325667743E-01    0.351268046419431E-01
    0.234005020870901E-01    0.377824715275544E-01
    0.300024085999730E-01    0.393290635764393E-01
    0.373340138297562E-01    0.391617043934974E-01
    0.444543079312174E-01    0.371639089707268E-01
    0.500947282550579E-01    0.330039289804074E-01
    0.532711613098712E-01    0.273200948717531E-01
    0.528541449922322E-01    0.205418961514617E-01
    0.480591239364364E-01    0.134570920639456E-01
    0.379706514037829E-01    0.672737763416872E-02
    0.219881603226333E-01    0.189821225210812E-02
    0.000000000000000E+00    0.000000000000000E+00
    0.000000000000000E+00    0.000000000000000E+00
   -0.820302865975517E-05    0.163918767345784E-04
    0.820635919883393E-04    0.775866943825645E-04
    0.234325253798000E-03    0.204309885841845E-03
    0.423771703361077E-03    0.405215682739389E-03
    0.630869970919184E-03    0.692217524473723E-03
    0.846062590364100E-03    0.106698911015120E-02
    0.105839192736449E-02    0.153292871215291E-02
    0.126447834764711E-02    0.208568010846576E-02
    0.145823864595812E-02    0.272371719384609E-02
    0.163927178489971E-02    0.343970545610482E-02
    0.180486951349941E-02    0.422976350938299E-02
    0.195668101443548E-02    0.508555195991634E-02
    0.209472418421501E-02    0.600324920164419E-02
    0.222272084757268E-02    0.697526727662360E-02
    0.234321774603165E-02    0.800017142532352E-02
    0.246248922498752E-02    0.907284785342573E-02
    0.258581286326009E-02    0.101965140915635E-01
    0.272316561164414E-02    0.113700179277407E-01
    0.288374646164225E-02    0.126044985720345E-01
    0.308482057759466E-02    0.139041516950440E-01
    0.334263995945754E-02    0.152960846844538E-01
    0.368204653600494E-02    0.168024508580435E-01
    0.413347718235489E-02    0.184467808014122E-01
    0.475930287460802E-02    0.202273726556598E-01
    0.563041829135493E-02    0.222911960678164E-01
    0.688704424394406E-02    0.247579072345029E-01
    0.872243400818210E-02    0.275044549067072E-01
    0.112333777440571E-01    0.305614957473187E-01
    0.148614439902485E-01    0.341472193682695E-01
    0.206229642855588E-01    0.383849098916778E-01
    0.286656286488339E-01    0.413518143427326E-01
    0.380759273337302E-01    0.423375459069829E-01
    0.476281180993079E-01    0.409051329414525E-01
    0.552941952473517E-01    0.368055313837624E-01
    0.600831151612151E-01    0.305829096910828E-01
    0.604146123322488E-01    0.230473409808967E-01
    0.552820537372034E-01    0.151841500760508E-01
    0.439375438893125E-01    0.759359643667313E-02
    0.256522904908806E-01    0.210957003978393E-02
    0.000000000000000E+00    0.000000000000000E+00
    0.000000000000000E+00    0.000000000000000E+00
   -0.309476069832617E-04    0.277122052241153E-05
    0.155891542451626E-04    0.266901936435707E-04
    0.104110936524047E-03    0.100421323100520E-03
    0.219379304372491E-03    0.233359208312625E-03
    0.345608531392971E-03    0.437938748661293E-03
    0.477241814428513E-03    0.717448743715849E-03
    0.606855302686210E-03    0.107327932408300E-02
    0.732363826369003E-03    0.150420733317722E-02
    0.850324735938805E-03    0.200631241004580E-02
    0.960215903054624E-03    0.257625985723496E-02
    0.106086467404573E-02    0.320799776242285E-02
    0.115292377675450E-02    0.389733399542993E-02
    0.123681387060764E-02    0.463856846660434E-02
    0.131453883311310E-02    0.542797163539573E-02
    0.138794129035410E-02    0.626225239691317E-02
    0.146074175314548E-02    0.713965949761224E-02
    0.153631645207555E-02    0.806132095498284E-02
    0.162101365274521E-02    0.902894460391171E-02
    0.172047418685123E-02    0.100517861540434E-01
    0.184616374654623E-02    0.111384673955256E-01
    0.200939580378806E-02    0.123083817030094E-01
    0.222577557994919E-02    0.135854236878773E-01
    0.251226268633473E-02    0.150030604789263E-01
    0.292198511462172E-02    0.165751065792584E-01
    0.351195481385663E-02    0.184520632030708E-01
    0.437982371081730E-02    0.208445650434120E-01
    0.572955774999508E-02    0.235337400427617E-01
    0.769871665130591E-02    0.265076358123935E-01
    0.106225206138074E-01    0.307165871763831E-01
    0.159215939720771E-01    0.369425522021998E-01
    0.250185229826388E-01    0.419320877637108E-01
    0.372053525700476E-01    0.444932193225375E-01
    0.501524582573765E-01    0.441903139462580E-01
    0.608038729942685E-01    0.400020681432537E-01
    0.673575541741434E-01    0.334772059985402E-01
    0.686299208451165E-01    0.251419446280821E-01
    0.634277391557456E-01    0.164918163153419E-01
    0.509297450233956E-01    0.846910527723512E-02
    0.301581509596534E-01    0.237547456668246E-02
    0.000000000000000E+00    0.000000000000000E+00
    0.000000000000000E+00    0.000000000000000E+00
   -0.291734899356514E-04   -0.629184229389496E-05
   -0.108764887599935E-04   -0.112142664300705E-04
    0.291604082421263E-04    0.163427932352881E-04
    0.857684697957969E-04    0.868875915891629E-04
    0.146037359140222E-03    0.213380758569078E-03
    0.210735738249696E-03    0.395310693828379E-03
    0.272612638890921E-03    0.637009568201947E-03
    0.333749897074579E-03    0.933877710415106E-03
    0.389857956841729E-03    0.128607230001851E-02
    0.443040316562339E-03    0.168780752893832E-02
    0.490771916573205E-03    0.213737817105711E-02
    0.535141902690407E-03    0.262877051175242E-02
    0.574799535448507E-03    0.316037335730950E-02
    0.612171575556381E-03    0.372674633138591E-02
    0.646713661062605E-03    0.432816103798526E-02
    0.681681340658787E-03    0.496045110726269E-02
    0.717062240510201E-03    0.562788558874074E-02
    0.758022547588321E-03    0.632806532810487E-02
    0.805082437022397E-03    0.707319935264663E-02
    0.866464618649381E-03    0.786516042189047E-02
    0.942543124229888E-03    0.872643193920556E-02
    0.104627209347152E-02    0.966239355689955E-02
    0.118299322073765E-02    0.107218450505911E-01
    0.140119345239007E-02    0.119037128023725E-01
    0.171820361139667E-02    0.133637511547907E-01
    0.214459563088215E-02    0.152618822665721E-01
    0.268346136416925E-02    0.175094316382604E-01
    0.357094903256600E-02    0.197298666773769E-01
    0.523272005243496E-02    0.240087836151994E-01
    0.958784429590990E-02    0.313002450822726E-01
    0.189818131925768E-01    0.385037068242861E-01
    0.344317575812962E-01    0.447437066391605E-01
    0.528500166285455E-01    0.459504778773839E-01
    0.670935911124375E-01    0.416635999296020E-01
    0.748560838514489E-01    0.353256764685628E-01
    0.770182815473913E-01    0.268640312525951E-01
    0.722258909332674E-01    0.177998161785724E-01
    0.592540524300400E-01    0.989304323119001E-02
    0.365248606559178E-01    0.310684814978702E-02
    0.000000000000000E+00    0.000000000000000E+00
    0.000000000000000E+00    0.000000000000000E+00
   -0.105216302355954E-04   -0.105216302355943E-04
   -0.624752338562038E-05   -0.292653723823433E-04
    0.331549863445595E-05   -0.301309261612796E-04
    0.186360758452817E-04   -0.509195781517648E-05
    0.350660221417351E-04    0.505097399804367E-04
    0.527106415980742E-04    0.140031614037036E-03
    0.696523434665234E-04    0.261563176072849E-03
    0.859788697368681E-04    0.416543512655664E-03
    0.101274863025725E-03    0.600548862311136E-03
    0.115316069383619E-03    0.814300678072390E-03
    0.128278809906065E-03    0.105283546543517E-02
    0.139903705933414E-03    0.131625246652076E-02
    0.150596361564564E-03    0.160033817689747E-02
    0.160348719775594E-03    0.190485518737681E-02
    0.169541450132455E-03    0.222737024273814E-02
    0.178697204291045E-03    0.256756207567888E-02
    0.187855917326543E-03    0.292616879153978E-02
    0.198737205225374E-03    0.330307380323891E-02
    0.211050291223099E-03    0.370409992349035E-02
    0.227883352813079E-03    0.413103522330561E-02
    0.247395158966909E-03    0.459543309626223E-02
    0.274930507258946E-03    0.509631101360131E-02
    0.305011002692141E-03    0.567496760637337E-02
    0.367941060154780E-03    0.633834774226023E-02
    0.482105920442772E-03    0.713892314189659E-02
    0.617094888488338E-03    0.816577064181622E-02
    0.676041776824347E-03    0.942204132798109E-02
    0.839403447500065E-03    0.104446547403180E-01
    0.117332461509840E-02    0.133547918805715E-01
    0.328382339549603E-02    0.201603134071860E-01
    0.102533754310668E-01    0.268662001032957E-01
    0.229474310382381E-01    0.341090636229882E-01
    0.517572582024917E-01    0.453498968107422E-01
    0.731198565867863E-01    0.416737043976098E-01
    0.833169540067815E-01    0.346249536977789E-01
    0.853754402103854E-01    0.277702175552653E-01
    0.806292941259916E-01    0.193496287508235E-01
    0.668965210556368E-01    0.122370263431850E-01
    0.417503953201407E-01    0.540653838203256E-02
    0.000000000000000E+00    0.000000000000000E+00
    0.000000000000000E+00    0.000000000000000E+00
    0.000000000000000E+00    0.000000000000000E+00
    0.000000000000000E+00    0.000000000000000E+00
    0.000000000000000E+00    0.000000000000000E+00
    0.000000000000000E+00    0.000000000000000E+00
    0.000000000000000E+00    0.000000000000000E+00
    0.000000000000000E+00    0.000000000000000E+00
    0.000000000000000E+00    0.000000000000000E+00
    0.000000000000000E+00    0.000000000000000E+00
    0.000000000000000E+00    0.000000000000000E+00
    0.000000000000000E+00    0.000000000000000E+00
    0.000000000000000E+00    0.000000000000000E+00
    0.000000000000000E+00    0.000000000000000E+00
    0.000000000000000E+00    0.000000000000000E+00
    0.000000000000000E+00    0.000000000000000E+00
    0.000000000000000E+00    0.000000000000000E+00
    0.000000000000000E+00    0.000000000000000E+00
    0.000000000000000E+00    0.000000000000000E+00
    0.000000000000000E+00    0.000000000000000E+00
    0.000000000000000E+00    0.000000000000000E+00
    0.000000000000000E+00    0.000000000000000E+00
    0.000000000000000E+00    0.000000000000000E+00
    0.000000000000000E+00    0.000000000000000E+00
    0.000000000000000E+00    0.000000000000000E+00
    0.000000000000000E+00    0.000000000000000E+00
    0.000000000000000E+00    0.000000000000000E+00
    0.000000000000000E+00    0.000000000000000E+00
    0.000000000000000E+00    0.000000000000000E+00
    0.000000000000000E+00    0.000000000000000E+00
    0.000000000000000E+00    0.000000000000000E+00
    0.000000000000000E+00    0.000000000000000E+00
    0.000000000000000E+00    0.000000000000000E+00
    0.000000000000000E+00    0.000000000000000E+00
    0.534592498637301E-01    0.409956121156332E-01
    0.746519925189056E-01    0.434312391164991E-01
    0.885203102593739E-01    0.335770614407208E-01
    0.933677089174518E-01    0.271782601491005E-01
    0.885066786469975E-01    0.200263686343649E-01
    0.743036160756886E-01    0.132770373315699E-01
    0.452089059336920E-01    0.707177732684494E-02
    0.000000000000000E+00    0.000000000000000E+00
