    0.000000000000000E+00    0.000000000000000E+00
    0.437500000000000E-01    0.000000000000000E+00
    0.750000000000000E-01    0.000000000000000E+00
    0.937500000000000E-01    0.000000000000000E+00
    0.100000000000000E+00    0.000000000000000E+00
    0.937500000000000E-01    0.000000000000000E+00
    0.750000000000000E-01    0.000000000000000E+00
    0.437500000000000E-01    0.000000000000000E+00
    0.000000000000000E+00    0.000000000000000E+00
    0.000000000000000E+00    0.000000000000000E+00
    0.000000000000000E+00    0.000000000000000E+00
    0.000000000000000E+00    0.000000000000000E+00
    0.000000000000000E+00    0.000000000000000E+00
    0.000000000000000E+00    0.000000000000000E+00
    0.000000000000000E+00    0.000000000000000E+00
    0.000000000000000E+00    0.000000000000000E+00
    0.000000000000000E+00    0.000000000000000E+00
    0.000000000000000E+00    0.000000000000000E+00
    0.000000000000000E+00    0.000000000000000E+00
    0.000000000000000E+00    0.000000000000000E+00
    0.000000000000000E+00    0.000000000000000E+00
    0.000000000000000E+00    0.000000000000000E+00
    0.000000000000000E+00    0.000000000000000E+00
    0.000000000000000E+00    0.000000000000000E+00
    0.000000000000000E+00    0.000000000000000E+00
    0.000000000000000E+00    0.000000000000000E+00
    0.000000000000000E+00    0.000000000000000E+00
    0.000000000000000E+00    0.000000000000000E+00
    0.000000000000000E+00    0.000000000000000E+00
    0.000000000000000E+00    0.000000000000000E+00
    0.000000000000000E+00    0.000000000000000E+00
    0.000000000000000E+00    0.000000000000000E+00
    0.000000000000000E+00    0.000000000000000E+00
    0.000000000000000E+00    0.000000000000000E+00
    0.000000000000000E+00    0.000000000000000E+00
    0.000000000000000E+00    0.000000000000000E+00
    0.000000000000000E+00    0.000000000000000E+00
    0.000000000000000E+00    0.000000000000000E+00
    0.000000000000000E+00    0.000000000000000E+00
    0.000000000000000E+00    0.000000000000000E+00
    0.000000000000000E+00    0.000000000000000E+00
    0.000000000000000E+00    0.000000000000000E+00
    0.429355147229171E-01    0.839388711403293E-03
    0.733239873960854E-01    0.354511443436628E-02
    0.917365358339214E-01    0.700235203239811E-02
    0.978736897775958E-01    0.109795608220682E-01
    0.910710848573087E-01    0.159316881518311E-01
    0.726379421577617E-01    0.184640913172567E-01
    0.428097471717471E-01    0.217511266125200E-01
    0.118737666976096E-01    0.178053665171251E-01
    0.177210311685237E-02    0.555650929864418E-02
    0.284208730450436E-03    0.126162225711565E-02
    0.180083726812809E-04    0.171193439126523E-02
    0.229837781710640E-03    0.108749544434271E-02
    0.145911013240419E-03    0.823315869363395E-03
    0.280988950881101E-04    0.660092417972307E-03
   -0.319054797971188E-05    0.561285230053855E-03
    0.766472794607539E-05    0.487771627833780E-03
    0.119179721137600E-04    0.461588248995660E-03
    0.152941154522517E-04    0.413610180192545E-03
    0.162114550612535E-04    0.371089076270767E-03
    0.169688306476617E-04    0.325800306627693E-03
    0.182054440780043E-04    0.283453491580215E-03
    0.192485572821446E-04    0.238335433131027E-03
    0.197513717232463E-04    0.195094137694966E-03
    0.195451666534162E-04    0.151394330972704E-03
    0.190012525705516E-04    0.109936611995537E-03
    0.178065745687993E-04    0.703297150215107E-04
    0.162991502873265E-04    0.341658004897327E-04
    0.142086925498222E-04    0.174453732341455E-05
    0.118260369675813E-04   -0.259485835492781E-04
    0.899896726019198E-05   -0.483057003686893E-04
    0.593499491532966E-05   -0.648095982226770E-04
    0.267590883146540E-05   -0.749284059112970E-04
   -0.674746517851443E-06   -0.785806499999612E-04
   -0.380488347035310E-05   -0.757173368554032E-04
   -0.683666205154122E-05   -0.667306653915637E-04
   -0.882646683973279E-05   -0.531572892621582E-04
   -0.990897226174278E-05   -0.358032849232876E-04
   -0.844966189044850E-05   -0.184081013110802E-04
   -0.445624000565781E-05   -0.445624000565788E-05
    0.000000000000000E+00    0.000000000000000E+00
    0.000000000000000E+00    0.000000000000000E+00
    0.401799821313134E-01    0.173512119394027E-02
    0.690029873115873E-01    0.616727626646625E-02
    0.863325649422941E-01    0.122329097823337E-01
    0.921423159888171E-01    0.188267813866296E-01
    0.862811331389570E-01    0.255435197816483E-01
    0.695960664562977E-01    0.293579529234569E-01
    0.469325699948633E-01    0.298690924838952E-01
    0.231722426977750E-01    0.251116055738568E-01
    0.815897789006667E-02    0.149627921984261E-01
    0.321894837451133E-02    0.870244558644777E-02
    0.166017276971740E-02    0.676998186900924E-02
    0.107606025711526E-02    0.474448887965658E-02
    0.692426598929245E-03    0.330819017518090E-02
    0.383758120032132E-03    0.255696527709215E-02
    0.235433174011131E-03    0.211731544756321E-02
    0.175270483418055E-03    0.178046460385668E-02
    0.149801548673230E-03    0.152713847148522E-02
    0.129891738437746E-03    0.131679066951968E-02
    0.119591388210220E-03    0.113452691666593E-02
    0.110649636937399E-03    0.979082357909299E-03
    0.106745897752631E-03    0.838161265589728E-03
    0.102145813050106E-03    0.709278198300843E-03
    0.988465256780363E-04    0.588491916347896E-03
    0.936026820218132E-04    0.477145197191729E-03
    0.883791840499907E-04    0.373244237745733E-03
    0.812065976566307E-04    0.278543784446863E-03
    0.734424372084293E-04    0.192459331678196E-03
    0.639425053177115E-04    0.116548987715302E-03
    0.536220493765649E-04    0.510252879422821E-04
    0.420325602069433E-04   -0.303234207893133E-05
    0.297247538127214E-04   -0.450714184540180E-04
    0.169358970285034E-04   -0.748104051086692E-04
    0.394791666098254E-05   -0.917864347762519E-04
   -0.819498757961016E-05   -0.968918308517679E-04
   -0.192888566915416E-04   -0.904421019928788E-04
   -0.272370468650722E-04   -0.751407574712132E-04
   -0.312780004265979E-04   -0.530436837635452E-04
   -0.285691223511010E-04   -0.285745633285214E-04
   -0.184906101804091E-04   -0.849419881684116E-05
    0.000000000000000E+00    0.000000000000000E+00
    0.000000000000000E+00    0.000000000000000E+00
    0.364975585195466E-01    0.229976203353887E-02
    0.630018906455888E-01    0.774559734464482E-02
    0.791095342808128E-01    0.151206881052442E-01
    0.848613254393867E-01    0.225630618890906E-01
    0.798997711560687E-01    0.299669408787877E-01
    0.665107777746813E-01    0.339404311194728E-01
    0.481374488254156E-01    0.341838764824221E-01
    0.294893399967021E-01    0.304864851179470E-01
    0.163936241571344E-01    0.224721516763534E-01
    0.924979536513539E-02    0.161463199183005E-01
    0.528021547820574E-02    0.124026613026524E-01
    0.302827439735747E-02    0.933620708709100E-02
    0.182414750064331E-02    0.691249907747765E-02
    0.118481036928278E-02    0.539989855336364E-02
    0.821842948638024E-03    0.446283420455324E-02
    0.637024568360790E-03    0.368558140661997E-02
    0.505817924484263E-03    0.310833935642282E-02
    0.420692316314314E-03    0.263725047299667E-02
    0.363714091354685E-03    0.225680550599949E-02
    0.327450158985397E-03    0.192838393198924E-02
    0.299664729506891E-03    0.164894324614245E-02
    0.278506341420404E-03    0.139670524524324E-02
    0.259330816120103E-03    0.117282532768004E-02
    0.241400500383214E-03    0.968547457095470E-03
    0.222928248492301E-03    0.784989987809361E-03
    0.203529831321993E-03    0.618191443400141E-03
    0.182427552211388E-03    0.469675606906633E-03
    0.159615800572543E-03    0.337895203656828E-03
    0.134903776224688E-03    0.224281722112701E-03
    0.108649563481191E-03    0.128298240406741E-03
    0.810012490076999E-04    0.510257410912483E-04
    0.528219421626869E-04   -0.803653837489823E-05
    0.246087533611076E-04   -0.484742939100729E-04
   -0.198580229595287E-05   -0.716116346184719E-04
   -0.258617387793226E-04   -0.782023967569648E-04
   -0.441106281289527E-04   -0.713287165464108E-04
   -0.544125574037601E-04   -0.537987551850466E-04
   -0.527271784785769E-04   -0.308364727078976E-04
   -0.357301486692443E-04   -0.991177989358438E-05
    0.000000000000000E+00    0.000000000000000E+00
    0.000000000000000E+00    0.000000000000000E+00
    0.322629478572163E-01    0.238502733453429E-02
    0.561755367332620E-01    0.820087443691593E-02
    0.712696885201538E-01    0.159397601898237E-01
    0.770880075592438E-01    0.238296032710841E-01
    0.743129876177395E-01    0.308276160638895E-01
    0.639823361028880E-01    0.350347167671220E-01
    0.497812737071599E-01    0.357159392637973E-01
    0.349366911128579E-01    0.330952798733876E-01
    0.225138712937286E-01    0.278483717518178E-01
    0.145369355724533E-01    0.222774234805194E-01
    0.933983649560698E-02    0.175898020954736E-01
    0.592741661093293E-02    0.138142208830766E-01
    0.390773648622440E-02    0.108530081512988E-01
    0.270664796832547E-02    0.873344956770109E-02
    0.196147878325530E-02    0.726179915817944E-02
    0.150280041647868E-02    0.603189662111682E-02
    0.119191274995086E-02    0.506196168185342E-02
    0.976896492991083E-03    0.428906916935939E-02
    0.827874970584395E-03    0.366426235823658E-02
    0.723191907647748E-03    0.313243252075839E-02
    0.644947638155481E-03    0.267820118930402E-02
    0.583387212972393E-03    0.227920950653656E-02
    0.531984962298901E-03    0.192735966975689E-02
    0.486100912089412E-03    0.161314741959886E-02
    0.443100889221829E-03    0.133239035065001E-02
    0.400607749377377E-03    0.108067931311308E-02
    0.357577202044374E-03    0.856587264467461E-03
    0.313006697153692E-03    0.658398147451444E-03
    0.266717752194470E-03    0.485939109407237E-03
    0.218712210893893E-03    0.338435160445960E-03
    0.169352943605883E-03    0.216180945862639E-03
    0.119613748902060E-03    0.118357844169015E-03
    0.704802634237374E-04    0.449853137599447E-04
    0.241144976037058E-04   -0.557690017083356E-05
   -0.174378933087054E-04   -0.344232982052392E-04
   -0.504071360361095E-04   -0.447316824249684E-04
   -0.710723092174483E-04   -0.398091090417332E-04
   -0.737152888254697E-04   -0.250943089838609E-04
   -0.527987335334305E-04   -0.836827479740623E-05
    0.000000000000000E+00    0.000000000000000E+00
    0.000000000000000E+00    0.000000000000000E+00
    0.277835575529408E-01    0.227616344161719E-02
    0.491713493262783E-01    0.781262667225686E-02
    0.631012742845064E-01    0.153964799757243E-01
    0.694237636563130E-01    0.229891486667938E-01
    0.683286373945147E-01    0.298463219872453E-01
    0.612604506001031E-01    0.342589331065848E-01
    0.505212559200027E-01    0.356928870158046E-01
    0.386322538503034E-01    0.343829536957796E-01
    0.278551925982653E-01    0.307486382948184E-01
    0.194227050510512E-01    0.262846575057711E-01
    0.134412107085414E-01    0.217272677804172E-01
    0.928124613676086E-02    0.178696073807608E-01
    0.656801746439688E-02    0.146337057592913E-01
    0.481766557961149E-02    0.120733998322015E-01
    0.360341379049627E-02    0.101448744855138E-01
    0.277342473638594E-02    0.853288419516562E-02
    0.219987167659862E-02    0.721181574363057E-02
    0.180286972774431E-02    0.614090663241884E-02
    0.151775363572857E-02    0.526559291093312E-02
    0.131249334140673E-02    0.451455504925050E-02
    0.115395540236226E-02    0.387455359520895E-02
    0.103007568007361E-02    0.331370094905192E-02
    0.927057366850691E-03    0.282307627607248E-02
    0.838826691932517E-03    0.238566397277033E-02
    0.758080206773902E-03    0.199777117772024E-02
    0.682161768508110E-03    0.164999766698347E-02
    0.607496663624633E-03    0.134135424030412E-02
    0.533193075298236E-03    0.106699495882819E-02
    0.457701502265100E-03    0.827074967193655E-03
    0.381330141198783E-03    0.618903932540577E-03
    0.303853800184752E-03    0.443006447867164E-03
    0.226734732520887E-03    0.297451492515733E-03
    0.150995067963171E-03    0.182421650665034E-03
    0.795408685867943E-04    0.956631582828997E-04
    0.150115459755968E-04    0.362798226869061E-04
   -0.376834204030101E-04    0.762726651963583E-06
   -0.735935673749356E-04   -0.139619733083816E-04
   -0.851893946588709E-04   -0.137421187424623E-04
   -0.644791041924188E-04   -0.557227667989616E-05
    0.000000000000000E+00    0.000000000000000E+00
    0.000000000000000E+00    0.000000000000000E+00
    0.238183420073406E-01    0.202023667265419E-02
    0.426260697269742E-01    0.712467338449704E-02
    0.555972387402113E-01    0.140567278233058E-01
    0.621147813984781E-01    0.212607353947138E-01
    0.626713258464558E-01    0.277289053824412E-01
    0.580531604356789E-01    0.322722409415860E-01
    0.500958633929128E-01    0.344478417730544E-01
    0.407351476641651E-01    0.341678950152176E-01
    0.314773150810597E-01    0.318925548534460E-01
    0.235785498543469E-01    0.285355769763073E-01
    0.173797755740942E-01    0.246611123860263E-01
    0.127797309347102E-01    0.210684863337003E-01
    0.948089660185772E-02    0.178982822640655E-01
    0.719301410614574E-02    0.151479451864748E-01
    0.555275597339484E-02    0.128900068294794E-01
    0.436294340933311E-02    0.109831629729547E-01
    0.351096546283988E-02    0.939302370190926E-02
    0.289475707991777E-02    0.806757473831441E-02
    0.244115349710457E-02    0.696219282529284E-02
    0.210182820185491E-02    0.600505883221545E-02
    0.183899202836172E-02    0.518053757474278E-02
    0.162997329933761E-02    0.445849599632742E-02
    0.145762126072446E-02    0.382502967854999E-02
    0.131044358590062E-02    0.326104274906307E-02
    0.117913473086146E-02    0.275958927460453E-02
    0.105787156495661E-02    0.231042579315007E-02
    0.942066765340018E-03    0.191012862739431E-02
    0.829072489005575E-03    0.155322491474714E-02
    0.716918334509247E-03    0.123832622908917E-02
    0.605002064932632E-03    0.962343337975658E-03
    0.493136038847403E-03    0.724928835284290E-03
    0.382431934501970E-03    0.523982869858996E-03
    0.274386836558361E-03    0.359283135864148E-03
    0.172004149091972E-03    0.228642628034239E-03
    0.788795014359759E-04    0.131085230659590E-03
    0.506466287319130E-06    0.633985671597616E-04
   -0.566382594171870E-04    0.226692145706721E-04
   -0.835907392600884E-04    0.341405240178484E-05
   -0.695427298771998E-04   -0.863892573665289E-06
    0.000000000000000E+00    0.000000000000000E+00
    0.000000000000000E+00    0.000000000000000E+00
    0.201988854986252E-01    0.173711841641277E-02
    0.367605767984154E-01    0.618249621558761E-02
    0.486095172582433E-01    0.124271575954768E-01
    0.553787854199481E-01    0.189788176666236E-01
    0.570902623175210E-01    0.251098003233052E-01
    0.545274733958700E-01    0.296991228278931E-01
    0.488369518978210E-01    0.323930260792175E-01
    0.414962573990965E-01    0.330417187547130E-01
    0.338227925729656E-01    0.318345064589735E-01
    0.267357028320302E-01    0.295177436555690E-01
    0.208305800593724E-01    0.264556956917467E-01
    0.161161249127253E-01    0.233386394278994E-01
    0.124870920426268E-01    0.203875519947006E-01
    0.974988662856751E-02    0.176841727442861E-01
    0.770584553372690E-02    0.153020980445532E-01
    0.617974423084403E-02    0.132453337311936E-01
    0.504976924929331E-02    0.114741280106802E-01
    0.420957098041521E-02    0.995512476644930E-02
    0.356779746265677E-02    0.865947108247042E-02
    0.307506512432892E-02    0.752598831424406E-02
    0.268707366680930E-02    0.653717555199453E-02
    0.237670170601019E-02    0.566557535343590E-02
    0.211932517829520E-02    0.489637081047180E-02
    0.190067835659257E-02    0.420839667686034E-02
    0.170686288133425E-02    0.359446015745258E-02
    0.153066900466125E-02    0.304220206625763E-02
    0.136473320205368E-02    0.254788414043315E-02
    0.120567424604976E-02    0.210418738420372E-02
    0.104979534998349E-02    0.170970500729649E-02
    0.896285119840999E-03    0.136003944492473E-02
    0.744000254019319E-03    0.105504597972932E-02
    0.594255413457093E-03    0.791845175875037E-03
    0.448163356526112E-03    0.570661550711047E-03
    0.309359189062754E-03    0.388965418951303E-03
    0.181570799513456E-03    0.246499072286789E-03
    0.714545265565178E-04    0.140024692600810E-03
   -0.137471244727571E-04    0.676393243516860E-04
   -0.631307899515002E-04    0.240203407226975E-04
   -0.643377314174446E-04    0.443955700089387E-05
    0.000000000000000E+00    0.000000000000000E+00
    0.000000000000000E+00    0.000000000000000E+00
    0.171667626427302E-01    0.147439876922992E-02
    0.315868726335515E-01    0.533065908962360E-02
    0.424475325886241E-01    0.107510103347829E-01
    0.491398401480775E-01    0.166590558229247E-01
    0.517901971889582E-01    0.222942493994044E-01
    0.507502625476893E-01    0.268089738838085E-01
    0.469461147395295E-01    0.298247023818718E-01
    0.414165855206245E-01    0.311424383340799E-01
    0.351647190355981E-01    0.308814076642986E-01
    0.290675817294490E-01    0.294835450581254E-01
    0.235738335334189E-01    0.272851758032910E-01
    0.189764211138051E-01    0.247509867847456E-01
    0.152196388130982E-01    0.221417472850055E-01
    0.122393275476078E-01    0.196230055680763E-01
    0.991953009313784E-02    0.172893260518519E-01
    0.812166909931957E-02    0.151996216096298E-01
    0.674043960053541E-02    0.133534331124602E-01
    0.567948560922294E-02    0.117168038699787E-01
    0.485241240834293E-02    0.102844041657677E-01
    0.420095525564645E-02    0.901388581213530E-02
    0.368081773589865E-02    0.789186472520799E-02
    0.325822410790061E-02    0.689211117937835E-02
    0.290626937257250E-02    0.600191482094384E-02
    0.260577535325218E-02    0.520013621330758E-02
    0.234107276325761E-02    0.447952608234832E-02
    0.210154647372009E-02    0.382761404623565E-02
    0.187859447510151E-02    0.323991491001817E-02
    0.166665948967958E-02    0.270868254251878E-02
    0.146134989385480E-02    0.223190343713243E-02
    0.126043712399343E-02    0.180503076659512E-02
    0.106259282753595E-02    0.142759976826374E-02
    0.868248908584696E-03    0.109689630967005E-02
    0.678840459056166E-03    0.813186693411687E-03
    0.497562895078158E-03    0.574471701773064E-03
    0.329037922643459E-03    0.380875253157269E-03
    0.179965523445220E-03    0.230059654004002E-03
    0.592011150963297E-04    0.120794860483960E-03
   -0.217070019594470E-04    0.490612889117392E-04
   -0.476803336412594E-04    0.111211689225070E-04
    0.000000000000000E+00    0.000000000000000E+00
    0.000000000000000E+00    0.000000000000000E+00
    0.145669126620252E-01    0.122300989532985E-02
    0.271715756421790E-01    0.447473461861855E-02
    0.369693405267565E-01    0.917831513739371E-02
    0.435457346013193E-01    0.143953605094357E-01
    0.467551596420887E-01    0.195630890098694E-01
    0.469226510109692E-01    0.239055377289350E-01
    0.446017775743755E-01    0.271020639595074E-01
    0.405940040367440E-01    0.289145207521996E-01
    0.356870789188637E-01    0.293655161329949E-01
    0.305494363786150E-01    0.287479331814212E-01
    0.256791709783217E-01    0.272932035898027E-01
    0.213294195634883E-01    0.253706843706190E-01
    0.176285238947224E-01    0.231934191553857E-01
    0.145539995462761E-01    0.209774347290231E-01
    0.120741707181839E-01    0.188138025157184E-01
    0.100874577055947E-01    0.167988987777762E-01
    0.850634769084500E-02    0.149573761484974E-01
    0.725040049325632E-02    0.132821028235565E-01
    0.624790083867829E-02    0.117748177377179E-01
    0.544315507286573E-02    0.104181506765582E-01
    0.479028026087760E-02    0.919925964804588E-02
    0.425363201193154E-02    0.809997618924488E-02
    0.380212863423725E-02    0.710926385380130E-02
    0.341505382076548E-02    0.620938310237978E-02
    0.307379410749844E-02    0.539300706060845E-02
    0.276622420576049E-02    0.464874335496904E-02
    0.248124943666451E-02    0.397197546000630E-02
    0.221226421407890E-02    0.335495641443901E-02
    0.195306425830538E-02    0.279577667258409E-02
    0.170085301736259E-02    0.228973349269890E-02
    0.145302268598873E-02    0.183678276229904E-02
    0.120989180824517E-02    0.143420975292806E-02
    0.972051052244493E-03    0.108313157838654E-02
    0.743109604005153E-03    0.781830767817754E-03
    0.527296402884617E-03    0.531742905930894E-03
    0.332374113024818E-03    0.331093872653005E-03
    0.167338150087183E-03    0.180442628410072E-03
    0.456006993963064E-04    0.765976334048704E-04
   -0.172227392693237E-04    0.182751528154477E-04
    0.000000000000000E+00    0.000000000000000E+00
    0.000000000000000E+00    0.000000000000000E+00
    0.124150750105093E-01    0.102233356887079E-02
    0.233774092101254E-01    0.377892146997090E-02
    0.322475741751556E-01    0.778130352828296E-02
    0.385190008387495E-01    0.123687133977433E-01
    0.421208909846394E-01    0.170109759379225E-01
    0.431330086646562E-01    0.211130276481239E-01
    0.419947703106879E-01    0.243512654868343E-01
    0.392523626550751E-01    0.264797242462217E-01
    0.354955109170945E-01    0.274829697733906E-01
    0.313122298764843E-01    0.274974984256822E-01
    0.270908961632436E-01    0.266994911042763E-01
    0.231523737134947E-01    0.253581091704108E-01
    0.196361078185025E-01    0.236542462893941E-01
    0.166091854337532E-01    0.217961028429006E-01
    0.140657207009102E-01    0.198898322285309E-01
    0.119669007624496E-01    0.180295349665608E-01
    0.102451521524720E-01    0.162669466864265E-01
    0.884008518463987E-02    0.146175308731111E-01
    0.769403177150848E-02    0.130969150167714E-01
    0.675480037900981E-02    0.117010278999161E-01
    0.598031239828290E-02    0.104269339762014E-01
    0.533429010260797E-02    0.925947218101985E-02
    0.478627939515134E-02    0.819357730316756E-02
    0.431277884620449E-02    0.721448019576113E-02
    0.389470238834702E-02    0.631715124027211E-02
    0.351737770259360E-02    0.549093255056826E-02
    0.316891009314648E-02    0.473229326594553E-02
    0.284056135346614E-02    0.403378834537006E-02
    0.252549557522662E-02    0.339406623913604E-02
    0.221916748325997E-02    0.280881318277324E-02
    0.191866608749539E-02    0.227850921427185E-02
    0.162290317658761E-02    0.180112450764633E-02
    0.133263576989854E-02    0.137853577684966E-02
    0.105041537700962E-02    0.101017352036698E-02
    0.781260854648557E-03    0.698539098403343E-03
    0.532322068535455E-03    0.443507309687521E-03
    0.314150419422311E-03    0.246984894482281E-03
    0.140072002928114E-03    0.107926840789472E-03
    0.281336577928571E-04    0.265960875690276E-04
    0.000000000000000E+00    0.000000000000000E+00
    0.000000000000000E+00    0.000000000000000E+00
    0.106127973231164E-01    0.840359466201638E-03
    0.201949212881374E-01    0.314501811816053E-02
    0.281467342300697E-01    0.656934392487423E-02
    0.341036008129729E-01    0.105625404731148E-01
    0.378635388878088E-01    0.147290646292426E-01
    0.395047508724630E-01    0.185426797829876E-01
    0.392562195591874E-01    0.217360205386547E-01
    0.375356407089836E-01    0.240506811271406E-01
    0.347840112052313E-01    0.254341529788777E-01
    0.314526443253233E-01    0.259458198877790E-01
    0.279169927223391E-01    0.256902923890824E-01
    0.244436407252215E-01    0.248727250203294E-01
    0.212274524450626E-01    0.236324989480949E-01
    0.183458755636339E-01    0.221548423580884E-01
    0.158444364839936E-01    0.205430129870569E-01
    0.137064851456093E-01    0.188965961218140E-01
    0.119064658850862E-01    0.172724196241364E-01
    0.103988337469253E-01    0.157102647226948E-01
    0.914371860790862E-02    0.142295498132176E-01
    0.809600690533090E-02    0.128422408221433E-01
    0.721722272820432E-02    0.115507154664587E-01
    0.647384907708409E-02    0.103490130841676E-01
    0.583649768576309E-02    0.923451010059236E-02
    0.528198164989260E-02    0.819858521751752E-02
    0.479010083742655E-02    0.723700797153408E-02
    0.434550163816341E-02    0.634202825463494E-02
    0.393457329559188E-02    0.551070906518485E-02
    0.354779388490798E-02    0.473711304820007E-02
    0.317666413659698E-02    0.402042939760779E-02
    0.281595734259909E-02    0.335730188030286E-02
    0.246120755121647E-02    0.274908860902028E-02
    0.211096096349149E-02    0.219465304808869E-02
    0.176463515038182E-02    0.169729476340498E-02
    0.142494256934389E-02    0.125753361655036E-02
    0.109590898160225E-02    0.879919149095097E-03
    0.785583733560848E-03    0.565667024951772E-03
    0.504013686800869E-03    0.319325863345724E-03
    0.266288892931458E-03    0.141405891987740E-03
    0.903307637797862E-04    0.353025331248606E-04
    0.000000000000000E+00    0.000000000000000E+00
    0.000000000000000E+00    0.000000000000000E+00
    0.911613573198461E-02    0.702932587575671E-03
    0.174818004701191E-01    0.264712920871346E-02
    0.246348055579216E-01    0.555084461632419E-02
    0.301929342084960E-01    0.902515608108423E-02
    0.340147394289544E-01    0.127197145270671E-01
    0.360545226976494E-01    0.162280924414574E-01
    0.364923670409606E-01    0.192954798866150E-01
    0.355895279713732E-01    0.216880931957136E-01
    0.336830927595515E-01    0.233274794509984E-01
    0.311348745212746E-01    0.242134962045247E-01
    0.282417472673897E-01    0.244077767587110E-01
    0.252739360958456E-01    0.240466890402168E-01
    0.223970515490659E-01    0.232422807631574E-01
    0.197379872886989E-01    0.221415386002905E-01
    0.173457319449425E-01    0.208423255757657E-01
    0.152455139512373E-01    0.194414203338188E-01
    0.134281808693355E-01    0.179995963700723E-01
    0.118714636902869E-01    0.165671797840083E-01
    0.105468281645423E-01    0.151726858198967E-01
    0.942108950094071E-02    0.138337383014376E-01
    0.846176353617471E-02    0.125618118494764E-01
    0.763900696538878E-02    0.113567167638320E-01
    0.692655594375157E-02    0.102213138761064E-01
    0.630127970371752E-02    0.915048415931849E-02
    0.574392202384970E-02    0.814339289960818E-02
    0.523793419715530E-02    0.719379126910042E-02
    0.476969642384590E-02    0.630088393237257E-02
    0.432791415231340E-02    0.545982745058148E-02
    0.390372749535000E-02    0.467124428021445E-02
    0.348997663756871E-02    0.393274149274811E-02
    0.308184751468647E-02    0.324702618304556E-02
    0.267594862861673E-02    0.261425406398676E-02
    0.227169031176276E-02    0.203930668641502E-02
    0.187002252726719E-02    0.152457127497369E-02
    0.147560615664078E-02    0.107652625567394E-02
    0.109515875681737E-02    0.698891830550745E-03
    0.740220130154955E-03    0.398419159658065E-03
    0.425215576458734E-03    0.178647341702650E-03
    0.170449477511643E-03    0.451587960068029E-04
    0.000000000000000E+00    0.000000000000000E+00
    0.000000000000000E+00    0.000000000000000E+00
    0.786884144693276E-02    0.580680404503018E-03
    0.152088337275997E-01    0.221172577543892E-02
    0.216096219906866E-01    0.469206835998756E-02
    0.267857100583031E-01    0.770423222710953E-02
    0.305423953796575E-01    0.109841857424822E-01
    0.328496490477064E-01    0.141833554127989E-01
    0.337749786027908E-01    0.170922280842730E-01
    0.335171912044560E-01    0.194869686937583E-01
    0.323126721989162E-01    0.212810324368339E-01
    0.304405362510505E-01    0.224372008109901E-01
    0.281557403840819E-01    0.229819358618517E-01
    0.256778840220946E-01    0.230029420902588E-01
    0.231829074485938E-01    0.225820260878150E-01
    0.207849097761309E-01    0.218361652952496E-01
    0.185660465244996E-01    0.208479942936481E-01
    0.165582488016094E-01    0.197091219558365E-01
    0.147806394630413E-01    0.184769265601653E-01
    0.132220085015462E-01    0.172073074029049E-01
    0.118695215172902E-01    0.159322618822408E-01
    0.106982608311196E-01    0.146768148676795E-01
    0.968490846866141E-02    0.134561596816848E-01
    0.880415317815795E-02    0.122779645767061E-01
    0.803351154099984E-02    0.111473118093243E-01
    0.735175457267167E-02    0.100643976826208E-01
    0.674009812336817E-02    0.903007927379157E-02
    0.618247933982896E-02    0.804132492867679E-02
    0.566449955560774E-02    0.709850145101484E-02
    0.517455334654282E-02    0.619892286579726E-02
    0.470227124696175E-02    0.534427395703293E-02
    0.423982616577474E-02    0.453379014191721E-02
    0.378053569025192E-02    0.377162183172821E-02
    0.332039290955909E-02    0.305956030059687E-02
    0.285686660635648E-02    0.240460500961770E-02
    0.239074344309043E-02    0.181105828966049E-02
    0.192497361011878E-02    0.128835159110913E-02
    0.146696796042302E-02    0.842430754381043E-03
    0.102713442894317E-02    0.483743873422961E-03
    0.621683314577253E-03    0.218214821824060E-03
    0.270485218068747E-03    0.554442568815301E-04
    0.000000000000000E+00    0.000000000000000E+00
    0.000000000000000E+00    0.000000000000000E+00
    0.682146078687333E-02    0.489950146520499E-03
    0.132668361625221E-01    0.187245633438046E-02
    0.190132670316032E-01    0.398579701839148E-02
    0.237848889241381E-01    0.660351935353728E-02
    0.274353218540704E-01    0.949858128950334E-02
    0.298762823440197E-01    0.124015322154639E-01
    0.311608251495753E-01    0.151208599279329E-01
    0.313970713253288E-01    0.174640053932826E-01
    0.307658056181100E-01    0.193361916557345E-01
    0.294778942142612E-01    0.206788725180042E-01
    0.277324554274958E-01    0.214942370586096E-01
    0.257288255814730E-01    0.218294860719990E-01
    0.236120780544899E-01    0.217419114672450E-01
    0.215097923898690E-01    0.213197805486219E-01
    0.194980088769904E-01    0.206306212849267E-01
    0.176320678897038E-01    0.197552627372677E-01
    0.159360389918382E-01    0.187471494135901E-01
    0.144191522091357E-01    0.176605703458078E-01
    0.130756529746392E-01    0.165301744090583E-01
    0.118930927026968E-01    0.153844293717758E-01
    0.108545293214051E-01    0.142423738708837E-01
    0.994054404874145E-02    0.131161177380666E-01
    0.913264082504602E-02    0.120143256210535E-01
    0.841178030730258E-02    0.109399605628961E-01
    0.776116572669450E-02    0.989678386594128E-02
    0.716461577826329E-02    0.888378067149664E-02
    0.660845152841375E-02    0.790338136001464E-02
    0.607964258663609E-02    0.695440599214093E-02
    0.556772326719046E-02    0.604028040244897E-02
    0.506268415862730E-02    0.516165733160147E-02
    0.455741281625904E-02    0.432457714640764E-02
    0.404528091317486E-02    0.353269882937528E-02
    0.352348590156387E-02    0.279536996108483E-02
    0.299013683370072E-02    0.211952467861039E-02
    0.244859064391068E-02    0.151750235959619E-02
    0.190404666904818E-02    0.998744885686378E-03
    0.136841872340245E-02    0.576968441817716E-03
    0.856749583451290E-03    0.262207906134543E-03
    0.391635355909048E-03    0.670963700240917E-04
    0.000000000000000E+00    0.000000000000000E+00
    0.000000000000000E+00    0.000000000000000E+00
    0.594356081318795E-02    0.409558369896547E-03
    0.116276322736577E-01    0.158084677543022E-02
    0.167740420089596E-01    0.339635712936449E-02
    0.211706000300313E-01    0.567280001416826E-02
    0.246544083598626E-01    0.823689448459196E-02
    0.271580901193768E-01    0.108618712324611E-01
    0.286761091225980E-01    0.133907793471786E-01
    0.292896468214595E-01    0.156483015092144E-01
    0.291150955717338E-01    0.175443529655282E-01
    0.283145222576686E-01    0.190068256267079E-01
    0.270480091905607E-01    0.200213774896146E-01
    0.254750172528816E-01    0.206070322351869E-01
    0.237330468196571E-01    0.207998456047454E-01
    0.219310257455142E-01    0.206636913285211E-01
    0.201559867687576E-01    0.202515594486701E-01
    0.184611811159208E-01    0.196308245276929E-01
    0.168862352608742E-01    0.188491420410423E-01
    0.154454124118712E-01    0.179567764766377E-01
    0.141467564327501E-01    0.169876773316013E-01
    0.129838167216158E-01    0.159722358730025E-01
    0.119487222600461E-01    0.149306928108261E-01
    0.110267292536970E-01    0.138785846793197E-01
    0.102037359478321E-01    0.128264847489902E-01
    0.946359095630896E-02    0.117802450817433E-01
    0.879110902008497E-02    0.107453372093789E-01
    0.817140238714030E-02    0.972306296653300E-02
    0.759050520105053E-02    0.871723448362956E-02
    0.703546012916542E-02    0.772844819291569E-02
    0.649420765884996E-02    0.676160448945828E-02
    0.595603049608355E-02    0.581902624655062E-02
    0.541141369682941E-02    0.490872316510170E-02
    0.485272933215255E-02    0.403638061155052E-02
    0.427435454499800E-02    0.321423159696097E-02
    0.367374074408898E-02    0.245182910385707E-02
    0.305154615720480E-02    0.176557958249401E-02
    0.241337413546840E-02    0.116809119400498E-02
    0.176926884429183E-02    0.678188907869412E-03
    0.113626723931935E-02    0.309267693595424E-03
    0.536486376922773E-03    0.793352184976553E-04
    0.000000000000000E+00    0.000000000000000E+00
    0.000000000000000E+00    0.000000000000000E+00
    0.519575557774746E-02    0.349997693619521E-03
    0.102160519344135E-01    0.135315428830819E-02
    0.148376460271989E-01    0.291546415426738E-02
    0.188648760913366E-01    0.490426532331446E-02
    0.221708464885448E-01    0.717282138904504E-02
    0.246636736075625E-01    0.954466767694082E-02
    0.263381791374275E-01    0.118805927407899E-01
    0.272253147408032E-01    0.140327244979877E-01
    0.274137035578964E-01    0.159122070753518E-01
    0.270177762180892E-01    0.174443627223114E-01
    0.261626208958397E-01    0.186023512815565E-01
    0.249822093501965E-01    0.193853164343698E-01
    0.235883877243000E-01    0.198121431346550E-01
    0.220877003741972E-01    0.199259035107493E-01
    0.205552127281948E-01    0.197658070664058E-01
    0.190546379187477E-01    0.193859446527240E-01
    0.176238816633286E-01    0.188262074361687E-01
    0.162900007272634E-01    0.181319147660185E-01
    0.150645908711893E-01    0.173339167377588E-01
    0.139511412039403E-01    0.164628172358744E-01
    0.129463755500600E-01    0.155385900320689E-01
    0.120418017529384E-01    0.145784754365496E-01
    0.112270270129274E-01    0.135940241790018E-01
    0.104888051045307E-01    0.125930996818013E-01
    0.981438536924062E-02    0.115822800799601E-01
    0.918924949805630E-02    0.105646866025658E-01
    0.860051827672742E-02    0.954522751610538E-02
    0.803382795641301E-02    0.852599392533541E-02
    0.747709595257541E-02    0.751324852024586E-02
    0.691686094032457E-02    0.651096145581578E-02
    0.634291228595935E-02    0.552912648946008E-02
    0.574394325909514E-02    0.457573005185748E-02
    0.511358591949608E-02    0.366594460302701E-02
    0.444525081671629E-02    0.281272772343424E-02
    0.373962052312626E-02    0.203645159678097E-02
    0.299880065027023E-02    0.135440795566748E-02
    0.223443218716383E-02    0.790037554839365E-03
    0.146176128591036E-02    0.362302208041619E-03
    0.706514414627528E-03    0.934421125435880E-04
    0.000000000000000E+00    0.000000000000000E+00
    0.000000000000000E+00    0.000000000000000E+00
    0.456141083454367E-02    0.297253425394407E-03
    0.900958721553531E-02    0.115900658492933E-02
    0.131552614794947E-01    0.251540699564408E-02
    0.168441004653005E-01    0.425918490556242E-02
    0.199480892921177E-01    0.627669656603918E-02
    0.223947468369810E-01    0.842078539532677E-02
    0.241498328044406E-01    0.105771266764733E-01
    0.252351610560659E-01    0.126151765671420E-01
    0.257004084941003E-01    0.144544839101260E-01
    0.256330327192327E-01    0.160191985986042E-01
    0.251277396813616E-01    0.172762977207509E-01
    0.242907790064358E-01    0.182106553973965E-01
    0.232201185370657E-01    0.188285937628214E-01
    0.220043882254972E-01    0.191558642106360E-01
    0.207188516422295E-01    0.192201915164899E-01
    0.194202424616394E-01    0.190624734726126E-01
    0.181540464967376E-01    0.187152947759881E-01
    0.169475400914204E-01    0.182168434827719E-01
    0.158211337355452E-01    0.175947295016544E-01
    0.147816908146492E-01    0.168768128709874E-01
    0.138327282080321E-01    0.160825816427986E-01
    0.129695660213790E-01    0.152287043278001E-01
    0.121860298302294E-01    0.143274745564341E-01
    0.114717982726721E-01    0.133870987587241E-01
    0.108158657342111E-01    0.124152299993138E-01
    0.102052991816346E-01    0.114154914717617E-01
    0.962681574498531E-02    0.103940461783075E-01
    0.906624928960363E-02    0.935356157025870E-02
    0.850944821085128E-02    0.830188939202275E-02
    0.794195673969885E-02    0.724404514405687E-02
    0.735019160798204E-02    0.619236711775645E-02
    0.672115976528329E-02    0.515678041433547E-02
    0.604428347010682E-02    0.415613549521395E-02
    0.531148346777459E-02    0.320648979299412E-02
    0.451921068585016E-02    0.233366486200061E-02
    0.366947309604915E-02    0.155909475447359E-02
    0.277091480370741E-02    0.913307256064929E-03
    0.184117333273072E-02    0.419822683552123E-03
    0.905532640686707E-03    0.108438185302161E-03
    0.000000000000000E+00    0.000000000000000E+00
    0.000000000000000E+00    0.000000000000000E+00
    0.401209178893245E-02    0.258074354404643E-03
    0.795814890973654E-02    0.100668771559262E-02
    0.116834615136021E-01    0.218986925563908E-02
    0.150496444821477E-01    0.372855665361263E-02
    0.179544710959403E-01    0.552704706809238E-02
    0.203168938624101E-01    0.746974887043526E-02
    0.221086163870286E-01    0.945690007872628E-02
    0.233244642507793E-01    0.113793818016049E-01
    0.240016726672810E-01    0.131618424304887E-01
    0.241967848002191E-01    0.147330642107834E-01
    0.239835509563510E-01    0.160554200986037E-01
    0.234464051417117E-01    0.171051786776826E-01
    0.226641332555217E-01    0.178785594062997E-01
    0.217170135448447E-01    0.183881391961642E-01
    0.206683336911326E-01    0.186508711364644E-01
    0.195766478601979E-01    0.186968331647963E-01
    0.184828892106244E-01    0.185500940603416E-01
    0.174207600922538E-01    0.182426671067199E-01
    0.164109943453762E-01    0.177966781142943E-01
    0.154673061998757E-01    0.172375956504330E-01
    0.145957411544951E-01    0.165817980408225E-01
    0.137966799597807E-01    0.158458729784240E-01
    0.130669110356184E-01    0.150403132587062E-01
    0.123987136319304E-01    0.141742736140894E-01
    0.117833611314630E-01    0.132543032684905E-01
    0.112081780430887E-01    0.122851346280179E-01
    0.106609414783103E-01    0.112724084951235E-01
    0.101256060903148E-01    0.102199620435552E-01
    0.958777575944352E-02    0.913592518068711E-02
    0.902919523923901E-02    0.802686682267005E-02
    0.843500298647084E-02    0.690667055583881E-02
    0.778683743220763E-02    0.578777984257731E-02
    0.707254196716364E-02    0.469230414712794E-02
    0.627783207428131E-02    0.364046501929047E-02
    0.539849681045500E-02    0.266317545227837E-02
    0.443093319231262E-02    0.178803011522362E-02
    0.338548024394286E-02    0.105192903352714E-02
    0.227686303072025E-02    0.486037819820545E-03
    0.113555636955163E-02    0.126177858288053E-03
    0.000000000000000E+00    0.000000000000000E+00
    0.000000000000000E+00    0.000000000000000E+00
    0.353851971723812E-02    0.223369923911098E-03
    0.704501355668328E-02    0.877398761440792E-03
    0.103894746610335E-01    0.191926780395610E-02
    0.134602739616614E-01    0.328481847022031E-02
    0.161596400576034E-01    0.489865071041881E-02
    0.184222639320902E-01    0.666462306143332E-02
    0.202062620247524E-01    0.850037850528374E-02
    0.215055749711282E-01    0.103112208070444E-01
    0.223345656973405E-01    0.120304353613224E-01
    0.227359402877820E-01    0.135907124321095E-01
    0.227619661935049E-01    0.149535851689022E-01
    0.224791547307088E-01    0.160896000769326E-01
    0.219529369820860E-01    0.169881562420157E-01
    0.212491005676341E-01    0.176514456301320E-01
    0.204266774944265E-01    0.180881077191998E-01
    0.195361468399493E-01    0.183180051562111E-01
    0.186204187633701E-01    0.183584566927945E-01
    0.177108160401082E-01    0.182337905687568E-01
    0.168326744315620E-01    0.179619587212288E-01
    0.160008228611262E-01    0.175634700026843E-01
    0.152259565300740E-01    0.170527034228832E-01
    0.145109767976592E-01    0.164432246805676E-01
    0.138558988688390E-01    0.157449088154133E-01
    0.132554747371323E-01    0.149648552984292E-01
    0.127021533697594E-01    0.141097882934425E-01
    0.121847613266346E-01    0.131827955472627E-01
    0.116901245333913E-01    0.121902029769915E-01
    0.112021976109665E-01    0.111346726079388E-01
    0.107035564568404E-01    0.100256463441077E-01
    0.101743111558365E-01    0.886943260448149E-02
    0.959464952219899E-02    0.768239030475199E-02
    0.894335912506273E-02    0.647823591851517E-02
    0.820188982007914E-02    0.528352032017642E-02
    0.735304989636309E-02    0.412172652489532E-02
    0.638590464925179E-02    0.303095563680711E-02
    0.529579304573995E-02    0.204395203593588E-02
    0.408806673194389E-02    0.120755064872596E-02
    0.278033839349487E-02    0.559025001567684E-03
    0.140241295938640E-02    0.145305688193398E-03
    0.000000000000000E+00    0.000000000000000E+00
    0.000000000000000E+00    0.000000000000000E+00
    0.312081208668236E-02    0.197499019604245E-03
    0.623713296561276E-02    0.775432296622959E-03
    0.924088300941537E-02    0.169914852657652E-02
    0.120335754967608E-01    0.292029704536265E-02
    0.145355336561801E-01    0.437531822786782E-02
    0.166798843187493E-01    0.598782983693320E-02
    0.184319154416748E-01    0.768653315463842E-02
    0.197715359132315E-01    0.939244033513965E-02
    0.207086395739068E-01    0.110448328468562E-01
    0.212667233093780E-01    0.125830005082245E-01
    0.214863543637642E-01    0.139680868704291E-01
    0.214176024002695E-01    0.151682759434216E-01
    0.211129587067334E-01    0.161677449108905E-01
    0.206289070448983E-01    0.169613758269292E-01
    0.200145781479190E-01    0.175504771993203E-01
    0.193182629351615E-01    0.179470263693549E-01
    0.185774686168678E-01    0.181611512867149E-01
    0.178258828557329E-01    0.182112760427713E-01
    0.170873676319623E-01    0.181093331834629E-01
    0.163807410481041E-01    0.178725309889389E-01
    0.157177438073419E-01    0.175104348921968E-01
    0.151047989344935E-01    0.170353407894246E-01
    0.145439757013642E-01    0.164531846696799E-01
    0.140319540169771E-01    0.157708916800841E-01
    0.135630178854587E-01    0.149918624555070E-01
    0.131257467348040E-01    0.141194573341290E-01
    0.127077339126111E-01    0.131573519439957E-01
    0.122901822307777E-01    0.121087315173472E-01
    0.118548888337414E-01    0.109815495958299E-01
    0.113765392320843E-01    0.978318872626804E-02
    0.108330488626081E-01    0.853046590756540E-02
    0.101952356168150E-01    0.723954413852367E-02
    0.944159683078510E-02    0.594015661881420E-02
    0.854528223441223E-02    0.466066575646200E-02
    0.749346540881908E-02    0.344545767065870E-02
    0.627227872172426E-02    0.233533292739773E-02
    0.488869567000245E-02    0.138586315502923E-02
    0.335514251201467E-02    0.645032146628025E-03
    0.170905939857076E-02    0.168566254580277E-03
    0.000000000000000E+00    0.000000000000000E+00
    0.000000000000000E+00    0.000000000000000E+00
    0.275370759594632E-02    0.174583856729941E-03
    0.552246220162077E-02    0.689139380747812E-03
    0.821578013521638E-02    0.151608188816473E-02
    0.107524944853326E-01    0.261585717184084E-02
    0.130586262732268E-01    0.393744363844246E-02
    0.150792709110299E-01    0.541717306670745E-02
    0.167739050377545E-01    0.699583416029276E-02
    0.181249180141875E-01    0.860543196581279E-02
    0.191291049056132E-01    0.101928512080454E-01
    0.198036786148483E-01    0.117027108846642E-01
    0.201748670972805E-01    0.130978060589856E-01
    0.202820067599238E-01    0.143452581919699E-01
    0.201667732506105E-01    0.154261439495008E-01
    0.198752361401672E-01    0.163299361156341E-01
    0.194510847526978E-01    0.170525466048476E-01
    0.189354047945897E-01    0.175990179266326E-01
    0.183649489262421E-01    0.179739988622691E-01
    0.177700498028561E-01    0.181894569042456E-01
    0.171766100617630E-01    0.182529713474091E-01
    0.166031618697841E-01    0.181764926498939E-01
    0.160643028738066E-01    0.179666353984799E-01
    0.155679504491490E-01    0.176314102432975E-01
    0.151183477919392E-01    0.171749682660218E-01
    0.147141404025146E-01    0.166003971022098E-01
    0.143501584562607E-01    0.159101101295893E-01
    0.140162442493100E-01    0.151037803706531E-01
    0.136982822900095E-01    0.141847345897649E-01
    0.133770715610727E-01    0.131528028551297E-01
    0.130300152863768E-01    0.120164847223869E-01
    0.126291526094783E-01    0.107808761620913E-01
    0.121451609513422E-01    0.946500071674209E-02
    0.115441817850317E-01    0.808488699276053E-02
    0.107949904696503E-01    0.667537687201855E-02
    0.986548529301509E-02    0.526776634236103E-02
    0.873206582166330E-02    0.391585488291426E-02
    0.737795893208912E-02    0.266661029477926E-02
    0.580153897954871E-02    0.158968984268916E-02
    0.401845935885820E-02    0.741277408208623E-03
    0.206437351544835E-02    0.194000386159443E-03
    0.000000000000000E+00    0.000000000000000E+00
    0.000000000000000E+00    0.000000000000000E+00
    0.242353300737686E-02    0.157395481157118E-03
    0.487936342375694E-02    0.620570433046300E-03
    0.729096059094128E-02    0.136673054378892E-02
    0.958717272271792E-02    0.236518625450093E-02
    0.117065597602488E-01    0.357272276708548E-02
    0.135953186665057E-01    0.493814574845175E-02
    0.152195980343554E-01    0.641033304589355E-02
    0.165546891659047E-01    0.793257892896870E-02
    0.175969222591778E-01    0.945728131344072E-02
    0.183518485349496E-01    0.109355855481982E-01
    0.188398190529208E-01    0.123318308688114E-01
    0.190886339452995E-01    0.136138938669927E-01
    0.191319234555512E-01    0.147607666353976E-01
    0.190077308307595E-01    0.157584639918157E-01
    0.187524919512572E-01    0.165985016657380E-01
    0.184038006145366E-01    0.172808048087607E-01
    0.179936229201595E-01    0.178046756950128E-01
    0.175524500228623E-01    0.181773907944511E-01
    0.171041954418863E-01    0.184010586130659E-01
    0.166695041135081E-01    0.184843385630546E-01
    0.162632013319821E-01    0.184284883574027E-01
    0.158956247832737E-01    0.182396328224238E-01
    0.155724511268711E-01    0.179165697706982E-01
    0.152937274009260E-01    0.174614262046508E-01
    0.150557770797909E-01    0.168711764411693E-01
    0.148477543875663E-01    0.161449154346761E-01
    0.146559676161327E-01    0.152807628743379E-01
    0.144574888470312E-01    0.142781216994578E-01
    0.142281927420294E-01    0.131414155339362E-01
    0.139325219748143E-01    0.118758898861147E-01
    0.135374192166646E-01    0.104990363951039E-01
    0.129972601134661E-01    0.902881776302946E-02
    0.122757232991629E-01    0.750258352097258E-02
    0.113256564901613E-01    0.595709746416067E-02
    0.101194279398971E-01    0.445366793617311E-02
    0.862494962717146E-02    0.304980947852552E-02
    0.684162831401900E-02    0.182714534648146E-02
    0.477535938708504E-02    0.857170770788302E-03
    0.247290189865482E-02    0.225696026709157E-03
    0.000000000000000E+00    0.000000000000000E+00
    0.000000000000000E+00    0.000000000000000E+00
    0.212732083927674E-02    0.142142551155307E-03
    0.429942122702789E-02    0.562451303079747E-03
    0.645199635495164E-02    0.124183689914626E-02
    0.852501757454521E-02    0.215483876255997E-02
    0.104621827035553E-01    0.326615588058930E-02
    0.122184904122747E-01    0.453289013661574E-02
    0.137579578746354E-01    0.591243762310007E-02
    0.150594307453398E-01    0.735611509187827E-02
    0.161118463640077E-01    0.882268975281143E-02
    0.169186718605347E-01    0.102684163460067E-01
    0.174909745198276E-01    0.116603693539792E-01
    0.178507300737962E-01    0.129675550668313E-01
    0.180235482502060E-01    0.141681933780881E-01
    0.180406882975028E-01    0.152460927862217E-01
    0.179336181140469E-01    0.161896683313063E-01
    0.177344267093412E-01    0.169947794147690E-01
    0.174733879610295E-01    0.176567110190027E-01
    0.171778425885645E-01    0.181781481926481E-01
    0.168724406151438E-01    0.185572830044648E-01
    0.165770641742022E-01    0.187982963695916E-01
    0.163084105935975E-01    0.188991043225072E-01
    0.160778277934235E-01    0.188614155960490E-01
    0.158926961528405E-01    0.186812633498558E-01
    0.157548294723775E-01    0.183560116670339E-01
    0.156608647932387E-01    0.178802834069092E-01
    0.156011998762838E-01    0.172477266345885E-01
    0.155598847722526E-01    0.164545509512582E-01
    0.155132609997616E-01    0.154942622263134E-01
    0.154312970219003E-01    0.143703287326205E-01
    0.152745056964045E-01    0.130827682514155E-01
    0.149995095251228E-01    0.116503946334111E-01
    0.145533553409235E-01    0.100885057039916E-01
    0.138850874755634E-01    0.844002478867774E-02
    0.129385112241688E-01    0.674352285152314E-02
    0.116687933952990E-01    0.507254394733718E-02
    0.100374556651536E-01    0.349172776497923E-02
    0.802886444653674E-02    0.210285013516977E-02
    0.565177895580478E-02    0.988464068730665E-03
    0.294799175861867E-02    0.260790895467971E-03
    0.000000000000000E+00    0.000000000000000E+00
    0.000000000000000E+00    0.000000000000000E+00
    0.185595109076719E-02    0.130471175740879E-03
    0.376884133445332E-02    0.515403087414884E-03
    0.568310281144943E-02    0.113852877873667E-02
    0.754579938463302E-02    0.197934870022906E-02
    0.930922900677156E-02    0.300782665105447E-02
    0.109301062661948E-01    0.418913206338507E-02
    0.123780899884813E-01    0.548654060783146E-02
    0.136285031066988E-01    0.685952688868742E-02
    0.146716940431251E-01    0.827149142679783E-02
    0.155041383099488E-01    0.968445776912820E-02
    0.161345497928099E-01    0.110677643200358E-01
    0.165771282591961E-01    0.123925911646927E-01
    0.168530112420148E-01    0.136369224798182E-01
    0.169872478040639E-01    0.147835464074948E-01
    0.170066023053661E-01    0.158186926088831E-01
    0.169397343381681E-01    0.167353599478605E-01
    0.168133992986369E-01    0.175253974087251E-01
    0.166542551557388E-01    0.181882486718891E-01
    0.164852885177450E-01    0.187178588660019E-01
    0.163276260550827E-01    0.191157265973477E-01
    0.161981308101576E-01    0.193747658802421E-01
    0.161101949574905E-01    0.194948364435736E-01
    0.160726144471194E-01    0.194659129124142E-01
    0.160887303272864E-01    0.192840655314516E-01
    0.161567917286491E-01    0.189365743437379E-01
    0.162667396525120E-01    0.184157948286439E-01
    0.164030046176017E-01    0.177096333797469E-01
    0.165376469184530E-01    0.168099767272379E-01
    0.166383342006032E-01    0.157124270410927E-01
    0.166555291679549E-01    0.144155785480567E-01
    0.165401444482012E-01    0.129333383865414E-01
    0.162221831237478E-01    0.112817058061623E-01
    0.156424317131478E-01    0.950435125218193E-02
    0.147212211679895E-01    0.764570003617439E-02
    0.134061747666503E-01    0.578783262037753E-02
    0.116331932796068E-01    0.400929046499937E-02
    0.938594305179442E-02    0.242823502597088E-02
    0.665466932514088E-02    0.114944052590644E-02
    0.349683064166427E-02    0.305370067551316E-03
    0.000000000000000E+00    0.000000000000000E+00
    0.000000000000000E+00    0.000000000000000E+00
    0.160786496734461E-02    0.119984448945936E-03
    0.328215241824014E-02    0.474830957045808E-03
    0.497527336452917E-02    0.105024657039698E-02
    0.664125430993923E-02    0.182888184463857E-02
    0.823625966187515E-02    0.278598960490281E-02
    0.972338195853496E-02    0.389221939344171E-02
    0.110716879203120E-01    0.511709462651336E-02
    0.122601550052049E-01    0.642585293102345E-02
    0.132749651761073E-01    0.778720089485149E-02
    0.141127686163028E-01    0.916750770594821E-02
    0.147763650234135E-01    0.105392269883177E-01
    0.152773229888986E-01    0.118755371861927E-01
    0.156311130601688E-01    0.131550670749078E-01
    0.158588655128991E-01    0.143603217299854E-01
    0.159833607756904E-01    0.154761948457415E-01
    0.160296024939643E-01    0.164938435966259E-01
    0.160226373403448E-01    0.174025624037353E-01
    0.159867858889870E-01    0.181991895068728E-01
    0.159454038553149E-01    0.188746007153536E-01
    0.159190872747229E-01    0.194273104716615E-01
    0.159264264623150E-01    0.198470287390299E-01
    0.159819771781851E-01    0.201301205259868E-01
    0.160966261837339E-01    0.202631053055731E-01
    0.162759068361710E-01    0.202373811223403E-01
    0.165190783921260E-01    0.200363952221648E-01
    0.168180092736274E-01    0.196458702994118E-01
    0.171552161979948E-01    0.190494925396601E-01
    0.175022892684093E-01    0.182303971858486E-01
    0.178198021362146E-01    0.171805582692870E-01
    0.180530301054694E-01    0.158890736665951E-01
    0.181386963982211E-01    0.143691574093952E-01
    0.179957332181176E-01    0.126298740627360E-01
    0.175432437814191E-01    0.107203387093049E-01
    0.166865118594230E-01    0.868423661966274E-02
    0.153458340113068E-01    0.661963209964574E-02
    0.134445605134667E-01    0.461268396253361E-02
    0.109400575970612E-01    0.281075540883818E-02
    0.782326340873518E-02    0.133346499678225E-02
    0.413930752099370E-02    0.355249406083228E-03
    0.000000000000000E+00    0.000000000000000E+00
    0.000000000000000E+00    0.000000000000000E+00
    0.137750665407050E-02    0.111474175759662E-03
    0.283125136810897E-02    0.440372676158429E-03
    0.431882734188309E-02    0.974178372261961E-03
    0.579870187185934E-02    0.169839833990914E-02
    0.723287657871011E-02    0.259206131169062E-02
    0.858586911207512E-02    0.363130105778440E-02
    0.983133105612864E-02    0.479002748450516E-02
    0.109465081061700E-01    0.603950880439308E-02
    0.119197649453232E-01    0.735225879622484E-02
    0.127435976308598E-01    0.869952236403747E-02
    0.134204929661578E-01    0.100561943206500E-01
    0.139568972204134E-01    0.113981241915837E-01
    0.143662356634916E-01    0.127048074702843E-01
    0.146651023542392E-01    0.139591464253271E-01
    0.148736500482911E-01    0.151455308189662E-01
    0.150140075968785E-01    0.162539328535419E-01
    0.151090929501544E-01    0.172720580045788E-01
    0.151823928907538E-01    0.181949144946630E-01
    0.152563899646342E-01    0.190108899662480E-01
    0.153528162195819E-01    0.197167835032998E-01
    0.154909908229010E-01    0.202985675820019E-01
    0.156878802600138E-01    0.207513973846617E-01
    0.159565308187633E-01    0.210559638502707E-01
    0.163051439989014E-01    0.212026763278188E-01
    0.167356119666842E-01    0.211662017107417E-01
    0.172410145211981E-01    0.209307229928480E-01
    0.178051013615729E-01    0.204678008424639E-01
    0.183960356565705E-01    0.197576635289932E-01
    0.189717612156300E-01    0.187786093424500E-01
    0.194653557702400E-01    0.175159143863843E-01
    0.198054680310462E-01    0.159717716172319E-01
    0.198864509471766E-01    0.141537116005962E-01
    0.196146703523086E-01    0.121077271250663E-01
    0.188588313441686E-01    0.988327920556633E-02
    0.175260283844995E-01    0.758769755417352E-02
    0.154973765126769E-01    0.532548187484621E-02
    0.127255325059664E-01    0.326627190983449E-02
    0.916667966361256E-02    0.156238908947554E-02
    0.488706193745515E-02    0.419541259813711E-03
    0.000000000000000E+00    0.000000000000000E+00
    0.000000000000000E+00    0.000000000000000E+00
    0.116425358566907E-02    0.103525295993659E-03
    0.241326642995999E-02    0.409065728410320E-03
    0.370898821374548E-02    0.905488005337802E-03
    0.501404493285836E-02    0.158029104487970E-02
    0.629280733766340E-02    0.241649317172861E-02
    0.751445551091622E-02    0.339398239372408E-02
    0.865253967830075E-02    0.449154024857534E-02
    0.968772963481952E-02    0.568462475886181E-02
    0.106060292310284E-01    0.695019467650126E-02
    0.114012716103434E-01    0.826305657919002E-02
    0.120722011759713E-01    0.960120464698776E-02
    0.126246044821368E-01    0.109427439244181E-01
    0.130679697750565E-01    0.122686167143848E-01
    0.134170153915967E-01    0.135625917287564E-01
    0.136888529851466E-01    0.148089996304320E-01
    0.139035214383832E-01    0.159976784447032E-01
    0.140825128674104E-01    0.171151411652219E-01
    0.142479600821504E-01    0.181557042352325E-01
    0.144227444421166E-01    0.191059623060713E-01
    0.146286830562452E-01    0.199618054166350E-01
    0.148873256670049E-01    0.207066130403808E-01
    0.152173865954997E-01    0.213341467965435E-01
    0.156353443491780E-01    0.218215082215869E-01
    0.161529048630047E-01    0.221559919404312E-01
    0.167751594632407E-01    0.223070716570197E-01
    0.174990849368199E-01    0.222524172308567E-01
    0.183088651938279E-01    0.219560259324142E-01
    0.191740575918420E-01    0.213865879511839E-01
    0.200456563905347E-01    0.205139712653143E-01
    0.208510401450434E-01    0.193077824912020E-01
    0.215001418692438E-01    0.177650255026803E-01
    0.218712060448503E-01    0.158786287108573E-01
    0.218383402694347E-01    0.136994666798797E-01
    0.212461452441146E-01    0.112705542523219E-01
    0.199585638969001E-01    0.872096907403740E-02
    0.178333319276492E-01    0.616249376142540E-02
    0.147784560526839E-01    0.380658105610301E-02
    0.107442436087615E-01    0.182561255322972E-02
    0.576918079237608E-02    0.492307644680315E-03
    0.000000000000000E+00    0.000000000000000E+00
    0.000000000000000E+00    0.000000000000000E+00
    0.965594210876776E-03    0.962527358595348E-04
    0.202445175299476E-02    0.379923392685809E-03
    0.314125079028429E-02    0.841306501738192E-03
    0.428067032643379E-02    0.146984778080186E-02
    0.541105196124254E-02    0.225160020604232E-02
    0.650243482803412E-02    0.317051043234617E-02
    0.753207258762335E-02    0.420883450652381E-02
    0.847985544223054E-02    0.534659991923481E-02
    0.933417012792360E-02    0.656396971847455E-02
    0.100864773456587E-01    0.783971047449761E-02
    0.107362666354435E-01    0.915428409401596E-02
    0.112860295134841E-01    0.104883813531181E-01
    0.117446808983830E-01    0.118245586802867E-01
    0.121236855928867E-01    0.131476464354238E-01
    0.124389483010909E-01    0.144428298093171E-01
    0.127081469774694E-01    0.156998283491430E-01
    0.129517284606912E-01    0.169055016765465E-01
    0.131911218824593E-01    0.180534278870416E-01
    0.134491613454670E-01    0.191300907767416E-01
    0.137489106331801E-01    0.201308532299161E-01
    0.141135616872850E-01    0.210376147561702E-01
    0.145648233652569E-01    0.218441301285792E-01
    0.151228151187566E-01    0.225237180703707E-01
    0.158044648431769E-01    0.230638526523490E-01
    0.166198853450682E-01    0.234250570661793E-01
    0.175711365924559E-01    0.235843497342651E-01
    0.186464899764720E-01    0.234893149335409E-01
    0.198163926610798E-01    0.231050048333968E-01
    0.210302750856858E-01    0.223781428821991E-01
    0.222029129741750E-01    0.212710221556582E-01
    0.232332205840889E-01    0.197582628559220E-01
    0.239645289810149E-01    0.178265674582988E-01
    0.242515997265765E-01    0.155167697408246E-01
    0.238823986035162E-01    0.128766182264852E-01
    0.226996578936034E-01    0.100437607539034E-01
    0.204905908868157E-01    0.715584749367245E-02
    0.171515575812809E-01    0.445273491937042E-02
    0.125682040425046E-01    0.215597140418163E-02
    0.680531258942590E-02    0.586582031916847E-03
    0.000000000000000E+00    0.000000000000000E+00
    0.000000000000000E+00    0.000000000000000E+00
    0.781552846666568E-03    0.889650119255804E-04
    0.166440896605887E-02    0.350935720870962E-03
    0.261434429006951E-02    0.777955621810680E-03
    0.359845933998504E-02    0.136092976712549E-02
    0.458603257771221E-02    0.208950432214711E-02
    0.555071839962318E-02    0.295039790368408E-02
    0.646977020322189E-02    0.392989393972246E-02
    0.732623926709546E-02    0.501120410998666E-02
    0.810723606748441E-02    0.617814493624575E-02
    0.880608737650760E-02    0.741245019638684E-02
    0.941995304744708E-02    0.869734110104173E-02
    0.995175058412812E-02    0.100158240059038E-01
    0.104076330073333E-01    0.113521734587680E-01
    0.107984327734899E-01    0.126928410823174E-01
    0.111376617674127E-01    0.140237165707297E-01
    0.114419608293403E-01    0.153356777221513E-01
    0.117304331473896E-01    0.166157012655893E-01
    0.120239061908295E-01    0.178585501932156E-01
    0.123456267155668E-01    0.190502750009115E-01
    0.127190876294838E-01    0.201880631935203E-01
    0.131703551823230E-01    0.212523102472047E-01
    0.137237303911643E-01    0.222384820041917E-01
    0.144043534075693E-01    0.231180401632047E-01
    0.152348586403298E-01    0.238792734933944E-01
    0.162331100248270E-01    0.244763546931114E-01
    0.174085505806246E-01    0.248829238264323E-01
    0.187558848224087E-01    0.250353062840907E-01
    0.202526722364607E-01    0.248859969831559E-01
    0.218457375342501E-01    0.243638648660981E-01
    0.234460409789641E-01    0.234066406869514E-01
    0.249290309225190E-01    0.219742162351165E-01
    0.261154171320411E-01    0.200241968222669E-01
    0.268110689794777E-01    0.176012238427572E-01
    0.267648787774043E-01    0.147365201007903E-01
    0.257526913578574E-01    0.115965862137435E-01
    0.235199196017540E-01    0.832497152936861E-02
    0.198881378428694E-01    0.522252100069586E-02
    0.147247632183628E-01    0.253523476745782E-02
    0.803549107543296E-02    0.693476673283907E-03
    0.000000000000000E+00    0.000000000000000E+00
    0.000000000000000E+00    0.000000000000000E+00
    0.612363449370001E-03    0.812762989805691E-04
    0.133273885823998E-02    0.320941578326007E-03
    0.212810219830732E-02    0.712733546976614E-03
    0.296559572738698E-02    0.124950454457940E-02
    0.381738365385161E-02    0.192370516199663E-02
    0.465758102047217E-02    0.272538609392204E-02
    0.546651281217501E-02    0.364380195051963E-02
    0.622716088321838E-02    0.466560363333271E-02
    0.692890767061114E-02    0.577744605124162E-02
    0.756397226639417E-02    0.696401302190779E-02
    0.813063069637256E-02    0.821104217411457E-02
    0.862979607959816E-02    0.950358547957544E-02
    0.906770190205563E-02    0.108281210164530E-01
    0.945280349840824E-02    0.121721718500367E-01
    0.979804355762818E-02    0.135236997538486E-01
    0.101180573161654E-01    0.148738032451489E-01
    0.104313932126126E-01    0.162118759855752E-01
    0.107581112256372E-01    0.175326568087234E-01
    0.111217191967468E-01    0.188247350203018E-01
    0.115462858084649E-01    0.200857162943549E-01
    0.120598154396727E-01    0.212988216213573E-01
    0.126908390513683E-01    0.224601816992275E-01
    0.134695534946158E-01    0.235432654371502E-01
    0.144271737938995E-01    0.245387742626512E-01
    0.155906824365648E-01    0.253947666396470E-01
    0.169805322210128E-01    0.260870749382622E-01
    0.186023950720650E-01    0.265342698179216E-01
    0.204471824056837E-01    0.266870775806417E-01
    0.224655821729072E-01    0.264348344327223E-01
    0.245610740726950E-01    0.257035631191196E-01
    0.265953386200371E-01    0.244080117090602E-01
    0.283396636531807E-01    0.224912710371581E-01
    0.295721751830105E-01    0.199712033228035E-01
    0.299463921126017E-01    0.168853065160004E-01
    0.292071815204115E-01    0.134031452233716E-01
    0.269827982166639E-01    0.970760242668879E-02
    0.230692456256800E-01    0.613791970891864E-02
    0.172277889308410E-01    0.301076365457162E-02
    0.948999571106162E-02    0.830764111513744E-03
    0.000000000000000E+00    0.000000000000000E+00
    0.000000000000000E+00    0.000000000000000E+00
    0.458452994094275E-03    0.730379027680695E-04
    0.103143860313231E-02    0.288416768170245E-03
    0.168415095488672E-02    0.642914671666019E-03
    0.238552501568433E-02    0.113075834249704E-02
    0.310760599193049E-02    0.174814470224583E-02
    0.382774187796312E-02    0.248739806851094E-02
    0.452642447389843E-02    0.334112188170107E-02
    0.518960897576528E-02    0.429856697525621E-02
    0.580623004770503E-02    0.534911902642677E-02
    0.637048796817225E-02    0.648007888305443E-02
    0.687933394135001E-02    0.767923172367841E-02
    0.733450370730590E-02    0.893401535296663E-02
    0.774025430215066E-02    0.102323377118302E-01
    0.810490939263267E-02    0.115638718442273E-01
    0.843929994635352E-02    0.129175520922542E-01
    0.875743061289777E-02    0.142866220699927E-01
    0.907620901913796E-02    0.156615012360138E-01
    0.941511222083713E-02    0.170400024749735E-01
    0.979764923288695E-02    0.184109903089036E-01
    0.102480262207886E-01    0.197762377850701E-01
    0.107962977569891E-01    0.211207232702897E-01
    0.114742841807683E-01    0.224465153710208E-01
    0.123188462754451E-01    0.237276149679951E-01
    0.133670253925973E-01    0.249642787056339E-01
    0.146607054668518E-01    0.260979318605881E-01
    0.162338909895425E-01    0.271093419693754E-01
    0.181089478847249E-01    0.279068733963964E-01
    0.202964066196398E-01    0.284361280779772E-01
    0.227620509515886E-01    0.285478661118641E-01
    0.254162487091542E-01    0.281329212854549E-01
    0.280930890322978E-01    0.270706791325184E-01
    0.305329008195323E-01    0.252467276033700E-01
    0.324365468943848E-01    0.226770035998236E-01
    0.333910643215514E-01    0.193593195726645E-01
    0.330324718889721E-01    0.155145668344395E-01
    0.309236723570435E-01    0.113208756290634E-01
    0.267399757676719E-01    0.721732269222635E-02
    0.201994543891637E-01    0.355086805542134E-02
    0.112261865391164E-01    0.985138921549908E-03
    0.000000000000000E+00    0.000000000000000E+00
    0.000000000000000E+00    0.000000000000000E+00
    0.322491021117254E-03    0.636113514944379E-04
    0.762339088212689E-03    0.252722462816239E-03
    0.128550770344940E-02    0.566642920089442E-03
    0.185974189752329E-02    0.100227728638035E-02
    0.245966508216969E-02    0.155864782334925E-02
    0.306326329014609E-02    0.223096060152242E-02
    0.365370906061084E-02    0.301450267800338E-02
    0.421773557487012E-02    0.390083371295923E-02
    0.474622532102878E-02    0.488199208212164E-02
    0.523335334144898E-02    0.594701336889050E-02
    0.567703343212613E-02    0.708630862705054E-02
    0.607798932598510E-02    0.828841821778422E-02
    0.644050307471818E-02    0.954394899000430E-02
    0.677116953367560E-02    0.108430374267974E-01
    0.708012757255581E-02    0.121777419836163E-01
    0.737956335441585E-02    0.135412061765816E-01
    0.768544099138439E-02    0.149279869554725E-01
    0.801572356936719E-02    0.163358255650382E-01
    0.839295533691520E-02    0.177591679161071E-01
    0.884130333500423E-02    0.191991432108721E-01
    0.939168331775120E-02    0.206508214744972E-01
    0.100811824408426E-01    0.221175366585649E-01
    0.109520653299029E-01    0.235819056151684E-01
    0.120465582140779E-01    0.250499366616492E-01
    0.134200336658326E-01    0.264705904330085E-01
    0.151301968709942E-01    0.278301081768011E-01
    0.172229227334149E-01    0.290298353876254E-01
    0.197440365812987E-01    0.300243433886289E-01
    0.226822849400233E-01    0.306011589362872E-01
    0.259701940188712E-01    0.306375042538619E-01
    0.294252755812592E-01    0.299156492296009E-01
    0.327153680140041E-01    0.282898682906865E-01
    0.354956903403518E-01    0.257105152873070E-01
    0.371796333849287E-01    0.221815829961832E-01
    0.373582877880007E-01    0.179328881900991E-01
    0.354217258893307E-01    0.132045015783791E-01
    0.310059145616067E-01    0.848117095472588E-02
    0.236493663478118E-01    0.422640888751638E-02
    0.132965360468055E-01    0.118422449106524E-02
    0.000000000000000E+00    0.000000000000000E+00
    0.000000000000000E+00    0.000000000000000E+00
    0.204939111146561E-03    0.531930526023079E-04
    0.529455506683560E-03    0.212504036547651E-03
    0.935775970750667E-03    0.482348345054794E-03
    0.139420530872119E-02    0.861199403134816E-03
    0.187902608022562E-02    0.135201648610192E-02
    0.237168976611699E-02    0.195203523776550E-02
    0.285610169903113E-02    0.265896387470925E-02
    0.332179844097640E-02    0.346667337409891E-02
    0.376007454991593E-02    0.436867445781984E-02
    0.416683470608957E-02    0.535652751933061E-02
    0.453952633244822E-02    0.642155522283336E-02
    0.487951380466851E-02    0.755485309687939E-02
    0.518970909680579E-02    0.874764073639240E-02
    0.547642635096909E-02    0.999259764484863E-02
    0.574778473668842E-02    0.112824254304014E-01
    0.601502189131739E-02    0.126131617001751E-01
    0.629195561266673E-02    0.139801238479692E-01
    0.659512562505532E-02    0.153851400686916E-01
    0.694557846713052E-02    0.168236005791869E-01
    0.736659023164420E-02    0.183020270761005E-01
    0.788848372444813E-02    0.198210708486326E-01
    0.854891759662553E-02    0.213973765016230E-01
    0.939819157541682E-02    0.230101075036458E-01
    0.104810494210726E-01    0.246815978974037E-01
    0.118653034212505E-01    0.263743679430893E-01
    0.136350238825512E-01    0.280958155660509E-01
    0.158727852168537E-01    0.297384097462969E-01
    0.186521533329723E-01    0.312828261689242E-01
    0.220232663222111E-01    0.324589861227242E-01
    0.259791736668303E-01    0.331106616278389E-01
    0.303266955333537E-01    0.329141302977255E-01
    0.346770276657066E-01    0.316039776333094E-01
    0.385487734820864E-01    0.291175309071626E-01
    0.412357991071329E-01    0.253593278727901E-01
    0.421335857552596E-01    0.206904239728726E-01
    0.405393883774872E-01    0.153498144809545E-01
    0.359273071499194E-01    0.993885046857942E-02
    0.277444751160252E-01    0.497545629463790E-02
    0.157430330583137E-01    0.141893089583957E-02
    0.000000000000000E+00    0.000000000000000E+00
    0.000000000000000E+00    0.000000000000000E+00
    0.110047209158068E-03    0.413642801530033E-04
    0.335021523214729E-03    0.168811886705852E-03
    0.639027858385573E-03    0.390431637324204E-03
    0.991511564073081E-03    0.708478910799970E-03
    0.136976849969075E-02    0.112864016966068E-02
    0.175700517282378E-02    0.165031091898564E-02
    0.213952240283908E-02    0.227363264144945E-02
    0.250876278027026E-02    0.299335827866414E-02
    0.285741882677732E-02    0.380559881809463E-02
    0.318238844502988E-02    0.470220306689171E-02
    0.348152137509472E-02    0.567729025237712E-02
    0.375602520873174E-02    0.672184937892948E-02
    0.400827971298619E-02    0.783016548157142E-02
    0.424347498058584E-02    0.899439648481504E-02
    0.446834728998618E-02    0.102109416953315E-01
    0.469237360042350E-02    0.114749104810625E-01
    0.492707693643212E-02    0.127866100001342E-01
    0.518687594930402E-02    0.141462766843426E-01
    0.548960978416832E-02    0.155575480562125E-01
    0.585818858967212E-02    0.170242199586759E-01
    0.632110887093771E-02    0.185611913945234E-01
    0.691491180963035E-02    0.201867743747107E-01
    0.768680373688665E-02    0.218968949441200E-01
    0.868344356295012E-02    0.237078315670510E-01
    0.998160254824777E-02    0.256372488452304E-01
    0.117139956170439E-01    0.276996803140873E-01
    0.139993233167379E-01    0.298018157901564E-01
    0.169390582330681E-01    0.319529836084045E-01
    0.206663733925223E-01    0.338590373614127E-01
    0.253491246946163E-01    0.353737384719503E-01
    0.307908540318806E-01    0.359034685682498E-01
    0.364496704023703E-01    0.351187012389082E-01
    0.417630528484737E-01    0.328031095243384E-01
    0.456842795930656E-01    0.288895313521786E-01
    0.475736819221378E-01    0.237397656608608E-01
    0.464365437151801E-01    0.177693837684340E-01
    0.416999852517654E-01    0.115676075667996E-01
    0.325436094604908E-01    0.583470730025403E-02
    0.186571078947286E-01    0.167620917390582E-02
    0.000000000000000E+00    0.000000000000000E+00
    0.000000000000000E+00    0.000000000000000E+00
    0.379206394716206E-04    0.283961095872902E-04
    0.184085752705407E-03    0.120529773786186E-03
    0.399345346356826E-03    0.291436742910708E-03
    0.658152965410442E-03    0.545101973116542E-03
    0.938588849302502E-03    0.890533578198396E-03
    0.122787108473569E-02    0.132892578609079E-02
    0.151413381561392E-02    0.186121961700945E-02
    0.179120996187246E-02    0.248445520195480E-02
    0.205317059462993E-02    0.319452980386991E-02
    0.229797201334005E-02    0.398604982159571E-02
    0.252384393169955E-02    0.485259695447797E-02
    0.273198657372163E-02    0.578807326017707E-02
    0.292405726670193E-02    0.678621331673177E-02
    0.310434886991411E-02    0.784207681124884E-02
    0.327785911137804E-02    0.895166313000162E-02
    0.345230826971568E-02    0.101132201925002E-01
    0.363670267266751E-02    0.113265545732879E-01
    0.384283265852387E-02    0.125955210829699E-01
    0.408504931554150E-02    0.139249498722131E-01
    0.438300473367315E-02    0.153250204293977E-01
    0.476189379069876E-02    0.168120761252721E-01
    0.525282527271199E-02    0.184187411457201E-01
    0.590310635676682E-02    0.201382839939485E-01
    0.676068524263513E-02    0.219959991547598E-01
    0.789467591858138E-02    0.240639437900170E-01
    0.945144294910507E-02    0.264315461264004E-01
    0.116287168997991E-01    0.289381629476406E-01
    0.145401945266885E-01    0.316547084159747E-01
    0.184092822796726E-01    0.344007983514371E-01
    0.236517703450683E-01    0.371268109164919E-01
    0.302817890969010E-01    0.387472729958549E-01
    0.376286749575840E-01    0.386592400208087E-01
    0.447483113887020E-01    0.367416263012279E-01
    0.503705792955211E-01    0.326614861671348E-01
    0.535101405904299E-01    0.270574747833031E-01
    0.530427164571786E-01    0.203541806386710E-01
    0.481873840623019E-01    0.133393182768564E-01
    0.380405227709209E-01    0.666944511170769E-02
    0.220111553232625E-01    0.188188857458286E-02
    0.000000000000000E+00    0.000000000000000E+00
    0.000000000000000E+00    0.000000000000000E+00
   -0.778181544878172E-05    0.152696128338101E-04
    0.763563768680732E-04    0.723748971577240E-04
    0.218253398373531E-03    0.190692015538537E-03
    0.394711166392890E-03    0.378345711273504E-03
    0.587519666123853E-03    0.646405533083639E-03
    0.787807305155180E-03    0.996406521051487E-03
    0.985477840930321E-03    0.143154196244566E-02
    0.117751597389413E-02    0.194779309958490E-02
    0.135846840222442E-02    0.254389799803860E-02
    0.152818501439709E-02    0.321320781640767E-02
    0.168443124288027E-02    0.395247173662166E-02
    0.182905060950307E-02    0.475431804737531E-02
    0.196239899994196E-02    0.561582173582468E-02
    0.208834078556057E-02    0.653057142743152E-02
    0.220962820522270E-02    0.749820847689996E-02
    0.233262006041815E-02    0.851492923407514E-02
    0.246267161125910E-02    0.958512446010605E-02
    0.260978286560681E-02    0.107090006151452E-01
    0.278311600652795E-02    0.118988943376840E-01
    0.299990031169017E-02    0.131603140509004E-01
    0.327625358210723E-02    0.145215402694001E-01
    0.363686559961846E-02    0.160059352631262E-01
    0.411197892648157E-02    0.176379186950620E-01
    0.476377539921410E-02    0.194165932109974E-01
    0.566290881430402E-02    0.214901128601658E-01
    0.694892471502761E-02    0.239786181900483E-01
    0.881483731203397E-02    0.267584572753370E-01
    0.113563225859090E-01    0.298599854703512E-01
    0.150151747552325E-01    0.335019686641641E-01
    0.208042667555023E-01    0.378058631313950E-01
    0.288697169055723E-01    0.408425796095053E-01
    0.382936208844497E-01    0.419016300051109E-01
    0.478469503651503E-01    0.405407010712644E-01
    0.554952500737949E-01    0.365107126708282E-01
    0.602505677636068E-01    0.303554353422717E-01
    0.605349485092263E-01    0.228841279371240E-01
    0.553495983283542E-01    0.150804680818311E-01
    0.439591405448791E-01    0.754259232920514E-02
    0.256466920762720E-01    0.209527982280942E-02
    0.000000000000000E+00    0.000000000000000E+00
    0.000000000000000E+00    0.000000000000000E+00
   -0.289120227761131E-04    0.254131775593253E-05
    0.143915606223711E-04    0.247899073908299E-04
    0.967908654445514E-04    0.934438336733441E-04
    0.204039130081668E-03    0.217307326950330E-03
    0.321425678306509E-03    0.407920455051480E-03
    0.443799339405421E-03    0.668309107999125E-03
    0.564303422919908E-03    0.999803843021222E-03
    0.681090980989107E-03    0.140126848789619E-02
    0.791070775347614E-03    0.186922412562470E-02
    0.893913184120287E-03    0.240067691704119E-02
    0.988681536638753E-03    0.299035948737968E-02
    0.107619769975898E-02    0.363465191849323E-02
    0.115703350331331E-02    0.432886233298502E-02
    0.123333202699353E-02    0.507002271059573E-02
    0.130700747707476E-02    0.585598558696028E-02
    0.138188381489598E-02    0.668589651376150E-02
    0.146132991462667E-02    0.756208674278152E-02
    0.155176578951174E-02    0.848722712730778E-02
    0.165874734052128E-02    0.947178177506255E-02
    0.179379797321755E-02    0.105253294200051E-01
    0.196806708618079E-02    0.116684042344049E-01
    0.219718464023777E-02    0.129258111751196E-01
    0.249784641105967E-02    0.143320023078669E-01
    0.292333810534062E-02    0.159013592644306E-01
    0.353028660243883E-02    0.177857889691859E-01
    0.441647221796485E-02    0.201961042107844E-01
    0.578495185303741E-02    0.229130121603640E-01
    0.777345800611967E-02    0.259247428726800E-01
    0.107180690338378E-01    0.301848323023436E-01
    0.160372184880334E-01    0.364693797809855E-01
    0.251536719823948E-01    0.415210754182734E-01
    0.373535262890593E-01    0.441496809758781E-01
    0.503057634707709E-01    0.439058206383334E-01
    0.609454059687794E-01    0.397689935240593E-01
    0.674672306481473E-01    0.332952560043676E-01
    0.686954626802661E-01    0.250079350084164E-01
    0.634443873963833E-01    0.164051181236568E-01
    0.509093167163926E-01    0.842573918100617E-02
    0.301266666622165E-01    0.236320218858821E-02
    0.000000000000000E+00    0.000000000000000E+00
    0.000000000000000E+00    0.000000000000000E+00
   -0.272157136027117E-04   -0.588820074238459E-05
   -0.102136270142378E-04   -0.105311256746132E-04
    0.270228023105013E-04    0.150389505406512E-04
    0.796513971467804E-04    0.806185304649741E-04
    0.135664976566499E-03    0.198245318751793E-03
    0.195751749808105E-03    0.367401576014982E-03
    0.253238250471647E-03    0.592131507253034E-03
    0.310041957513108E-03    0.868164790198932E-03
    0.362300752217389E-03    0.119573636157452E-02
    0.411964169067933E-03    0.156957788244465E-02
    0.456841929593712E-03    0.198831923273218E-02
    0.498899742485842E-03    0.244662941319415E-02
    0.537039601582071E-03    0.294340373936979E-02
    0.573597331054573E-03    0.347401804283310E-02
    0.608194098166788E-03    0.403935637548948E-02
    0.644029627765474E-03    0.463616524052985E-02
    0.681165437688749E-03    0.526937227211046E-02
    0.724753554596066E-03    0.593754068121053E-02
    0.775296533257085E-03    0.665353973326881E-02
    0.841048386924848E-03    0.742021337819533E-02
    0.922267882821199E-03    0.826064777268010E-02
    0.103199497019805E-02    0.918114034708402E-02
    0.117537053138989E-02    0.102310426136100E-01
    0.140110568687925E-02    0.114100563454791E-01
    0.172623941815915E-02    0.128745616481444E-01
    0.216145499113298E-02    0.147852046147356E-01
    0.270931005848214E-02    0.170530834182830E-01
    0.360653766579351E-02    0.193022183385610E-01
    0.527883457236074E-02    0.236198732902989E-01
    0.964525274462383E-02    0.309572443604352E-01
    0.190530062708324E-01    0.382134452216888E-01
    0.345228362243992E-01    0.445139696073636E-01
    0.529619667594965E-01    0.457610545056936E-01
    0.671981636999492E-01    0.415026230745690E-01
    0.749265347398205E-01    0.351919121030379E-01
    0.770430644730530E-01    0.267598522708049E-01
    0.722008569128240E-01    0.177283592863216E-01
    0.591962750594932E-01    0.985378560157749E-02
    0.364671732990595E-01    0.309470566880228E-02
    0.000000000000000E+00    0.000000000000000E+00
    0.000000000000000E+00    0.000000000000000E+00
   -0.980348767131701E-05   -0.980348767131876E-05
   -0.583758686919399E-05   -0.272856773073600E-04
    0.305279237759310E-05   -0.281593929987866E-04
    0.172896047783987E-04   -0.493196444448218E-05
    0.325511434766826E-04    0.466928418599062E-04
    0.489278479345383E-04    0.129816254469749E-03
    0.646489193935590E-04    0.242665358251496E-03
    0.798038620537236E-04    0.386551153384094E-03
    0.940200028334454E-04    0.557445356143247E-03
    0.107118319871410E-03    0.756001640936182E-03
    0.119262487790149E-03    0.977814751174958E-03
    0.130273023929000E-03    0.122299184215043E-02
    0.140501356573808E-03    0.148797637177638E-02
    0.150043805374493E-03    0.177261282333310E-02
    0.159191465557575E-03    0.207517542505614E-02
    0.168588269062016E-03    0.239549254975774E-02
    0.178156132624686E-03    0.273501393310460E-02
    0.189748123405055E-03    0.309382771941202E-02
    0.202935843466102E-03    0.347843242403996E-02
    0.220944980599603E-03    0.389087197843061E-02
    0.241777133342947E-03    0.434328763628673E-02
    0.270916774500967E-03    0.483497072654249E-02
    0.302704835821248E-03    0.540777228916218E-02
    0.367675345884564E-03    0.606894005345661E-02
    0.484062113007400E-03    0.687129113423573E-02
    0.621485295717984E-03    0.790458778551695E-02
    0.682758656476979E-03    0.917167418125490E-02
    0.848767940834359E-03    0.102095640458014E-01
    0.118517689538510E-02    0.131414794129834E-01
    0.330010906406864E-02    0.199745475576623E-01
    0.102746522651236E-01    0.267153777621293E-01
    0.229842686860654E-01    0.340081024788593E-01
    0.518445017729790E-01    0.452638194258485E-01
    0.732165453094383E-01    0.415724875990344E-01
    0.833751456855822E-01    0.345260951135400E-01
    0.853764331610952E-01    0.276864978840625E-01
    0.805759850145738E-01    0.192853963098722E-01
    0.668105483997915E-01    0.121968921982601E-01
    0.416732989914853E-01    0.538876084485711E-02
    0.000000000000000E+00    0.000000000000000E+00
    0.000000000000000E+00    0.000000000000000E+00
    0.000000000000000E+00    0.000000000000000E+00
    0.000000000000000E+00    0.000000000000000E+00
    0.000000000000000E+00    0.000000000000000E+00
    0.000000000000000E+00    0.000000000000000E+00
    0.000000000000000E+00    0.000000000000000E+00
    0.000000000000000E+00    0.000000000000000E+00
    0.000000000000000E+00    0.000000000000000E+00
    0.000000000000000E+00    0.000000000000000E+00
    0.000000000000000E+00    0.000000000000000E+00
    0.000000000000000E+00    0.000000000000000E+00
    0.000000000000000E+00    0.000000000000000E+00
    0.000000000000000E+00    0.000000000000000E+00
    0.000000000000000E+00    0.000000000000000E+00
    0.000000000000000E+00    0.000000000000000E+00
    0.000000000000000E+00    0.000000000000000E+00
    0.000000000000000E+00    0.000000000000000E+00
    0.000000000000000E+00    0.000000000000000E+00
    0.000000000000000E+00    0.000000000000000E+00
    0.000000000000000E+00    0.000000000000000E+00
    0.000000000000000E+00    0.000000000000000E+00
    0.000000000000000E+00    0.000000000000000E+00
    0.000000000000000E+00    0.000000000000000E+00
    0.000000000000000E+00    0.000000000000000E+00
    0.000000000000000E+00    0.000000000000000E+00
    0.000000000000000E+00    0.000000000000000E+00
    0.000000000000000E+00    0.000000000000000E+00
    0.000000000000000E+00    0.000000000000000E+00
    0.000000000000000E+00    0.000000000000000E+00
    0.000000000000000E+00    0.000000000000000E+00
    0.000000000000000E+00    0.000000000000000E+00
    0.000000000000000E+00    0.000000000000000E+00
    0.000000000000000E+00    0.000000000000000E+00
    0.535843822484308E-01    0.409743188477189E-01
    0.747626959395011E-01    0.433617794834768E-01
    0.885758372428897E-01    0.334923692580332E-01
    0.933509890307180E-01    0.271000532644243E-01
    0.884320428385832E-01    0.199638941530412E-01
    0.741940755804190E-01    0.132349135186205E-01
    0.451201680611253E-01    0.704896812319492E-02
    0.000000000000000E+00    0.000000000000000E+00
