    0.000000000000000E+00    0.000000000000000E+00
    0.437500000000000E-01    0.000000000000000E+00
    0.750000000000000E-01    0.000000000000000E+00
    0.937500000000000E-01    0.000000000000000E+00
    0.100000000000000E+00    0.000000000000000E+00
    0.937500000000000E-01    0.000000000000000E+00
    0.750000000000000E-01    0.000000000000000E+00
    0.437500000000000E-01    0.000000000000000E+00
    0.000000000000000E+00    0.000000000000000E+00
    0.000000000000000E+00    0.000000000000000E+00
    0.000000000000000E+00    0.000000000000000E+00
    0.000000000000000E+00    0.000000000000000E+00
    0.000000000000000E+00    0.000000000000000E+00
    0.000000000000000E+00    0.000000000000000E+00
    0.000000000000000E+00    0.000000000000000E+00
    0.000000000000000E+00    0.000000000000000E+00
    0.000000000000000E+00    0.000000000000000E+00
    0.000000000000000E+00    0.000000000000000E+00
    0.000000000000000E+00    0.000000000000000E+00
    0.000000000000000E+00    0.000000000000000E+00
    0.000000000000000E+00    0.000000000000000E+00
    0.000000000000000E+00    0.000000000000000E+00
    0.000000000000000E+00    0.000000000000000E+00
    0.000000000000000E+00    0.000000000000000E+00
    0.000000000000000E+00    0.000000000000000E+00
    0.000000000000000E+00    0.000000000000000E+00
    0.000000000000000E+00    0.000000000000000E+00
    0.000000000000000E+00    0.000000000000000E+00
    0.000000000000000E+00    0.000000000000000E+00
    0.000000000000000E+00    0.000000000000000E+00
    0.000000000000000E+00    0.000000000000000E+00
    0.000000000000000E+00    0.000000000000000E+00
    0.000000000000000E+00    0.000000000000000E+00
    0.000000000000000E+00    0.000000000000000E+00
    0.000000000000000E+00    0.000000000000000E+00
    0.000000000000000E+00    0.000000000000000E+00
    0.000000000000000E+00    0.000000000000000E+00
    0.000000000000000E+00    0.000000000000000E+00
    0.000000000000000E+00    0.000000000000000E+00
    0.000000000000000E+00    0.000000000000000E+00
    0.000000000000000E+00    0.000000000000000E+00
    0.000000000000000E+00    0.000000000000000E+00
    0.429350793439995E-01    0.839827773509599E-03
    0.733229445900508E-01    0.354733480458402E-02
    0.917351691503094E-01    0.700691178982626E-02
    0.978722763791326E-01    0.109867793420960E-01
    0.910696869947910E-01    0.159419310227373E-01
    0.726368944209765E-01    0.184763056130380E-01
    0.428092789752836E-01    0.217650573179403E-01
    0.118736226972529E-01    0.178208288394003E-01
    0.177157349663007E-02    0.557251499775610E-02
    0.283606583869796E-03    0.127865753665717E-02
    0.172816020977154E-04    0.173048642386632E-02
    0.229020621957441E-03    0.110768621518876E-02
    0.144935407970471E-03    0.845344461506933E-03
    0.269655514746476E-04    0.684301251638487E-03
   -0.445782338706054E-05    0.587880195679600E-03
    0.632783611417207E-05    0.516951309035806E-03
    0.105300960830519E-04    0.493472354807583E-03
    0.139360401354718E-04    0.448189006893693E-03
    0.149216610355190E-04    0.408273489418672E-03
    0.158463989476546E-04    0.365316708059625E-03
    0.172997921578549E-04    0.324953242777305E-03
    0.186538589999048E-04    0.281250682984581E-03
    0.195121448839825E-04    0.238811445738734E-03
    0.197241458507064E-04    0.195110061441671E-03
    0.196255973234965E-04    0.152839552271442E-03
    0.188846491324460E-04    0.111512448452425E-03
    0.178281106236278E-04    0.727565529006358E-04
    0.161269060127500E-04    0.369242663660236E-04
    0.140921962922540E-04    0.507641883540290E-05
    0.114796310828069E-04   -0.219459083652906E-04
    0.854969213529944E-05   -0.435246673151491E-04
    0.523667603582419E-05   -0.587197805394748E-04
    0.172111502580931E-05   -0.673512290703606E-04
   -0.177258844436895E-05   -0.688535521793768E-04
   -0.528310488020391E-05   -0.635559273599661E-04
   -0.786659622448469E-05   -0.525220756729957E-04
   -0.957198536019072E-05   -0.366224382567749E-04
   -0.858963364473053E-05   -0.194739632879221E-04
   -0.488602629793548E-05   -0.488602629793538E-05
    0.000000000000000E+00    0.000000000000000E+00
    0.000000000000000E+00    0.000000000000000E+00
    0.401777580779070E-01    0.173621093226630E-02
    0.689989574971947E-01    0.617142456096610E-02
    0.863273337717615E-01    0.122414070360831E-01
    0.921368121486860E-01    0.188403188856715E-01
    0.862760455927812E-01    0.255624126550197E-01
    0.695919009428777E-01    0.293815186299876E-01
    0.469295956664073E-01    0.298968457708922E-01
    0.231699014591155E-01    0.251431833508098E-01
    0.815661575650774E-02    0.149973070769386E-01
    0.321615296391898E-02    0.874003206193010E-02
    0.165693162889081E-02    0.681108069261872E-02
    0.107242021667007E-02    0.478933950833062E-02
    0.688268671926605E-03    0.335706932531272E-02
    0.379145676733705E-03    0.261032782955638E-02
    0.230405520897295E-03    0.217550539679616E-02
    0.170015902028989E-03    0.184371522039133E-02
    0.144442198089801E-03    0.159555128560679E-02
    0.124688076687163E-03    0.139027145460805E-02
    0.114747326833462E-03    0.121278498012577E-02
    0.106468267020405E-03    0.106157233834338E-02
    0.103472020627724E-03    0.924105774228472E-03
    0.100057393857218E-03    0.797641936533055E-03
    0.981627635398355E-04    0.678020114594348E-03
    0.945003346489597E-04    0.566408602525835E-03
    0.909834725476464E-04    0.460656512011482E-03
    0.855268118563322E-04    0.362499007106226E-03
    0.794481752451795E-04    0.271309059932452E-03
    0.714345820991012E-04    0.188828202169580E-03
    0.623761898551650E-04    0.115379466480843E-03
    0.516427975939140E-04    0.524338279687761E-04
    0.397738077315751E-04    0.820532711961577E-06
    0.268713491502465E-04   -0.386326100950093E-04
    0.132161741623603E-04   -0.650480147992272E-04
   -0.154163330077785E-06   -0.787480464715693E-04
   -0.130196114736456E-04   -0.795760558960220E-04
   -0.230497928762518E-04   -0.698536664725347E-04
   -0.293933187988951E-04   -0.513240232084240E-04
   -0.285665213238177E-04   -0.285741291662491E-04
   -0.195730962991802E-04   -0.864371307607397E-05
    0.000000000000000E+00    0.000000000000000E+00
    0.000000000000000E+00    0.000000000000000E+00
    0.364928758435995E-01    0.230129663096864E-02
    0.629934249785224E-01    0.775123084490918E-02
    0.790985757218418E-01    0.151321652214530E-01
    0.848494073835664E-01    0.225815383346050E-01
    0.798882078537335E-01    0.299931392722758E-01
    0.665006436626130E-01    0.339741412115751E-01
    0.481290285498422E-01    0.342248803802248E-01
    0.294821701982026E-01    0.305345799190835E-01
    0.163868111985494E-01    0.225262498943565E-01
    0.924239073507506E-02    0.162061053911630E-01
    0.527226910994346E-02    0.124686701940308E-01
    0.301956270649693E-02    0.940857957574628E-02
    0.181448426206757E-02    0.699142483966288E-02
    0.117432767761845E-02    0.548576875991025E-02
    0.810659963949224E-03    0.455603061895338E-02
    0.625473921073718E-03    0.378624912098978E-02
    0.494209120206599E-03    0.321645878290354E-02
    0.409507563370038E-03    0.275257629992352E-02
    0.353436059299226E-03    0.237879412779304E-02
    0.318666702814085E-03    0.205616585250250E-02
    0.292914144849027E-03    0.178134115119171E-02
    0.274341384170789E-03    0.153219561117380E-02
    0.258207929423278E-03    0.130961902939673E-02
    0.243689017525314E-03    0.110459769230339E-02
    0.228858154038341E-03    0.918096740691977E-03
    0.213148583330945E-03    0.746080543449751E-03
    0.195617753312683E-03    0.590092599167316E-03
    0.176011257411438E-03    0.448768363006246E-03
    0.153977705964102E-03    0.323763686664739E-03
    0.129612585788490E-03    0.215002953312669E-03
    0.102945379588318E-03    0.123987083083739E-03
    0.746396904208789E-04    0.509030046009591E-04
    0.451620753328962E-04   -0.328460096270084E-05
    0.161356063015590E-04   -0.391367215752408E-04
   -0.112158521011822E-04   -0.568501310721705E-04
   -0.336906984041160E-04   -0.589290278997128E-04
   -0.485701750100177E-04   -0.478467563064977E-04
   -0.509468972494660E-04   -0.288716781763757E-04
   -0.365378184008185E-04   -0.957747266405814E-05
    0.000000000000000E+00    0.000000000000000E+00
    0.000000000000000E+00    0.000000000000000E+00
    0.322551844643870E-01    0.238672961103107E-02
    0.561615435579447E-01    0.820732085410610E-02
    0.712514247370648E-01    0.159532093032281E-01
    0.770676482846620E-01    0.238517796522030E-01
    0.742924704455884E-01    0.308596861149710E-01
    0.639631924487777E-01    0.350770952057676E-01
    0.497640825435048E-01    0.357688350647520E-01
    0.349211458572989E-01    0.331584955236236E-01
    0.224991393072414E-01    0.279212637945867E-01
    0.145220215745603E-01    0.223596951872082E-01
    0.932428052122239E-02    0.176814722645658E-01
    0.591079327639421E-02    0.139152292440120E-01
    0.388990870065765E-02    0.109634547080393E-01
    0.268768544816374E-02    0.885359025123194E-02
    0.194163690129041E-02    0.739185976044779E-02
    0.148257332693153E-02    0.617184652085384E-02
    0.117185835878312E-02    0.521157403241741E-02
    0.957791424419169E-03    0.444786127616784E-02
    0.810537540911841E-03    0.383140290402193E-02
    0.708565122103201E-03    0.330671180840398E-02
    0.633929510306629E-03    0.285802161957629E-02
    0.576862781397046E-03    0.246260455265908E-02
    0.530704737387108E-03    0.211201701833166E-02
    0.490649376352227E-03    0.179649334745437E-02
    0.453841782138789E-03    0.151164615266404E-02
    0.417602862000442E-03    0.125300936541448E-02
    0.380606473382901E-03    0.101917837926932E-02
    0.341465519459041E-03    0.808653362032433E-03
    0.299705984702712E-03    0.621561138161754E-03
    0.254949355456588E-03    0.457626648860994E-03
    0.207316192052513E-03    0.317715820038280E-03
    0.157520569335769E-03    0.201728507539927E-03
    0.106448629074982E-03    0.110444599487324E-03
    0.562667258698340E-04    0.430054564269940E-04
    0.919200034307229E-05   -0.898933646727573E-06
   -0.305627004360342E-04   -0.238385574002271E-04
   -0.586243215689764E-04   -0.285967247097215E-04
   -0.681637352066489E-04   -0.205102945275223E-04
   -0.521013749655339E-04   -0.732499229461664E-05
    0.000000000000000E+00    0.000000000000000E+00
    0.000000000000000E+00    0.000000000000000E+00
    0.277722730495246E-01    0.227795011930101E-02
    0.491510194300483E-01    0.781950550423983E-02
    0.630744046268608E-01    0.154111447992156E-01
    0.693931716907332E-01    0.230138306060297E-01
    0.682967665996232E-01    0.298828122047749E-01
    0.612294436517472E-01    0.343082683088082E-01
    0.504920532051560E-01    0.357558044515592E-01
    0.386048947813400E-01    0.344597424306038E-01
    0.278291513504369E-01    0.308388189837753E-01
    0.193966559048346E-01    0.263881016292766E-01
    0.134146509852608E-01    0.218437511231166E-01
    0.925354469472518E-02    0.179987862682226E-01
    0.653900858482142E-02    0.147755909996110E-01
    0.478748386383504E-02    0.122278410266047E-01
    0.357239068556647E-02    0.103119898373351E-01
    0.274222130107733E-02    0.871235484649845E-02
    0.216930157283068E-02    0.740315043274428E-02
    0.177406142628372E-02    0.634330646997509E-02
    0.149189596409324E-02    0.547792445373072E-02
    0.129094217416619E-02    0.473522673823584E-02
    0.113800565743745E-02    0.410157033907132E-02
    0.102099494744235E-02    0.354465446733408E-02
    0.925919136627767E-03    0.305518577692867E-02
    0.846466804938373E-03    0.261585682204234E-02
    0.775000363303163E-03    0.222276053428845E-02
    0.708444942674762E-03    0.186643254926374E-02
    0.642793520559119E-03    0.154592026607806E-02
    0.576628366900241E-03    0.125661817766380E-02
    0.507945133957639E-03    0.999021007925090E-03
    0.436535541934348E-03    0.770997372489618E-03
    0.361804540106600E-03    0.573705489884130E-03
    0.284861124748886E-03    0.406023857943393E-03
    0.206578762669088E-03    0.268976857492499E-03
    0.129860119786560E-03    0.161206070531889E-03
    0.575858178555468E-04    0.827100500965238E-04
   -0.476603270724814E-05    0.307129555694819E-04
   -0.513945853478823E-04    0.285687927795422E-05
   -0.733569003080383E-04   -0.645392008893583E-05
   -0.608949168247231E-04   -0.378624166059366E-05
    0.000000000000000E+00    0.000000000000000E+00
    0.000000000000000E+00    0.000000000000000E+00
    0.238035757818904E-01    0.202198792801454E-02
    0.425990859628969E-01    0.713164659119029E-02
    0.555610047350960E-01    0.140719564105855E-01
    0.620725694564572E-01    0.212869666633534E-01
    0.626261229427003E-01    0.277684407748192E-01
    0.580075567436425E-01    0.323267865253987E-01
    0.500513660581645E-01    0.345187044313587E-01
    0.406922815511147E-01    0.342557648088353E-01
    0.314357990444695E-01    0.319975719247695E-01
    0.235375148811578E-01    0.286576732423046E-01
    0.173385251137656E-01    0.247999967033021E-01
    0.127375399362845E-01    0.212237953913811E-01
    0.943760128175943E-02    0.180697401356913E-01
    0.714869091558104E-02    0.153352104108024E-01
    0.550791172986587E-02    0.130927748119897E-01
    0.431838923110834E-02    0.112008260433765E-01
    0.346785975628661E-02    0.962476992743420E-02
    0.285453593864235E-02    0.831227372747187E-02
    0.240544674069365E-02    0.721834262290841E-02
    0.207239977472071E-02    0.627068858932820E-02
    0.181758931461639E-02    0.545324617994623E-02
    0.161825704815033E-02    0.473545314136292E-02
    0.145702117441953E-02    0.410301729240076E-02
    0.132205087368446E-02    0.353652805131387E-02
    0.120360227132527E-02    0.302882814991582E-02
    0.109529107443632E-02    0.256959239702057E-02
    0.991948945570971E-03    0.215546445163009E-02
    0.890235296524915E-03    0.178119967157018E-02
    0.787565910835730E-03    0.144581369840201E-02
    0.682660066045198E-03    0.114677365213618E-02
    0.574835578510133E-03    0.884462942845251E-03
    0.464728282683148E-03    0.657607542607680E-03
    0.353648021906784E-03    0.466949151848242E-03
    0.244541006016314E-03    0.311252678396895E-03
    0.141344406079695E-03    0.190573878488879E-03
    0.501429980960358E-04    0.102574270628976E-03
   -0.214579642365193E-04    0.452088425411036E-04
   -0.630239321280444E-04    0.135469598181115E-04
   -0.615497546628989E-04    0.169868360215972E-05
    0.000000000000000E+00    0.000000000000000E+00
    0.000000000000000E+00    0.000000000000000E+00
    0.201805904785907E-01    0.173882807197716E-02
    0.367267496922978E-01    0.618939691472851E-02
    0.485633274217863E-01    0.124425185914194E-01
    0.553239016336074E-01    0.190057403374072E-01
    0.570300417029149E-01    0.251511333488196E-01
    0.544650875456601E-01    0.297571416931577E-01
    0.487744292678383E-01    0.324696371446719E-01
    0.414346891755842E-01    0.331382383139989E-01
    0.337624080165385E-01    0.319514601223524E-01
    0.266758685384973E-01    0.296554596268751E-01
    0.207708457106382E-01    0.266139117185133E-01
    0.160557990672552E-01    0.235169472099716E-01
    0.124261111625025E-01    0.205855857012301E-01
    0.968833936811090E-02    0.179012569606554E-01
    0.764437652022588E-02    0.155376667369589E-01
    0.611940874393428E-02    0.134983712970228E-01
    0.499200116459549E-02    0.117435403673410E-01
    0.415621828339947E-02    0.102393394749867E-01
    0.352087555285275E-02    0.895666389929748E-02
    0.303680204971697E-02    0.783377283205027E-02
    0.265964733196976E-02    0.685277145426529E-02
    0.236220734558682E-02    0.598573923228688E-02
    0.211954402363526E-02    0.521747968068962E-02
    0.191697844029956E-02    0.452650004118713E-02
    0.174004593942838E-02    0.390538780370495E-02
    0.158083895908676E-02    0.334171391606646E-02
    0.143124970303721E-02    0.283179506749755E-02
    0.128703541945342E-02    0.236856927669220E-02
    0.114370842368614E-02    0.195103267979380E-02
    0.999619051494098E-03    0.157538718293671E-02
    0.852971689593115E-03    0.124224292294528E-02
    0.704500565282877E-03    0.949602746162657E-03
    0.555027105230872E-03    0.698723699590085E-03
    0.408124595577193E-03    0.488100321346751E-03
    0.267833682556368E-03    0.318650183533397E-03
    0.141530621227839E-03    0.188107594248830E-03
    0.376182426733677E-04    0.957021252954165E-04
   -0.312646540946577E-04    0.368105921560493E-04
   -0.505503035451613E-04    0.773902812741872E-05
    0.000000000000000E+00    0.000000000000000E+00
    0.000000000000000E+00    0.000000000000000E+00
    0.171451073907885E-01    0.147601983681454E-02
    0.315462539881654E-01    0.533734041853048E-02
    0.423912415776846E-01    0.107661370658554E-01
    0.490716795398593E-01    0.166860597863339E-01
    0.517139078117359E-01    0.223363225513155E-01
    0.506693564130282E-01    0.268689558498342E-01
    0.468632169279185E-01    0.299050251916613E-01
    0.413334001427570E-01    0.312448954055733E-01
    0.350820260811473E-01    0.310071509369600E-01
    0.289853727704152E-01    0.296331852418137E-01
    0.234919086433970E-01    0.274587542773225E-01
    0.188944023214752E-01    0.249482236750572E-01
    0.151375555274782E-01    0.223621231734127E-01
    0.121574393717550E-01    0.198657151241454E-01
    0.983870140707270E-02    0.175534205499654E-01
    0.804313517020176E-02    0.154838403521348E-01
    0.666601816103502E-02    0.136562791069074E-01
    0.561133313269678E-02    0.120363733426827E-01
    0.479302452400274E-02    0.106184461652041E-01
    0.415296571122916E-02    0.935965174338586E-02
    0.364689187755983E-02    0.824618813118974E-02
    0.324085312065426E-02    0.725136979821565E-02
    0.290761558509180E-02    0.636211262939491E-02
    0.262746678077779E-02    0.555693372057997E-02
    0.238407127544495E-02    0.482839030703454E-02
    0.216595854918509E-02    0.416391041495907E-02
    0.196362797809931E-02    0.355910507111885E-02
    0.177047435280231E-02    0.300644694752111E-02
    0.158114947900302E-02    0.250437915266815E-02
    0.139239060389094E-02    0.204892709802146E-02
    0.120209022199384E-02    0.164044567207638E-02
    0.100992012819967E-02    0.127710944583309E-02
    0.816985639435848E-03    0.960294579476805E-03
    0.626278494555413E-03    0.689098278436727E-03
    0.442821239084827E-03    0.464915862272738E-03
    0.273933770850036E-03    0.286560755030746E-03
    0.129857047441913E-03    0.154063056840546E-03
    0.237908294390617E-04    0.644292989228132E-04
   -0.266540419240313E-04    0.151125317401814E-04
    0.000000000000000E+00    0.000000000000000E+00
    0.000000000000000E+00    0.000000000000000E+00
    0.145420120932655E-01    0.122454766730599E-02
    0.271242833954126E-01    0.448113577656417E-02
    0.369028456555244E-01    0.919300393387572E-02
    0.434639432212579E-01    0.144219051124751E-01
    0.466619645098089E-01    0.196050242913060E-01
    0.468220137718966E-01    0.239660569726492E-01
    0.444967552359691E-01    0.271841204175597E-01
    0.404869865341696E-01    0.290204229015372E-01
    0.355794607156554E-01    0.294968865693688E-01
    0.304418040321156E-01    0.289058802168190E-01
    0.255718627620991E-01    0.274780149849498E-01
    0.212223710451993E-01    0.255823086733868E-01
    0.175221116385848E-01    0.234313262869616E-01
    0.144487106361010E-01    0.212406938715983E-01
    0.119711473569990E-01    0.191012835453326E-01
    0.998826810595216E-02    0.171089936540008E-01
    0.841312521305718E-02    0.152883402591793E-01
    0.716571549500183E-02    0.136316186145874E-01
    0.617464381434977E-02    0.121403206429445E-01
    0.538443860555789E-02    0.107964969489858E-01
    0.474919392641321E-02    0.958695961193442E-02
    0.423310724837307E-02    0.849303978100555E-02
    0.380467285040744E-02    0.750336789079199E-02
    0.344257251869017E-02    0.659985333889390E-02
    0.312739679430844E-02    0.577497571685374E-02
    0.284602653578083E-02    0.501725790406902E-02
    0.258630199333697E-02    0.432215753897538E-02
    0.234039243499142E-02    0.368217250274651E-02
    0.210094834095666E-02    0.309582557625146E-02
    0.186396720984125E-02    0.255901681116169E-02
    0.162587322970309E-02    0.207251969254144E-02
    0.138610567448097E-02    0.163454366218723E-02
    0.114475938899090E-02    0.124736628223930E-02
    0.905213954034366E-03    0.910415098493200E-03
    0.671969034872224E-03    0.626535100014284E-03
    0.453497738704322E-03    0.395179651430156E-03
    0.260077936846974E-03    0.218427333430266E-03
    0.106975090358615E-03    0.942328231202093E-04
    0.122289022028239E-04    0.229002347230332E-04
    0.000000000000000E+00    0.000000000000000E+00
    0.000000000000000E+00    0.000000000000000E+00
    0.123871345866375E-01    0.102376309392573E-02
    0.233237148639930E-01    0.378496697596060E-02
    0.321711552194109E-01    0.779534745882737E-02
    0.384236426411809E-01    0.123944399004874E-01
    0.420106453846106E-01    0.170520404376164E-01
    0.430119908462473E-01    0.211729737198182E-01
    0.418665583439497E-01    0.244333565173263E-01
    0.391198624276364E-01    0.265866986092678E-01
    0.353608072707653E-01    0.276169561487683E-01
    0.311766385902560E-01    0.276599650072071E-01
    0.269553044069941E-01    0.268911693736522E-01
    0.230173571971618E-01    0.255791534783476E-01
    0.195024146561983E-01    0.239042280243922E-01
    0.164777268867327E-01    0.220741222947881E-01
    0.139379907322264E-01    0.201945727091377E-01
    0.118448018939958E-01    0.183592596957638E-01
    0.101312281194909E-01    0.166195677217840E-01
    0.873727144132098E-02    0.149904875115573E-01
    0.760569484141360E-02    0.134872730494190E-01
    0.668445366452877E-02    0.121053636588625E-01
    0.593151948161594E-02    0.108414278678020E-01
    0.531036123843769E-02    0.967984291159171E-02
    0.479009233554300E-02    0.861520939210673E-02
    0.434648736524782E-02    0.763241235459369E-02
    0.395957234790753E-02    0.672625758182508E-02
    0.361352419540950E-02    0.588597074852491E-02
    0.329523358777201E-02    0.510813597945467E-02
    0.299454456296042E-02    0.438550345809881E-02
    0.270331072611647E-02    0.371719664309905E-02
    0.241556205559108E-02    0.309946005362378E-02
    0.212728672422379E-02    0.253363320679418E-02
    0.183628948524860E-02    0.201860037054930E-02
    0.154277477301057E-02    0.155744473126340E-02
    0.124884487279724E-02    0.115080122585651E-02
    0.959837273134334E-03    0.802642031912715E-03
    0.683409013544293E-03    0.514233750811548E-03
    0.431551924088603E-03    0.289093112430116E-03
    0.219253975136998E-03    0.127616713505325E-03
    0.672336288583573E-04    0.317684509607449E-04
    0.000000000000000E+00    0.000000000000000E+00
    0.000000000000000E+00    0.000000000000000E+00
    0.105819961454192E-01    0.841693731326302E-03
    0.201351095081772E-01    0.315069632072269E-02
    0.280606398495417E-01    0.658265201957043E-02
    0.339948744337242E-01    0.105871068092855E-01
    0.377361733082279E-01    0.147686657630635E-01
    0.393631156460205E-01    0.186009647514871E-01
    0.391041680614911E-01    0.218165766202776E-01
    0.373767082641163E-01    0.241565515012544E-01
    0.346208670405825E-01    0.255678735929329E-01
    0.312873461274406E-01    0.261092784347725E-01
    0.277511037570641E-01    0.258845485005235E-01
    0.242783535412268E-01    0.250982606800212E-01
    0.210640974329742E-01    0.238890264671489E-01
    0.181858547410658E-01    0.224415480217972E-01
    0.156897103905169E-01    0.208585486594430E-01
    0.135593909636800E-01    0.192390826054757E-01
    0.117699653527861E-01    0.176396097289268E-01
    0.102763138278848E-01    0.160993357816152E-01
    0.903896963750016E-02    0.146373504852160E-01
    0.801301374337119E-02    0.132650597993505E-01
    0.715995978347378E-02    0.119845113521518E-01
    0.644603779961972E-02    0.107892469852972E-01
    0.584134461594399E-02    0.967634781191152E-02
    0.532189987061169E-02    0.863685112958252E-02
    0.486649856843255E-02    0.766636227074695E-02
    0.445849969724332E-02    0.675703570180851E-02
    0.408292194188977E-02    0.590601964267629E-02
    0.372864825570761E-02    0.510759691241073E-02
    0.338567920164543E-02    0.436138836531618E-02
    0.304718511970305E-02    0.366461752688994E-02
    0.270738689175449E-02    0.301947274409684E-02
    0.236358768331954E-02    0.242574990393905E-02
    0.201443283284419E-02    0.188797298487607E-02
    0.166212706200639E-02    0.140789071140846E-02
    0.131079976190988E-02    0.991622847377790E-03
    0.969045521577509E-03    0.641821264870179E-03
    0.648144899383061E-03    0.364855624260741E-03
    0.364985180259822E-03    0.162754497006634E-03
    0.139962317831711E-03    0.409511266465376E-04
    0.000000000000000E+00    0.000000000000000E+00
    0.000000000000000E+00    0.000000000000000E+00
    0.908268662727723E-02    0.704154594899999E-03
    0.174162558412905E-01    0.265238656961459E-02
    0.245395680021175E-01    0.556327211318046E-02
    0.300713760917448E-01    0.904831998485570E-02
    0.338708189889013E-01    0.127573090741260E-01
    0.358925809490957E-01    0.162838957189083E-01
    0.363166176460579E-01    0.193731455403786E-01
    0.354038629411054E-01    0.217909308317327E-01
    0.334908479946365E-01    0.234583151961627E-01
    0.309387918709765E-01    0.243745192801340E-01
    0.280441223733640E-01    0.246004313283354E-01
    0.250767204340686E-01    0.242717142885854E-01
    0.222022047427305E-01    0.234996445705641E-01
    0.195475619586602E-01    0.224305746719867E-01
    0.171622059636233E-01    0.211617200287687E-01
    0.150717554591936E-01    0.197893002539463E-01
    0.132676291384696E-01    0.183735698438032E-01
    0.117279631480914E-01    0.169643338336250E-01
    0.104246414806661E-01    0.155896608664084E-01
    0.932462432250203E-02    0.142666845893437E-01
    0.839543221533052E-02    0.130064879088953E-01
    0.760689844892370E-02    0.118084353540735E-01
    0.693221124286463E-02    0.106750847917662E-01
    0.634734769341000E-02    0.960099013381197E-02
    0.583195055950433E-02    0.858517744987356E-02
    0.536804785250701E-02    0.762127345867835E-02
    0.494050270462005E-02    0.670860387962091E-02
    0.453624465902245E-02    0.584248890398816E-02
    0.414474936540839E-02    0.502401467218239E-02
    0.375702980034607E-02    0.425130518162433E-02
    0.336681682672140E-02    0.352792061822074E-02
    0.296921854056830E-02    0.285491084483038E-02
    0.256278960928830E-02    0.223839939053122E-02
    0.214769678182667E-02    0.168202318223533E-02
    0.172870248138160E-02    0.119385375529405E-02
    0.131278904870292E-02    0.779160538441347E-03
    0.912817678311835E-03    0.446557180111434E-03
    0.544735749634626E-03    0.201331922272454E-03
    0.231500438821044E-03    0.511626402858534E-04
    0.000000000000000E+00    0.000000000000000E+00
    0.000000000000000E+00    0.000000000000000E+00
    0.783295551563170E-02    0.581801231974922E-03
    0.151379444474025E-01    0.221656020690329E-02
    0.215057424235908E-01    0.470355406008513E-02
    0.266519351498164E-01    0.772573702318019E-02
    0.303824818279557E-01    0.110193331083978E-01
    0.326680057077551E-01    0.142358110634383E-01
    0.335759230077926E-01    0.171657508468034E-01
    0.333050935179210E-01    0.195849253134028E-01
    0.320913237103087E-01    0.214064987419312E-01
    0.302134212003093E-01    0.225925992411071E-01
    0.279258363350405E-01    0.231690012207995E-01
    0.254479213722390E-01    0.232227107694643E-01
    0.229555593075350E-01    0.228346897069141E-01
    0.205629079576983E-01    0.221212710906227E-01
    0.183524979436229E-01    0.211643328880302E-01
    0.163565929212263E-01    0.200548851404568E-01
    0.145948530109823E-01    0.188497183490563E-01
    0.130564458210324E-01    0.176041659342630E-01
    0.117289174391686E-01    0.163497683849089E-01
    0.105874786424815E-01    0.151110286407550E-01
    0.960877328003465E-02    0.139027657430805E-01
    0.876712766320664E-02    0.127322022198075E-01
    0.803945263112761E-02    0.116041273195034E-01
    0.740354071222088E-02    0.105184349919510E-01
    0.683941754666713E-02    0.947582748813660E-02
    0.632945752204534E-02    0.847318193557115E-02
    0.585761567774304E-02    0.751093924299261E-02
    0.541033481869325E-02    0.658660652323293E-02
    0.497540524833739E-02    0.570226544340448E-02
    0.454299143413274E-02    0.485768385272229E-02
    0.410473612309544E-02    0.405780248239677E-02
    0.365498079864598E-02    0.330530797787263E-02
    0.319008484142248E-02    0.260841308375114E-02
    0.270995936531824E-02    0.197266501886004E-02
    0.221738116468092E-02    0.140912514791130E-02
    0.172000876398906E-02    0.925290723588502E-03
    0.122928774193790E-02    0.533605627529662E-03
    0.763016512717926E-03    0.241766246273566E-03
    0.343444785868583E-03    0.617183737746783E-04
    0.000000000000000E+00    0.000000000000000E+00
    0.000000000000000E+00    0.000000000000000E+00
    0.678336289706022E-02    0.490950893013821E-03
    0.131910732886737E-01    0.187680714663423E-02
    0.189014648488509E-01    0.399619902916054E-02
    0.236397937657324E-01    0.662313807180979E-02
    0.272605224377159E-01    0.953080185489196E-02
    0.296760306866922E-01    0.124499485544139E-01
    0.309396267319769E-01    0.151890796822311E-01
    0.311594791499536E-01    0.175554666156920E-01
    0.305161617120685E-01    0.194540140809139E-01
    0.292202263658542E-01    0.208256553123770E-01
    0.274704941433731E-01    0.216719420509580E-01
    0.254660518826200E-01    0.220393705000467E-01
    0.233519211581948E-01    0.219844421244720E-01
    0.212557473365539E-01    0.215947019458505E-01
    0.192538423347297E-01    0.209369161418678E-01
    0.174018834369265E-01    0.200912592252868E-01
    0.157243732426139E-01    0.191105307927200E-01
    0.142309120720972E-01    0.180484513460122E-01
    0.129160522955441E-01    0.169391503927695E-01
    0.117674571958295E-01    0.158106009429510E-01
    0.107680845727592E-01    0.146814346406971E-01
    0.989812104265187E-02    0.135633457394359E-01
    0.913838551021694E-02    0.124647100424600E-01
    0.846880355320678E-02    0.113881906796043E-01
    0.787127194395743E-02    0.103374225609268E-01
    0.732795115572590E-02    0.931126457703113E-02
    0.682336498316347E-02    0.831225521159557E-02
    0.634238245363469E-02    0.733933900352828E-02
    0.587253229177760E-02    0.639636236494012E-02
    0.540158812452832E-02    0.548442469812700E-02
    0.492061223105798E-02    0.461036195001341E-02
    0.442106111765992E-02    0.377865268988090E-02
    0.389891423142753E-02    0.299984539778146E-02
    0.335110022798889E-02    0.228208470842283E-02
    0.278075245874541E-02    0.163931762424060E-02
    0.219298765159900E-02    0.108257637884108E-02
    0.160077555763276E-02    0.627554293629403E-03
    0.102040722098744E-02    0.286201935493714E-03
    0.476960554247341E-03    0.734877363945617E-04
    0.000000000000000E+00    0.000000000000000E+00
    0.000000000000000E+00    0.000000000000000E+00
    0.590349300419435E-02    0.410444642521389E-03
    0.115474814842487E-01    0.158469960411923E-02
    0.166550363286197E-01    0.340559621221939E-02
    0.210151491232382E-01    0.569028149293070E-02
    0.244658214049661E-01    0.826578024742913E-02
    0.269405452465047E-01    0.109054712250554E-01
    0.284340749499273E-01    0.134526074337914E-01
    0.290279786887509E-01    0.157316346875661E-01
    0.288384334970026E-01    0.176523704447037E-01
    0.280275238093487E-01    0.191421513536275E-01
    0.267549911894251E-01    0.201861505118031E-01
    0.251802426969793E-01    0.208026899819833E-01
    0.234406648139729E-01    0.210270755364427E-01
    0.216452961169216E-01    0.209224759292767E-01
    0.198813826503550E-01    0.205410787467865E-01
    0.182024711823984E-01    0.199496201209117E-01
    0.166485751416808E-01    0.191950483347299E-01
    0.152342591593083E-01    0.183270751039818E-01
    0.139678421336139E-01    0.173790832966198E-01
    0.128429105650455E-01    0.163809963684007E-01
    0.118514720826846E-01    0.153526172005577E-01
    0.109783017160080E-01    0.143091124158556E-01
    0.102085867088217E-01    0.132607361918347E-01
    0.952502615858147E-02    0.122130977320398E-01
    0.891108122413229E-02    0.111714936164879E-01
    0.835005691235881E-02    0.101371561290397E-01
    0.782610226822192E-02    0.911392948828463E-02
    0.732398405731197E-02    0.810257523091618E-02
    0.682949228901981E-02    0.710831695345005E-02
    0.632951228436005E-02    0.613393724699796E-02
    0.581249655405012E-02    0.518813952802313E-02
    0.526874249044652E-02    0.427741190994665E-02
    0.469114504439484E-02    0.341510553634630E-02
    0.407585719344558E-02    0.261194396608026E-02
    0.342300568991306E-02    0.188590242638635E-02
    0.273804521698087E-02    0.125113022832384E-02
    0.203173957122947E-02    0.728464772963602E-03
    0.132236939618388E-02    0.333178715338128E-03
    0.634192028366819E-03    0.857472650871560E-04
    0.000000000000000E+00    0.000000000000000E+00
    0.000000000000000E+00    0.000000000000000E+00
    0.515397814385448E-02    0.350744251138409E-03
    0.101320856391420E-01    0.135642853175230E-02
    0.147123403459674E-01    0.292337194819218E-02
    0.187002809825853E-01    0.491934505303229E-02
    0.219700288787126E-01    0.719787697238445E-02
    0.244305783907221E-01    0.958277224309056E-02
    0.260773146043030E-01    0.119349403325186E-01
    0.269415728097731E-01    0.141064809696282E-01
    0.271121099362296E-01    0.160083847488007E-01
    0.267033641665974E-01    0.175656067620292E-01
    0.258403595246678E-01    0.187508421731321E-01
    0.246570007552283E-01    0.195626221601371E-01
    0.232651352444496E-01    0.200191509124930E-01
    0.217714049533234E-01    0.201627933974305E-01
    0.202510604486032E-01    0.200320200532520E-01
    0.187681026129112E-01    0.196802445345746E-01
    0.173607201281547E-01    0.191466864059863E-01
    0.160562734279803E-01    0.184760787409279E-01
    0.148665084336378E-01    0.176987251341975E-01
    0.137949605161164E-01    0.168447471802854E-01
    0.128381079037465E-01    0.159337054642611E-01
    0.119869861389805E-01    0.149824614254210E-01
    0.112303619003792E-01    0.140022853732954E-01
    0.105538347696370E-01    0.130007727039803E-01
    0.994315522936149E-02    0.119843738508776E-01
    0.938195771804070E-02    0.109560852823485E-01
    0.885531557665253E-02    0.992088877879113E-02
    0.834649122089260E-02    0.888095110125360E-02
    0.784108332882558E-02    0.784287886755403E-02
    0.732306209933368E-02    0.681098840613767E-02
    0.678002935644710E-02    0.579595716846116E-02
    0.619835870130742E-02    0.480645641250567E-02
    0.557007512306522E-02    0.385873334318625E-02
    0.488698470879402E-02    0.296681927581813E-02
    0.414915074179756E-02    0.215258236141321E-02
    0.335817967252483E-02    0.143480775067845E-02
    0.252638596304567E-02    0.838860593530789E-03
    0.166987803004513E-02    0.385616439504513E-03
    0.816538904958892E-03    0.996941708132672E-04
    0.000000000000000E+00    0.000000000000000E+00
    0.000000000000000E+00    0.000000000000000E+00
    0.451821404180989E-02    0.297858961936149E-03
    0.892241317034446E-02    0.116166563874373E-02
    0.130245990356274E-01    0.252186443530566E-02
    0.166716578371589E-01    0.427157787263331E-02
    0.197366233429948E-01    0.629748472114220E-02
    0.221480341263545E-01    0.845263221165257E-02
    0.238722448094928E-01    0.106229705433178E-01
    0.249317262173516E-01    0.126778562236480E-01
    0.253762968315348E-01    0.145368952005238E-01
    0.252937353905738E-01    0.161238278784546E-01
    0.247786601268809E-01    0.174053608920780E-01
    0.239374908951728E-01    0.183657585924906E-01
    0.228681507170439E-01    0.190107819350212E-01
    0.216594718164761E-01    0.193655144133568E-01
    0.203868513184528E-01    0.194569758334425E-01
    0.191072989858668E-01    0.193254467846209E-01
    0.178665433690103E-01    0.190028158984650E-01
    0.166920833366026E-01    0.185267576417752E-01
    0.156044617307124E-01    0.179242846159160E-01
    0.146104756975103E-01    0.172228603954938E-01
    0.137134003274430E-01    0.164414997188682E-01
    0.129079548461446E-01    0.155965893164089E-01
    0.121871388022211E-01    0.147000724368779E-01
    0.115393322411660E-01    0.137599879506393E-01
    0.109520351950727E-01    0.127837723754943E-01
    0.104103052102857E-01    0.117750133630560E-01
    0.989877824447185E-02    0.107398342266885E-01
    0.940073898628669E-02    0.968103765347778E-02
    0.889961972573529E-02    0.860668545531690E-02
    0.837822171753796E-02    0.752215491055798E-02
    0.782059906343574E-02    0.644032531455026E-02
    0.721128291814591E-02    0.537177189429588E-02
    0.653783728660811E-02    0.433628395579608E-02
    0.579045140130783E-02    0.335091299058056E-02
    0.496464335653296E-02    0.244286014961877E-02
    0.406182265086435E-02    0.163494461746104E-02
    0.309094500721622E-02    0.959543540680196E-03
    0.207043954461279E-02    0.441984326727529E-03
    0.102735379414812E-02    0.114425794441031E-03
    0.000000000000000E+00    0.000000000000000E+00
    0.000000000000000E+00    0.000000000000000E+00
    0.396779936076088E-02    0.258506824742981E-03
    0.786847063669676E-02    0.100863118808006E-02
    0.115485537071744E-01    0.219467805270121E-02
    0.148708751536880E-01    0.373795366152243E-02
    0.177343207114567E-01    0.554304276202065E-02
    0.200588662557836E-01    0.749464147228310E-02
    0.218170051330860E-01    0.949319071589808E-02
    0.230042223619903E-01    0.114296467137833E-01
    0.236581821946041E-01    0.132286549313576E-01
    0.238357447132556E-01    0.148187850295677E-01
    0.236108478786553E-01    0.161621418956411E-01
    0.230680833797982E-01    0.172345300592437E-01
    0.222863606307143E-01    0.180316767639416E-01
    0.213461443612269E-01    0.185655558237853E-01
    0.203108866832302E-01    0.188525192202201E-01
    0.192394098069289E-01    0.189220276805433E-01
    0.181728121046928E-01    0.187975614921387E-01
    0.171450278939255E-01    0.185105891917568E-01
    0.161767864965285E-01    0.180827386462355E-01
    0.152817674435737E-01    0.175390421766887E-01
    0.144656138065149E-01    0.168954984281159E-01
    0.137281554689422E-01    0.161683675505309E-01
    0.130651857619200E-01    0.153678823337942E-01
    0.124677374720798E-01    0.145029697922707E-01
    0.119254155626552E-01    0.135800443242290E-01
    0.114235619518897E-01    0.126037167166109E-01
    0.109476954819648E-01    0.115796490491351E-01
    0.104791908745872E-01    0.105116962158987E-01
    0.100010642341454E-01    0.940822428792517E-02
    0.949220350995088E-02    0.827601968874618E-02
    0.893523147150168E-02    0.712948667722758E-02
    0.830910721094233E-02    0.598155994165510E-02
    0.759968963242583E-02    0.485521498917367E-02
    0.679068273111467E-02    0.377151046361663E-02
    0.587683672227144E-02    0.276261327922659E-02
    0.485361183001737E-02    0.185736610061035E-02
    0.373156153623598E-02    0.109435427126790E-02
    0.252581198115148E-02    0.506464265412525E-03
    0.126852494018398E-02    0.131700128269106E-03
    0.000000000000000E+00    0.000000000000000E+00
    0.000000000000000E+00    0.000000000000000E+00
    0.349349214557037E-02    0.223621571218124E-03
    0.695359191018566E-02    0.878569309408725E-03
    0.102515054892068E-01    0.192227443790780E-02
    0.132768038495766E-01    0.329090671684497E-02
    0.159328337751442E-01    0.490939320457144E-02
    0.181553961365655E-01    0.668182254026494E-02
    0.199034208052659E-01    0.852615889403849E-02
    0.211717067462953E-01    0.103477200059328E-01
    0.219750622362501E-01    0.120799678059518E-01
    0.223567681418192E-01    0.136553455665614E-01
    0.223692750439524E-01    0.150353120344373E-01
    0.220794781641613E-01    0.161899619231927E-01
    0.215529075153394E-01    0.171083582870209E-01
    0.208556639066993E-01    0.177921492784790E-01
    0.200469118024517E-01    0.182494617270695E-01
    0.191774104886042E-01    0.184996366417088E-01
    0.182902140738951E-01    0.185594237050754E-01
    0.174168000935899E-01    0.184527277343872E-01
    0.165825044137314E-01    0.181969689256503E-01
    0.158019907774953E-01    0.178123593866434E-01
    0.150855886691049E-01    0.173128277995760E-01
    0.144354919850852E-01    0.167117624039288E-01
    0.138507826990955E-01    0.160186785224765E-01
    0.133247974945445E-01    0.152405969851474E-01
    0.128483812238907E-01    0.143839793617544E-01
    0.124082026324665E-01    0.134519216313019E-01
    0.119888619392905E-01    0.124506164403722E-01
    0.115715588051025E-01    0.113828320207907E-01
    0.111362464042175E-01    0.102580723686091E-01
    0.106600153104338E-01    0.908288963568553E-02
    0.101204116362370E-01    0.787398193889944E-02
    0.949340633695251E-02    0.664550782579709E-02
    0.875824646481930E-02    0.542470447562612E-02
    0.789561797476618E-02    0.423577021539679E-02
    0.689325378957622E-02    0.311787678175194E-02
    0.574545138835800E-02    0.210484287393985E-02
    0.445742127435189E-02    0.124500210791318E-02
    0.304705660940423E-02    0.577167487836283E-03
    0.154543458100719E-02    0.150256444377388E-03
    0.000000000000000E+00    0.000000000000000E+00
    0.000000000000000E+00    0.000000000000000E+00
    0.307545776495144E-02    0.197534858065209E-03
    0.614482416067034E-02    0.775722852150881E-03
    0.910118661109009E-02    0.170014772644983E-02
    0.118472247021439E-01    0.292275996513573E-02
    0.143044019112369E-01    0.438030351393922E-02
    0.164069534540467E-01    0.599668263355118E-02
    0.181211036279129E-01    0.770086765317606E-02
    0.194276290426516E-01    0.941401947046779E-02
    0.203370776347828E-01    0.110755497650032E-01
    0.208735279551557E-01    0.126246771981907E-01
    0.210779579359589E-01    0.140224739120517E-01
    0.210008198875258E-01    0.152368329766491E-01
    0.206948709219329E-01    0.162516663943364E-01
    0.202169016737052E-01    0.170614176813482E-01
    0.196162343991018E-01    0.176670085923911E-01
    0.189414404983655E-01    0.180799348381172E-01
    0.182301216248995E-01    0.183099102924368E-01
    0.175161427200666E-01    0.183749231589048E-01
    0.168232368624817E-01    0.182865374546635E-01
    0.161701139103276E-01    0.180616173831176E-01
    0.155679752473306E-01    0.177094378139907E-01
    0.150226289167182E-01    0.172420459282403E-01
    0.145350185883341E-01    0.166651664451793E-01
    0.141005223857150E-01    0.159855518968680E-01
    0.137116232295164E-01    0.152064677115961E-01
    0.133548460621051E-01    0.143311615810395E-01
    0.130153663991428E-01    0.133632684854593E-01
    0.126716828522187E-01    0.123059299479193E-01
    0.123027947781386E-01    0.111672038801593E-01
    0.118803286302022E-01    0.995454121693913E-02
    0.113794144737866E-01    0.868507588521804E-02
    0.107679099624227E-01    0.737521968124701E-02
    0.100220017535433E-01    0.605529522314925E-02
    0.911248639995451E-02    0.475417501602703E-02
    0.802511061985771E-02    0.351713902871390E-02
    0.674467284591919E-02    0.238584448054948E-02
    0.527788443851365E-02    0.141711920843190E-02
    0.363709688786801E-02    0.660271131337919E-03
    0.186085765775842E-02    0.172735595192042E-03
    0.000000000000000E+00    0.000000000000000E+00
    0.000000000000000E+00    0.000000000000000E+00
    0.270847134789603E-02    0.174392360692052E-03
    0.543019403181691E-02    0.688485001378164E-03
    0.807577697943435E-02    0.151491671070853E-02
    0.105651905992783E-01    0.261440391172398E-02
    0.128255812835128E-01    0.393625795911449E-02
    0.148031950542523E-01    0.541705576570163E-02
    0.164584625162782E-01    0.699793971400357E-02
    0.177747677007424E-01    0.861102345775676E-02
    0.187495829694654E-01    0.102034599767847E-01
    0.194008871231396E-01    0.117197828989334E-01
    0.197553311306943E-01    0.131228822917350E-01
    0.198528132804601E-01    0.143796194251932E-01
    0.197352731579852E-01    0.154709625994917E-01
    0.194492006570796E-01    0.163860271916535E-01
    0.190384696834526E-01    0.171204514109493E-01
    0.185444645208277E-01    0.176789217934909E-01
    0.180040373811140E-01    0.180657244373177E-01
    0.174476265929696E-01    0.182925509801717E-01
    0.169010413499992E-01    0.183666003857531E-01
    0.163825700536576E-01    0.182996633670336E-01
    0.159063483853333E-01    0.180979956282700E-01
    0.154795076355492E-01    0.177695574394477E-01
    0.151052817835194E-01    0.173181707622172E-01
    0.147808287586229E-01    0.167469490805184E-01
    0.144993112700336E-01    0.160580086122753E-01
    0.142483302593442E-01    0.152510878719935E-01
    0.140114636106289E-01    0.143292749545647E-01
    0.137666309099450E-01    0.132924862541822E-01
    0.134884788776884E-01    0.121491076242310E-01
    0.131458412840698E-01    0.109043538340957E-01
    0.127065463898579E-01    0.957734774336734E-02
    0.121336740863412E-01    0.818431231111943E-02
    0.113935167514001E-01    0.676047067506650E-02
    0.104515580873126E-01    0.533746630147921E-02
    0.928251751040675E-02    0.396976674814645E-02
    0.786822114878518E-02    0.270495258562939E-02
    0.620646729695837E-02    0.161365430961623E-02
    0.431269844637946E-02    0.753119794583921E-03
    0.222328591286837E-02    0.197288926837837E-03
    0.000000000000000E+00    0.000000000000000E+00
    0.000000000000000E+00    0.000000000000000E+00
    0.237890991320707E-02    0.156946665546384E-03
    0.478813600529188E-02    0.618882202180928E-03
    0.715218209785384E-02    0.136323547224404E-02
    0.940098269059550E-02    0.235956874697836E-02
    0.114742156578594E-01    0.356498976572242E-02
    0.133192254707304E-01    0.492858538182628E-02
    0.149031761350734E-01    0.639955744545068E-02
    0.162023705559214E-01    0.792140333633624E-02
    0.172139444816408E-01    0.944676624556050E-02
    0.179442342374998E-01    0.109268447152248E-01
    0.184141707887613E-01    0.123260902887925E-01
    0.186521295510854E-01    0.136122659605239E-01
    0.186921332546426E-01    0.147643342913949E-01
    0.185726547076728E-01    0.157680700127100E-01
    0.183303684787365E-01    0.166148548189021E-01
    0.180031839526458E-01    0.173043227019072E-01
    0.176231297019847E-01    0.178355973085137E-01
    0.172208457523440E-01    0.182156865267882E-01
    0.168200351270251E-01    0.184465261487194E-01
    0.164411857595710E-01    0.185365722280803E-01
    0.160984891167892E-01    0.184869367053979E-01
    0.158016350595928E-01    0.183036084407853E-01
    0.155550892683572E-01    0.179852595313789E-01
    0.153575912045877E-01    0.175339208257976E-01
    0.152035841495154E-01    0.169464477971422E-01
    0.150801701467943E-01    0.162218452675305E-01
    0.149711437640685E-01    0.153581293331997E-01
    0.148508437757962E-01    0.143546041734557E-01
    0.146922081497606E-01    0.132156512177267E-01
    0.144565234986970E-01    0.119464290194517E-01
    0.141077549639667E-01    0.105645163098871E-01
    0.135971448123231E-01    0.908785263154938E-02
    0.128858218875199E-01    0.755405698715391E-02
    0.119240514030078E-01    0.600000825721869E-02
    0.106824796021510E-01    0.448746137359022E-02
    0.912740111318755E-02    0.307426877229067E-02
    0.725754816207140E-02    0.184270962553335E-02
    0.507834112673663E-02    0.865006022159152E-03
    0.263702718054400E-02    0.227900568014164E-03
    0.000000000000000E+00    0.000000000000000E+00
    0.000000000000000E+00    0.000000000000000E+00
    0.208383433265823E-02    0.141425841692075E-03
    0.421030407506972E-02    0.559680274258225E-03
    0.631604573840156E-02    0.123590419179696E-02
    0.834208470504890E-02    0.214487403859096E-02
    0.102332121164934E-01    0.325163168201557E-02
    0.119455821983145E-01    0.451353855483620E-02
    0.134442430938434E-01    0.588836639550795E-02
    0.147091140948752E-01    0.732762014604930E-02
    0.157299670794977E-01    0.879040498220960E-02
    0.165111606639188E-01    0.102330407346546E-01
    0.170643680379900E-01    0.116228391739241E-01
    0.174122534065925E-01    0.129287474106503E-01
    0.175808375859020E-01    0.141290890550945E-01
    0.176018834895257E-01    0.152075359269830E-01
    0.175071162771257E-01    0.161524808286754E-01
    0.173289442615203E-01    0.169596414794138E-01
    0.170977388073394E-01    0.176241899868950E-01
    0.168409163759702E-01    0.181487303484235E-01
    0.165829879881737E-01    0.185312874905446E-01
    0.163435426650327E-01    0.187760551852700E-01
    0.161387674003645E-01    0.188807440178401E-01
    0.159791852798028E-01    0.188471621440818E-01
    0.158711436034538E-01    0.186710910529816E-01
    0.158149514295248E-01    0.183500413724464E-01
    0.158055786507424E-01    0.178783271809137E-01
    0.158311715939817E-01    0.172497373780784E-01
    0.158734703360374E-01    0.164601343822041E-01
    0.159059028525197E-01    0.155031122790746E-01
    0.158956336388243E-01    0.143818269812113E-01
    0.157998884857153E-01    0.130963059511088E-01
    0.155723215117679E-01    0.116651931058106E-01
    0.151567950654197E-01    0.101037219553511E-01
    0.144996811783886E-01    0.845486502691937E-02
    0.135422303054279E-01    0.675711135328906E-02
    0.122376817535110E-01    0.508422243203837E-02
    0.105459725751901E-01    0.350085801591150E-02
    0.845055528392714E-02    0.210910939018521E-02
    0.595962237529337E-02    0.991916561818501E-03
    0.311515655212454E-02    0.261830304591641E-03
    0.000000000000000E+00    0.000000000000000E+00
    0.000000000000000E+00    0.000000000000000E+00
    0.181415512070977E-02    0.129472576287378E-03
    0.368292155702191E-02    0.511511628406840E-03
    0.555161904013558E-02    0.113009683956328E-02
    0.736831377484922E-02    0.196496024024241E-02
    0.908637161543439E-02    0.298640777883177E-02
    0.106636638326704E-01    0.415988682806250E-02
    0.120708914167519E-01    0.544903777289907E-02
    0.132844742273891E-01    0.681357957571508E-02
    0.142956497682541E-01    0.821725141063478E-02
    0.151018133176815E-01    0.962223759401556E-02
    0.157123651327155E-01    0.109981502971954E-01
    0.161422194761036E-01    0.123162264332536E-01
    0.164129955776386E-01    0.135546441825114E-01
    0.165502718504263E-01    0.146961624194355E-01
    0.165810945006005E-01    0.157271371924037E-01
    0.165344794621447E-01    0.166404978007795E-01
    0.164372374864080E-01    0.174281785865057E-01
    0.163161697313868E-01    0.180895627329620E-01
    0.161940142635147E-01    0.186186603569594E-01
    0.160917240129027E-01    0.190169465380293E-01
    0.160254877474468E-01    0.192773783018112E-01
    0.160080586060028E-01    0.193998230096832E-01
    0.160469981535966E-01    0.193742509920394E-01
    0.161443923769262E-01    0.191967356111887E-01
    0.162966007708259E-01    0.188544761950944E-01
    0.164915962636184E-01    0.183397797309967E-01
    0.167112757605107E-01    0.176403912309172E-01
    0.169250408979104E-01    0.167480620203626E-01
    0.170975643211909E-01    0.156581971930945E-01
    0.171761723313648E-01    0.143691629959080E-01
    0.171086972937954E-01    0.128947102683504E-01
    0.168219614009858E-01    0.112505417175362E-01
    0.162540758079810E-01    0.948026399406661E-02
    0.153227103680859E-01    0.762798855555835E-02
    0.139736234577975E-01    0.577575798964472E-02
    0.121410072188762E-01    0.400184237524261E-02
    0.980760824333511E-02    0.242433703243793E-02
    0.696299313525809E-02    0.114797403026136E-02
    0.366456890920786E-02    0.305069751934160E-03
    0.000000000000000E+00    0.000000000000000E+00
    0.000000000000000E+00    0.000000000000000E+00
    0.156832637394078E-02    0.118700716135615E-03
    0.320056025650308E-02    0.469817530697647E-03
    0.484991850062311E-02    0.103932362906926E-02
    0.647140737183987E-02    0.181010295396757E-02
    0.802223976158823E-02    0.275775585639372E-02
    0.946664659699236E-02    0.385320560735506E-02
    0.107747544339158E-01    0.506635756310671E-02
    0.119266427252559E-01    0.636270113339941E-02
    0.129094148592052E-01    0.771132908861188E-02
    0.137206730204921E-01    0.907880731299580E-02
    0.143639376964918E-01    0.104379428625533E-01
    0.148515333744870E-01    0.117620470449211E-01
    0.151994462304588E-01    0.130300410915606E-01
    0.154293566873636E-01    0.142245219596714E-01
    0.155643677893455E-01    0.153306040287413E-01
    0.156298138311655E-01    0.163395392236407E-01
    0.156508605335395E-01    0.172407726868801E-01
    0.156518883615053E-01    0.180312829120147E-01
    0.156561117080829E-01    0.187020278158300E-01
    0.156838163310270E-01    0.192517278778643E-01
    0.157530887026091E-01    0.196700896266286E-01
    0.158776675085130E-01    0.199537381928115E-01
    0.160674477529690E-01    0.200890667521240E-01
    0.163265024718518E-01    0.200677470655105E-01
    0.166525023013133E-01    0.198729386573756E-01
    0.170351309145407E-01    0.194905949834093E-01
    0.174546840215135E-01    0.189039510469769E-01
    0.178798943274391E-01    0.180962653007539E-01
    0.182685843733298E-01    0.170589773924845E-01
    0.185627648242893E-01    0.157811316732024E-01
    0.186961719249888E-01    0.142754733243028E-01
    0.185845626124771E-01    0.125507740130964E-01
    0.181442841979261E-01    0.106558626098540E-01
    0.172781177498194E-01    0.863389335907534E-02
    0.159043236346169E-01    0.658271003473002E-02
    0.139447539710198E-01    0.458780649002108E-02
    0.113557095946283E-01    0.279614982706024E-02
    0.812749493960405E-02    0.132689974977307E-02
    0.430506351991029E-02    0.353562326171119E-03
    0.000000000000000E+00    0.000000000000000E+00
    0.000000000000000E+00    0.000000000000000E+00
    0.134077383832708E-02    0.109919636250343E-03
    0.275504550526872E-02    0.434286899920669E-03
    0.420118117914353E-02    0.960877693290757E-03
    0.563859755135643E-02    0.167543635745771E-02
    0.703031091845397E-02    0.255733892907128E-02
    0.834198784495868E-02    0.358299172115448E-02
    0.954831122602434E-02    0.472668481096286E-02
    0.106276535856063E-01    0.595995918493505E-02
    0.115692929475467E-01    0.725573106460357E-02
    0.123667065883515E-01    0.858549716954231E-02
    0.130231116354382E-01    0.992455638846023E-02
    0.135457415332978E-01    0.112489725680949E-01
    0.139485455232812E-01    0.125386312578841E-01
    0.142487051694763E-01    0.137766137663088E-01
    0.144666791143043E-01    0.149476798664144E-01
    0.146249812385823E-01    0.160419644641967E-01
    0.147465892414665E-01    0.170475210551493E-01
    0.148551399455596E-01    0.179595251544715E-01
    0.149728670535458E-01    0.187666824662060E-01
    0.151213417762919E-01    0.194659704605431E-01
    0.153192268772235E-01    0.200436184730123E-01
    0.155829000359815E-01    0.204949518167738E-01
    0.159242242411544E-01    0.208008072030063E-01
    0.163502567058725E-01    0.209517115996210E-01
    0.168610764152892E-01    0.209223109928418E-01
    0.174479575743842E-01    0.206967994789558E-01
    0.180921871765215E-01    0.202465254538311E-01
    0.187594459009371E-01    0.195515728706491E-01
    0.194047128126137E-01    0.185898802518992E-01
    0.199580659259930E-01    0.173463916347778E-01
    0.203450630786337E-01    0.158228924075186E-01
    0.204569587950893E-01    0.140263761300078E-01
    0.201974409429656E-01    0.120024525986614E-01
    0.194326448442013E-01    0.979985176760537E-02
    0.180678543978749E-01    0.752540468245888E-02
    0.159826417463236E-01    0.528269825103931E-02
    0.131287806457845E-01    0.324054781092728E-02
    0.946191190105193E-02    0.155035562331659E-02
    0.504794477219219E-02    0.416351792909966E-03
    0.000000000000000E+00    0.000000000000000E+00
    0.000000000000000E+00    0.000000000000000E+00
    0.113086659228372E-02    0.101711336954334E-03
    0.234349304695438E-02    0.401988216118957E-03
    0.360056948296268E-02    0.890003124832772E-03
    0.486566669475713E-02    0.155350532395239E-02
    0.610417136187997E-02    0.237583852160114E-02
    0.728637209244642E-02    0.333716828674246E-02
    0.838687148176988E-02    0.441663731148774E-02
    0.938742167906681E-02    0.558999632902270E-02
    0.102749695175737E-01    0.683461369624715E-02
    0.110442959619401E-01    0.812559722569169E-02
    0.116949099582122E-01    0.944138472473609E-02
    0.122333592557089E-01    0.107603825598902E-01
    0.126696968783889E-01    0.120639872716272E-01
    0.130191939784720E-01    0.133362740648663E-01
    0.132993238990804E-01    0.145620147707822E-01
    0.135304494684981E-01    0.157313750466774E-01
    0.137342081094102E-01    0.168312741351262E-01
    0.139327855930651E-01    0.178563908443361E-01
    0.141489500635485E-01    0.187936648053490E-01
    0.144042223708223E-01    0.196393829882687E-01
    0.147197057978482E-01    0.203771561825925E-01
    0.151133539906771E-01    0.210011543953919E-01
    0.156007624791228E-01    0.214885291372903E-01
    0.161922861032548E-01    0.218269568788982E-01
    0.168915938938042E-01    0.219856902311258E-01
    0.176936172567737E-01    0.219427107722266E-01
    0.185805135978358E-01    0.216614818096521E-01
    0.195191181192476E-01    0.211108791409458E-01
    0.204578426787082E-01    0.202599900490865E-01
    0.213209084083172E-01    0.190783790482211E-01
    0.220153551428946E-01    0.175622381375309E-01
    0.224163768884435E-01    0.157040603869932E-01
    0.223953536002607E-01    0.135540995055218E-01
    0.217946349267770E-01    0.111544312835302E-01
    0.204761754272657E-01    0.863354998567755E-02
    0.182966473217200E-01    0.610185237924418E-02
    0.151631030246396E-01    0.376975333088185E-02
    0.110256188535074E-01    0.180822494676884E-02
    0.592247727291065E-02    0.487623954220521E-03
    0.000000000000000E+00    0.000000000000000E+00
    0.000000000000000E+00    0.000000000000000E+00
    0.935994078274527E-03    0.942331177722529E-04
    0.196196811210946E-02    0.372021520518221E-03
    0.304334022651710E-02    0.823986992073777E-03
    0.414574691542406E-02    0.143982445031789E-02
    0.523850906926632E-02    0.220589842850692E-02
    0.629279422653083E-02    0.310640751221755E-02
    0.728684932790035E-02    0.412396237085846E-02
    0.820166262360012E-02    0.523887466632178E-02
    0.902650668417064E-02    0.643173413609189E-02
    0.975380676486552E-02    0.768163258545200E-02
    0.103837686892220E-01    0.896952622272027E-02
    0.109196695221567E-01    0.102764608183791E-01
    0.113709425968164E-01    0.115855383911724E-01
    0.117496445576623E-01    0.128819639479123E-01
    0.120719842788220E-01    0.141514986179613E-01
    0.123560271815705E-01    0.153842504756066E-01
    0.126222862059111E-01    0.165676631900300E-01
    0.128923489053539E-01    0.176957095994640E-01
    0.131888304504388E-01    0.187554321499068E-01
    0.135346652205283E-01    0.197425781856141E-01
    0.139524649822699E-01    0.206395199325053E-01
    0.144634329503268E-01    0.214403461857553E-01
    0.150866399870217E-01    0.221186916095162E-01
    0.158380264684380E-01    0.226622624586575E-01
    0.167260734014951E-01    0.230316379977268E-01
    0.177512572894615E-01    0.232039108604992E-01
    0.188995685020548E-01    0.231264152394396E-01
    0.201392345337558E-01    0.227640730078343E-01
    0.214168515255871E-01    0.220630697326669E-01
    0.226444283561088E-01    0.209853219094663E-01
    0.237178698531484E-01    0.195047697944908E-01
    0.244775963778270E-01    0.176074189450658E-01
    0.247758097136956E-01    0.153334209305463E-01
    0.243981430298324E-01    0.127294435470336E-01
    0.231857911996721E-01    0.993226428506062E-02
    0.209248804255834E-01    0.707801667196956E-02
    0.175113026887049E-01    0.440506462779770E-02
    0.128307791501483E-01    0.213315744041683E-02
    0.694795795952632E-02    0.580390715086237E-03
    0.000000000000000E+00    0.000000000000000E+00
    0.000000000000000E+00    0.000000000000000E+00
    0.756148529767381E-03    0.867729090692145E-04
    0.160997437288893E-02    0.342402875599375E-03
    0.252804805749281E-02    0.759234184682252E-03
    0.347843910815430E-02    0.132843352391696E-02
    0.443143712711455E-02    0.203989386916119E-02
    0.536176154228094E-02    0.288058697620437E-02
    0.624767809594836E-02    0.383709741556822E-02
    0.707324908132655E-02    0.489293803260745E-02
    0.782648641118122E-02    0.603233024825506E-02
    0.850159490490444E-02    0.723737799794838E-02
    0.909647220374696E-02    0.849180978434927E-02
    0.961474054113763E-02    0.977906591824355E-02
    0.100631072235619E-01    0.110840060314730E-01
    0.104529147758480E-01    0.123935707886277E-01
    0.107980386816575E-01    0.136942773306091E-01
    0.111154155786777E-01    0.149775368526026E-01
    0.114243092826639E-01    0.162309623276837E-01
    0.117455989724402E-01    0.174498786462740E-01
    0.121024615478291E-01    0.186209309603535E-01
    0.125181347409249E-01    0.197418698095002E-01
    0.130183312069824E-01    0.207935742454114E-01
    0.136267009089646E-01    0.217720280837126E-01
    0.143676673984617E-01    0.226489728987556E-01
    0.152626894842040E-01    0.234131307052786E-01
    0.163284615423565E-01    0.240185899184346E-01
    0.175725926603376E-01    0.244393182267073E-01
    0.189880690690582E-01    0.246110961202836E-01
    0.205499202212668E-01    0.244866465776599E-01
    0.222026997462592E-01    0.239937915050190E-01
    0.238543499162631E-01    0.230703207498999E-01
    0.253776492604052E-01    0.216748916687643E-01
    0.265904419657445E-01    0.197646907699395E-01
    0.272960058370083E-01    0.173833791394217E-01
    0.272414050474429E-01    0.145609369218156E-01
    0.262006728105730E-01    0.114630688654608E-01
    0.239189794667716E-01    0.823124422490615E-02
    0.202173598688686E-01    0.516484527211405E-02
    0.149640203137810E-01    0.250752220740223E-02
    0.816496753840469E-02    0.685873121666278E-03
    0.000000000000000E+00    0.000000000000000E+00
    0.000000000000000E+00    0.000000000000000E+00
    0.591358783623423E-03    0.790105767626850E-04
    0.128679713253353E-02    0.312075209800215E-03
    0.205411714615568E-02    0.693223146181709E-03
    0.286149751969381E-02    0.121553827979205E-02
    0.368207234109923E-02    0.187167503291803E-02
    0.449104002522331E-02    0.265188326484413E-02
    0.526965565781603E-02    0.354569270359886E-02
    0.600190102965332E-02    0.454002819585591E-02
    0.667796951445501E-02    0.562194921172250E-02
    0.729094504845441E-02    0.677651865014166E-02
    0.783975437272310E-02    0.799001133950697E-02
    0.832601720983494E-02    0.924795344609650E-02
    0.875643704596574E-02    0.105374713242326E-01
    0.914000595468301E-02    0.118466350152684E-01
    0.948994366196484E-02    0.131641317229722E-01
    0.982124124719245E-02    0.144816511102332E-01
    0.101525165841646E-01    0.157893558619032E-01
    0.105039856755156E-01    0.170825903129285E-01
    0.108989898861783E-01    0.183506961742412E-01
    0.113615038995122E-01    0.195918550475935E-01
    0.119190793061137E-01    0.207899615528411E-01
    0.125998523468640E-01    0.219416293943945E-01
    0.134331887261743E-01    0.230208151092764E-01
    0.144494913369842E-01    0.240185506159146E-01
    0.156744174309675E-01    0.248830519877055E-01
    0.171271012325278E-01    0.255902636729628E-01
    0.188112630808643E-01    0.260584968866230E-01
    0.207158875210484E-01    0.262383610282222E-01
    0.227890983056583E-01    0.260184415212339E-01
    0.249318817023819E-01    0.253244107998415E-01
    0.270030786360695E-01    0.240700084448962E-01
    0.287713069691740E-01    0.221975986005824E-01
    0.300123478289135E-01    0.197240671417878E-01
    0.303777255447493E-01    0.166856037347671E-01
    0.296112274527047E-01    0.132506857144321E-01
    0.273407536741685E-01    0.960020276591021E-02
    0.233626678537266E-01    0.607143980725167E-02
    0.174394571336649E-01    0.297854840793186E-02
    0.960348487874539E-02    0.821894642895176E-03
    0.000000000000000E+00    0.000000000000000E+00
    0.000000000000000E+00    0.000000000000000E+00
    0.441999198634950E-03    0.707575847936204E-04
    0.994228185677770E-03    0.279536443530222E-03
    0.162287388263028E-02    0.623296844360941E-03
    0.229791447092593E-02    0.109649264509870E-02
    0.299242283867611E-02    0.169540604903150E-02
    0.368473691524391E-02    0.241254354656522E-02
    0.435628069741297E-02    0.324070716291600E-02
    0.499388791648190E-02    0.416941789682622E-02
    0.558728966664520E-02    0.518843509046781E-02
    0.613142897069300E-02    0.628545641424477E-02
    0.662390158188308E-02    0.744881050149556E-02
    0.706703437168401E-02    0.866645466625603E-02
    0.746557108103613E-02    0.992697466495438E-02
    0.782826149924775E-02    0.112206649839929E-01
    0.816626141629234E-02    0.125372263050043E-01
    0.849382369529153E-02    0.138705922496234E-01
    0.882801129661017E-02    0.152119984767668E-01
    0.918835334645410E-02    0.165599775956385E-01
    0.959832947939811E-02    0.179041886846122E-01
    0.100819564998552E-01    0.192470908293210E-01
    0.106690380413722E-01    0.205744014151382E-01
    0.113909117066042E-01    0.218887676207436E-01
    0.122839220914823E-01    0.231647194994593E-01
    0.133841792623693E-01    0.244029133030393E-01
    0.147327041634187E-01    0.255449589082907E-01
    0.163619847847968E-01    0.265718408573984E-01
    0.182931039941418E-01    0.273914987558100E-01
    0.205342783391550E-01    0.279496566247925E-01
    0.230494977190484E-01    0.280958366206807E-01
    0.257462140368349E-01    0.277210569670134E-01
    0.284562265991735E-01    0.267029164024759E-01
    0.309171306880143E-01    0.249268337623080E-01
    0.328274368094432E-01    0.224073191301588E-01
    0.337728610626098E-01    0.191408338132414E-01
    0.333878845028866E-01    0.153474523283174E-01
    0.312362804678795E-01    0.112026664238777E-01
    0.269935461504593E-01    0.714397308925991E-02
    0.203802153177780E-01    0.351520546796614E-02
    0.113218516570224E-01    0.975226422977969E-03
    0.000000000000000E+00    0.000000000000000E+00
    0.000000000000000E+00    0.000000000000000E+00
    0.310420023837425E-03    0.614540065165422E-04
    0.733682731177725E-03    0.244229850383079E-03
    0.123678357003780E-02    0.547748869780658E-03
    0.178861795583377E-02    0.969055109994719E-03
    0.236477894681211E-02    0.150717523663530E-02
    0.294423274720267E-02    0.215741987115071E-02
    0.351098552282943E-02    0.291521921464044E-02
    0.405258862720015E-02    0.377237644744158E-02
    0.456061630699232E-02    0.472126827496520E-02
    0.502992546529550E-02    0.575134182458614E-02
    0.545897335721852E-02    0.685353702889165E-02
    0.584903828272919E-02    0.801695715600937E-02
    0.620479184769569E-02    0.923289517745010E-02
    0.653325346121886E-02    0.104921665918390E-01
    0.684479330122718E-02    0.117876295148025E-01
    0.715188430231664E-02    0.131131776218032E-01
    0.747055936252427E-02    0.144642394303447E-01
    0.781891299870276E-02    0.158393335997956E-01
    0.821938632183655E-02    0.172337727231060E-01
    0.869609169523438E-02    0.186494149995550E-01
    0.927964685912239E-02    0.200821676719921E-01
    0.100068662422368E-01    0.215359848842972E-01
    0.109194634725967E-01    0.229940846736102E-01
    0.120590235232200E-01    0.244628815042089E-01
    0.134800314601078E-01    0.258916804343498E-01
    0.152391808900364E-01    0.272668452535466E-01
    0.173809181203016E-01    0.284894479812245E-01
    0.199493720665318E-01    0.295138866219314E-01
    0.229312033811980E-01    0.301268068358872E-01
    0.262567603043900E-01    0.302050995958051E-01
    0.297409635428970E-01    0.295295154573326E-01
    0.330491092199220E-01    0.279537837890635E-01
    0.358343756271532E-01    0.254269184840279E-01
    0.375084553565165E-01    0.219516046343761E-01
    0.376619958104055E-01    0.177565295164588E-01
    0.356855137703099E-01    0.130795426762797E-01
    0.312165799241602E-01    0.840326663886812E-02
    0.237965350278286E-01    0.418830740055149E-02
    0.133723959364340E-01    0.117361216183602E-02
    0.000000000000000E+00    0.000000000000000E+00
    0.000000000000000E+00    0.000000000000000E+00
    0.197025228600135E-03    0.512409754138722E-04
    0.508868296575458E-03    0.204819202954278E-03
    0.899050266985540E-03    0.465028994415927E-03
    0.133897981094887E-02    0.830447517927252E-03
    0.180396258857205E-02    0.130387570917443E-02
    0.227629662572587E-02    0.188260926014587E-02
    0.274068219983240E-02    0.256442743847016E-02
    0.318733217885182E-02    0.334340464482661E-02
    0.360817155615226E-02    0.421337760433780E-02
    0.399965441818007E-02    0.516628504465867E-02
    0.435972395004975E-02    0.619399994085237E-02
    0.469017771987039E-02    0.728816270616554E-02
    0.499430004920333E-02    0.844071404138482E-02
    0.527871780856052E-02    0.964501436787750E-02
    0.555180021021317E-02    0.108946036576682E-01
    0.582497138808247E-02    0.121862907338861E-01
    0.611217413600345E-02    0.135163031250355E-01
    0.642999853469129E-02    0.148872776312625E-01
    0.679948178749583E-02    0.162955172303634E-01
    0.724379914324189E-02    0.177482960007981E-01
    0.779311217518131E-02    0.192472019986082E-01
    0.848480253068510E-02    0.208094931473556E-01
    0.936883383935535E-02    0.224150277075198E-01
    0.104893446810654E-01    0.240864765580297E-01
    0.119135898697572E-01    0.257870001844040E-01
    0.137246017737147E-01    0.275239819409501E-01
    0.160041807912377E-01    0.291896970706516E-01
    0.188239103115531E-01    0.307644826488846E-01
    0.222327692287605E-01    0.319773959315713E-01
    0.262208989311376E-01    0.326722690341327E-01
    0.305935252996868E-01    0.325226260484361E-01
    0.349588998133617E-01    0.312634808922748E-01
    0.388335431050860E-01    0.288301413090472E-01
    0.415104471595522E-01    0.251259843597116E-01
    0.423838853578397E-01    0.205114839945428E-01
    0.407532208695103E-01    0.152225851480689E-01
    0.360936223985974E-01    0.985948569015440E-02
    0.278569164371168E-01    0.493649266508611E-02
    0.157985500984459E-01    0.140795328449597E-02
    0.000000000000000E+00    0.000000000000000E+00
    0.000000000000000E+00    0.000000000000000E+00
    0.105668217677372E-03    0.397646415726508E-04
    0.321592442013985E-03    0.162345566734895E-03
    0.613157930107171E-03    0.375561016019475E-03
    0.950998726819270E-03    0.681607756505206E-03
    0.131333911170750E-02    0.108590599585719E-02
    0.168415246775587E-02    0.158783575585831E-02
    0.205043115849945E-02    0.218752503563120E-02
    0.240416493206860E-02    0.287993286414218E-02
    0.273858356115053E-02    0.366141274177161E-02
    0.305101467040583E-02    0.452423290241492E-02
    0.333971997771268E-02    0.546298157942466E-02
    0.360625365677546E-02    0.646925058041938E-02
    0.385329035566211E-02    0.753797250094804E-02
    0.408628775256860E-02    0.866204728134335E-02
    0.431216150400023E-02    0.983865114140736E-02
    0.454057165358837E-02    0.110637249511205E-01
    0.478310707114465E-02    0.123384339877932E-01
    0.505427260452452E-02    0.136638833895730E-01
    0.537186340526519E-02    0.150445843483700E-01
    0.575877181296046E-02    0.164851553745224E-01
    0.624334091800040E-02    0.180013791425110E-01
    0.686193580387412E-02    0.196123079450809E-01
    0.766149039117878E-02    0.213144885346356E-01
    0.868825475665911E-02    0.231246610718508E-01
    0.100185739496706E-01    0.250611447550375E-01
    0.117844770529670E-01    0.271386300140288E-01
    0.141039075200811E-01    0.292634716364521E-01
    0.170769470949755E-01    0.314446310224047E-01
    0.208355795023987E-01    0.333874858921971E-01
    0.255456329267552E-01    0.349453168169662E-01
    0.310085791266121E-01    0.355217762939369E-01
    0.366796454165602E-01    0.347872860842473E-01
    0.419945431690582E-01    0.325237184558665E-01
    0.459049058257036E-01    0.286628788811355E-01
    0.477713898798777E-01    0.235656570042524E-01
    0.466003989855892E-01    0.176455639929003E-01
    0.418221168310808E-01    0.114900031674741E-01
    0.326210392240380E-01    0.579652784419610E-02
    0.186918485847633E-01    0.166543909602297E-02
    0.000000000000000E+00    0.000000000000000E+00
    0.000000000000000E+00    0.000000000000000E+00
    0.364157413886086E-04    0.272374906996074E-04
    0.176546222579142E-03    0.115694091837095E-03
    0.382769935878711E-03    0.279792062532583E-03
    0.630556516610766E-03    0.523391386332444E-03
    0.898904008878139E-03    0.855078896248764E-03
    0.117562389492233E-02    0.127596567285581E-02
    0.144943827196222E-02    0.178695808496215E-02
    0.171459288323704E-02    0.238521571901513E-02
    0.196557899175621E-02    0.306691456601489E-02
    0.220067565031556E-02    0.382697387772385E-02
    0.241842781789901E-02    0.465949844791485E-02
    0.262029234303087E-02    0.555888092795075E-02
    0.280815825279724E-02    0.651955439547969E-02
    0.298650857092796E-02    0.753721375088052E-02
    0.316049312514315E-02    0.860867570602846E-02
    0.333795291441733E-02    0.973292394917163E-02
    0.352796584889706E-02    0.109106517670329E-01
    0.374237130150909E-02    0.121464958751950E-01
    0.399550592379272E-02    0.134461979513553E-01
    0.430701083166001E-02    0.148206798421810E-01
    0.470197596987514E-02    0.162872254208086E-01
    0.521141529490620E-02    0.178791057244439E-01
    0.588241565475909E-02    0.195903077242417E-01
    0.676270704733667E-02    0.214464732075528E-01
    0.792107811506141E-02    0.235207474880095E-01
    0.950350427306921E-02    0.259023258469692E-01
    0.117071747918545E-01    0.284305913580723E-01
    0.146446668085464E-01    0.311757248193902E-01
    0.185392147733864E-01    0.339579104016859E-01
    0.238036330192588E-01    0.367263732167452E-01
    0.304514972304092E-01    0.383915700372458E-01
    0.378084375418013E-01    0.383517759145111E-01
    0.449283970668378E-01    0.364830275316634E-01
    0.505402330771212E-01    0.324516555753156E-01
    0.536577935783462E-01    0.268964730419836E-01
    0.531598860250852E-01    0.202390354711355E-01
    0.482677461934792E-01    0.132670456704476E-01
    0.380849350497220E-01    0.663388659141121E-02
    0.220262911586228E-01    0.187186956687800E-02
    0.000000000000000E+00    0.000000000000000E+00
    0.000000000000000E+00    0.000000000000000E+00
   -0.742413620696619E-05    0.146280403130155E-04
    0.731719055919139E-04    0.693714018269409E-04
    0.208991865399893E-03    0.182793734680275E-03
    0.377785890062143E-03    0.362694153895033E-03
    0.562124141468619E-03    0.619627844741140E-03
    0.753537144259553E-03    0.955034295862415E-03
    0.942438176840149E-03    0.137196715095999E-02
    0.112602417677031E-02    0.186659308955712E-02
    0.129921740638564E-02    0.243778706145488E-02
    0.146201433042586E-02    0.307929287618838E-02
    0.161246761205065E-02    0.378821541977442E-02
    0.175253699809573E-02    0.455774655315575E-02
    0.188279004182309E-02    0.538547957882575E-02
    0.200718115419658E-02    0.626569754495473E-02
    0.212860028502133E-02    0.719867476682915E-02
    0.225346700810888E-02    0.818139154286730E-02
    0.238720167470290E-02    0.921894015128983E-02
    0.253983353089437E-02    0.103123527701683E-01
    0.272052243865208E-02    0.114746945525800E-01
    0.294649533351206E-02    0.127122865069628E-01
    0.323380644896636E-02    0.140541360155588E-01
    0.360707408073606E-02    0.155243695241429E-01
    0.409643376750061E-02    0.171479729851253E-01
    0.476397081703469E-02    0.189245798954937E-01
    0.568019150629172E-02    0.210030962552878E-01
    0.698424268886744E-02    0.235039992014881E-01
    0.886897891140722E-02    0.263033144209029E-01
    0.114294093843578E-01    0.294312542659129E-01
    0.151074420420773E-01    0.331069624219956E-01
    0.209138143806416E-01    0.374507992419966E-01
    0.289936577149024E-01    0.405298562430660E-01
    0.384264456322292E-01    0.416335937282256E-01
    0.479810776381552E-01    0.403163640667789E-01
    0.556190834753276E-01    0.363290602954345E-01
    0.603543396647325E-01    0.302151639532507E-01
    0.606102077750933E-01    0.227834058473096E-01
    0.553926418759186E-01    0.150164347080544E-01
    0.439738629088584E-01    0.751108055617267E-02
    0.256442253240974E-01    0.208645153369018E-02
    0.000000000000000E+00    0.000000000000000E+00
    0.000000000000000E+00    0.000000000000000E+00
   -0.276419267797302E-04    0.242692977896331E-05
    0.138059719451291E-04    0.237410746164857E-04
    0.926225412539838E-04    0.894674983102092E-04
    0.195143674080001E-03    0.208049858880557E-03
    0.307293289382874E-03    0.390484729876044E-03
    0.424157799216089E-03    0.639632104734229E-03
    0.539216737631144E-03    0.956769517811985E-03
    0.650761581649332E-03    0.134080042351462E-02
    0.755910466659104E-03    0.178848969986538E-02
    0.854446629560647E-03    0.229703184979502E-02
    0.945575984649722E-03    0.286160992944058E-02
    0.103022231885766E-02    0.347892937092568E-02
    0.110905186760476E-02    0.414488797543698E-02
    0.118429576763862E-02    0.485695788967309E-02
    0.125791759086685E-02    0.561367141356176E-02
    0.133381235215720E-02    0.641470071379650E-02
    0.141535311640192E-02    0.726310413335803E-02
    0.150901582326136E-02    0.816212847182972E-02
    0.162031499275275E-02    0.912298077074163E-02
    0.176082388907046E-02    0.101558252677737E-01
    0.194160201855267E-02    0.112819101519504E-01
    0.217830911245587E-02    0.125266129818858E-01
    0.248748769383104E-02    0.139250141124949E-01
    0.292253040085085E-02    0.154918741178866E-01
    0.353983071541037E-02    0.173799873190532E-01
    0.443725272673887E-02    0.198003125151110E-01
    0.581729228957271E-02    0.225333433922385E-01
    0.781779332409925E-02    0.255674762303268E-01
    0.107753568638069E-01    0.298581997801905E-01
    0.161070405485919E-01    0.361780303626048E-01
    0.252356977722529E-01    0.412674281502004E-01
    0.374438539417345E-01    0.439372943479626E-01
    0.503996910950019E-01    0.437296145688455E-01
    0.610326177742403E-01    0.396244410129668E-01
    0.675353775597315E-01    0.331822827473281E-01
    0.687368781652050E-01    0.249246454543920E-01
    0.634559445331253E-01    0.163511892738016E-01
    0.508980002707082E-01    0.839873151545834E-02
    0.301081315102401E-01    0.235555786528169E-02
    0.000000000000000E+00    0.000000000000000E+00
    0.000000000000000E+00    0.000000000000000E+00
   -0.260280437597154E-04   -0.563340214961280E-05
   -0.976150431014957E-05   -0.100687767657585E-04
    0.258403781454188E-04    0.143902978361637E-04
    0.761263328204790E-04    0.771079976027171E-04
    0.129622179604684E-03    0.189567204069273E-03
    0.186967784085668E-03    0.351236543505175E-03
    0.241832397927031E-03    0.565977542328739E-03
    0.296033664450887E-03    0.829704308900069E-03
    0.345965094112955E-03    0.114268449590191E-02
    0.393481382867820E-03    0.149994577560440E-02
    0.436595658718133E-03    0.190030322773011E-02
    0.477196144502990E-03    0.233882155047494E-02
    0.514342793635131E-03    0.281468482268187E-02
    0.550313052510959E-03    0.332374802801095E-02
    0.584837353174255E-03    0.386725115003416E-02
    0.621078469209367E-03    0.444248454369728E-02
    0.659154778927282E-03    0.505476578693212E-02
    0.704207635623148E-03    0.570324152215539E-02
    0.756742108870727E-03    0.640118029474123E-02
    0.825031006660732E-03    0.715202695998693E-02
    0.909274725403206E-03    0.797924126385735E-02
    0.102256757206256E-02    0.888970219080314E-02
    0.116993529231186E-02    0.993311155563263E-02
    0.140022955723979E-02    0.111096777200034E-01
    0.173031139253574E-02    0.125761795353081E-01
    0.217094014925901E-02    0.144937415597908E-01
    0.272434172026901E-02    0.167733515500604E-01
    0.362760756774225E-02    0.190394309136178E-01
    0.530643349305646E-02    0.233802218714997E-01
    0.967983278827992E-02    0.307451332625830E-01
    0.190960494538702E-01    0.380333148899280E-01
    0.345782164870941E-01    0.443708919288887E-01
    0.530304627567322E-01    0.456427088488398E-01
    0.672625116800389E-01    0.414018964313633E-01
    0.749703602278725E-01    0.351081117313386E-01
    0.770591442528702E-01    0.266945433351078E-01
    0.721864388683622E-01    0.176835339854307E-01
    0.591616081763523E-01    0.982911702887856E-02
    0.364321854020249E-01    0.308706425623473E-02
    0.000000000000000E+00    0.000000000000000E+00
    0.000000000000000E+00    0.000000000000000E+00
   -0.937282263809298E-05   -0.937282263809178E-05
   -0.557825965821823E-05   -0.260844507429958E-04
    0.292175747274985E-05   -0.269240001365887E-04
    0.165208090907859E-04   -0.471788781932676E-05
    0.310920665178369E-04    0.446052572573168E-04
    0.467152608919546E-04    0.123994429974493E-03
    0.617086746836225E-04    0.231746382053557E-03
    0.761602555942936E-04    0.369094317121516E-03
    0.897249149775063E-04    0.532232993683278E-03
    0.102247801056648E-03    0.721772437276919E-03
    0.113887835883425E-03    0.933628320615060E-03
    0.124510520666524E-03    0.116790731927984E-02
    0.134438068306579E-03    0.142143604285333E-02
    0.143827185062303E-03    0.169410113142537E-02
    0.152918501510137E-03    0.198459596428425E-02
    0.162427847430027E-03    0.229283125358737E-02
    0.172208926525282E-03    0.262068631819199E-02
    0.184195947501343E-03    0.296836608142617E-02
    0.197879114000846E-03    0.334278620480930E-02
    0.216569931937078E-03    0.374614160856877E-02
    0.238174739134805E-03    0.419094650354725E-02
    0.268267247175887E-03    0.467665932206682E-02
    0.301076337723577E-03    0.524548908666258E-02
    0.367281220610154E-03    0.590487386270466E-02
    0.485018146115253E-03    0.670786676339574E-02
    0.623934561695892E-03    0.774465803767000E-02
    0.686646356309382E-03    0.901792760678261E-02
    0.854299746276153E-03    0.100647753610379E-01
    0.119224591064884E-02    0.130096437631943E-01
    0.330988447819054E-02    0.198591131848423E-01
    0.102873497115209E-01    0.266211040109972E-01
    0.230064808340824E-01    0.339445135554785E-01
    0.518977715955870E-01    0.452090120458555E-01
    0.732759048790280E-01    0.415083349753484E-01
    0.834111706122626E-01    0.344636102265054E-01
    0.853775595232453E-01    0.276335626402122E-01
    0.805437896294032E-01    0.192448144252756E-01
    0.667581458821053E-01    0.121714755746270E-01
    0.416260774364781E-01    0.537748811095570E-02
    0.000000000000000E+00    0.000000000000000E+00
    0.000000000000000E+00    0.000000000000000E+00
    0.000000000000000E+00    0.000000000000000E+00
    0.000000000000000E+00    0.000000000000000E+00
    0.000000000000000E+00    0.000000000000000E+00
    0.000000000000000E+00    0.000000000000000E+00
    0.000000000000000E+00    0.000000000000000E+00
    0.000000000000000E+00    0.000000000000000E+00
    0.000000000000000E+00    0.000000000000000E+00
    0.000000000000000E+00    0.000000000000000E+00
    0.000000000000000E+00    0.000000000000000E+00
    0.000000000000000E+00    0.000000000000000E+00
    0.000000000000000E+00    0.000000000000000E+00
    0.000000000000000E+00    0.000000000000000E+00
    0.000000000000000E+00    0.000000000000000E+00
    0.000000000000000E+00    0.000000000000000E+00
    0.000000000000000E+00    0.000000000000000E+00
    0.000000000000000E+00    0.000000000000000E+00
    0.000000000000000E+00    0.000000000000000E+00
    0.000000000000000E+00    0.000000000000000E+00
    0.000000000000000E+00    0.000000000000000E+00
    0.000000000000000E+00    0.000000000000000E+00
    0.000000000000000E+00    0.000000000000000E+00
    0.000000000000000E+00    0.000000000000000E+00
    0.000000000000000E+00    0.000000000000000E+00
    0.000000000000000E+00    0.000000000000000E+00
    0.000000000000000E+00    0.000000000000000E+00
    0.000000000000000E+00    0.000000000000000E+00
    0.000000000000000E+00    0.000000000000000E+00
    0.000000000000000E+00    0.000000000000000E+00
    0.000000000000000E+00    0.000000000000000E+00
    0.000000000000000E+00    0.000000000000000E+00
    0.000000000000000E+00    0.000000000000000E+00
    0.000000000000000E+00    0.000000000000000E+00
    0.536611170166615E-01    0.409597070069871E-01
    0.748307981757332E-01    0.433171335381837E-01
    0.886100808926049E-01    0.334385908517112E-01
    0.933408884728129E-01    0.270504759166491E-01
    0.883863448310645E-01    0.199243149422062E-01
    0.741267764148460E-01    0.132081930891801E-01
    0.450655928590630E-01    0.703449066968163E-02
    0.000000000000000E+00    0.000000000000000E+00
