      0.0000000000000001      0.0000000000000001
     -1.0000000000000000      0.0000000000000001
      1.0000000000000000      0.0000000000000001
      0.0000000000000001     -1.0000000000000000
      0.0000000000000001      1.0000000000000000
     -0.7071067811865475      0.0000000000000001
      0.7071067811865476      0.0000000000000001
     -1.0000000000000000     -1.0000000000000000
      1.0000000000000000     -1.0000000000000000
     -1.0000000000000000      1.0000000000000000
      1.0000000000000000      1.0000000000000000
      0.0000000000000001     -0.7071067811865475
      0.0000000000000001      0.7071067811865476
     -0.9238795325112867      0.0000000000000001
     -0.3826834323650897      0.0000000000000001
      0.3826834323650898      0.0000000000000001
      0.9238795325112867      0.0000000000000001
     -0.7071067811865475     -1.0000000000000000
      0.7071067811865476     -1.0000000000000000
     -0.7071067811865475      1.0000000000000000
      0.7071067811865476      1.0000000000000000
     -1.0000000000000000     -0.7071067811865475
      1.0000000000000000     -0.7071067811865475
     -1.0000000000000000      0.7071067811865476
      1.0000000000000000      0.7071067811865476
      0.0000000000000001     -0.9238795325112867
      0.0000000000000001     -0.3826834323650897
      0.0000000000000001      0.3826834323650898
      0.0000000000000001      0.9238795325112867
     -0.9807852804032304      0.0000000000000001
     -0.8314696123025453      0.0000000000000001
     -0.5555702330196020      0.0000000000000001
     -0.1950903220161282      0.0000000000000001
      0.1950903220161283      0.0000000000000001
      0.5555702330196023      0.0000000000000001
      0.8314696123025452      0.0000000000000001
      0.9807852804032304      0.0000000000000001
     -0.9238795325112867     -1.0000000000000000
     -0.3826834323650897     -1.0000000000000000
      0.3826834323650898     -1.0000000000000000
      0.9238795325112867     -1.0000000000000000
     -0.9238795325112867      1.0000000000000000
     -0.3826834323650897      1.0000000000000000
      0.3826834323650898      1.0000000000000000
      0.9238795325112867      1.0000000000000000
     -0.7071067811865475     -0.7071067811865475
      0.7071067811865476     -0.7071067811865475
     -0.7071067811865475      0.7071067811865476
      0.7071067811865476      0.7071067811865476
     -1.0000000000000000     -0.9238795325112867
      1.0000000000000000     -0.9238795325112867
     -1.0000000000000000     -0.3826834323650897
      1.0000000000000000     -0.3826834323650897
     -1.0000000000000000      0.3826834323650898
      1.0000000000000000      0.3826834323650898
     -1.0000000000000000      0.9238795325112867
      1.0000000000000000      0.9238795325112867
      0.0000000000000001     -0.9807852804032304
      0.0000000000000001     -0.8314696123025453
      0.0000000000000001     -0.5555702330196020
      0.0000000000000001     -0.1950903220161282
      0.0000000000000001      0.1950903220161283
      0.0000000000000001      0.5555702330196023
      0.0000000000000001      0.8314696123025452
      0.0000000000000001      0.9807852804032304
     -0.9951847266721968      0.0000000000000001
     -0.9569403357322088      0.0000000000000001
     -0.8819212643483549      0.0000000000000001
     -0.7730104533627370      0.0000000000000001
     -0.6343932841636454      0.0000000000000001
     -0.4713967368259977      0.0000000000000001
     -0.2902846772544622      0.0000000000000001
     -0.0980171403295606      0.0000000000000001
      0.0980171403295608      0.0000000000000001
      0.2902846772544623      0.0000000000000001
      0.4713967368259978      0.0000000000000001
      0.6343932841636455      0.0000000000000001
      0.7730104533627370      0.0000000000000001
      0.8819212643483550      0.0000000000000001
      0.9569403357322088      0.0000000000000001
      0.9951847266721969      0.0000000000000001
     -0.9807852804032304     -1.0000000000000000
     -0.8314696123025453     -1.0000000000000000
     -0.5555702330196020     -1.0000000000000000
     -0.1950903220161282     -1.0000000000000000
      0.1950903220161283     -1.0000000000000000
      0.5555702330196023     -1.0000000000000000
      0.8314696123025452     -1.0000000000000000
      0.9807852804032304     -1.0000000000000000
     -0.9807852804032304      1.0000000000000000
     -0.8314696123025453      1.0000000000000000
     -0.5555702330196020      1.0000000000000000
     -0.1950903220161282      1.0000000000000000
      0.1950903220161283      1.0000000000000000
      0.5555702330196023      1.0000000000000000
      0.8314696123025452      1.0000000000000000
      0.9807852804032304      1.0000000000000000
     -0.9238795325112867     -0.7071067811865475
     -0.3826834323650897     -0.7071067811865475
      0.3826834323650898     -0.7071067811865475
      0.9238795325112867     -0.7071067811865475
     -0.9238795325112867      0.7071067811865476
     -0.3826834323650897      0.7071067811865476
      0.3826834323650898      0.7071067811865476
      0.9238795325112867      0.7071067811865476
     -0.7071067811865475     -0.9238795325112867
      0.7071067811865476     -0.9238795325112867
     -0.7071067811865475     -0.3826834323650897
      0.7071067811865476     -0.3826834323650897
     -0.7071067811865475      0.3826834323650898
      0.7071067811865476      0.3826834323650898
     -0.7071067811865475      0.9238795325112867
      0.7071067811865476      0.9238795325112867
     -1.0000000000000000     -0.9807852804032304
      1.0000000000000000     -0.9807852804032304
     -1.0000000000000000     -0.8314696123025453
      1.0000000000000000     -0.8314696123025453
     -1.0000000000000000     -0.5555702330196020
      1.0000000000000000     -0.5555702330196020
     -1.0000000000000000     -0.1950903220161282
      1.0000000000000000     -0.1950903220161282
     -1.0000000000000000      0.1950903220161283
      1.0000000000000000      0.1950903220161283
     -1.0000000000000000      0.5555702330196023
      1.0000000000000000      0.5555702330196023
     -1.0000000000000000      0.8314696123025452
      1.0000000000000000      0.8314696123025452
     -1.0000000000000000      0.9807852804032304
      1.0000000000000000      0.9807852804032304
      0.0000000000000001     -0.9951847266721968
      0.0000000000000001     -0.9569403357322088
      0.0000000000000001     -0.8819212643483549
      0.0000000000000001     -0.7730104533627370
      0.0000000000000001     -0.6343932841636454
      0.0000000000000001     -0.4713967368259977
      0.0000000000000001     -0.2902846772544622
      0.0000000000000001     -0.0980171403295606
      0.0000000000000001      0.0980171403295608
      0.0000000000000001      0.2902846772544623
      0.0000000000000001      0.4713967368259978
      0.0000000000000001      0.6343932841636455
      0.0000000000000001      0.7730104533627370
      0.0000000000000001      0.8819212643483550
      0.0000000000000001      0.9569403357322088
      0.0000000000000001      0.9951847266721969
     -0.9987954562051724      0.0000000000000001
     -0.9891765099647810      0.0000000000000001
     -0.9700312531945440      0.0000000000000001
     -0.9415440651830207      0.0000000000000001
     -0.9039892931234433      0.0000000000000001
     -0.8577286100002720      0.0000000000000001
     -0.8032075314806448      0.0000000000000001
     -0.7409511253549589      0.0000000000000001
     -0.6715589548470184      0.0000000000000001
     -0.5956993044924334      0.0000000000000001
     -0.5141027441932217      0.0000000000000001
     -0.4275550934302819      0.0000000000000001
     -0.3368898533922199      0.0000000000000001
     -0.2429801799032639      0.0000000000000001
     -0.1467304744553616      0.0000000000000001
     -0.0490676743274180      0.0000000000000001
      0.0490676743274181      0.0000000000000001
      0.1467304744553617      0.0000000000000001
      0.2429801799032640      0.0000000000000001
      0.3368898533922201      0.0000000000000001
      0.4275550934302822      0.0000000000000001
      0.5141027441932217      0.0000000000000001
      0.5956993044924335      0.0000000000000001
      0.6715589548470183      0.0000000000000001
      0.7409511253549591      0.0000000000000001
      0.8032075314806449      0.0000000000000001
      0.8577286100002721      0.0000000000000001
      0.9039892931234433      0.0000000000000001
      0.9415440651830208      0.0000000000000001
      0.9700312531945440      0.0000000000000001
      0.9891765099647810      0.0000000000000001
      0.9987954562051724      0.0000000000000001
     -0.9951847266721968     -1.0000000000000000
     -0.9569403357322088     -1.0000000000000000
     -0.8819212643483549     -1.0000000000000000
     -0.7730104533627370     -1.0000000000000000
     -0.6343932841636454     -1.0000000000000000
     -0.4713967368259977     -1.0000000000000000
     -0.2902846772544622     -1.0000000000000000
     -0.0980171403295606     -1.0000000000000000
      0.0980171403295608     -1.0000000000000000
      0.2902846772544623     -1.0000000000000000
      0.4713967368259978     -1.0000000000000000
      0.6343932841636455     -1.0000000000000000
      0.7730104533627370     -1.0000000000000000
      0.8819212643483550     -1.0000000000000000
      0.9569403357322088     -1.0000000000000000
      0.9951847266721969     -1.0000000000000000
     -0.9951847266721968      1.0000000000000000
     -0.9569403357322088      1.0000000000000000
     -0.8819212643483549      1.0000000000000000
     -0.7730104533627370      1.0000000000000000
     -0.6343932841636454      1.0000000000000000
     -0.4713967368259977      1.0000000000000000
     -0.2902846772544622      1.0000000000000000
     -0.0980171403295606      1.0000000000000000
      0.0980171403295608      1.0000000000000000
      0.2902846772544623      1.0000000000000000
      0.4713967368259978      1.0000000000000000
      0.6343932841636455      1.0000000000000000
      0.7730104533627370      1.0000000000000000
      0.8819212643483550      1.0000000000000000
      0.9569403357322088      1.0000000000000000
      0.9951847266721969      1.0000000000000000
     -0.9807852804032304     -0.7071067811865475
     -0.8314696123025453     -0.7071067811865475
     -0.5555702330196020     -0.7071067811865475
     -0.1950903220161282     -0.7071067811865475
      0.1950903220161283     -0.7071067811865475
      0.5555702330196023     -0.7071067811865475
      0.8314696123025452     -0.7071067811865475
      0.9807852804032304     -0.7071067811865475
     -0.9807852804032304      0.7071067811865476
     -0.8314696123025453      0.7071067811865476
     -0.5555702330196020      0.7071067811865476
     -0.1950903220161282      0.7071067811865476
      0.1950903220161283      0.7071067811865476
      0.5555702330196023      0.7071067811865476
      0.8314696123025452      0.7071067811865476
      0.9807852804032304      0.7071067811865476
     -0.9238795325112867     -0.9238795325112867
     -0.3826834323650897     -0.9238795325112867
      0.3826834323650898     -0.9238795325112867
      0.9238795325112867     -0.9238795325112867
     -0.9238795325112867     -0.3826834323650897
     -0.3826834323650897     -0.3826834323650897
      0.3826834323650898     -0.3826834323650897
      0.9238795325112867     -0.3826834323650897
     -0.9238795325112867      0.3826834323650898
     -0.3826834323650897      0.3826834323650898
      0.3826834323650898      0.3826834323650898
      0.9238795325112867      0.3826834323650898
     -0.9238795325112867      0.9238795325112867
     -0.3826834323650897      0.9238795325112867
      0.3826834323650898      0.9238795325112867
      0.9238795325112867      0.9238795325112867
     -0.7071067811865475     -0.9807852804032304
      0.7071067811865476     -0.9807852804032304
     -0.7071067811865475     -0.8314696123025453
      0.7071067811865476     -0.8314696123025453
     -0.7071067811865475     -0.5555702330196020
      0.7071067811865476     -0.5555702330196020
     -0.7071067811865475     -0.1950903220161282
      0.7071067811865476     -0.1950903220161282
     -0.7071067811865475      0.1950903220161283
      0.7071067811865476      0.1950903220161283
     -0.7071067811865475      0.5555702330196023
      0.7071067811865476      0.5555702330196023
     -0.7071067811865475      0.8314696123025452
      0.7071067811865476      0.8314696123025452
     -0.7071067811865475      0.9807852804032304
      0.7071067811865476      0.9807852804032304
     -1.0000000000000000     -0.9951847266721968
      1.0000000000000000     -0.9951847266721968
     -1.0000000000000000     -0.9569403357322088
      1.0000000000000000     -0.9569403357322088
     -1.0000000000000000     -0.8819212643483549
      1.0000000000000000     -0.8819212643483549
     -1.0000000000000000     -0.7730104533627370
      1.0000000000000000     -0.7730104533627370
     -1.0000000000000000     -0.6343932841636454
      1.0000000000000000     -0.6343932841636454
     -1.0000000000000000     -0.4713967368259977
      1.0000000000000000     -0.4713967368259977
     -1.0000000000000000     -0.2902846772544622
      1.0000000000000000     -0.2902846772544622
     -1.0000000000000000     -0.0980171403295606
      1.0000000000000000     -0.0980171403295606
     -1.0000000000000000      0.0980171403295608
      1.0000000000000000      0.0980171403295608
     -1.0000000000000000      0.2902846772544623
      1.0000000000000000      0.2902846772544623
     -1.0000000000000000      0.4713967368259978
      1.0000000000000000      0.4713967368259978
     -1.0000000000000000      0.6343932841636455
      1.0000000000000000      0.6343932841636455
     -1.0000000000000000      0.7730104533627370
      1.0000000000000000      0.7730104533627370
     -1.0000000000000000      0.8819212643483550
      1.0000000000000000      0.8819212643483550
     -1.0000000000000000      0.9569403357322088
      1.0000000000000000      0.9569403357322088
     -1.0000000000000000      0.9951847266721969
      1.0000000000000000      0.9951847266721969
      0.0000000000000001     -0.9987954562051724
      0.0000000000000001     -0.9891765099647810
      0.0000000000000001     -0.9700312531945440
      0.0000000000000001     -0.9415440651830207
      0.0000000000000001     -0.9039892931234433
      0.0000000000000001     -0.8577286100002720
      0.0000000000000001     -0.8032075314806448
      0.0000000000000001     -0.7409511253549589
      0.0000000000000001     -0.6715589548470184
      0.0000000000000001     -0.5956993044924334
      0.0000000000000001     -0.5141027441932217
      0.0000000000000001     -0.4275550934302819
      0.0000000000000001     -0.3368898533922199
      0.0000000000000001     -0.2429801799032639
      0.0000000000000001     -0.1467304744553616
      0.0000000000000001     -0.0490676743274180
      0.0000000000000001      0.0490676743274181
      0.0000000000000001      0.1467304744553617
      0.0000000000000001      0.2429801799032640
      0.0000000000000001      0.3368898533922201
      0.0000000000000001      0.4275550934302822
      0.0000000000000001      0.5141027441932217
      0.0000000000000001      0.5956993044924335
      0.0000000000000001      0.6715589548470183
      0.0000000000000001      0.7409511253549591
      0.0000000000000001      0.8032075314806449
      0.0000000000000001      0.8577286100002721
      0.0000000000000001      0.9039892931234433
      0.0000000000000001      0.9415440651830208
      0.0000000000000001      0.9700312531945440
      0.0000000000000001      0.9891765099647810
      0.0000000000000001      0.9987954562051724
