     -0.1351987125481594
     -0.0072184584412288
     -0.0072184584412288
     -0.0072184584412288
     -0.0072184584412288
     -0.0746163417401248
     -0.0746163417401249
     -0.0000859332216278
     -0.0000859332216278
     -0.0000859332216278
     -0.0000859332216278
     -0.0746163417401249
     -0.0746163417401249
     -0.0330857449881664
     -0.0802171760906549
     -0.0802171760906549
     -0.0330857449881664
     -0.0050399855839471
     -0.0050399855839471
     -0.0050399855839471
     -0.0050399855839471
     -0.0050399855839471
     -0.0050399855839471
     -0.0050399855839471
     -0.0050399855839471
     -0.0330857449881664
     -0.0802171760906549
     -0.0802171760906549
     -0.0330857449881664
     -0.0131142417792219
     -0.0375402894246643
     -0.0561982592292701
     -0.0662935922600465
     -0.0662935922600465
     -0.0561982592292701
     -0.0375402894246643
     -0.0131142417792219
     -0.0026722630509040
     -0.0064546855358463
     -0.0064546855358463
     -0.0026722630509040
     -0.0026722630509040
     -0.0064546855358463
     -0.0064546855358463
     -0.0026722630509040
     -0.0379240442500351
     -0.0379240442500351
     -0.0379240442500351
     -0.0379240442500351
     -0.0026722630509040
     -0.0026722630509040
     -0.0064546855358463
     -0.0064546855358463
     -0.0064546855358463
     -0.0064546855358463
     -0.0026722630509040
     -0.0026722630509040
     -0.0131142417792219
     -0.0375402894246643
     -0.0561982592292702
     -0.0662935922600465
     -0.0662935922600465
     -0.0561982592292702
     -0.0375402894246643
     -0.0131142417792219
     -0.0046988988414319
     -0.0140168460331044
     -0.0227704052839128
     -0.0306459845242553
     -0.0373430878170174
     -0.0426048167294172
     -0.0462291132722323
     -0.0480767533931122
     -0.0480767533931122
     -0.0462291132722322
     -0.0426048167294172
     -0.0373430878170174
     -0.0306459845242553
     -0.0227704052839128
     -0.0140168460331044
     -0.0046988988414319
     -0.0013055325372181
     -0.0037214788107052
     -0.0055699252385804
     -0.0065702479363623
     -0.0065702479363623
     -0.0055699252385804
     -0.0037214788107052
     -0.0013055325372181
     -0.0013055325372181
     -0.0037214788107052
     -0.0055699252385804
     -0.0065702479363623
     -0.0065702479363623
     -0.0055699252385804
     -0.0037214788107052
     -0.0013055325372181
     -0.0153648701413441
     -0.0373355555109076
     -0.0373355555109076
     -0.0153648701413441
     -0.0153648701413441
     -0.0373355555109076
     -0.0373355555109076
     -0.0153648701413441
     -0.0153648701413441
     -0.0153648701413441
     -0.0373355555109075
     -0.0373355555109076
     -0.0373355555109076
     -0.0373355555109076
     -0.0153648701413441
     -0.0153648701413441
     -0.0013055325372181
     -0.0013055325372181
     -0.0037214788107052
     -0.0037214788107052
     -0.0055699252385804
     -0.0055699252385804
     -0.0065702479363623
     -0.0065702479363623
     -0.0065702479363623
     -0.0065702479363623
     -0.0055699252385804
     -0.0055699252385804
     -0.0037214788107052
     -0.0037214788107052
     -0.0013055325372181
     -0.0013055325372181
     -0.0046988988414319
     -0.0140168460331044
     -0.0227704052839128
     -0.0306459845242553
     -0.0373430878170174
     -0.0426048167294171
     -0.0462291132722322
     -0.0480767533931122
     -0.0480767533931122
     -0.0462291132722322
     -0.0426048167294171
     -0.0373430878170174
     -0.0306459845242553
     -0.0227704052839128
     -0.0140168460331044
     -0.0046988988414319
     -0.0013999633819539
     -0.0042436055449283
     -0.0070318682054321
     -0.0097508442039070
     -0.0123755216651383
     -0.0148808731039461
     -0.0172428488964417
     -0.0194387327953388
     -0.0214473914174616
     -0.0232494875418716
     -0.0248276700248525
     -0.0261667424767011
     -0.0272538103515676
     -0.0280784055027955
     -0.0286325871956273
     -0.0289110186890988
     -0.0289110186890988
     -0.0286325871956273
     -0.0280784055027955
     -0.0272538103515676
     -0.0261667424767011
     -0.0248276700248525
     -0.0232494875418716
     -0.0214473914174616
     -0.0194387327953388
     -0.0172428488964417
     -0.0148808731039461
     -0.0123755216651383
     -0.0097508442039070
     -0.0070318682054321
     -0.0042436055449283
     -0.0013999633819539
     -0.0005985954640400
     -0.0017765363656205
     -0.0028853054457546
     -0.0038830664687407
     -0.0047315688994999
     -0.0053982261262617
     -0.0058574255459438
     -0.0060915229131241
     -0.0060915229131241
     -0.0058574255459438
     -0.0053982261262617
     -0.0047315688994999
     -0.0038830664687407
     -0.0028853054457546
     -0.0017765363656205
     -0.0005985954640400
     -0.0005985954640400
     -0.0017765363656205
     -0.0028853054457546
     -0.0038830664687407
     -0.0047315688994999
     -0.0053982261262617
     -0.0058574255459438
     -0.0060915229131241
     -0.0060915229131241
     -0.0058574255459438
     -0.0053982261262617
     -0.0047315688994999
     -0.0038830664687407
     -0.0028853054457546
     -0.0017765363656205
     -0.0005985954640400
     -0.0051785365955880
     -0.0148859410272609
     -0.0222892404534531
     -0.0262942474985240
     -0.0262942474985240
     -0.0222892404534531
     -0.0148859410272609
     -0.0051785365955880
     -0.0051785365955880
     -0.0148859410272609
     -0.0222892404534531
     -0.0262942474985240
     -0.0262942474985240
     -0.0222892404534531
     -0.0148859410272609
     -0.0051785365955880
     -0.0055222709952552
     -0.0134638368368611
     -0.0134638368368611
     -0.0055222709952552
     -0.0134638368368611
     -0.0328226006176298
     -0.0328226006176298
     -0.0134638368368611
     -0.0134638368368611
     -0.0328226006176298
     -0.0328226006176298
     -0.0134638368368611
     -0.0055222709952552
     -0.0134638368368611
     -0.0134638368368611
     -0.0055222709952552
     -0.0051785365955880
     -0.0051785365955880
     -0.0148859410272609
     -0.0148859410272609
     -0.0222892404534531
     -0.0222892404534531
     -0.0262942474985240
     -0.0262942474985240
     -0.0262942474985240
     -0.0262942474985240
     -0.0222892404534531
     -0.0222892404534531
     -0.0148859410272609
     -0.0148859410272609
     -0.0051785365955880
     -0.0051785365955880
     -0.0005985954640400
     -0.0005985954640400
     -0.0017765363656205
     -0.0017765363656205
     -0.0028853054457546
     -0.0028853054457546
     -0.0038830664687407
     -0.0038830664687407
     -0.0047315688994999
     -0.0047315688994999
     -0.0053982261262617
     -0.0053982261262617
     -0.0058574255459438
     -0.0058574255459438
     -0.0060915229131241
     -0.0060915229131241
     -0.0060915229131241
     -0.0060915229131241
     -0.0058574255459438
     -0.0058574255459438
     -0.0053982261262617
     -0.0053982261262617
     -0.0047315688994999
     -0.0047315688994999
     -0.0038830664687407
     -0.0038830664687407
     -0.0028853054457546
     -0.0028853054457546
     -0.0017765363656205
     -0.0017765363656205
     -0.0005985954640400
     -0.0005985954640400
     -0.0013999633819539
     -0.0042436055449283
     -0.0070318682054321
     -0.0097508442039070
     -0.0123755216651383
     -0.0148808731039461
     -0.0172428488964417
     -0.0194387327953388
     -0.0214473914174616
     -0.0232494875418716
     -0.0248276700248525
     -0.0261667424767011
     -0.0272538103515676
     -0.0280784055027955
     -0.0286325871956273
     -0.0289110186890988
     -0.0289110186890988
     -0.0286325871956273
     -0.0280784055027955
     -0.0272538103515676
     -0.0261667424767011
     -0.0248276700248525
     -0.0232494875418716
     -0.0214473914174616
     -0.0194387327953388
     -0.0172428488964417
     -0.0148808731039461
     -0.0123755216651383
     -0.0097508442039070
     -0.0070318682054321
     -0.0042436055449283
     -0.0013999633819539
     -0.0002139014526417
     -0.0006608088177712
     -0.0011011428460169
     -0.0015382980568789
     -0.0019716168656448
     -0.0024001389165903
     -0.0028228579020198
     -0.0032387656576573
     -0.0036468648809739
     -0.0040461747950305
     -0.0044357347372382
     -0.0048146069959362
     -0.0051818793143078
     -0.0055366672120055
     -0.0058781161826626
     -0.0062054037902991
     -0.0065177416730429
     -0.0068143774561311
     -0.0070945965731893
     -0.0073577239933928
     -0.0076031258514978
     -0.0078302109774923
     -0.0080384323226016
     -0.0082272882784700
     -0.0083963238865119
     -0.0085451319346255
     -0.0086733539387020
     -0.0087806810066149
     -0.0088668545826420
     -0.0089316670705503
     -0.0089749623338594
     -0.0089966360720884
     -0.0089966360720884
     -0.0089749623338594
     -0.0089316670705503
     -0.0088668545826420
     -0.0087806810066149
     -0.0086733539387020
     -0.0085451319346255
     -0.0083963238865119
     -0.0082272882784700
     -0.0080384323226016
     -0.0078302109774923
     -0.0076031258514978
     -0.0073577239933928
     -0.0070945965731892
     -0.0068143774561311
     -0.0065177416730429
     -0.0062054037902991
     -0.0058781161826626
     -0.0055366672120055
     -0.0051818793143078
     -0.0048146069959362
     -0.0044357347372382
     -0.0040461747950305
     -0.0036468648809739
     -0.0032387656576573
     -0.0028228579020198
     -0.0024001389165903
     -0.0019716168656448
     -0.0015382980568789
     -0.0011011428460169
     -0.0006608088177712
     -0.0002139014526417
     -0.0002410834035484
     -0.0007256384622718
     -0.0012020571230362
     -0.0016667565682097
     -0.0021153675407052
     -0.0025435928788643
     -0.0029473158961389
     -0.0033226514363420
     -0.0036659861570472
     -0.0039740142466602
     -0.0042437696092405
     -0.0044726545787864
     -0.0046584650063846
     -0.0047994115228667
     -0.0048941367903023
     -0.0049417285842040
     -0.0049417285842040
     -0.0048941367903023
     -0.0047994115228667
     -0.0046584650063846
     -0.0044726545787864
     -0.0042437696092405
     -0.0039740142466602
     -0.0036659861570472
     -0.0033226514363420
     -0.0029473158961389
     -0.0025435928788643
     -0.0021153675407052
     -0.0016667565682097
     -0.0012020571230362
     -0.0007256384622718
     -0.0002410834035484
     -0.0002410834035484
     -0.0007256384622718
     -0.0012020571230362
     -0.0016667565682097
     -0.0021153675407052
     -0.0025435928788643
     -0.0029473158961389
     -0.0033226514363420
     -0.0036659861570472
     -0.0039740142466602
     -0.0042437696092405
     -0.0044726545787864
     -0.0046584650063846
     -0.0047994115228667
     -0.0048941367903023
     -0.0049417285842040
     -0.0049417285842040
     -0.0048941367903023
     -0.0047994115228667
     -0.0046584650063846
     -0.0044726545787864
     -0.0042437696092405
     -0.0039740142466602
     -0.0036659861570472
     -0.0033226514363420
     -0.0029473158961389
     -0.0025435928788643
     -0.0021153675407052
     -0.0016667565682097
     -0.0012020571230362
     -0.0007256384622718
     -0.0002410834035484
     -0.0012621096409229
     -0.0038153963502329
     -0.0062020876347983
     -0.0083482328627946
     -0.0101729847550059
     -0.0116065698134688
     -0.0125940064455327
     -0.0130973896241603
     -0.0130973896241603
     -0.0125940064455327
     -0.0116065698134688
     -0.0101729847550059
     -0.0083482328627946
     -0.0062020876347983
     -0.0038153963502329
     -0.0012621096409229
     -0.0012621096409229
     -0.0038153963502329
     -0.0062020876347983
     -0.0083482328627946
     -0.0101729847550059
     -0.0116065698134688
     -0.0125940064455327
     -0.0130973896241603
     -0.0130973896241603
     -0.0125940064455327
     -0.0116065698134688
     -0.0101729847550059
     -0.0083482328627946
     -0.0062020876347983
     -0.0038153963502329
     -0.0012621096409229
     -0.0013752680644756
     -0.0039975208104039
     -0.0059889144797308
     -0.0070657139654282
     -0.0070657139654282
     -0.0059889144797308
     -0.0039975208104039
     -0.0013752680644756
     -0.0033926257803789
     -0.0098534593734714
     -0.0147614756709473
     -0.0174154553076321
     -0.0174154553076321
     -0.0147614756709473
     -0.0098534593734714
     -0.0033926257803789
     -0.0033926257803789
     -0.0098534593734714
     -0.0147614756709473
     -0.0174154553076321
     -0.0174154553076321
     -0.0147614756709473
     -0.0098534593734714
     -0.0033926257803789
     -0.0013752680644756
     -0.0039975208104039
     -0.0059889144797308
     -0.0070657139654282
     -0.0070657139654282
     -0.0059889144797308
     -0.0039975208104039
     -0.0013752680644756
     -0.0013752680644756
     -0.0033926257803789
     -0.0033926257803789
     -0.0013752680644756
     -0.0039975208104039
     -0.0098534593734714
     -0.0098534593734714
     -0.0039975208104039
     -0.0059889144797308
     -0.0147614756709473
     -0.0147614756709473
     -0.0059889144797308
     -0.0070657139654282
     -0.0174154553076321
     -0.0174154553076321
     -0.0070657139654282
     -0.0070657139654282
     -0.0174154553076321
     -0.0174154553076321
     -0.0070657139654282
     -0.0059889144797308
     -0.0147614756709473
     -0.0147614756709473
     -0.0059889144797308
     -0.0039975208104039
     -0.0098534593734714
     -0.0098534593734714
     -0.0039975208104039
     -0.0013752680644756
     -0.0033926257803789
     -0.0033926257803789
     -0.0013752680644756
     -0.0012621096409229
     -0.0012621096409229
     -0.0038153963502329
     -0.0038153963502329
     -0.0062020876347983
     -0.0062020876347983
     -0.0083482328627946
     -0.0083482328627946
     -0.0101729847550059
     -0.0101729847550059
     -0.0116065698134688
     -0.0116065698134688
     -0.0125940064455327
     -0.0125940064455327
     -0.0130973896241603
     -0.0130973896241603
     -0.0130973896241603
     -0.0130973896241603
     -0.0125940064455327
     -0.0125940064455327
     -0.0116065698134688
     -0.0116065698134688
     -0.0101729847550059
     -0.0101729847550059
     -0.0083482328627946
     -0.0083482328627946
     -0.0062020876347983
     -0.0062020876347983
     -0.0038153963502329
     -0.0038153963502329
     -0.0012621096409229
     -0.0012621096409229
     -0.0002410834035484
     -0.0002410834035484
     -0.0007256384622718
     -0.0007256384622718
     -0.0012020571230362
     -0.0012020571230362
     -0.0016667565682097
     -0.0016667565682097
     -0.0021153675407052
     -0.0021153675407052
     -0.0025435928788643
     -0.0025435928788643
     -0.0029473158961389
     -0.0029473158961389
     -0.0033226514363420
     -0.0033226514363420
     -0.0036659861570472
     -0.0036659861570472
     -0.0039740142466602
     -0.0039740142466602
     -0.0042437696092405
     -0.0042437696092405
     -0.0044726545787864
     -0.0044726545787864
     -0.0046584650063846
     -0.0046584650063846
     -0.0047994115228667
     -0.0047994115228667
     -0.0048941367903023
     -0.0048941367903023
     -0.0049417285842040
     -0.0049417285842040
     -0.0049417285842040
     -0.0049417285842040
     -0.0048941367903023
     -0.0048941367903023
     -0.0047994115228667
     -0.0047994115228667
     -0.0046584650063846
     -0.0046584650063846
     -0.0044726545787864
     -0.0044726545787864
     -0.0042437696092405
     -0.0042437696092405
     -0.0039740142466602
     -0.0039740142466602
     -0.0036659861570472
     -0.0036659861570472
     -0.0033226514363420
     -0.0033226514363420
     -0.0029473158961389
     -0.0029473158961389
     -0.0025435928788643
     -0.0025435928788643
     -0.0021153675407052
     -0.0021153675407052
     -0.0016667565682097
     -0.0016667565682097
     -0.0012020571230362
     -0.0012020571230362
     -0.0007256384622718
     -0.0007256384622718
     -0.0002410834035484
     -0.0002410834035484
     -0.0002139014526417
     -0.0006608088177712
     -0.0011011428460169
     -0.0015382980568789
     -0.0019716168656448
     -0.0024001389165903
     -0.0028228579020198
     -0.0032387656576573
     -0.0036468648809739
     -0.0040461747950305
     -0.0044357347372382
     -0.0048146069959362
     -0.0051818793143078
     -0.0055366672120055
     -0.0058781161826626
     -0.0062054037902991
     -0.0065177416730429
     -0.0068143774561311
     -0.0070945965731892
     -0.0073577239933928
     -0.0076031258514978
     -0.0078302109774923
     -0.0080384323226016
     -0.0082272882784700
     -0.0083963238865119
     -0.0085451319346255
     -0.0086733539387020
     -0.0087806810066149
     -0.0088668545826420
     -0.0089316670705503
     -0.0089749623338594
     -0.0089966360720884
     -0.0089966360720884
     -0.0089749623338594
     -0.0089316670705503
     -0.0088668545826420
     -0.0087806810066149
     -0.0086733539387020
     -0.0085451319346255
     -0.0083963238865119
     -0.0082272882784700
     -0.0080384323226016
     -0.0078302109774923
     -0.0076031258514978
     -0.0073577239933928
     -0.0070945965731892
     -0.0068143774561311
     -0.0065177416730429
     -0.0062054037902991
     -0.0058781161826626
     -0.0055366672120055
     -0.0051818793143078
     -0.0048146069959362
     -0.0044357347372382
     -0.0040461747950305
     -0.0036468648809739
     -0.0032387656576573
     -0.0028228579020198
     -0.0024001389165903
     -0.0019716168656448
     -0.0015382980568789
     -0.0011011428460169
     -0.0006608088177712
     -0.0002139014526417
      0.0000531982932816
      0.0001510575778492
      0.0002510280556797
      0.0003510619054377
      0.0004509365795063
      0.0005505582820848
      0.0006498566093097
      0.0007487676955199
      0.0008472301187006
      0.0009451836345917
      0.0010425687249890
      0.0011393264263052
      0.0012353982681208
      0.0013307262594417
      0.0014252528973227
      0.0015189211866181
      0.0016116746655161
      0.0017034574341506
      0.0017942141848529
      0.0018838902332366
      0.0019724315496474
      0.0020597847906898
      0.0021458973306489
      0.0022307172926863
      0.0023141935797253
      0.0023962759049637
      0.0024769148219673
      0.0025560617543058
      0.0026336690247016
      0.0027096898836613
      0.0027840785375695
      0.0028567901762201
      0.0029277809997673
      0.0029970082450756
      0.0030644302114528
      0.0031300062857474
      0.0031936969667950
      0.0032554638891986
      0.0033152698464264
      0.0033730788132145
      0.0034288559672590
      0.0034825677101848
      0.0035341816877790
      0.0035836668094748
      0.0036309932670751
      0.0036761325527052
      0.0037190574759816
      0.0037597421803878
      0.0037981621588478
      0.0038342942684860
      0.0038681167445664
      0.0038996092136013
      0.0039287527056224
      0.0039555296656069
      0.0039799239640509
      0.0040019209066845
      0.0040215072433225
      0.0040386711758453
      0.0040534023653054
      0.0040656919381543
      0.0040755324915879
      0.0040829180980049
      0.0040878443085775
      0.0040903081559310
      0.0040903081559310
      0.0040878443085775
      0.0040829180980049
      0.0040755324915879
      0.0040656919381543
      0.0040534023653054
      0.0040386711758453
      0.0040215072433225
      0.0040019209066845
      0.0039799239640509
      0.0039555296656069
      0.0039287527056224
      0.0038996092136013
      0.0038681167445664
      0.0038342942684860
      0.0037981621588478
      0.0037597421803878
      0.0037190574759816
      0.0036761325527052
      0.0036309932670751
      0.0035836668094748
      0.0035341816877790
      0.0034825677101848
      0.0034288559672590
      0.0033730788132145
      0.0033152698464264
      0.0032554638891986
      0.0031936969667950
      0.0031300062857474
      0.0030644302114528
      0.0029970082450756
      0.0029277809997673
      0.0028567901762201
      0.0027840785375695
      0.0027096898836613
      0.0026336690247016
      0.0025560617543058
      0.0024769148219673
      0.0023962759049637
      0.0023141935797253
      0.0022307172926863
      0.0021458973306489
      0.0020597847906898
      0.0019724315496474
      0.0018838902332366
      0.0017942141848529
      0.0017034574341506
      0.0016116746655161
      0.0015189211866181
      0.0014252528973227
      0.0013307262594417
      0.0012353982681208
      0.0011393264263052
      0.0010425687249890
      0.0009451836345917
      0.0008472301187006
      0.0007487676955199
      0.0006498566093097
      0.0005505582820848
      0.0004509365795063
      0.0003510619054377
      0.0002510280556797
      0.0001510575778492
      0.0000531982932816
     -0.0000560142948004
     -0.0001798417574918
     -0.0003001668476049
     -0.0004194602316427
     -0.0005376673002314
     -0.0006545519078007
     -0.0007698475586613
     -0.0008832823949581
     -0.0009945858308438
     -0.0011034910940517
     -0.0012097365777439
     -0.0013130667725073
     -0.0014132330232853
     -0.0015099941999143
     -0.0016031173165118
     -0.0016923781145705
     -0.0017775616161295
     -0.0018584626496109
     -0.0019348863491336
     -0.0020066486272519
     -0.0020735766206397
     -0.0021355091080401
     -0.0021922968997123
     -0.0022438031975881
     -0.0022899039253669
     -0.0023304880278178
     -0.0023654577386088
     -0.0023947288160477
     -0.0024182307461846
     -0.0024359069128032
     -0.0024477147338975
     -0.0024536257643137
     -0.0024536257643137
     -0.0024477147338975
     -0.0024359069128032
     -0.0024182307461846
     -0.0023947288160477
     -0.0023654577386088
     -0.0023304880278178
     -0.0022899039253669
     -0.0022438031975881
     -0.0021922968997123
     -0.0021355091080401
     -0.0020735766206397
     -0.0020066486272519
     -0.0019348863491336
     -0.0018584626496109
     -0.0017775616161295
     -0.0016923781145705
     -0.0016031173165118
     -0.0015099941999143
     -0.0014132330232853
     -0.0013130667725073
     -0.0012097365777439
     -0.0011034910940517
     -0.0009945858308438
     -0.0008832823949581
     -0.0007698475586613
     -0.0006545519078007
     -0.0005376673002314
     -0.0004194602316427
     -0.0003001668476049
     -0.0001798417574918
     -0.0000560142948004
     -0.0000560142948004
     -0.0001798417574918
     -0.0003001668476049
     -0.0004194602316427
     -0.0005376673002314
     -0.0006545519078007
     -0.0007698475586613
     -0.0008832823949581
     -0.0009945858308438
     -0.0011034910940517
     -0.0012097365777439
     -0.0013130667725073
     -0.0014132330232853
     -0.0015099941999143
     -0.0016031173165118
     -0.0016923781145705
     -0.0017775616161295
     -0.0018584626496109
     -0.0019348863491336
     -0.0020066486272519
     -0.0020735766206397
     -0.0021355091080401
     -0.0021922968997123
     -0.0022438031975881
     -0.0022899039253669
     -0.0023304880278178
     -0.0023654577386088
     -0.0023947288160477
     -0.0024182307461846
     -0.0024359069128032
     -0.0024477147338975
     -0.0024536257643137
     -0.0024536257643137
     -0.0024477147338975
     -0.0024359069128032
     -0.0024182307461846
     -0.0023947288160477
     -0.0023654577386088
     -0.0023304880278178
     -0.0022899039253669
     -0.0022438031975881
     -0.0021922968997123
     -0.0021355091080401
     -0.0020735766206397
     -0.0020066486272519
     -0.0019348863491336
     -0.0018584626496109
     -0.0017775616161295
     -0.0016923781145705
     -0.0016031173165118
     -0.0015099941999143
     -0.0014132330232853
     -0.0013130667725073
     -0.0012097365777439
     -0.0011034910940517
     -0.0009945858308438
     -0.0008832823949581
     -0.0007698475586613
     -0.0006545519078007
     -0.0005376673002314
     -0.0004194602316427
     -0.0003001668476049
     -0.0001798417574918
     -0.0000560142948004
      0.0000477563489699
      0.0000943394007184
      0.0001525724482880
      0.0002105855443747
      0.0002668789395244
      0.0003207137970229
      0.0003715103872643
      0.0004187554312766
      0.0004619828951908
      0.0005007708304120
      0.0005347425593966
      0.0005635690754499
      0.0005869716351111
      0.0006047241519389
      0.0006166552194158
      0.0006226496775841
      0.0006226496775841
      0.0006166552194158
      0.0006047241519389
      0.0005869716351111
      0.0005635690754499
      0.0005347425593966
      0.0005007708304120
      0.0004619828951908
      0.0004187554312766
      0.0003715103872643
      0.0003207137970229
      0.0002668789395244
      0.0002105855443747
      0.0001525724482880
      0.0000943394007184
      0.0000477563489699
      0.0000477563489699
      0.0000943394007184
      0.0001525724482880
      0.0002105855443747
      0.0002668789395244
      0.0003207137970229
      0.0003715103872643
      0.0004187554312766
      0.0004619828951908
      0.0005007708304120
      0.0005347425593966
      0.0005635690754499
      0.0005869716351111
      0.0006047241519389
      0.0006166552194158
      0.0006226496775841
      0.0006226496775841
      0.0006166552194158
      0.0006047241519389
      0.0005869716351111
      0.0005635690754499
      0.0005347425593966
      0.0005007708304120
      0.0004619828951908
      0.0004187554312766
      0.0003715103872643
      0.0003207137970229
      0.0002668789395244
      0.0002105855443747
      0.0001525724482880
      0.0000943394007184
      0.0000477563489699
      0.0000420101165844
      0.0000709087905748
      0.0001111436667061
      0.0001485386744360
      0.0001805932793244
      0.0002058505776576
      0.0002232696582840
      0.0002321546817057
      0.0002321546817057
      0.0002232696582840
      0.0002058505776576
      0.0001805932793244
      0.0001485386744360
      0.0001111436667061
      0.0000709087905748
      0.0000420101165844
      0.0000545590633409
      0.0000258539287147
      0.0000318137501969
      0.0000401845551044
      0.0000479451320050
      0.0000542258051590
      0.0000586067340755
      0.0000608524364107
      0.0000608524364107
      0.0000586067340755
      0.0000542258051590
      0.0000479451320050
      0.0000401845551044
      0.0000318137501969
      0.0000258539287147
      0.0000545590633409
      0.0000545590633409
      0.0000258539287147
      0.0000318137501969
      0.0000401845551044
      0.0000479451320050
      0.0000542258051590
      0.0000586067340755
      0.0000608524364107
      0.0000608524364107
      0.0000586067340755
      0.0000542258051590
      0.0000479451320050
      0.0000401845551044
      0.0000318137501969
      0.0000258539287147
      0.0000545590633409
      0.0000420101165844
      0.0000709087905748
      0.0001111436667061
      0.0001485386744360
      0.0001805932793244
      0.0002058505776576
      0.0002232696582840
      0.0002321546817057
      0.0002321546817057
      0.0002232696582840
      0.0002058505776576
      0.0001805932793244
      0.0001485386744360
      0.0001111436667061
      0.0000709087905748
      0.0000420101165844
      0.0000410976295869
      0.0000637070554582
      0.0000915394631657
      0.0001071847784026
      0.0001071847784026
      0.0000915394631657
      0.0000637070554582
      0.0000410976295869
      0.0000637070554582
      0.0000222690102311
      0.0000219631170269
      0.0000235371838434
      0.0000235371838434
      0.0000219631170269
      0.0000222690102311
      0.0000637070554582
      0.0000915394631657
      0.0000219631170269
      0.0000158230210252
      0.0000151094080730
      0.0000151094080730
      0.0000158230210252
      0.0000219631170269
      0.0000915394631657
      0.0001071847784026
      0.0000235371838434
      0.0000151094080730
      0.0000136275324630
      0.0000136275324630
      0.0000151094080730
      0.0000235371838434
      0.0001071847784026
      0.0001071847784026
      0.0000235371838434
      0.0000151094080730
      0.0000136275324630
      0.0000136275324630
      0.0000151094080730
      0.0000235371838434
      0.0001071847784026
      0.0000915394631657
      0.0000219631170269
      0.0000158230210252
      0.0000151094080730
      0.0000151094080730
      0.0000158230210252
      0.0000219631170269
      0.0000915394631657
      0.0000637070554582
      0.0000222690102311
      0.0000219631170269
      0.0000235371838434
      0.0000235371838434
      0.0000219631170269
      0.0000222690102311
      0.0000637070554582
      0.0000410976295869
      0.0000637070554582
      0.0000915394631657
      0.0001071847784026
      0.0001071847784026
      0.0000915394631657
      0.0000637070554582
      0.0000410976295869
      0.0000420101165844
      0.0000545590633409
      0.0000545590633409
      0.0000420101165844
      0.0000709087905748
      0.0000258539287147
      0.0000258539287147
      0.0000709087905748
      0.0001111436667061
      0.0000318137501969
      0.0000318137501969
      0.0001111436667061
      0.0001485386744360
      0.0000401845551044
      0.0000401845551044
      0.0001485386744360
      0.0001805932793244
      0.0000479451320050
      0.0000479451320050
      0.0001805932793244
      0.0002058505776576
      0.0000542258051590
      0.0000542258051590
      0.0002058505776576
      0.0002232696582840
      0.0000586067340755
      0.0000586067340755
      0.0002232696582840
      0.0002321546817057
      0.0000608524364107
      0.0000608524364107
      0.0002321546817057
      0.0002321546817057
      0.0000608524364107
      0.0000608524364107
      0.0002321546817057
      0.0002232696582840
      0.0000586067340755
      0.0000586067340755
      0.0002232696582840
      0.0002058505776576
      0.0000542258051590
      0.0000542258051590
      0.0002058505776576
      0.0001805932793244
      0.0000479451320050
      0.0000479451320050
      0.0001805932793244
      0.0001485386744360
      0.0000401845551044
      0.0000401845551044
      0.0001485386744360
      0.0001111436667061
      0.0000318137501969
      0.0000318137501969
      0.0001111436667061
      0.0000709087905748
      0.0000258539287147
      0.0000258539287147
      0.0000709087905748
      0.0000420101165844
      0.0000545590633409
      0.0000545590633409
      0.0000420101165844
      0.0000477563489699
      0.0000477563489699
      0.0000943394007184
      0.0000943394007184
      0.0001525724482880
      0.0001525724482880
      0.0002105855443747
      0.0002105855443747
      0.0002668789395244
      0.0002668789395244
      0.0003207137970229
      0.0003207137970229
      0.0003715103872643
      0.0003715103872643
      0.0004187554312766
      0.0004187554312766
      0.0004619828951908
      0.0004619828951908
      0.0005007708304120
      0.0005007708304120
      0.0005347425593966
      0.0005347425593966
      0.0005635690754499
      0.0005635690754499
      0.0005869716351111
      0.0005869716351111
      0.0006047241519389
      0.0006047241519389
      0.0006166552194158
      0.0006166552194158
      0.0006226496775841
      0.0006226496775841
      0.0006226496775841
      0.0006226496775841
      0.0006166552194158
      0.0006166552194158
      0.0006047241519389
      0.0006047241519389
      0.0005869716351111
      0.0005869716351111
      0.0005635690754499
      0.0005635690754499
      0.0005347425593966
      0.0005347425593966
      0.0005007708304120
      0.0005007708304120
      0.0004619828951908
      0.0004619828951908
      0.0004187554312766
      0.0004187554312766
      0.0003715103872643
      0.0003715103872643
      0.0003207137970229
      0.0003207137970229
      0.0002668789395244
      0.0002668789395244
      0.0002105855443747
      0.0002105855443747
      0.0001525724482880
      0.0001525724482880
      0.0000943394007184
      0.0000943394007184
      0.0000477563489699
      0.0000477563489699
     -0.0000560142948004
     -0.0000560142948004
     -0.0001798417574918
     -0.0001798417574918
     -0.0003001668476049
     -0.0003001668476049
     -0.0004194602316427
     -0.0004194602316427
     -0.0005376673002314
     -0.0005376673002314
     -0.0006545519078007
     -0.0006545519078007
     -0.0007698475586613
     -0.0007698475586613
     -0.0008832823949581
     -0.0008832823949581
     -0.0009945858308438
     -0.0009945858308438
     -0.0011034910940517
     -0.0011034910940517
     -0.0012097365777439
     -0.0012097365777439
     -0.0013130667725073
     -0.0013130667725073
     -0.0014132330232853
     -0.0014132330232853
     -0.0015099941999143
     -0.0015099941999143
     -0.0016031173165118
     -0.0016031173165118
     -0.0016923781145705
     -0.0016923781145705
     -0.0017775616161295
     -0.0017775616161295
     -0.0018584626496109
     -0.0018584626496109
     -0.0019348863491336
     -0.0019348863491336
     -0.0020066486272519
     -0.0020066486272519
     -0.0020735766206397
     -0.0020735766206397
     -0.0021355091080401
     -0.0021355091080401
     -0.0021922968997123
     -0.0021922968997123
     -0.0022438031975881
     -0.0022438031975881
     -0.0022899039253669
     -0.0022899039253669
     -0.0023304880278178
     -0.0023304880278178
     -0.0023654577386088
     -0.0023654577386088
     -0.0023947288160477
     -0.0023947288160477
     -0.0024182307461846
     -0.0024182307461846
     -0.0024359069128032
     -0.0024359069128032
     -0.0024477147338975
     -0.0024477147338975
     -0.0024536257643137
     -0.0024536257643137
     -0.0024536257643137
     -0.0024536257643137
     -0.0024477147338975
     -0.0024477147338975
     -0.0024359069128032
     -0.0024359069128032
     -0.0024182307461846
     -0.0024182307461846
     -0.0023947288160477
     -0.0023947288160477
     -0.0023654577386088
     -0.0023654577386088
     -0.0023304880278178
     -0.0023304880278178
     -0.0022899039253669
     -0.0022899039253669
     -0.0022438031975881
     -0.0022438031975881
     -0.0021922968997123
     -0.0021922968997123
     -0.0021355091080401
     -0.0021355091080401
     -0.0020735766206397
     -0.0020735766206397
     -0.0020066486272519
     -0.0020066486272519
     -0.0019348863491336
     -0.0019348863491336
     -0.0018584626496109
     -0.0018584626496109
     -0.0017775616161295
     -0.0017775616161295
     -0.0016923781145705
     -0.0016923781145705
     -0.0016031173165118
     -0.0016031173165118
     -0.0015099941999143
     -0.0015099941999143
     -0.0014132330232853
     -0.0014132330232853
     -0.0013130667725073
     -0.0013130667725073
     -0.0012097365777439
     -0.0012097365777439
     -0.0011034910940517
     -0.0011034910940517
     -0.0009945858308438
     -0.0009945858308438
     -0.0008832823949581
     -0.0008832823949581
     -0.0007698475586613
     -0.0007698475586613
     -0.0006545519078007
     -0.0006545519078007
     -0.0005376673002314
     -0.0005376673002314
     -0.0004194602316427
     -0.0004194602316427
     -0.0003001668476049
     -0.0003001668476049
     -0.0001798417574918
     -0.0001798417574918
     -0.0000560142948004
     -0.0000560142948004
      0.0000531982932816
      0.0001510575778492
      0.0002510280556797
      0.0003510619054377
      0.0004509365795063
      0.0005505582820848
      0.0006498566093097
      0.0007487676955199
      0.0008472301187006
      0.0009451836345917
      0.0010425687249890
      0.0011393264263052
      0.0012353982681208
      0.0013307262594417
      0.0014252528973227
      0.0015189211866181
      0.0016116746655161
      0.0017034574341506
      0.0017942141848529
      0.0018838902332366
      0.0019724315496474
      0.0020597847906898
      0.0021458973306489
      0.0022307172926863
      0.0023141935797253
      0.0023962759049637
      0.0024769148219673
      0.0025560617543058
      0.0026336690247016
      0.0027096898836613
      0.0027840785375695
      0.0028567901762201
      0.0029277809997673
      0.0029970082450756
      0.0030644302114528
      0.0031300062857474
      0.0031936969667950
      0.0032554638891986
      0.0033152698464264
      0.0033730788132145
      0.0034288559672590
      0.0034825677101848
      0.0035341816877790
      0.0035836668094748
      0.0036309932670751
      0.0036761325527052
      0.0037190574759816
      0.0037597421803878
      0.0037981621588478
      0.0038342942684860
      0.0038681167445664
      0.0038996092136013
      0.0039287527056224
      0.0039555296656069
      0.0039799239640509
      0.0040019209066845
      0.0040215072433225
      0.0040386711758453
      0.0040534023653054
      0.0040656919381543
      0.0040755324915879
      0.0040829180980049
      0.0040878443085775
      0.0040903081559310
      0.0040903081559310
      0.0040878443085775
      0.0040829180980049
      0.0040755324915879
      0.0040656919381543
      0.0040534023653054
      0.0040386711758453
      0.0040215072433225
      0.0040019209066845
      0.0039799239640509
      0.0039555296656069
      0.0039287527056224
      0.0038996092136013
      0.0038681167445664
      0.0038342942684860
      0.0037981621588478
      0.0037597421803878
      0.0037190574759816
      0.0036761325527052
      0.0036309932670751
      0.0035836668094748
      0.0035341816877790
      0.0034825677101848
      0.0034288559672590
      0.0033730788132145
      0.0033152698464264
      0.0032554638891986
      0.0031936969667950
      0.0031300062857474
      0.0030644302114528
      0.0029970082450756
      0.0029277809997673
      0.0028567901762201
      0.0027840785375695
      0.0027096898836613
      0.0026336690247016
      0.0025560617543058
      0.0024769148219673
      0.0023962759049637
      0.0023141935797253
      0.0022307172926863
      0.0021458973306489
      0.0020597847906898
      0.0019724315496474
      0.0018838902332366
      0.0017942141848529
      0.0017034574341506
      0.0016116746655161
      0.0015189211866181
      0.0014252528973227
      0.0013307262594417
      0.0012353982681208
      0.0011393264263052
      0.0010425687249890
      0.0009451836345917
      0.0008472301187006
      0.0007487676955199
      0.0006498566093097
      0.0005505582820848
      0.0004509365795063
      0.0003510619054377
      0.0002510280556797
      0.0001510575778492
      0.0000531982932816
      0.0000735168119805
      0.0002255770776487
      0.0003763181560840
      0.0005268700249965
      0.0006773098952850
      0.0008276360721867
      0.0009778324258733
      0.0011278788797532
      0.0012777539940528
      0.0014274357850587
      0.0015769020345973
      0.0017261304235723
      0.0018750985962640
      0.0020237841944761
      0.0021721648774442
      0.0023202183345599
      0.0024679222942614
      0.0026152545307810
      0.0027621928696411
      0.0029087151923946
      0.0030547994408918
      0.0032004236212415
      0.0033455658075684
      0.0034902041456317
      0.0036343168563435
      0.0037778822392153
      0.0039208786757502
      0.0040632846327905
      0.0042050786658317
      0.0043462394223056
      0.0044867456448380
      0.0046265761744825
      0.0047657099539330
      0.0049041260307153
      0.0050418035603589
      0.0051787218095491
      0.0053148601592606
      0.0054501981078710
      0.0055847152742555
      0.0057183914008624
      0.0058512063567685
      0.0059831401407150
      0.0061141728841231
      0.0062442848540887
      0.0063734564563570
      0.0065016682382752
      0.0066289008917237
      0.0067551352560252
      0.0068803523208322
      0.0070045332289900
      0.0071276592793785
      0.0072497119297284
      0.0073706727994152
      0.0074905236722271
      0.0076092464991095
      0.0077268234008833
      0.0078432366709376
      0.0079584687778972
      0.0080725023682627
      0.0081853202690241
      0.0082969054902477
      0.0084072412276345
      0.0085163108650511
      0.0086240979770325
      0.0087305863312556
      0.0088357598909841
      0.0089396028174836
      0.0090420994724066
      0.0091432344201486
      0.0092429924301717
      0.0093413584792990
      0.0094383177539770
      0.0095338556525063
      0.0096279577872410
      0.0097206099867552
      0.0098117982979772
      0.0099015089882909
      0.0099897285476043
      0.0100764436903832
      0.0101616413576531
      0.0102453087189649
      0.0103274331743277
      0.0104080023561063
      0.0104870041308835
      0.0105644266012876
      0.0106402581077840
      0.0107144872304311
      0.0107871027906003
      0.0108580938526591
      0.0109274497256186
      0.0109951599647426
      0.0110612143731216
      0.0111256030032077
      0.0111883161583130
      0.0112493443940697
      0.0113086785198527
      0.0113663096001632
      0.0114222289559749
      0.0114764281660406
      0.0115288990681607
      0.0115796337604123
      0.0116286246023393
      0.0116758642161026
      0.0117213454875920
      0.0117650615674966
      0.0118070058723373
      0.0118471720854571
      0.0118855541579736
      0.0119221463096889
      0.0119569430299607
      0.0119899390785319
      0.0120211294863201
      0.0120505095561653
      0.0120780748635381
      0.0121038212572052
      0.0121277448598553
      0.0121498420686824
      0.0121701095559288
      0.0121885442693859
      0.0122051434328543
      0.0122199045465614
      0.0122328253875382
      0.0122439040099539
      0.0122531387454090
      0.0122605282031865
      0.0122660712704616
      0.0122697671124687
      0.0122716151726277
      0.0122716151726277
      0.0122697671124687
      0.0122660712704616
      0.0122605282031865
      0.0122531387454090
      0.0122439040099539
      0.0122328253875382
      0.0122199045465614
      0.0122051434328543
      0.0121885442693859
      0.0121701095559288
      0.0121498420686824
      0.0121277448598553
      0.0121038212572052
      0.0120780748635381
      0.0120505095561653
      0.0120211294863200
      0.0119899390785319
      0.0119569430299607
      0.0119221463096889
      0.0118855541579736
      0.0118471720854571
      0.0118070058723373
      0.0117650615674966
      0.0117213454875920
      0.0116758642161026
      0.0116286246023393
      0.0115796337604123
      0.0115288990681607
      0.0114764281660406
      0.0114222289559749
      0.0113663096001632
      0.0113086785198527
      0.0112493443940697
      0.0111883161583130
      0.0111256030032077
      0.0110612143731216
      0.0109951599647426
      0.0109274497256186
      0.0108580938526591
      0.0107871027906003
      0.0107144872304311
      0.0106402581077840
      0.0105644266012876
      0.0104870041308835
      0.0104080023561063
      0.0103274331743277
      0.0102453087189649
      0.0101616413576531
      0.0100764436903832
      0.0099897285476043
      0.0099015089882909
      0.0098117982979772
      0.0097206099867552
      0.0096279577872410
      0.0095338556525063
      0.0094383177539770
      0.0093413584792990
      0.0092429924301717
      0.0091432344201486
      0.0090420994724066
      0.0089396028174836
      0.0088357598909841
      0.0087305863312556
      0.0086240979770325
      0.0085163108650511
      0.0084072412276345
      0.0082969054902477
      0.0081853202690241
      0.0080725023682627
      0.0079584687778972
      0.0078432366709376
      0.0077268234008833
      0.0076092464991095
      0.0074905236722271
      0.0073706727994152
      0.0072497119297284
      0.0071276592793785
      0.0070045332289900
      0.0068803523208322
      0.0067551352560252
      0.0066289008917237
      0.0065016682382752
      0.0063734564563570
      0.0062442848540887
      0.0061141728841231
      0.0059831401407150
      0.0058512063567685
      0.0057183914008624
      0.0055847152742555
      0.0054501981078710
      0.0053148601592606
      0.0051787218095491
      0.0050418035603589
      0.0049041260307153
      0.0047657099539330
      0.0046265761744825
      0.0044867456448380
      0.0043462394223056
      0.0042050786658317
      0.0040632846327905
      0.0039208786757502
      0.0037778822392153
      0.0036343168563435
      0.0034902041456317
      0.0033455658075684
      0.0032004236212415
      0.0030547994408918
      0.0029087151923946
      0.0027621928696411
      0.0026152545307810
      0.0024679222942614
      0.0023202183345599
      0.0021721648774442
      0.0020237841944761
      0.0018750985962640
      0.0017261304235723
      0.0015769020345973
      0.0014274357850587
      0.0012777539940528
      0.0011278788797532
      0.0009778324258733
      0.0008276360721867
      0.0006773098952850
      0.0005268700249965
      0.0003763181560840
      0.0002255770776487
      0.0000735168119805
      0.0000490101689441
      0.0001503591240764
      0.0002507605950640
      0.0003509226216842
      0.0004508514772642
      0.0005505009498553
      0.0006498153573018
      0.0007487365734554
      0.0008472057843589
      0.0009451640680430
      0.0010425526343118
      0.0011393129470497
      0.0012353868001642
      0.0013307163732036
      0.0014252442772362
      0.0015189135956744
      0.0016116679222573
      0.0017034513972967
      0.0017942087427637
      0.0018838852965235
      0.0019724270458892
      0.0020597806605853
      0.0021458935251704
      0.0022307137709431
      0.0023141903073387
      0.0023962728528159
      0.0024769119652282
      0.0025560590716678
      0.0026336664977721
      0.0027096874964767
      0.0027840762762031
      0.0028567880284635
      0.0029277789548690
      0.0029970062935265
      0.0030644283448077
      0.0031300044964762
      0.0031936952481584
      0.0032554622351427
      0.0033152682514940
      0.0033730772724693
      0.0034288544762208
      0.0034825662647741
      0.0035341802842689
      0.0035836654444494
      0.0036309919373939
      0.0036761312554712
      0.0037190562085137
      0.0037597409401970
      0.0037981609436154
      0.0038342930760446
      0.0038681155728832
      0.0038996080607627
      0.0039287515698208
      0.0039555285451282
      0.0039799228572632
      0.0040019198120284
      0.0040215061593014
      0.0040386701010170
      0.0040534012982740
      0.0040656908775628
      0.0040755314361111
      0.0040829170463425
      0.0040878432594478
      0.0040903071080646
      0.0040903071080646
      0.0040878432594478
      0.0040829170463425
      0.0040755314361111
      0.0040656908775628
      0.0040534012982740
      0.0040386701010170
      0.0040215061593014
      0.0040019198120284
      0.0039799228572632
      0.0039555285451282
      0.0039287515698208
      0.0038996080607627
      0.0038681155728832
      0.0038342930760446
      0.0037981609436154
      0.0037597409401970
      0.0037190562085137
      0.0036761312554712
      0.0036309919373939
      0.0035836654444494
      0.0035341802842689
      0.0034825662647741
      0.0034288544762208
      0.0033730772724693
      0.0033152682514940
      0.0032554622351427
      0.0031936952481584
      0.0031300044964762
      0.0030644283448077
      0.0029970062935265
      0.0029277789548690
      0.0028567880284635
      0.0027840762762031
      0.0027096874964767
      0.0026336664977721
      0.0025560590716678
      0.0024769119652282
      0.0023962728528159
      0.0023141903073387
      0.0022307137709431
      0.0021458935251704
      0.0020597806605853
      0.0019724270458892
      0.0018838852965235
      0.0017942087427637
      0.0017034513972967
      0.0016116679222573
      0.0015189135956744
      0.0014252442772362
      0.0013307163732036
      0.0012353868001642
      0.0011393129470497
      0.0010425526343118
      0.0009451640680430
      0.0008472057843589
      0.0007487365734554
      0.0006498153573018
      0.0005505009498553
      0.0004508514772642
      0.0003509226216842
      0.0002507605950640
      0.0001503591240764
      0.0000490101689441
      0.0000490101689441
      0.0001503591240764
      0.0002507605950640
      0.0003509226216842
      0.0004508514772642
      0.0005505009498553
      0.0006498153573018
      0.0007487365734554
      0.0008472057843589
      0.0009451640680430
      0.0010425526343118
      0.0011393129470497
      0.0012353868001642
      0.0013307163732036
      0.0014252442772362
      0.0015189135956744
      0.0016116679222573
      0.0017034513972967
      0.0017942087427637
      0.0018838852965235
      0.0019724270458892
      0.0020597806605853
      0.0021458935251704
      0.0022307137709431
      0.0023141903073387
      0.0023962728528159
      0.0024769119652282
      0.0025560590716678
      0.0026336664977721
      0.0027096874964767
      0.0027840762762031
      0.0028567880284635
      0.0029277789548690
      0.0029970062935265
      0.0030644283448077
      0.0031300044964762
      0.0031936952481584
      0.0032554622351427
      0.0033152682514940
      0.0033730772724693
      0.0034288544762208
      0.0034825662647741
      0.0035341802842689
      0.0035836654444494
      0.0036309919373939
      0.0036761312554712
      0.0037190562085137
      0.0037597409401970
      0.0037981609436154
      0.0038342930760446
      0.0038681155728832
      0.0038996080607627
      0.0039287515698208
      0.0039555285451282
      0.0039799228572632
      0.0040019198120284
      0.0040215061593014
      0.0040386701010170
      0.0040534012982740
      0.0040656908775628
      0.0040755314361111
      0.0040829170463425
      0.0040878432594478
      0.0040903071080646
      0.0040903071080646
      0.0040878432594478
      0.0040829170463425
      0.0040755314361111
      0.0040656908775628
      0.0040534012982740
      0.0040386701010170
      0.0040215061593014
      0.0040019198120284
      0.0039799228572632
      0.0039555285451282
      0.0039287515698208
      0.0038996080607627
      0.0038681155728832
      0.0038342930760446
      0.0037981609436154
      0.0037597409401970
      0.0037190562085137
      0.0036761312554712
      0.0036309919373939
      0.0035836654444494
      0.0035341802842689
      0.0034825662647741
      0.0034288544762208
      0.0033730772724693
      0.0033152682514940
      0.0032554622351427
      0.0031936952481584
      0.0031300044964762
      0.0030644283448077
      0.0029970062935265
      0.0029277789548690
      0.0028567880284635
      0.0027840762762031
      0.0027096874964767
      0.0026336664977721
      0.0025560590716678
      0.0024769119652282
      0.0023962728528159
      0.0023141903073387
      0.0022307137709431
      0.0021458935251704
      0.0020597806605853
      0.0019724270458892
      0.0018838852965235
      0.0017942087427637
      0.0017034513972967
      0.0016116679222573
      0.0015189135956744
      0.0014252442772362
      0.0013307163732036
      0.0012353868001642
      0.0011393129470497
      0.0010425526343118
      0.0009451640680430
      0.0008472057843589
      0.0007487365734554
      0.0006498153573018
      0.0005505009498553
      0.0004508514772642
      0.0003509226216842
      0.0002507605950640
      0.0001503591240764
      0.0000490101689441
      0.0003136384820420
      0.0009616433423753
      0.0016018446394907
      0.0022376202598322
      0.0028678653164810
      0.0034911511672656
      0.0041060041541124
      0.0047109539598407
      0.0053045481862584
      0.0058853593462787
      0.0064519896149715
      0.0070030747557012
      0.0075372876685498
      0.0080533417198894
      0.0085499939133070
      0.0090260479245147
      0.0094803570073348
      0.0099118267710235
      0.0103194178260931
      0.0107021482943912
      0.0110590961786141
      0.0113894015862718
      0.0116922688031934
      0.0119669682118540
      0.0122128380500832
      0.0124292860060328
      0.0126157906456414
      0.0127719026692101
      0.0128972459940968
      0.0129915186609474
      0.0130544935612984
      0.0130860189848080
      0.0130860189848080
      0.0130544935612984
      0.0129915186609474
      0.0128972459940968
      0.0127719026692101
      0.0126157906456414
      0.0124292860060328
      0.0122128380500832
      0.0119669682118540
      0.0116922688031934
      0.0113894015862718
      0.0110590961786141
      0.0107021482943912
      0.0103194178260931
      0.0099118267710235
      0.0094803570073348
      0.0090260479245147
      0.0085499939133070
      0.0080533417198894
      0.0075372876685498
      0.0070030747557012
      0.0064519896149715
      0.0058853593462787
      0.0053045481862584
      0.0047109539598407
      0.0041060041541124
      0.0034911511672656
      0.0028678653164810
      0.0022376202598322
      0.0016018446394907
      0.0009616433423753
      0.0003136384820420
      0.0003136384820420
      0.0009616433423753
      0.0016018446394907
      0.0022376202598322
      0.0028678653164810
      0.0034911511672656
      0.0041060041541124
      0.0047109539598407
      0.0053045481862584
      0.0058853593462787
      0.0064519896149715
      0.0070030747557012
      0.0075372876685498
      0.0080533417198894
      0.0085499939133070
      0.0090260479245147
      0.0094803570073348
      0.0099118267710235
      0.0103194178260931
      0.0107021482943912
      0.0110590961786141
      0.0113894015862718
      0.0116922688031934
      0.0119669682118540
      0.0122128380500832
      0.0124292860060328
      0.0126157906456414
      0.0127719026692101
      0.0128972459940968
      0.0129915186609474
      0.0130544935612984
      0.0130860189848080
      0.0130860189848080
      0.0130544935612984
      0.0129915186609474
      0.0128972459940968
      0.0127719026692101
      0.0126157906456414
      0.0124292860060328
      0.0122128380500832
      0.0119669682118540
      0.0116922688031934
      0.0113894015862718
      0.0110590961786141
      0.0107021482943912
      0.0103194178260931
      0.0099118267710235
      0.0094803570073348
      0.0090260479245147
      0.0085499939133070
      0.0080533417198894
      0.0075372876685498
      0.0070030747557012
      0.0064519896149715
      0.0058853593462787
      0.0053045481862584
      0.0047109539598407
      0.0041060041541124
      0.0034911511672656
      0.0028678653164810
      0.0022376202598322
      0.0016018446394907
      0.0009616433423753
      0.0003136384820420
      0.0003438317901881
      0.0010517058783343
      0.0017434226691816
      0.0024177235600524
      0.0030685846991929
      0.0036898371145106
      0.0042755288127279
      0.0048200314714805
      0.0053181068350559
      0.0057649610322636
      0.0061562922026063
      0.0064883325484337
      0.0067578849133626
      0.0069623537202650
      0.0070997700465537
      0.0071688106287226
      0.0071688106287226
      0.0070997700465537
      0.0069623537202650
      0.0067578849133626
      0.0064883325484337
      0.0061562922026063
      0.0057649610322636
      0.0053181068350559
      0.0048200314714805
      0.0042755288127279
      0.0036898371145106
      0.0030685846991929
      0.0024177235600524
      0.0017434226691816
      0.0010517058783343
      0.0003438317901881
      0.0008505761718749
      0.0026017255688967
      0.0043129048047042
      0.0059810003293645
      0.0075911102492452
      0.0091279736698727
      0.0105768664621767
      0.0119238651989837
      0.0131560114057767
      0.0142614459330474
      0.0152295267746219
      0.0160509330969034
      0.0167177557271076
      0.0172235736881161
      0.0175635162300894
      0.0177343098441793
      0.0177343098441793
      0.0175635162300894
      0.0172235736881161
      0.0167177557271076
      0.0160509330969034
      0.0152295267746219
      0.0142614459330474
      0.0131560114057767
      0.0119238651989837
      0.0105768664621767
      0.0091279736698727
      0.0075911102492452
      0.0059810003293645
      0.0043129048047043
      0.0026017255688967
      0.0008505761718749
      0.0008505761718749
      0.0026017255688967
      0.0043129048047042
      0.0059810003293645
      0.0075911102492452
      0.0091279736698727
      0.0105768664621767
      0.0119238651989837
      0.0131560114057768
      0.0142614459330474
      0.0152295267746219
      0.0160509330969034
      0.0167177557271076
      0.0172235736881161
      0.0175635162300894
      0.0177343098441793
      0.0177343098441793
      0.0175635162300894
      0.0172235736881161
      0.0167177557271076
      0.0160509330969034
      0.0152295267746219
      0.0142614459330474
      0.0131560114057768
      0.0119238651989837
      0.0105768664621767
      0.0091279736698727
      0.0075911102492452
      0.0059810003293645
      0.0043129048047043
      0.0026017255688967
      0.0008505761718749
      0.0003438317901881
      0.0010517058783343
      0.0017434226691816
      0.0024177235600524
      0.0030685846991929
      0.0036898371145106
      0.0042755288127279
      0.0048200314714805
      0.0053181068350559
      0.0057649610322636
      0.0061562922026063
      0.0064883325484337
      0.0067578849133626
      0.0069623537202650
      0.0070997700465537
      0.0071688106287226
      0.0071688106287226
      0.0070997700465537
      0.0069623537202650
      0.0067578849133626
      0.0064883325484337
      0.0061562922026063
      0.0057649610322636
      0.0053181068350559
      0.0048200314714805
      0.0042755288127279
      0.0036898371145106
      0.0030685846991929
      0.0024177235600524
      0.0017434226691816
      0.0010517058783343
      0.0003438317901881
      0.0003510116233687
      0.0010634354316775
      0.0017287794369121
      0.0023270279566440
      0.0028356791888521
      0.0032352903064094
      0.0035105371849953
      0.0036508545628802
      0.0036508545628802
      0.0035105371849953
      0.0032352903064094
      0.0028356791888521
      0.0023270279566440
      0.0017287794369121
      0.0010634354316775
      0.0003510116233687
      0.0010229714146667
      0.0030992251410635
      0.0050382717508103
      0.0067817785004703
      0.0082641672190834
      0.0094287746651871
      0.0102309409469398
      0.0106398751730479
      0.0106398751730479
      0.0102309409469398
      0.0094287746651871
      0.0082641672190834
      0.0067817785004703
      0.0050382717508103
      0.0030992251410635
      0.0010229714146667
      0.0015327131377408
      0.0046435540841309
      0.0075488182692685
      0.0101611060249477
      0.0123821618938425
      0.0141270876145046
      0.0153289694863412
      0.0159416736654037
      0.0159416736654037
      0.0153289694863412
      0.0141270876145046
      0.0123821618938425
      0.0101611060249477
      0.0075488182692685
      0.0046435540841309
      0.0015327131377408
      0.0018083208409227
      0.0054785435183669
      0.0089062232615668
      0.0119882444661640
      0.0146086836844877
      0.0166673765141103
      0.0180853770411841
      0.0188082557776137
      0.0188082557776137
      0.0180853770411841
      0.0166673765141103
      0.0146086836844877
      0.0119882444661640
      0.0089062232615668
      0.0054785435183669
      0.0018083208409227
      0.0018083208409227
      0.0054785435183669
      0.0089062232615668
      0.0119882444661640
      0.0146086836844877
      0.0166673765141103
      0.0180853770411841
      0.0188082557776137
      0.0188082557776137
      0.0180853770411841
      0.0166673765141103
      0.0146086836844877
      0.0119882444661640
      0.0089062232615668
      0.0054785435183669
      0.0018083208409227
      0.0015327131377408
      0.0046435540841309
      0.0075488182692685
      0.0101611060249477
      0.0123821618938425
      0.0141270876145046
      0.0153289694863412
      0.0159416736654037
      0.0159416736654037
      0.0153289694863412
      0.0141270876145046
      0.0123821618938425
      0.0101611060249477
      0.0075488182692685
      0.0046435540841309
      0.0015327131377408
      0.0010229714146667
      0.0030992251410635
      0.0050382717508103
      0.0067817785004703
      0.0082641672190833
      0.0094287746651871
      0.0102309409469398
      0.0106398751730479
      0.0106398751730479
      0.0102309409469398
      0.0094287746651871
      0.0082641672190834
      0.0067817785004703
      0.0050382717508103
      0.0030992251410635
      0.0010229714146667
      0.0003510116233687
      0.0010634354316775
      0.0017287794369121
      0.0023270279566440
      0.0028356791888521
      0.0032352903064094
      0.0035105371849953
      0.0036508545628802
      0.0036508545628802
      0.0035105371849953
      0.0032352903064094
      0.0028356791888521
      0.0023270279566440
      0.0017287794369121
      0.0010634354316775
      0.0003510116233687
      0.0003510116233687
      0.0010229714146667
      0.0015327131377408
      0.0018083208409227
      0.0018083208409227
      0.0015327131377408
      0.0010229714146667
      0.0003510116233687
      0.0010634354316775
      0.0030992251410635
      0.0046435540841309
      0.0054785435183669
      0.0054785435183669
      0.0046435540841309
      0.0030992251410635
      0.0010634354316775
      0.0017287794369121
      0.0050382717508103
      0.0075488182692685
      0.0089062232615668
      0.0089062232615668
      0.0075488182692685
      0.0050382717508103
      0.0017287794369121
      0.0023270279566440
      0.0067817785004703
      0.0101611060249477
      0.0119882444661640
      0.0119882444661640
      0.0101611060249477
      0.0067817785004703
      0.0023270279566440
      0.0028356791888521
      0.0082641672190834
      0.0123821618938425
      0.0146086836844877
      0.0146086836844877
      0.0123821618938425
      0.0082641672190833
      0.0028356791888521
      0.0032352903064094
      0.0094287746651871
      0.0141270876145046
      0.0166673765141103
      0.0166673765141103
      0.0141270876145046
      0.0094287746651871
      0.0032352903064094
      0.0035105371849953
      0.0102309409469398
      0.0153289694863412
      0.0180853770411841
      0.0180853770411841
      0.0153289694863412
      0.0102309409469398
      0.0035105371849953
      0.0036508545628802
      0.0106398751730479
      0.0159416736654037
      0.0188082557776137
      0.0188082557776137
      0.0159416736654037
      0.0106398751730479
      0.0036508545628802
      0.0036508545628802
      0.0106398751730479
      0.0159416736654037
      0.0188082557776137
      0.0188082557776137
      0.0159416736654037
      0.0106398751730479
      0.0036508545628802
      0.0035105371849953
      0.0102309409469398
      0.0153289694863412
      0.0180853770411841
      0.0180853770411841
      0.0153289694863412
      0.0102309409469398
      0.0035105371849953
      0.0032352903064094
      0.0094287746651871
      0.0141270876145046
      0.0166673765141103
      0.0166673765141103
      0.0141270876145046
      0.0094287746651871
      0.0032352903064094
      0.0028356791888521
      0.0082641672190834
      0.0123821618938425
      0.0146086836844877
      0.0146086836844877
      0.0123821618938425
      0.0082641672190834
      0.0028356791888521
      0.0023270279566440
      0.0067817785004703
      0.0101611060249477
      0.0119882444661640
      0.0119882444661640
      0.0101611060249477
      0.0067817785004703
      0.0023270279566440
      0.0017287794369121
      0.0050382717508103
      0.0075488182692685
      0.0089062232615668
      0.0089062232615668
      0.0075488182692685
      0.0050382717508103
      0.0017287794369121
      0.0010634354316775
      0.0030992251410635
      0.0046435540841309
      0.0054785435183669
      0.0054785435183669
      0.0046435540841309
      0.0030992251410635
      0.0010634354316775
      0.0003510116233687
      0.0010229714146667
      0.0015327131377408
      0.0018083208409227
      0.0018083208409227
      0.0015327131377408
      0.0010229714146667
      0.0003510116233687
      0.0003438317901881
      0.0008505761718749
      0.0008505761718749
      0.0003438317901881
      0.0010517058783343
      0.0026017255688967
      0.0026017255688967
      0.0010517058783343
      0.0017434226691816
      0.0043129048047042
      0.0043129048047042
      0.0017434226691816
      0.0024177235600524
      0.0059810003293645
      0.0059810003293645
      0.0024177235600524
      0.0030685846991929
      0.0075911102492452
      0.0075911102492452
      0.0030685846991929
      0.0036898371145106
      0.0091279736698727
      0.0091279736698727
      0.0036898371145106
      0.0042755288127279
      0.0105768664621767
      0.0105768664621767
      0.0042755288127279
      0.0048200314714805
      0.0119238651989837
      0.0119238651989837
      0.0048200314714805
      0.0053181068350559
      0.0131560114057767
      0.0131560114057768
      0.0053181068350559
      0.0057649610322636
      0.0142614459330474
      0.0142614459330474
      0.0057649610322636
      0.0061562922026063
      0.0152295267746219
      0.0152295267746219
      0.0061562922026063
      0.0064883325484337
      0.0160509330969034
      0.0160509330969034
      0.0064883325484337
      0.0067578849133626
      0.0167177557271076
      0.0167177557271076
      0.0067578849133626
      0.0069623537202650
      0.0172235736881161
      0.0172235736881161
      0.0069623537202650
      0.0070997700465537
      0.0175635162300894
      0.0175635162300894
      0.0070997700465537
      0.0071688106287226
      0.0177343098441793
      0.0177343098441793
      0.0071688106287226
      0.0071688106287226
      0.0177343098441793
      0.0177343098441793
      0.0071688106287226
      0.0070997700465537
      0.0175635162300894
      0.0175635162300894
      0.0070997700465537
      0.0069623537202650
      0.0172235736881161
      0.0172235736881161
      0.0069623537202650
      0.0067578849133626
      0.0167177557271076
      0.0167177557271076
      0.0067578849133626
      0.0064883325484337
      0.0160509330969034
      0.0160509330969034
      0.0064883325484337
      0.0061562922026063
      0.0152295267746219
      0.0152295267746219
      0.0061562922026063
      0.0057649610322636
      0.0142614459330474
      0.0142614459330474
      0.0057649610322636
      0.0053181068350559
      0.0131560114057767
      0.0131560114057768
      0.0053181068350559
      0.0048200314714805
      0.0119238651989837
      0.0119238651989837
      0.0048200314714805
      0.0042755288127279
      0.0105768664621767
      0.0105768664621767
      0.0042755288127279
      0.0036898371145106
      0.0091279736698727
      0.0091279736698727
      0.0036898371145106
      0.0030685846991929
      0.0075911102492452
      0.0075911102492452
      0.0030685846991929
      0.0024177235600524
      0.0059810003293645
      0.0059810003293645
      0.0024177235600524
      0.0017434226691816
      0.0043129048047043
      0.0043129048047043
      0.0017434226691816
      0.0010517058783343
      0.0026017255688967
      0.0026017255688967
      0.0010517058783343
      0.0003438317901881
      0.0008505761718749
      0.0008505761718749
      0.0003438317901881
      0.0003136384820420
      0.0003136384820420
      0.0009616433423753
      0.0009616433423753
      0.0016018446394907
      0.0016018446394907
      0.0022376202598322
      0.0022376202598322
      0.0028678653164810
      0.0028678653164810
      0.0034911511672656
      0.0034911511672656
      0.0041060041541124
      0.0041060041541124
      0.0047109539598407
      0.0047109539598407
      0.0053045481862584
      0.0053045481862584
      0.0058853593462787
      0.0058853593462787
      0.0064519896149715
      0.0064519896149715
      0.0070030747557012
      0.0070030747557012
      0.0075372876685498
      0.0075372876685498
      0.0080533417198894
      0.0080533417198894
      0.0085499939133070
      0.0085499939133070
      0.0090260479245147
      0.0090260479245147
      0.0094803570073348
      0.0094803570073348
      0.0099118267710235
      0.0099118267710235
      0.0103194178260931
      0.0103194178260931
      0.0107021482943912
      0.0107021482943912
      0.0110590961786141
      0.0110590961786141
      0.0113894015862718
      0.0113894015862718
      0.0116922688031934
      0.0116922688031934
      0.0119669682118540
      0.0119669682118540
      0.0122128380500832
      0.0122128380500832
      0.0124292860060328
      0.0124292860060328
      0.0126157906456414
      0.0126157906456414
      0.0127719026692101
      0.0127719026692101
      0.0128972459940968
      0.0128972459940968
      0.0129915186609474
      0.0129915186609474
      0.0130544935612984
      0.0130544935612984
      0.0130860189848080
      0.0130860189848080
      0.0130860189848080
      0.0130860189848080
      0.0130544935612984
      0.0130544935612984
      0.0129915186609474
      0.0129915186609474
      0.0128972459940968
      0.0128972459940968
      0.0127719026692101
      0.0127719026692101
      0.0126157906456414
      0.0126157906456414
      0.0124292860060328
      0.0124292860060328
      0.0122128380500832
      0.0122128380500832
      0.0119669682118540
      0.0119669682118540
      0.0116922688031934
      0.0116922688031934
      0.0113894015862718
      0.0113894015862718
      0.0110590961786141
      0.0110590961786141
      0.0107021482943912
      0.0107021482943912
      0.0103194178260931
      0.0103194178260931
      0.0099118267710235
      0.0099118267710235
      0.0094803570073348
      0.0094803570073348
      0.0090260479245147
      0.0090260479245147
      0.0085499939133070
      0.0085499939133070
      0.0080533417198894
      0.0080533417198894
      0.0075372876685498
      0.0075372876685498
      0.0070030747557012
      0.0070030747557012
      0.0064519896149715
      0.0064519896149715
      0.0058853593462787
      0.0058853593462787
      0.0053045481862584
      0.0053045481862584
      0.0047109539598407
      0.0047109539598407
      0.0041060041541124
      0.0041060041541124
      0.0034911511672656
      0.0034911511672656
      0.0028678653164810
      0.0028678653164810
      0.0022376202598322
      0.0022376202598322
      0.0016018446394907
      0.0016018446394907
      0.0009616433423753
      0.0009616433423753
      0.0003136384820420
      0.0003136384820420
      0.0000490101689441
      0.0000490101689441
      0.0001503591240764
      0.0001503591240764
      0.0002507605950640
      0.0002507605950640
      0.0003509226216842
      0.0003509226216842
      0.0004508514772642
      0.0004508514772642
      0.0005505009498553
      0.0005505009498553
      0.0006498153573018
      0.0006498153573018
      0.0007487365734554
      0.0007487365734554
      0.0008472057843589
      0.0008472057843589
      0.0009451640680430
      0.0009451640680430
      0.0010425526343118
      0.0010425526343118
      0.0011393129470497
      0.0011393129470497
      0.0012353868001642
      0.0012353868001642
      0.0013307163732036
      0.0013307163732036
      0.0014252442772362
      0.0014252442772362
      0.0015189135956744
      0.0015189135956744
      0.0016116679222573
      0.0016116679222573
      0.0017034513972967
      0.0017034513972967
      0.0017942087427637
      0.0017942087427637
      0.0018838852965235
      0.0018838852965235
      0.0019724270458892
      0.0019724270458892
      0.0020597806605853
      0.0020597806605853
      0.0021458935251704
      0.0021458935251704
      0.0022307137709431
      0.0022307137709431
      0.0023141903073387
      0.0023141903073387
      0.0023962728528159
      0.0023962728528159
      0.0024769119652282
      0.0024769119652282
      0.0025560590716678
      0.0025560590716678
      0.0026336664977721
      0.0026336664977721
      0.0027096874964767
      0.0027096874964767
      0.0027840762762031
      0.0027840762762031
      0.0028567880284635
      0.0028567880284635
      0.0029277789548690
      0.0029277789548690
      0.0029970062935265
      0.0029970062935265
      0.0030644283448077
      0.0030644283448077
      0.0031300044964762
      0.0031300044964762
      0.0031936952481584
      0.0031936952481584
      0.0032554622351427
      0.0032554622351427
      0.0033152682514940
      0.0033152682514940
      0.0033730772724693
      0.0033730772724693
      0.0034288544762208
      0.0034288544762208
      0.0034825662647741
      0.0034825662647741
      0.0035341802842689
      0.0035341802842689
      0.0035836654444494
      0.0035836654444494
      0.0036309919373939
      0.0036309919373939
      0.0036761312554712
      0.0036761312554712
      0.0037190562085137
      0.0037190562085137
      0.0037597409401970
      0.0037597409401970
      0.0037981609436154
      0.0037981609436154
      0.0038342930760446
      0.0038342930760446
      0.0038681155728832
      0.0038681155728832
      0.0038996080607627
      0.0038996080607627
      0.0039287515698208
      0.0039287515698208
      0.0039555285451282
      0.0039555285451282
      0.0039799228572632
      0.0039799228572632
      0.0040019198120284
      0.0040019198120284
      0.0040215061593014
      0.0040215061593014
      0.0040386701010170
      0.0040386701010170
      0.0040534012982740
      0.0040534012982740
      0.0040656908775628
      0.0040656908775628
      0.0040755314361111
      0.0040755314361111
      0.0040829170463425
      0.0040829170463425
      0.0040878432594478
      0.0040878432594478
      0.0040903071080646
      0.0040903071080646
      0.0040903071080646
      0.0040903071080646
      0.0040878432594478
      0.0040878432594478
      0.0040829170463425
      0.0040829170463425
      0.0040755314361111
      0.0040755314361111
      0.0040656908775628
      0.0040656908775628
      0.0040534012982740
      0.0040534012982740
      0.0040386701010170
      0.0040386701010170
      0.0040215061593014
      0.0040215061593014
      0.0040019198120284
      0.0040019198120284
      0.0039799228572632
      0.0039799228572632
      0.0039555285451282
      0.0039555285451282
      0.0039287515698208
      0.0039287515698208
      0.0038996080607627
      0.0038996080607627
      0.0038681155728832
      0.0038681155728832
      0.0038342930760446
      0.0038342930760446
      0.0037981609436154
      0.0037981609436154
      0.0037597409401970
      0.0037597409401970
      0.0037190562085137
      0.0037190562085137
      0.0036761312554712
      0.0036761312554712
      0.0036309919373939
      0.0036309919373939
      0.0035836654444494
      0.0035836654444494
      0.0035341802842689
      0.0035341802842689
      0.0034825662647741
      0.0034825662647741
      0.0034288544762208
      0.0034288544762208
      0.0033730772724693
      0.0033730772724693
      0.0033152682514940
      0.0033152682514940
      0.0032554622351427
      0.0032554622351427
      0.0031936952481584
      0.0031936952481584
      0.0031300044964762
      0.0031300044964762
      0.0030644283448077
      0.0030644283448077
      0.0029970062935265
      0.0029970062935265
      0.0029277789548690
      0.0029277789548690
      0.0028567880284635
      0.0028567880284635
      0.0027840762762031
      0.0027840762762031
      0.0027096874964767
      0.0027096874964767
      0.0026336664977721
      0.0026336664977721
      0.0025560590716678
      0.0025560590716678
      0.0024769119652282
      0.0024769119652282
      0.0023962728528159
      0.0023962728528159
      0.0023141903073387
      0.0023141903073387
      0.0022307137709431
      0.0022307137709431
      0.0021458935251704
      0.0021458935251704
      0.0020597806605853
      0.0020597806605853
      0.0019724270458892
      0.0019724270458892
      0.0018838852965235
      0.0018838852965235
      0.0017942087427637
      0.0017942087427637
      0.0017034513972967
      0.0017034513972967
      0.0016116679222573
      0.0016116679222573
      0.0015189135956744
      0.0015189135956744
      0.0014252442772362
      0.0014252442772362
      0.0013307163732036
      0.0013307163732036
      0.0012353868001642
      0.0012353868001642
      0.0011393129470497
      0.0011393129470497
      0.0010425526343118
      0.0010425526343118
      0.0009451640680430
      0.0009451640680430
      0.0008472057843589
      0.0008472057843589
      0.0007487365734554
      0.0007487365734554
      0.0006498153573018
      0.0006498153573018
      0.0005505009498553
      0.0005505009498553
      0.0004508514772642
      0.0004508514772642
      0.0003509226216842
      0.0003509226216842
      0.0002507605950640
      0.0002507605950640
      0.0001503591240764
      0.0001503591240764
      0.0000490101689441
      0.0000490101689441
      0.0000735168119805
      0.0002255770776487
      0.0003763181560840
      0.0005268700249965
      0.0006773098952850
      0.0008276360721867
      0.0009778324258733
      0.0011278788797532
      0.0012777539940528
      0.0014274357850587
      0.0015769020345973
      0.0017261304235723
      0.0018750985962640
      0.0020237841944761
      0.0021721648774442
      0.0023202183345599
      0.0024679222942614
      0.0026152545307810
      0.0027621928696411
      0.0029087151923946
      0.0030547994408918
      0.0032004236212415
      0.0033455658075684
      0.0034902041456317
      0.0036343168563435
      0.0037778822392153
      0.0039208786757502
      0.0040632846327905
      0.0042050786658317
      0.0043462394223056
      0.0044867456448380
      0.0046265761744825
      0.0047657099539330
      0.0049041260307153
      0.0050418035603589
      0.0051787218095491
      0.0053148601592606
      0.0054501981078710
      0.0055847152742555
      0.0057183914008624
      0.0058512063567685
      0.0059831401407150
      0.0061141728841231
      0.0062442848540887
      0.0063734564563570
      0.0065016682382752
      0.0066289008917237
      0.0067551352560252
      0.0068803523208322
      0.0070045332289900
      0.0071276592793785
      0.0072497119297284
      0.0073706727994152
      0.0074905236722271
      0.0076092464991095
      0.0077268234008833
      0.0078432366709376
      0.0079584687778972
      0.0080725023682627
      0.0081853202690241
      0.0082969054902477
      0.0084072412276345
      0.0085163108650511
      0.0086240979770325
      0.0087305863312556
      0.0088357598909841
      0.0089396028174836
      0.0090420994724066
      0.0091432344201486
      0.0092429924301717
      0.0093413584792990
      0.0094383177539770
      0.0095338556525063
      0.0096279577872410
      0.0097206099867552
      0.0098117982979772
      0.0099015089882909
      0.0099897285476043
      0.0100764436903832
      0.0101616413576531
      0.0102453087189649
      0.0103274331743277
      0.0104080023561063
      0.0104870041308835
      0.0105644266012876
      0.0106402581077840
      0.0107144872304311
      0.0107871027906003
      0.0108580938526591
      0.0109274497256186
      0.0109951599647426
      0.0110612143731216
      0.0111256030032077
      0.0111883161583130
      0.0112493443940697
      0.0113086785198527
      0.0113663096001632
      0.0114222289559749
      0.0114764281660406
      0.0115288990681607
      0.0115796337604123
      0.0116286246023393
      0.0116758642161026
      0.0117213454875920
      0.0117650615674966
      0.0118070058723373
      0.0118471720854571
      0.0118855541579736
      0.0119221463096889
      0.0119569430299607
      0.0119899390785319
      0.0120211294863201
      0.0120505095561653
      0.0120780748635381
      0.0121038212572052
      0.0121277448598553
      0.0121498420686824
      0.0121701095559288
      0.0121885442693859
      0.0122051434328543
      0.0122199045465614
      0.0122328253875382
      0.0122439040099539
      0.0122531387454090
      0.0122605282031865
      0.0122660712704616
      0.0122697671124687
      0.0122716151726277
      0.0122716151726277
      0.0122697671124687
      0.0122660712704616
      0.0122605282031865
      0.0122531387454090
      0.0122439040099539
      0.0122328253875382
      0.0122199045465614
      0.0122051434328543
      0.0121885442693859
      0.0121701095559288
      0.0121498420686824
      0.0121277448598553
      0.0121038212572052
      0.0120780748635381
      0.0120505095561653
      0.0120211294863200
      0.0119899390785319
      0.0119569430299607
      0.0119221463096889
      0.0118855541579736
      0.0118471720854571
      0.0118070058723373
      0.0117650615674966
      0.0117213454875920
      0.0116758642161026
      0.0116286246023393
      0.0115796337604123
      0.0115288990681607
      0.0114764281660406
      0.0114222289559749
      0.0113663096001632
      0.0113086785198527
      0.0112493443940697
      0.0111883161583130
      0.0111256030032077
      0.0110612143731216
      0.0109951599647426
      0.0109274497256186
      0.0108580938526591
      0.0107871027906003
      0.0107144872304311
      0.0106402581077840
      0.0105644266012876
      0.0104870041308835
      0.0104080023561063
      0.0103274331743277
      0.0102453087189649
      0.0101616413576531
      0.0100764436903832
      0.0099897285476043
      0.0099015089882909
      0.0098117982979772
      0.0097206099867552
      0.0096279577872410
      0.0095338556525063
      0.0094383177539770
      0.0093413584792990
      0.0092429924301717
      0.0091432344201486
      0.0090420994724066
      0.0089396028174836
      0.0088357598909841
      0.0087305863312556
      0.0086240979770325
      0.0085163108650511
      0.0084072412276345
      0.0082969054902477
      0.0081853202690241
      0.0080725023682627
      0.0079584687778972
      0.0078432366709376
      0.0077268234008833
      0.0076092464991095
      0.0074905236722271
      0.0073706727994152
      0.0072497119297284
      0.0071276592793785
      0.0070045332289900
      0.0068803523208322
      0.0067551352560252
      0.0066289008917237
      0.0065016682382752
      0.0063734564563570
      0.0062442848540887
      0.0061141728841231
      0.0059831401407150
      0.0058512063567685
      0.0057183914008624
      0.0055847152742555
      0.0054501981078710
      0.0053148601592606
      0.0051787218095491
      0.0050418035603589
      0.0049041260307153
      0.0047657099539330
      0.0046265761744825
      0.0044867456448380
      0.0043462394223056
      0.0042050786658317
      0.0040632846327905
      0.0039208786757502
      0.0037778822392153
      0.0036343168563435
      0.0034902041456317
      0.0033455658075684
      0.0032004236212415
      0.0030547994408918
      0.0029087151923946
      0.0027621928696411
      0.0026152545307810
      0.0024679222942614
      0.0023202183345599
      0.0021721648774442
      0.0020237841944761
      0.0018750985962640
      0.0017261304235723
      0.0015769020345973
      0.0014274357850587
      0.0012777539940528
      0.0011278788797532
      0.0009778324258733
      0.0008276360721867
      0.0006773098952850
      0.0005268700249965
      0.0003763181560840
      0.0002255770776487
      0.0000735168119805
