 -0.9992829840291237    
 -0.9962240127779701    
 -0.9907285468921895    
 -0.9828088105937273    
 -0.9724840346975701    
 -0.9597794497589419    
 -0.9447261340410098    
 -0.9273609206218432    
 -0.9077263027785315    
 -0.8858703285078534    
 -0.8618464823641238    
 -0.8357135543195028    
 -0.8075354957734567    
 -0.7773812629903724    
 -0.7453246483178474    
 -0.7114440995848458    
 -0.6758225281149861    
 -0.6385471058213654    
 -0.5997090518776252    
 -0.5594034094862850    
 -0.5177288132900333    
 -0.4747872479948044    
 -0.4306837987951116    
 -0.3855263942122479    
 -0.3394255419745844    
 -0.2924940585862514    
 -0.2448467932459533    
 -0.1966003467915067    
 -0.1478727863578720    
 -0.9878335644694528E-01
 -0.4945218711615963E-01
   0.000000000000000    
  0.4945218711615963E-01
  0.9878335644694528E-01
  0.1478727863578720    
  0.1966003467915067    
  0.2448467932459533    
  0.2924940585862514    
  0.3394255419745844    
  0.3855263942122479    
  0.4306837987951116    
  0.4747872479948044    
  0.5177288132900333    
  0.5594034094862850    
  0.5997090518776252    
  0.6385471058213654    
  0.6758225281149861    
  0.7114440995848458    
  0.7453246483178474    
  0.7773812629903724    
  0.8075354957734567    
  0.8357135543195028    
  0.8618464823641238    
  0.8858703285078534    
  0.9077263027785315    
  0.9273609206218432    
  0.9447261340410098    
  0.9597794497589419    
  0.9724840346975701    
  0.9828088105937273    
  0.9907285468921895    
  0.9962240127779701    
  0.9992829840291237    
